
0.000000,0.000000,0.000000,0.000000,0.005928,-0.024887,-153.577637,0.000000,0.000000,0.411257,3.369606
0.000000,0.000000,0.000000,0.000000,0.003036,-0.011693,-153.577911,0.000000,0.000000,0.333327,2.732056
0.000000,0.000000,0.000000,0.000000,0.003036,-0.011693,-153.577911,0.000000,0.000000,0.333327,2.732056
0.000000,0.000000,0.000000,0.000000,0.003036,-0.011693,-153.577911,0.000000,0.000000,0.333327,2.732056
0.000000,0.000000,0.000000,0.000000,0.003036,-0.011693,-153.577911,0.000000,0.000000,0.333327,2.732056
0.000000,0.000000,0.000000,0.000000,0.003036,-0.011693,-153.577911,0.000000,0.000000,0.333327,2.732056
0.000000,0.000000,0.000000,0.000000,0.003036,-0.011693,-153.577911,0.000000,0.000000,0.333327,2.732056
0.000000,0.000000,0.000000,0.000000,0.003036,-0.011693,-153.577911,0.000000,0.000000,0.333327,2.732056
0.000000,0.000000,0.000000,0.000000,0.003036,-0.011693,-153.577911,0.000000,0.000000,0.333327,2.732056
0.000000,0.000000,0.000000,0.000000,0.003036,-0.011693,-153.577911,0.000000,0.000000,0.333327,2.732056
0.000000,0.000000,0.000000,0.000000,0.003036,-0.011693,-153.577911,0.000000,0.000000,0.333327,2.732056
0.000000,0.000000,0.000000,0.000000,0.003036,-0.011693,-153.577911,0.000000,0.000000,0.333327,2.732056
0.000000,0.000000,0.000000,0.000000,0.003036,-0.011693,-153.577911,0.000000,0.000000,0.333327,2.732056
0.000000,0.000000,0.000000,0.000000,0.003036,-0.011693,-153.577911,0.000000,0.000000,0.333327,2.732056
0.000000,0.000000,0.000000,0.000000,0.003036,-0.011693,-153.577911,0.000000,0.000000,0.333327,2.732056
0.000000,0.000000,0.000000,0.000000,0.003036,-0.011693,-153.577911,0.000000,0.000000,0.333327,2.732056
0.000000,0.000000,0.000000,0.000000,0.003036,-0.011693,-153.577911,0.000000,0.000000,0.333327,2.732056
0.000000,0.000000,0.000000,0.000000,0.003036,-0.011693,-153.577911,0.000000,0.000000,0.333327,2.732056
0.000000,0.000000,0.000000,0.000000,0.003036,-0.011693,-153.577911,0.000000,0.000000,0.333327,2.732056
0.000000,0.000000,0.000000,0.000000,0.003036,-0.011693,-153.577911,0.000000,0.000000,0.333327,2.732056
0.000000,0.000000,0.000000,0.000000,0.003036,-0.011693,-153.577911,0.000000,0.000000,0.333327,2.732056
0.000000,0.000000,0.000000,0.000000,0.003036,-0.011693,-153.577911,0.000000,0.000000,0.333327,2.732056
0.000000,0.000000,0.000000,0.000000,0.003036,-0.011693,-153.577911,0.000000,0.000000,0.333327,2.732056
0.000000,0.000000,0.000000,0.000000,0.003036,-0.011693,-153.577911,0.000000,0.000000,0.333327,2.732056
0.000000,0.000000,0.000000,0.000000,0.003036,-0.011693,-153.577911,0.000000,0.000000,0.333327,2.732056
0.000000,0.000000,0.000000,0.000000,0.003036,-0.011693,-153.577911,0.000000,0.000000,0.333327,2.732056
0.000000,0.000000,0.000000,0.000000,0.003036,-0.011693,-153.577911,0.000000,0.000000,0.333327,2.732056
0.000000,0.000000,0.000000,0.000000,0.003036,-0.011693,-153.577911,0.000000,0.000000,0.333327,2.732056
0.000000,0.000000,0.000000,0.000000,0.003036,-0.011693,-153.577911,0.000000,0.000000,0.333327,2.732056
0.000000,0.000000,0.000000,0.000000,0.003036,-0.011693,-153.577911,0.000000,0.000000,0.333327,2.732056
0.000000,0.000000,0.000000,0.000000,0.003036,-0.011693,-153.577911,0.000000,0.000000,0.333327,2.732056
0.000000,0.000000,0.000000,0.000000,0.003036,-0.011693,-153.577911,0.000000,0.000000,0.333327,2.732056
0.000000,0.000000,0.000000,0.000000,0.003036,-0.011693,-153.577911,0.000000,0.000000,0.333327,2.732056
0.000000,0.000000,0.000000,0.000000,0.003036,-0.011693,-153.577911,0.000000,0.000000,0.333327,2.732056
0.000000,0.000000,0.000000,0.000000,0.003036,-0.011693,-153.577911,0.000000,0.000000,0.333327,2.732056
0.000000,0.000000,0.000000,0.000000,0.003036,-0.011693,-153.577911,0.000000,0.000000,0.333327,2.732056
0.000000,0.000000,0.000000,0.000000,0.003036,-0.011693,-153.577911,0.000000,0.000000,0.333327,2.732056
0.000000,0.000000,0.000000,0.000000,0.003036,-0.011693,-153.577911,0.000000,0.000000,0.333327,2.732056
0.000000,0.000000,0.000000,0.000000,0.003036,-0.011693,-153.577911,0.000000,0.000000,0.333327,2.732056
0.000000,0.000000,0.000000,0.000000,0.003036,-0.011693,-153.577911,0.000000,0.000000,0.333327,2.732056
0.000000,0.000000,0.000000,0.000000,-0.168920,0.617597,-153.585663,0.000000,0.000000,0.328908,1.556365
0.000000,0.000000,0.000000,0.000000,-0.161141,0.577897,-153.585037,0.000000,0.000000,0.320566,1.002348
0.000000,0.000000,0.000000,0.000000,-0.167813,0.553410,-153.583496,0.000000,0.000000,0.296420,0.710354
0.000000,0.000000,0.000000,0.000000,-0.122045,0.489818,-153.580811,0.000000,0.000000,0.271360,0.534407
0.000000,0.000000,0.000000,0.000000,-0.126639,0.468137,-153.576813,0.000000,0.000000,0.238201,0.375797
0.000000,0.000000,0.000000,0.000000,-0.144025,0.425308,-153.574463,0.000000,0.000000,0.219644,0.307638
0.000000,0.000000,0.000000,0.000000,-0.112414,0.421078,-153.574417,0.000000,0.000000,0.207226,0.268857
0.000000,0.000000,0.000000,0.000000,-0.112414,0.421078,-153.574417,0.000000,0.000000,0.207226,0.268857
0.000000,0.000000,0.000000,0.000000,-0.112414,0.421078,-153.574417,0.000000,0.000000,0.207226,0.268857
0.000000,0.000000,0.000000,0.000000,-0.112414,0.421078,-153.574417,0.000000,0.000000,0.207226,0.268857
0.000000,0.000000,0.000000,0.000000,-0.112414,0.421078,-153.574417,0.000000,0.000000,0.207226,0.268857
0.000000,0.000000,0.000000,0.000000,-0.112414,0.421078,-153.574417,0.000000,0.000000,0.207226,0.268857
0.000000,0.000000,0.000000,0.000000,-0.112414,0.421078,-153.574417,0.000000,0.000000,0.207226,0.268857
0.000000,0.000000,0.000000,0.000000,-0.112414,0.421078,-153.574417,0.000000,0.000000,0.207226,0.268857
0.000000,0.000000,0.000000,0.000000,-0.112414,0.421078,-153.574417,0.000000,0.000000,0.207226,0.268857
0.000000,0.000000,0.000000,0.000000,-0.112414,0.421078,-153.574417,0.000000,0.000000,0.207226,0.268857
0.000000,0.000000,0.000000,0.000000,-0.112414,0.421078,-153.574417,0.000000,0.000000,0.207226,0.268857
0.000000,0.000000,0.000000,0.000000,-0.112414,0.421078,-153.574417,0.000000,0.000000,0.207226,0.268857
0.000000,0.000000,0.000000,0.000000,-0.112414,0.421078,-153.574417,0.000000,0.000000,0.207226,0.268857
0.000000,0.000000,0.000000,0.000000,-0.112414,0.421078,-153.574417,0.000000,0.000000,0.207226,0.268857
0.000000,0.000000,0.000000,0.000000,-0.112414,0.421078,-153.574417,0.000000,0.000000,0.207226,0.268857
0.000000,0.000000,0.000000,0.000000,-0.112414,0.421078,-153.574417,0.000000,0.000000,0.207226,0.268857
0.000000,0.000000,0.000000,0.000000,-0.112414,0.421078,-153.574417,0.000000,0.000000,0.207226,0.268857
0.000000,0.000000,0.000000,0.000000,-0.112414,0.421078,-153.574417,0.000000,0.000000,0.207226,0.268857
0.000000,0.000000,0.000000,0.000000,-0.112414,0.421078,-153.574417,0.000000,0.000000,0.207226,0.268857
0.000000,0.000000,0.000000,0.000000,-0.112414,0.421078,-153.574417,0.000000,0.000000,0.207226,0.268857
0.000000,0.000000,0.000000,0.000000,-0.112414,0.421078,-153.574417,0.000000,0.000000,0.207226,0.268857
0.000000,0.000000,0.000000,0.000000,-0.112414,0.421078,-153.574417,0.000000,0.000000,0.207226,0.268857
0.000000,0.000000,0.000000,0.000000,-0.112414,0.421078,-153.574417,0.000000,0.000000,0.207226,0.268857
0.000000,0.000000,0.000000,0.000000,-0.112414,0.421078,-153.574417,0.000000,0.000000,0.207226,0.268857
0.000000,0.000000,0.000000,0.000000,-0.112414,0.421078,-153.574417,0.000000,0.000000,0.207226,0.268857
0.000000,0.000000,0.000000,0.000000,-0.112414,0.421078,-153.574417,0.000000,0.000000,0.207226,0.268857
0.000000,0.000000,0.000000,0.000000,-0.112414,0.421078,-153.574417,0.000000,0.000000,0.207226,0.268857
0.000000,0.000000,0.000000,0.000000,-0.112414,0.421078,-153.574417,0.000000,0.000000,0.207226,0.268857
0.000000,0.000000,0.000000,0.000000,-0.112414,0.421078,-153.574417,0.000000,0.000000,0.207226,0.268857
0.000000,0.000000,0.000000,0.000000,-0.112414,0.421078,-153.574417,0.000000,0.000000,0.207226,0.268857
0.000000,0.000000,0.000000,0.000000,-0.112414,0.421078,-153.574417,0.000000,0.000000,0.207226,0.268857
0.000000,0.000000,0.000000,0.000000,-0.112414,0.421078,-153.574417,0.000000,0.000000,0.207226,0.268857
0.000000,0.000000,0.000000,0.000000,-0.112414,0.421078,-153.574417,0.000000,0.000000,0.207226,0.268857
0.000000,0.000000,0.000000,0.000000,-0.112414,0.421078,-153.574417,0.000000,0.000000,0.207226,0.268857
0.000000,0.000000,0.000000,0.000000,-0.112414,0.421078,-153.574417,0.000000,0.000000,0.207226,0.268857
0.000000,0.000000,0.000000,0.000000,0.065184,-0.214359,-153.613541,0.000000,0.000000,0.152974,0.349389
0.000000,0.000000,0.000000,0.000000,0.043834,-0.203254,-153.612289,0.000000,0.000000,0.140754,0.319608
0.000000,0.000000,0.000000,0.000000,0.027842,-0.155626,-153.612061,0.000000,0.000000,0.130061,0.295396
0.000000,0.000000,0.000000,0.000000,0.035956,-0.147179,-153.613022,0.000000,0.000000,0.120708,0.275149
0.000000,0.000000,0.000000,0.000000,0.028747,-0.089541,-153.612488,0.000000,0.000000,0.112473,0.257824
0.000000,0.000000,0.000000,0.000000,0.015240,-0.068180,-153.613403,0.000000,0.000000,0.105215,0.242678
0.000000,0.000000,0.000000,0.000000,0.011478,-0.019839,-153.611343,0.000000,0.000000,0.098798,0.229243
0.000000,0.000000,0.000000,0.000000,0.012557,-0.040596,-153.611069,0.000000,0.000000,0.094461,0.220095
0.000000,0.000000,0.000000,0.000000,0.012557,-0.040596,-153.611069,0.000000,0.000000,0.094461,0.220095
0.000000,0.000000,0.000000,0.000000,0.012557,-0.040596,-153.611069,0.000000,0.000000,0.094461,0.220095
0.000000,0.000000,0.000000,0.000000,0.012557,-0.040596,-153.611069,0.000000,0.000000,0.094461,0.220095
0.000000,0.000000,0.000000,0.000000,0.012557,-0.040596,-153.611069,0.000000,0.000000,0.094461,0.220095
0.000000,0.000000,0.000000,0.000000,0.012557,-0.040596,-153.611069,0.000000,0.000000,0.094461,0.220095
0.000000,0.000000,0.000000,0.000000,0.012557,-0.040596,-153.611069,0.000000,0.000000,0.094461,0.220095
0.000000,0.000000,0.000000,0.000000,0.012557,-0.040596,-153.611069,0.000000,0.000000,0.094461,0.220095
0.000000,0.000000,0.000000,0.000000,0.012557,-0.040596,-153.611069,0.000000,0.000000,0.094461,0.220095
0.000000,0.000000,0.000000,0.000000,0.012557,-0.040596,-153.611069,0.000000,0.000000,0.094461,0.220095
0.000000,0.000000,0.000000,0.000000,0.012557,-0.040596,-153.611069,0.000000,0.000000,0.094461,0.220095
0.000000,0.000000,0.000000,0.000000,0.012557,-0.040596,-153.611069,0.000000,0.000000,0.094461,0.220095
0.000000,0.000000,0.000000,0.000000,0.012557,-0.040596,-153.611069,0.000000,0.000000,0.094461,0.220095
0.000000,0.000000,0.000000,0.000000,0.012557,-0.040596,-153.611069,0.000000,0.000000,0.094461,0.220095
0.000000,0.000000,0.000000,0.000000,0.012557,-0.040596,-153.611069,0.000000,0.000000,0.094461,0.220095
0.000000,0.000000,0.000000,0.000000,0.012557,-0.040596,-153.611069,0.000000,0.000000,0.094461,0.220095
0.000000,0.000000,0.000000,0.000000,0.012557,-0.040596,-153.611069,0.000000,0.000000,0.094461,0.220095
0.000000,0.000000,0.000000,0.000000,0.012557,-0.040596,-153.611069,0.000000,0.000000,0.094461,0.220095
0.000000,0.000000,0.000000,0.000000,0.012557,-0.040596,-153.611069,0.000000,0.000000,0.094461,0.220095
0.000000,0.000000,0.000000,0.000000,0.012557,-0.040596,-153.611069,0.000000,0.000000,0.094461,0.220095
0.000000,0.000000,0.000000,0.000000,0.012557,-0.040596,-153.611069,0.000000,0.000000,0.094461,0.220095
0.000000,0.000000,0.000000,0.000000,0.012557,-0.040596,-153.611069,0.000000,0.000000,0.094461,0.220095
0.000000,0.000000,0.000000,0.000000,0.012557,-0.040596,-153.611069,0.000000,0.000000,0.094461,0.220095
0.000000,0.000000,0.000000,0.000000,0.012557,-0.040596,-153.611069,0.000000,0.000000,0.094461,0.220095
0.000000,0.000000,0.000000,0.000000,0.012557,-0.040596,-153.611069,0.000000,0.000000,0.094461,0.220095
0.000000,0.000000,0.000000,0.000000,0.012557,-0.040596,-153.611069,0.000000,0.000000,0.094461,0.220095
0.000000,0.000000,0.000000,0.000000,0.012557,-0.040596,-153.611069,0.000000,0.000000,0.094461,0.220095
0.000000,0.000000,0.000000,0.000000,0.012557,-0.040596,-153.611069,0.000000,0.000000,0.094461,0.220095
0.000000,0.000000,0.000000,0.000000,0.012557,-0.040596,-153.611069,0.000000,0.000000,0.094461,0.220095
0.000000,0.000000,0.000000,0.000000,0.012557,-0.040596,-153.611069,0.000000,0.000000,0.094461,0.220095
0.000000,0.000000,0.000000,0.000000,0.012557,-0.040596,-153.611069,0.000000,0.000000,0.094461,0.220095
0.000000,0.000000,0.000000,0.000000,0.012557,-0.040596,-153.611069,0.000000,0.000000,0.094461,0.220095
0.000000,0.000000,0.000000,0.000000,0.012557,-0.040596,-153.611069,0.000000,0.000000,0.094461,0.220095
0.000000,0.000000,0.000000,0.000000,0.012557,-0.040596,-153.611069,0.000000,0.000000,0.094461,0.220095
0.000000,0.000000,0.000000,0.000000,0.012557,-0.040596,-153.611069,0.000000,0.000000,0.094461,0.220095
0.000000,0.000000,0.000000,0.000000,-0.199478,0.589891,-153.638916,0.000000,0.000000,0.023553,0.391257
0.000000,0.000000,0.000000,0.000000,-0.207661,0.559999,-153.638123,0.000000,0.000000,0.039355,0.313051
0.000000,0.000000,0.000000,0.000000,-0.170114,0.506601,-153.636475,0.000000,0.000000,0.046874,0.273894
0.000000,0.000000,0.000000,0.000000,-0.209386,0.514296,-153.635254,0.000000,0.000000,0.055135,0.228969
0.000000,0.000000,0.000000,0.000000,-0.182608,0.471575,-153.635056,0.000000,0.000000,0.060176,0.200131
0.000000,0.000000,0.000000,0.000000,-0.182608,0.471575,-153.635056,0.000000,0.000000,0.060176,0.200131
0.000000,0.000000,0.000000,0.000000,-0.182608,0.471575,-153.635056,0.000000,0.000000,0.060176,0.200131
0.000000,0.000000,0.000000,0.000000,-0.182608,0.471575,-153.635056,0.000000,0.000000,0.060176,0.200131
0.000000,0.000000,0.000000,0.000000,-0.182608,0.471575,-153.635056,0.000000,0.000000,0.060176,0.200131
0.000000,0.000000,0.000000,0.000000,-0.182608,0.471575,-153.635056,0.000000,0.000000,0.060176,0.200131
0.000000,0.000000,0.000000,0.000000,-0.182608,0.471575,-153.635056,0.000000,0.000000,0.060176,0.200131
0.000000,0.000000,0.000000,0.000000,-0.182608,0.471575,-153.635056,0.000000,0.000000,0.060176,0.200131
0.000000,0.000000,0.000000,0.000000,-0.182608,0.471575,-153.635056,0.000000,0.000000,0.060176,0.200131
0.000000,0.000000,0.000000,0.000000,-0.182608,0.471575,-153.635056,0.000000,0.000000,0.060176,0.200131
0.000000,0.000000,0.000000,0.000000,-0.182608,0.471575,-153.635056,0.000000,0.000000,0.060176,0.200131
0.000000,0.000000,0.000000,0.000000,-0.182608,0.471575,-153.635056,0.000000,0.000000,0.060176,0.200131
0.000000,0.000000,0.000000,0.000000,-0.182608,0.471575,-153.635056,0.000000,0.000000,0.060176,0.200131
0.000000,0.000000,0.000000,0.000000,-0.182608,0.471575,-153.635056,0.000000,0.000000,0.060176,0.200131
0.000000,0.000000,0.000000,0.000000,-0.182608,0.471575,-153.635056,0.000000,0.000000,0.060176,0.200131
0.000000,0.000000,0.000000,0.000000,-0.182608,0.471575,-153.635056,0.000000,0.000000,0.060176,0.200131
0.000000,0.000000,0.000000,0.000000,-0.182608,0.471575,-153.635056,0.000000,0.000000,0.060176,0.200131
0.000000,0.000000,0.000000,0.000000,-0.182608,0.471575,-153.635056,0.000000,0.000000,0.060176,0.200131
0.000000,0.000000,0.000000,0.000000,-0.182608,0.471575,-153.635056,0.000000,0.000000,0.060176,0.200131
0.000000,0.000000,0.000000,0.000000,-0.182608,0.471575,-153.635056,0.000000,0.000000,0.060176,0.200131
0.000000,0.000000,0.000000,0.000000,-0.182608,0.471575,-153.635056,0.000000,0.000000,0.060176,0.200131
0.000000,0.000000,0.000000,0.000000,-0.182608,0.471575,-153.635056,0.000000,0.000000,0.060176,0.200131
0.000000,0.000000,0.000000,0.000000,-0.182608,0.471575,-153.635056,0.000000,0.000000,0.060176,0.200131
0.000000,0.000000,0.000000,0.000000,-0.182608,0.471575,-153.635056,0.000000,0.000000,0.060176,0.200131
0.000000,0.000000,0.000000,0.000000,-0.182608,0.471575,-153.635056,0.000000,0.000000,0.060176,0.200131
0.000000,0.000000,0.000000,0.000000,-0.182608,0.471575,-153.635056,0.000000,0.000000,0.060176,0.200131
0.000000,0.000000,0.000000,0.000000,-0.182608,0.471575,-153.635056,0.000000,0.000000,0.060176,0.200131
0.000000,0.000000,0.000000,0.000000,-0.182608,0.471575,-153.635056,0.000000,0.000000,0.060176,0.200131
0.000000,0.000000,0.000000,0.000000,-0.182608,0.471575,-153.635056,0.000000,0.000000,0.060176,0.200131
0.000000,0.000000,0.000000,0.000000,-0.182608,0.471575,-153.635056,0.000000,0.000000,0.060176,0.200131
0.000000,0.000000,0.000000,0.000000,-0.182608,0.471575,-153.635056,0.000000,0.000000,0.060176,0.200131
0.000000,0.000000,0.000000,0.000000,-0.182608,0.471575,-153.635056,0.000000,0.000000,0.060176,0.200131
0.000000,0.000000,0.000000,0.000000,-0.182608,0.471575,-153.635056,0.000000,0.000000,0.060176,0.200131
0.000000,0.000000,0.000000,0.000000,-0.182608,0.471575,-153.635056,0.000000,0.000000,0.060176,0.200131
0.000000,0.000000,0.000000,0.000000,-0.182608,0.471575,-153.635056,0.000000,0.000000,0.060176,0.200131
0.000000,0.000000,0.000000,0.000000,0.038950,-0.124134,-153.674591,0.000000,0.000000,-0.069293,0.574086
0.000000,0.000000,0.000000,0.000000,0.038950,-0.124134,-153.674591,0.000000,0.000000,-0.069293,0.574086
0.000000,0.000000,0.000000,0.000000,0.038950,-0.124134,-153.674591,0.000000,0.000000,-0.069293,0.574086
0.000000,0.000000,0.000000,0.000000,0.038950,-0.124134,-153.674591,0.000000,0.000000,-0.069293,0.574086
0.000000,0.000000,0.000000,0.000000,0.038950,-0.124134,-153.674591,0.000000,0.000000,-0.069293,0.574086
0.000000,0.000000,0.000000,0.000000,0.038950,-0.124134,-153.674591,0.000000,0.000000,-0.069293,0.574086
0.000000,0.000000,0.000000,0.000000,0.038950,-0.124134,-153.674591,0.000000,0.000000,-0.069293,0.574086
0.000000,0.000000,0.000000,0.000000,0.038950,-0.124134,-153.674591,0.000000,0.000000,-0.069293,0.574086
0.000000,0.000000,0.000000,0.000000,0.038950,-0.124134,-153.674591,0.000000,0.000000,-0.069293,0.574086
0.000000,0.000000,0.000000,0.000000,0.038950,-0.124134,-153.674591,0.000000,0.000000,-0.069293,0.574086
0.000000,0.000000,0.000000,0.000000,0.038950,-0.124134,-153.674591,0.000000,0.000000,-0.069293,0.574086
0.000000,0.000000,0.000000,0.000000,0.038950,-0.124134,-153.674591,0.000000,0.000000,-0.069293,0.574086
0.000000,0.000000,0.000000,0.000000,0.038950,-0.124134,-153.674591,0.000000,0.000000,-0.069293,0.574086
0.000000,0.000000,0.000000,0.000000,0.038950,-0.124134,-153.674591,0.000000,0.000000,-0.069293,0.574086
0.000000,0.000000,0.000000,0.000000,0.038950,-0.124134,-153.674591,0.000000,0.000000,-0.069293,0.574086
0.000000,0.000000,0.000000,0.000000,0.038950,-0.124134,-153.674591,0.000000,0.000000,-0.069293,0.574086
0.000000,0.000000,0.000000,0.000000,0.038950,-0.124134,-153.674591,0.000000,0.000000,-0.069293,0.574086
0.000000,0.000000,0.000000,0.000000,0.038950,-0.124134,-153.674591,0.000000,0.000000,-0.069293,0.574086
0.000000,0.000000,0.000000,0.000000,0.038950,-0.124134,-153.674591,0.000000,0.000000,-0.069293,0.574086
0.000000,0.000000,0.000000,0.000000,0.038950,-0.124134,-153.674591,0.000000,0.000000,-0.069293,0.574086
0.000000,0.000000,0.000000,0.000000,0.038950,-0.124134,-153.674591,0.000000,0.000000,-0.069293,0.574086
0.000000,0.000000,0.000000,0.000000,0.038950,-0.124134,-153.674591,0.000000,0.000000,-0.069293,0.574086
0.000000,0.000000,0.000000,0.000000,0.038950,-0.124134,-153.674591,0.000000,0.000000,-0.069293,0.574086
0.000000,0.000000,0.000000,0.000000,0.038950,-0.124134,-153.674591,0.000000,0.000000,-0.069293,0.574086
0.000000,0.000000,0.000000,0.000000,0.038950,-0.124134,-153.674591,0.000000,0.000000,-0.069293,0.574086
0.000000,0.000000,0.000000,0.000000,0.038950,-0.124134,-153.674591,0.000000,0.000000,-0.069293,0.574086
0.000000,0.000000,0.000000,0.000000,0.038950,-0.124134,-153.674591,0.000000,0.000000,-0.069293,0.574086
0.000000,0.000000,0.000000,0.000000,0.038950,-0.124134,-153.674591,0.000000,0.000000,-0.069293,0.574086
0.000000,0.000000,0.000000,0.000000,0.038950,-0.124134,-153.674591,0.000000,0.000000,-0.069293,0.574086
0.000000,0.000000,0.000000,0.000000,0.038950,-0.124134,-153.674591,0.000000,0.000000,-0.069293,0.574086
0.000000,0.000000,0.000000,0.000000,0.038950,-0.124134,-153.674591,0.000000,0.000000,-0.069293,0.574086
0.000000,0.000000,0.000000,0.000000,0.038950,-0.124134,-153.674591,0.000000,0.000000,-0.069293,0.574086
0.000000,0.000000,0.000000,0.000000,0.038950,-0.124134,-153.674591,0.000000,0.000000,-0.069293,0.574086
0.000000,0.000000,0.000000,0.000000,0.038950,-0.124134,-153.674591,0.000000,0.000000,-0.069293,0.574086
0.000000,0.000000,0.000000,0.000000,0.038950,-0.124134,-153.674591,0.000000,0.000000,-0.069293,0.574086
0.000000,0.000000,0.000000,0.000000,-0.111095,0.487816,-153.705887,0.000000,0.000000,-0.183572,0.913411
0.000000,0.000000,0.000000,0.000000,-0.111095,0.487816,-153.705887,0.000000,0.000000,-0.183572,0.913411
0.000000,0.000000,0.000000,0.000000,-0.111095,0.487816,-153.705887,0.000000,0.000000,-0.183572,0.913411
0.000000,0.000000,0.000000,0.000000,-0.111095,0.487816,-153.705887,0.000000,0.000000,-0.183572,0.913411
0.000000,0.000000,0.000000,0.000000,-0.111095,0.487816,-153.705887,0.000000,0.000000,-0.183572,0.913411
0.000000,0.000000,0.000000,0.000000,-0.111095,0.487816,-153.705887,0.000000,0.000000,-0.183572,0.913411
0.000000,0.000000,0.000000,0.000000,-0.111095,0.487816,-153.705887,0.000000,0.000000,-0.183572,0.913411
0.000000,0.000000,0.000000,0.000000,-0.111095,0.487816,-153.705887,0.000000,0.000000,-0.183572,0.913411
0.000000,0.000000,0.000000,0.000000,-0.111095,0.487816,-153.705887,0.000000,0.000000,-0.183572,0.913411
0.000000,0.000000,0.000000,0.000000,-0.111095,0.487816,-153.705887,0.000000,0.000000,-0.183572,0.913411
0.000000,0.000000,0.000000,0.000000,-0.111095,0.487816,-153.705887,0.000000,0.000000,-0.183572,0.913411
0.000000,0.000000,0.000000,0.000000,-0.111095,0.487816,-153.705887,0.000000,0.000000,-0.183572,0.913411
0.000000,0.000000,0.000000,0.000000,-0.111095,0.487816,-153.705887,0.000000,0.000000,-0.183572,0.913411
0.000000,0.000000,0.000000,0.000000,-0.111095,0.487816,-153.705887,0.000000,0.000000,-0.183572,0.913411
0.000000,0.000000,0.000000,0.000000,-0.111095,0.487816,-153.705887,0.000000,0.000000,-0.183572,0.913411
0.000000,0.000000,0.000000,0.000000,-0.111095,0.487816,-153.705887,0.000000,0.000000,-0.183572,0.913411
0.000000,0.000000,0.000000,0.000000,-0.111095,0.487816,-153.705887,0.000000,0.000000,-0.183572,0.913411
0.000000,0.000000,0.000000,0.000000,-0.111095,0.487816,-153.705887,0.000000,0.000000,-0.183572,0.913411
0.000000,0.000000,0.000000,0.000000,-0.111095,0.487816,-153.705887,0.000000,0.000000,-0.183572,0.913411
0.000000,0.000000,0.000000,0.000000,-0.111095,0.487816,-153.705887,0.000000,0.000000,-0.183572,0.913411
0.000000,0.000000,0.000000,0.000000,-0.111095,0.487816,-153.705887,0.000000,0.000000,-0.183572,0.913411
0.000000,0.000000,0.000000,0.000000,-0.111095,0.487816,-153.705887,0.000000,0.000000,-0.183572,0.913411
0.000000,0.000000,0.000000,0.000000,-0.111095,0.487816,-153.705887,0.000000,0.000000,-0.183572,0.913411
0.000000,0.000000,0.000000,0.000000,-0.111095,0.487816,-153.705887,0.000000,0.000000,-0.183572,0.913411
0.000000,0.000000,0.000000,0.000000,-0.111095,0.487816,-153.705887,0.000000,0.000000,-0.183572,0.913411
0.000000,0.000000,0.000000,0.000000,-0.111095,0.487816,-153.705887,0.000000,0.000000,-0.183572,0.913411
0.000000,0.000000,0.000000,0.000000,-0.111095,0.487816,-153.705887,0.000000,0.000000,-0.183572,0.913411
0.000000,0.000000,0.000000,0.000000,-0.111095,0.487816,-153.705887,0.000000,0.000000,-0.183572,0.913411
0.000000,0.000000,0.000000,0.000000,-0.111095,0.487816,-153.705887,0.000000,0.000000,-0.183572,0.913411
0.000000,0.000000,0.000000,0.000000,-0.111095,0.487816,-153.705887,0.000000,0.000000,-0.183572,0.913411
0.000000,0.000000,0.000000,0.000000,-0.111095,0.487816,-153.705887,0.000000,0.000000,-0.183572,0.913411
0.000000,0.000000,0.000000,0.000000,-0.111095,0.487816,-153.705887,0.000000,0.000000,-0.183572,0.913411
0.000000,0.000000,0.000000,0.000000,-0.111095,0.487816,-153.705887,0.000000,0.000000,-0.183572,0.913411
0.000000,0.000000,0.000000,0.000000,-0.111095,0.487816,-153.705887,0.000000,0.000000,-0.183572,0.913411
0.000000,0.000000,0.000000,0.000000,0.013340,-0.155512,-153.708633,0.000000,0.000000,-0.350208,1.438167
0.000000,0.000000,0.000000,0.000000,0.016022,-0.136546,-153.711609,0.000000,0.000000,-0.306416,1.288893
0.000000,0.000000,0.000000,0.000000,0.016523,-0.095549,-153.711060,0.000000,0.000000,-0.270350,1.165044
0.000000,0.000000,0.000000,0.000000,-0.002137,-0.079539,-153.711929,0.000000,0.000000,-0.239366,1.058070
0.000000,0.000000,0.000000,0.000000,0.010417,-0.039695,-153.710358,0.000000,0.000000,-0.219631,0.989301
0.000000,0.000000,0.000000,0.000000,0.007684,-0.011800,-153.709259,0.000000,0.000000,-0.185905,0.870869
0.000000,0.000000,0.000000,0.000000,0.000933,0.002211,-153.708908,0.000000,0.000000,-0.167258,0.804464
0.000000,0.000000,0.000000,0.000000,-0.001648,0.010731,-153.707718,0.000000,0.000000,-0.151575,0.747676
0.000000,0.000000,0.000000,0.000000,-0.002780,-0.001069,-153.707413,0.000000,0.000000,-0.137702,0.696904
0.000000,0.000000,0.000000,0.000000,0.000291,0.000040,-153.707977,0.000000,0.000000,-0.125340,0.651260
0.000000,0.000000,0.000000,0.000000,0.008809,-0.003118,-153.705994,0.000000,0.000000,-0.114598,0.610967
0.000000,0.000000,0.000000,0.000000,-0.001408,-0.001430,-153.705704,0.000000,0.000000,-0.105150,0.575011
0.000000,0.000000,0.000000,0.000000,0.002262,-0.002020,-153.705765,0.000000,0.000000,-0.096798,0.542783
0.000000,0.000000,0.000000,0.000000,-0.007048,-0.006915,-153.704605,0.000000,0.000000,-0.089496,0.514077
0.000000,0.000000,0.000000,0.000000,0.011187,0.009989,-153.705963,0.000000,0.000000,-0.083021,0.488173
0.000000,0.000000,0.000000,0.000000,-0.020492,-0.008936,-153.707779,0.000000,0.000000,-0.077184,0.464465
0.000000,0.000000,0.000000,0.000000,0.002541,0.003315,-153.707886,0.000000,0.000000,-0.072053,0.443243
0.000000,0.000000,0.000000,0.000000,-0.001852,-0.010137,-153.709412,0.000000,0.000000,-0.067219,0.423188
0.000000,0.000000,0.000000,0.000000,0.001095,0.006258,-153.708511,0.000000,0.000000,-0.063133,0.405642
0.000000,0.000000,0.000000,0.000000,0.001376,-0.001896,-153.709091,0.000000,0.000000,-0.059390,0.389374
0.000000,0.000000,0.000000,0.000000,-0.001293,-0.000845,-153.708893,0.000000,0.000000,-0.055208,0.370900
0.000000,0.000000,0.000000,0.000000,-0.000178,-0.000156,-153.709457,0.000000,0.000000,-0.052981,0.360827
0.000000,0.000000,0.000000,0.000000,-0.009747,-0.005557,-153.712357,0.000000,0.000000,-0.050174,0.348063
0.000000,0.000000,0.000000,0.000000,-0.007674,-0.019855,-153.711777,0.000000,0.000000,-0.047120,0.333738
0.000000,0.000000,0.000000,0.000000,-0.002179,0.000247,-153.711487,0.000000,0.000000,-0.045490,0.325904
0.000000,0.000000,0.000000,0.000000,-0.002179,0.000247,-153.711487,0.000000,0.000000,-0.045490,0.325904
0.000000,0.000000,0.000000,0.000000,-0.002179,0.000247,-153.711487,0.000000,0.000000,-0.045490,0.325904
0.000000,0.000000,0.000000,0.000000,-0.002179,0.000247,-153.711487,0.000000,0.000000,-0.045490,0.325904
0.000000,0.000000,0.000000,0.000000,-0.002179,0.000247,-153.711487,0.000000,0.000000,-0.045490,0.325904
0.000000,0.000000,0.000000,0.000000,-0.002179,0.000247,-153.711487,0.000000,0.000000,-0.045490,0.325904
0.000000,0.000000,0.000000,0.000000,-0.002179,0.000247,-153.711487,0.000000,0.000000,-0.045490,0.325904
0.000000,0.000000,0.000000,0.000000,-0.002179,0.000247,-153.711487,0.000000,0.000000,-0.045490,0.325904
0.000000,0.000000,0.000000,0.000000,-0.002179,0.000247,-153.711487,0.000000,0.000000,-0.045490,0.325904
0.000000,0.000000,0.000000,0.000000,-0.002179,0.000247,-153.711487,0.000000,0.000000,-0.045490,0.325904
0.000000,0.000000,0.000000,0.000000,-0.002179,0.000247,-153.711487,0.000000,0.000000,-0.045490,0.325904
0.000000,0.000000,0.000000,0.000000,-0.002179,0.000247,-153.711487,0.000000,0.000000,-0.045490,0.325904
0.000000,0.000000,0.000000,0.000000,-0.002179,0.000247,-153.711487,0.000000,0.000000,-0.045490,0.325904
0.000000,0.000000,0.000000,0.000000,-0.002179,0.000247,-153.711487,0.000000,0.000000,-0.045490,0.325904
0.000000,0.000000,0.000000,0.000000,-0.002179,0.000247,-153.711487,0.000000,0.000000,-0.045490,0.325904
0.000000,0.000000,0.000000,0.000000,-0.002179,0.000247,-153.711487,0.000000,0.000000,-0.045490,0.325904
0.000000,0.000000,0.000000,0.000000,-0.002179,0.000247,-153.711487,0.000000,0.000000,-0.045490,0.325904
0.000000,0.000000,0.000000,0.000000,-0.002179,0.000247,-153.711487,0.000000,0.000000,-0.045490,0.325904
0.000000,0.000000,0.000000,0.000000,-0.002179,0.000247,-153.711487,0.000000,0.000000,-0.045490,0.325904
0.000000,0.000000,0.000000,0.000000,-0.002179,0.000247,-153.711487,0.000000,0.000000,-0.045490,0.325904
0.000000,0.000000,0.000000,0.000000,-0.002179,0.000247,-153.711487,0.000000,0.000000,-0.045490,0.325904
0.000000,0.000000,0.000000,0.000000,-0.002179,0.000247,-153.711487,0.000000,0.000000,-0.045490,0.325904
0.000000,0.000000,0.000000,0.000000,-0.002179,0.000247,-153.711487,0.000000,0.000000,-0.045490,0.325904
0.000000,0.000000,0.000000,0.000000,-0.002179,0.000247,-153.711487,0.000000,0.000000,-0.045490,0.325904
0.000000,0.000000,0.000000,0.000000,-0.002179,0.000247,-153.711487,0.000000,0.000000,-0.045490,0.325904
0.000000,0.000000,0.000000,0.000000,-0.002179,0.000247,-153.711487,0.000000,0.000000,-0.045490,0.325904
0.000000,0.000000,0.000000,0.000000,-0.002179,0.000247,-153.711487,0.000000,0.000000,-0.045490,0.325904
0.000000,0.000000,0.000000,0.000000,-0.002179,0.000247,-153.711487,0.000000,0.000000,-0.045490,0.325904
0.000000,0.000000,0.000000,0.000000,-0.002179,0.000247,-153.711487,0.000000,0.000000,-0.045490,0.325904
0.000000,0.000000,0.000000,0.000000,-0.002179,0.000247,-153.711487,0.000000,0.000000,-0.045490,0.325904
0.000000,0.000000,0.000000,0.000000,-0.002179,0.000247,-153.711487,0.000000,0.000000,-0.045490,0.325904
0.000000,0.000000,0.000000,0.000000,-0.002179,0.000247,-153.711487,0.000000,0.000000,-0.045490,0.325904
0.000000,0.000000,0.000000,0.000000,-0.002179,0.000247,-153.711487,0.000000,0.000000,-0.045490,0.325904
0.000000,0.000000,0.000000,0.000000,-0.002179,0.000247,-153.711487,0.000000,0.000000,-0.045490,0.325904
0.000000,0.000000,0.000000,0.000000,-0.002179,0.000247,-153.711487,0.000000,0.000000,-0.045490,0.325904
0.000000,0.000000,0.000000,0.000000,0.599446,-0.064862,-153.664078,0.000000,0.000000,0.156208,0.478502
0.000000,0.000000,0.000000,0.000000,0.598802,-0.077131,-153.669998,0.000000,0.000000,0.136802,0.467630
0.000000,0.000000,0.000000,0.000000,-0.456004,0.498670,-153.674210,0.000000,0.000000,0.111350,0.453703
0.000000,0.000000,0.000000,0.000000,0.553503,-0.070516,-153.678787,0.000000,0.000000,0.088620,0.440787
0.000000,0.000000,0.000000,0.000000,0.012658,0.006605,-153.683411,0.000000,0.000000,0.067688,0.428808
0.000000,0.000000,0.000000,0.000000,0.500686,-0.058793,-153.691208,0.000000,0.000000,0.044364,0.415061
0.000000,0.000000,0.000000,0.000000,0.450732,-0.046764,-153.693954,0.000000,0.000000,0.031419,0.407350
0.000000,0.000000,0.000000,0.000000,0.438351,-0.041539,-153.696136,0.000000,0.000000,0.023453,0.402449
0.000000,0.000000,0.000000,0.000000,0.438351,-0.041539,-153.696136,0.000000,0.000000,0.023453,0.402449
0.000000,0.000000,0.000000,0.000000,0.438351,-0.041539,-153.696136,0.000000,0.000000,0.023453,0.402449
0.000000,0.000000,0.000000,0.000000,0.438351,-0.041539,-153.696136,0.000000,0.000000,0.023453,0.402449
0.000000,0.000000,0.000000,0.000000,0.438351,-0.041539,-153.696136,0.000000,0.000000,0.023453,0.402449
0.000000,0.000000,0.000000,0.000000,0.438351,-0.041539,-153.696136,0.000000,0.000000,0.023453,0.402449
0.000000,0.000000,0.000000,0.000000,0.438351,-0.041539,-153.696136,0.000000,0.000000,0.023453,0.402449
0.000000,0.000000,0.000000,0.000000,0.438351,-0.041539,-153.696136,0.000000,0.000000,0.023453,0.402449
0.000000,0.000000,0.000000,0.000000,0.438351,-0.041539,-153.696136,0.000000,0.000000,0.023453,0.402449
0.000000,0.000000,0.000000,0.000000,0.438351,-0.041539,-153.696136,0.000000,0.000000,0.023453,0.402449
0.000000,0.000000,0.000000,0.000000,0.438351,-0.041539,-153.696136,0.000000,0.000000,0.023453,0.402449
0.000000,0.000000,0.000000,0.000000,0.438351,-0.041539,-153.696136,0.000000,0.000000,0.023453,0.402449
0.000000,0.000000,0.000000,0.000000,0.438351,-0.041539,-153.696136,0.000000,0.000000,0.023453,0.402449
0.000000,0.000000,0.000000,0.000000,0.438351,-0.041539,-153.696136,0.000000,0.000000,0.023453,0.402449
0.000000,0.000000,0.000000,0.000000,0.438351,-0.041539,-153.696136,0.000000,0.000000,0.023453,0.402449
0.000000,0.000000,0.000000,0.000000,0.438351,-0.041539,-153.696136,0.000000,0.000000,0.023453,0.402449
0.000000,0.000000,0.000000,0.000000,0.438351,-0.041539,-153.696136,0.000000,0.000000,0.023453,0.402449
0.000000,0.000000,0.000000,0.000000,0.438351,-0.041539,-153.696136,0.000000,0.000000,0.023453,0.402449
0.000000,0.000000,0.000000,0.000000,0.438351,-0.041539,-153.696136,0.000000,0.000000,0.023453,0.402449
0.000000,0.000000,0.000000,0.000000,0.438351,-0.041539,-153.696136,0.000000,0.000000,0.023453,0.402449
0.000000,0.000000,0.000000,0.000000,0.438351,-0.041539,-153.696136,0.000000,0.000000,0.023453,0.402449
0.000000,0.000000,0.000000,0.000000,0.438351,-0.041539,-153.696136,0.000000,0.000000,0.023453,0.402449
0.000000,0.000000,0.000000,0.000000,0.438351,-0.041539,-153.696136,0.000000,0.000000,0.023453,0.402449
0.000000,0.000000,0.000000,0.000000,0.438351,-0.041539,-153.696136,0.000000,0.000000,0.023453,0.402449
0.000000,0.000000,0.000000,0.000000,0.438351,-0.041539,-153.696136,0.000000,0.000000,0.023453,0.402449
0.000000,0.000000,0.000000,0.000000,0.438351,-0.041539,-153.696136,0.000000,0.000000,0.023453,0.402449
0.000000,0.000000,0.000000,0.000000,0.438351,-0.041539,-153.696136,0.000000,0.000000,0.023453,0.402449
0.000000,0.000000,0.000000,0.000000,0.438351,-0.041539,-153.696136,0.000000,0.000000,0.023453,0.402449
0.000000,0.000000,0.000000,0.000000,0.438351,-0.041539,-153.696136,0.000000,0.000000,0.023453,0.402449
0.000000,0.000000,0.000000,0.000000,0.438351,-0.041539,-153.696136,0.000000,0.000000,0.023453,0.402449
0.000000,0.000000,0.000000,0.000000,0.438351,-0.041539,-153.696136,0.000000,0.000000,0.023453,0.402449
0.000000,0.000000,0.000000,0.000000,0.438351,-0.041539,-153.696136,0.000000,0.000000,0.023453,0.402449
0.000000,0.000000,0.000000,0.000000,0.438351,-0.041539,-153.696136,0.000000,0.000000,0.023453,0.402449
0.000000,0.000000,0.000000,0.000000,0.438351,-0.041539,-153.696136,0.000000,0.000000,0.023453,0.402449
0.000000,0.000000,0.000000,0.000000,0.438351,-0.041539,-153.696136,0.000000,0.000000,0.023453,0.402449
0.000000,0.000000,0.000000,0.000000,-0.171222,0.016631,-153.723495,0.000000,0.000000,0.473858,0.486184
0.000000,0.000000,0.000000,0.000000,-0.157988,-0.018972,-153.723648,0.000000,0.000000,0.447897,0.472340
0.000000,0.000000,0.000000,0.000000,-0.101306,-0.022474,-153.722107,0.000000,0.000000,0.418715,0.456193
0.000000,0.000000,0.000000,0.000000,-0.096992,-0.011890,-153.721771,0.000000,0.000000,0.403053,0.447178
0.000000,0.000000,0.000000,0.000000,-0.055558,0.003145,-153.722122,0.000000,0.000000,0.384095,0.435881
0.000000,0.000000,0.000000,0.000000,-0.036807,-0.011272,-153.722992,0.000000,0.000000,0.366527,0.425161
0.000000,0.000000,0.000000,0.000000,0.004396,0.007994,-153.722260,0.000000,0.000000,0.350726,0.415163
0.000000,0.000000,0.000000,0.000000,0.002291,-0.008873,-153.721741,0.000000,0.000000,0.332368,0.403334
0.000000,0.000000,0.000000,0.000000,0.000196,0.008064,-153.724213,0.000000,0.000000,0.322346,0.396661
0.000000,0.000000,0.000000,0.000000,-0.002110,-0.004325,-153.723831,0.000000,0.000000,0.310063,0.388237
0.000000,0.000000,0.000000,0.000000,0.000319,-0.000520,-153.723343,0.000000,0.000000,0.298724,0.380237
0.000000,0.000000,0.000000,0.000000,-0.001263,0.001398,-153.723846,0.000000,0.000000,0.288244,0.372640
0.000000,0.000000,0.000000,0.000000,-0.003963,-0.008373,-153.722549,0.000000,0.000000,0.278311,0.365349
0.000000,0.000000,0.000000,0.000000,-0.000668,0.001364,-153.722549,0.000000,0.000000,0.269331,0.358479
0.000000,0.000000,0.000000,0.000000,0.000237,-0.001865,-153.723099,0.000000,0.000000,0.262914,0.353503
0.000000,0.000000,0.000000,0.000000,0.000237,-0.001865,-153.723099,0.000000,0.000000,0.262914,0.353503
0.000000,0.000000,0.000000,0.000000,0.000237,-0.001865,-153.723099,0.000000,0.000000,0.262914,0.353503
0.000000,0.000000,0.000000,0.000000,0.000237,-0.001865,-153.723099,0.000000,0.000000,0.262914,0.353503
0.000000,0.000000,0.000000,0.000000,0.000237,-0.001865,-153.723099,0.000000,0.000000,0.262914,0.353503
0.000000,0.000000,0.000000,0.000000,0.000237,-0.001865,-153.723099,0.000000,0.000000,0.262914,0.353503
0.000000,0.000000,0.000000,0.000000,0.000237,-0.001865,-153.723099,0.000000,0.000000,0.262914,0.353503
0.000000,0.000000,0.000000,0.000000,0.000237,-0.001865,-153.723099,0.000000,0.000000,0.262914,0.353503
0.000000,0.000000,0.000000,0.000000,0.000237,-0.001865,-153.723099,0.000000,0.000000,0.262914,0.353503
0.000000,0.000000,0.000000,0.000000,0.000237,-0.001865,-153.723099,0.000000,0.000000,0.262914,0.353503
0.000000,0.000000,0.000000,0.000000,0.000237,-0.001865,-153.723099,0.000000,0.000000,0.262914,0.353503
0.000000,0.000000,0.000000,0.000000,0.000237,-0.001865,-153.723099,0.000000,0.000000,0.262914,0.353503
0.000000,0.000000,0.000000,0.000000,0.000237,-0.001865,-153.723099,0.000000,0.000000,0.262914,0.353503
0.000000,0.000000,0.000000,0.000000,0.000237,-0.001865,-153.723099,0.000000,0.000000,0.262914,0.353503
0.000000,0.000000,0.000000,0.000000,0.000237,-0.001865,-153.723099,0.000000,0.000000,0.262914,0.353503
0.000000,0.000000,0.000000,0.000000,0.000237,-0.001865,-153.723099,0.000000,0.000000,0.262914,0.353503
0.000000,0.000000,0.000000,0.000000,0.000237,-0.001865,-153.723099,0.000000,0.000000,0.262914,0.353503
0.000000,0.000000,0.000000,0.000000,0.000237,-0.001865,-153.723099,0.000000,0.000000,0.262914,0.353503
0.000000,0.000000,0.000000,0.000000,0.000237,-0.001865,-153.723099,0.000000,0.000000,0.262914,0.353503
0.000000,0.000000,0.000000,0.000000,0.000237,-0.001865,-153.723099,0.000000,0.000000,0.262914,0.353503
0.000000,0.000000,0.000000,0.000000,0.000237,-0.001865,-153.723099,0.000000,0.000000,0.262914,0.353503
0.000000,0.000000,0.000000,0.000000,0.000237,-0.001865,-153.723099,0.000000,0.000000,0.262914,0.353503
0.000000,0.000000,0.000000,0.000000,0.000237,-0.001865,-153.723099,0.000000,0.000000,0.262914,0.353503
0.000000,0.000000,0.000000,0.000000,0.000237,-0.001865,-153.723099,0.000000,0.000000,0.262914,0.353503
0.000000,0.000000,0.000000,0.000000,0.000237,-0.001865,-153.723099,0.000000,0.000000,0.262914,0.353503
0.000000,0.000000,0.000000,0.000000,0.000237,-0.001865,-153.723099,0.000000,0.000000,0.262914,0.353503
0.000000,0.000000,0.000000,0.000000,0.000237,-0.001865,-153.723099,0.000000,0.000000,0.262914,0.353503
0.000000,0.000000,0.000000,0.000000,0.000237,-0.001865,-153.723099,0.000000,0.000000,0.262914,0.353503
0.000000,0.000000,0.000000,0.000000,0.000237,-0.001865,-153.723099,0.000000,0.000000,0.262914,0.353503
0.000000,0.000000,0.000000,0.000000,0.000237,-0.001865,-153.723099,0.000000,0.000000,0.262914,0.353503
0.000000,0.000000,0.000000,0.000000,0.000237,-0.001865,-153.723099,0.000000,0.000000,0.262914,0.353503
0.000000,0.000000,0.000000,0.000000,0.000237,-0.001865,-153.723099,0.000000,0.000000,0.262914,0.353503
0.000000,0.000000,0.000000,0.000000,0.000237,-0.001865,-153.723099,0.000000,0.000000,0.262914,0.353503
0.000000,0.000000,0.000000,0.000000,0.000237,-0.001865,-153.723099,0.000000,0.000000,0.262914,0.353503
0.000000,0.000000,0.000000,0.000000,0.000237,-0.001865,-153.723099,0.000000,0.000000,0.262914,0.353503
0.000000,0.000000,0.000000,0.000000,-0.071337,0.623601,-153.772476,0.000000,0.000000,0.430387,0.687893
0.000000,0.000000,0.000000,0.000000,-0.067468,0.603341,-153.769272,0.000000,0.000000,0.418585,0.646628
0.000000,0.000000,0.000000,0.000000,-0.075232,0.563331,-153.766602,0.000000,0.000000,0.407694,0.607763
0.000000,0.000000,0.000000,0.000000,-0.048850,0.530226,-153.761871,0.000000,0.000000,0.397611,0.571195
0.000000,0.000000,0.000000,0.000000,-0.059169,0.512910,-153.759735,0.000000,0.000000,0.388257,0.536816
0.000000,0.000000,0.000000,0.000000,-0.048888,0.481831,-153.757462,0.000000,0.000000,0.381731,0.512757
0.000000,0.000000,0.000000,0.000000,-0.054878,0.432327,-153.754654,0.000000,0.000000,0.373552,0.482704
0.000000,0.000000,0.000000,0.000000,-0.056817,0.404831,-153.752762,0.000000,0.000000,0.363830,0.445790
0.000000,0.000000,0.000000,0.000000,-0.029950,0.367987,-153.750198,0.000000,0.000000,0.358563,0.426741
0.000000,0.000000,0.000000,0.000000,-0.057076,0.367337,-153.749268,0.000000,0.000000,0.353283,0.406489
0.000000,0.000000,0.000000,0.000000,-0.057076,0.367337,-153.749268,0.000000,0.000000,0.353283,0.406489
0.000000,0.000000,0.000000,0.000000,-0.057076,0.367337,-153.749268,0.000000,0.000000,0.353283,0.406489
0.000000,0.000000,0.000000,0.000000,-0.057076,0.367337,-153.749268,0.000000,0.000000,0.353283,0.406489
0.000000,0.000000,0.000000,0.000000,-0.057076,0.367337,-153.749268,0.000000,0.000000,0.353283,0.406489
0.000000,0.000000,0.000000,0.000000,-0.057076,0.367337,-153.749268,0.000000,0.000000,0.353283,0.406489
0.000000,0.000000,0.000000,0.000000,-0.057076,0.367337,-153.749268,0.000000,0.000000,0.353283,0.406489
0.000000,0.000000,0.000000,0.000000,-0.057076,0.367337,-153.749268,0.000000,0.000000,0.353283,0.406489
0.000000,0.000000,0.000000,0.000000,-0.057076,0.367337,-153.749268,0.000000,0.000000,0.353283,0.406489
0.000000,0.000000,0.000000,0.000000,-0.057076,0.367337,-153.749268,0.000000,0.000000,0.353283,0.406489
0.000000,0.000000,0.000000,0.000000,-0.057076,0.367337,-153.749268,0.000000,0.000000,0.353283,0.406489
0.000000,0.000000,0.000000,0.000000,-0.057076,0.367337,-153.749268,0.000000,0.000000,0.353283,0.406489
0.000000,0.000000,0.000000,0.000000,-0.057076,0.367337,-153.749268,0.000000,0.000000,0.353283,0.406489
0.000000,0.000000,0.000000,0.000000,-0.057076,0.367337,-153.749268,0.000000,0.000000,0.353283,0.406489
0.000000,0.000000,0.000000,0.000000,-0.057076,0.367337,-153.749268,0.000000,0.000000,0.353283,0.406489
0.000000,0.000000,0.000000,0.000000,-0.057076,0.367337,-153.749268,0.000000,0.000000,0.353283,0.406489
0.000000,0.000000,0.000000,0.000000,-0.057076,0.367337,-153.749268,0.000000,0.000000,0.353283,0.406489
0.000000,0.000000,0.000000,0.000000,-0.057076,0.367337,-153.749268,0.000000,0.000000,0.353283,0.406489
0.000000,0.000000,0.000000,0.000000,-0.057076,0.367337,-153.749268,0.000000,0.000000,0.353283,0.406489
0.000000,0.000000,0.000000,0.000000,-0.057076,0.367337,-153.749268,0.000000,0.000000,0.353283,0.406489
0.000000,0.000000,0.000000,0.000000,-0.057076,0.367337,-153.749268,0.000000,0.000000,0.353283,0.406489
0.000000,0.000000,0.000000,0.000000,-0.057076,0.367337,-153.749268,0.000000,0.000000,0.353283,0.406489
0.000000,0.000000,0.000000,0.000000,-0.057076,0.367337,-153.749268,0.000000,0.000000,0.353283,0.406489
0.000000,0.000000,0.000000,0.000000,-0.057076,0.367337,-153.749268,0.000000,0.000000,0.353283,0.406489
0.000000,0.000000,0.000000,0.000000,-0.057076,0.367337,-153.749268,0.000000,0.000000,0.353283,0.406489
0.000000,0.000000,0.000000,0.000000,-0.057076,0.367337,-153.749268,0.000000,0.000000,0.353283,0.406489
0.000000,0.000000,0.000000,0.000000,-0.057076,0.367337,-153.749268,0.000000,0.000000,0.353283,0.406489
0.000000,0.000000,0.000000,0.000000,-0.057076,0.367337,-153.749268,0.000000,0.000000,0.353283,0.406489
0.000000,0.000000,0.000000,0.000000,-0.057076,0.367337,-153.749268,0.000000,0.000000,0.353283,0.406489
0.000000,0.000000,0.000000,0.000000,-0.057076,0.367337,-153.749268,0.000000,0.000000,0.353283,0.406489
0.000000,0.000000,0.000000,0.000000,-0.057076,0.367337,-153.749268,0.000000,0.000000,0.353283,0.406489
0.000000,0.000000,0.000000,0.000000,-0.057076,0.367337,-153.749268,0.000000,0.000000,0.353283,0.406489
0.000000,0.000000,0.000000,0.000000,-0.057076,0.367337,-153.749268,0.000000,0.000000,0.353283,0.406489
0.000000,0.000000,0.000000,0.000000,-0.057076,0.367337,-153.749268,0.000000,0.000000,0.353283,0.406489
0.000000,0.000000,0.000000,0.000000,-0.057076,0.367337,-153.749268,0.000000,0.000000,0.353283,0.406489
0.000000,0.000000,0.000000,0.000000,-0.479989,0.488123,-153.749420,0.000000,0.000000,0.443182,0.952176
0.000000,0.000000,0.000000,0.000000,-0.479721,0.489005,-153.750610,0.000000,0.000000,0.431406,0.917955
0.000000,0.000000,0.000000,0.000000,0.027328,-0.257114,-153.749084,0.000000,0.000000,0.417677,0.878778
0.000000,0.000000,0.000000,0.000000,0.060730,-0.229198,-153.748734,0.000000,0.000000,0.409977,0.857755
0.000000,0.000000,0.000000,0.000000,0.042283,-0.164902,-153.750687,0.000000,0.000000,0.400123,0.831715
0.000000,0.000000,0.000000,0.000000,0.050395,-0.152559,-153.750015,0.000000,0.000000,0.390865,0.808090
0.000000,0.000000,0.000000,0.000000,0.023446,-0.140917,-153.750366,0.000000,0.000000,0.381976,0.785968
0.000000,0.000000,0.000000,0.000000,0.035884,-0.089657,-153.752365,0.000000,0.000000,0.369608,0.756161
0.000000,0.000000,0.000000,0.000000,0.014774,-0.066117,-153.755402,0.000000,0.000000,0.361693,0.737397
0.000000,0.000000,0.000000,0.000000,0.008405,-0.035143,-153.755341,0.000000,0.000000,0.356219,0.724640
0.000000,0.000000,0.000000,0.000000,-0.014429,-0.011774,-153.758301,0.000000,0.000000,0.349001,0.707816
0.000000,0.000000,0.000000,0.000000,0.002584,0.009372,-153.761002,0.000000,0.000000,0.342154,0.691932
0.000000,0.000000,0.000000,0.000000,-0.000039,0.000087,-153.762344,0.000000,0.000000,0.334174,0.673535
0.000000,0.000000,0.000000,0.000000,0.016404,-0.006778,-153.759964,0.000000,0.000000,0.329646,0.663189
0.000000,0.000000,0.000000,0.000000,-0.009968,0.003897,-153.757034,0.000000,0.000000,0.323829,0.649954
0.000000,0.000000,0.000000,0.000000,0.000217,0.005007,-153.755722,0.000000,0.000000,0.318370,0.637625
0.000000,0.000000,0.000000,0.000000,0.009941,-0.000037,-153.757309,0.000000,0.000000,0.314395,0.628670
0.000000,0.000000,0.000000,0.000000,0.009941,-0.000037,-153.757309,0.000000,0.000000,0.314395,0.628670
0.000000,0.000000,0.000000,0.000000,0.009941,-0.000037,-153.757309,0.000000,0.000000,0.314395,0.628670
0.000000,0.000000,0.000000,0.000000,0.009941,-0.000037,-153.757309,0.000000,0.000000,0.314395,0.628670
0.000000,0.000000,0.000000,0.000000,0.009941,-0.000037,-153.757309,0.000000,0.000000,0.314395,0.628670
0.000000,0.000000,0.000000,0.000000,0.009941,-0.000037,-153.757309,0.000000,0.000000,0.314395,0.628670
0.000000,0.000000,0.000000,0.000000,0.009941,-0.000037,-153.757309,0.000000,0.000000,0.314395,0.628670
0.000000,0.000000,0.000000,0.000000,0.009941,-0.000037,-153.757309,0.000000,0.000000,0.314395,0.628670
0.000000,0.000000,0.000000,0.000000,0.009941,-0.000037,-153.757309,0.000000,0.000000,0.314395,0.628670
0.000000,0.000000,0.000000,0.000000,0.009941,-0.000037,-153.757309,0.000000,0.000000,0.314395,0.628670
0.000000,0.000000,0.000000,0.000000,0.009941,-0.000037,-153.757309,0.000000,0.000000,0.314395,0.628670
0.000000,0.000000,0.000000,0.000000,0.009941,-0.000037,-153.757309,0.000000,0.000000,0.314395,0.628670
0.000000,0.000000,0.000000,0.000000,0.009941,-0.000037,-153.757309,0.000000,0.000000,0.314395,0.628670
0.000000,0.000000,0.000000,0.000000,0.009941,-0.000037,-153.757309,0.000000,0.000000,0.314395,0.628670
0.000000,0.000000,0.000000,0.000000,0.009941,-0.000037,-153.757309,0.000000,0.000000,0.314395,0.628670
0.000000,0.000000,0.000000,0.000000,0.009941,-0.000037,-153.757309,0.000000,0.000000,0.314395,0.628670
0.000000,0.000000,0.000000,0.000000,0.009941,-0.000037,-153.757309,0.000000,0.000000,0.314395,0.628670
0.000000,0.000000,0.000000,0.000000,0.009941,-0.000037,-153.757309,0.000000,0.000000,0.314395,0.628670
0.000000,0.000000,0.000000,0.000000,0.009941,-0.000037,-153.757309,0.000000,0.000000,0.314395,0.628670
0.000000,0.000000,0.000000,0.000000,0.009941,-0.000037,-153.757309,0.000000,0.000000,0.314395,0.628670
0.000000,0.000000,0.000000,0.000000,0.009941,-0.000037,-153.757309,0.000000,0.000000,0.314395,0.628670
0.000000,0.000000,0.000000,0.000000,0.009941,-0.000037,-153.757309,0.000000,0.000000,0.314395,0.628670
0.000000,0.000000,0.000000,0.000000,0.009941,-0.000037,-153.757309,0.000000,0.000000,0.314395,0.628670
0.000000,0.000000,0.000000,0.000000,0.009941,-0.000037,-153.757309,0.000000,0.000000,0.314395,0.628670
0.000000,0.000000,0.000000,0.000000,0.009941,-0.000037,-153.757309,0.000000,0.000000,0.314395,0.628670
0.000000,0.000000,0.000000,0.000000,0.009941,-0.000037,-153.757309,0.000000,0.000000,0.314395,0.628670
0.000000,0.000000,0.000000,0.000000,0.009941,-0.000037,-153.757309,0.000000,0.000000,0.314395,0.628670
0.000000,0.000000,0.000000,0.000000,0.009941,-0.000037,-153.757309,0.000000,0.000000,0.314395,0.628670
0.000000,0.000000,0.000000,0.000000,0.009941,-0.000037,-153.757309,0.000000,0.000000,0.314395,0.628670
0.000000,0.000000,0.000000,0.000000,0.009941,-0.000037,-153.757309,0.000000,0.000000,0.314395,0.628670
0.000000,0.000000,0.000000,0.000000,0.009941,-0.000037,-153.757309,0.000000,0.000000,0.314395,0.628670
0.000000,0.000000,0.000000,0.000000,0.009941,-0.000037,-153.757309,0.000000,0.000000,0.314395,0.628670
0.000000,0.000000,0.000000,0.000000,0.009941,-0.000037,-153.757309,0.000000,0.000000,0.314395,0.628670
0.000000,0.000000,0.000000,0.000000,0.009941,-0.000037,-153.757309,0.000000,0.000000,0.314395,0.628670
0.000000,0.000000,0.000000,0.000000,0.009941,-0.000037,-153.757309,0.000000,0.000000,0.314395,0.628670
0.000000,0.000000,0.000000,0.000000,-0.286869,0.118395,-153.958237,0.000000,0.000000,0.387023,0.833514
0.000000,0.000000,0.000000,0.000000,-0.269069,0.138346,-153.960464,0.000000,0.000000,0.381765,0.819038
0.000000,0.000000,0.000000,0.000000,-0.269069,0.138346,-153.960464,0.000000,0.000000,0.381765,0.819038
0.000000,0.000000,0.000000,0.000000,-0.269069,0.138346,-153.960464,0.000000,0.000000,0.381765,0.819038
0.000000,0.000000,0.000000,0.000000,-0.269069,0.138346,-153.960464,0.000000,0.000000,0.381765,0.819038
0.000000,0.000000,0.000000,0.000000,-0.269069,0.138346,-153.960464,0.000000,0.000000,0.381765,0.819038
0.000000,0.000000,0.000000,0.000000,-0.269069,0.138346,-153.960464,0.000000,0.000000,0.381765,0.819038
0.000000,0.000000,0.000000,0.000000,-0.269069,0.138346,-153.960464,0.000000,0.000000,0.381765,0.819038
0.000000,0.000000,0.000000,0.000000,-0.269069,0.138346,-153.960464,0.000000,0.000000,0.381765,0.819038
0.000000,0.000000,0.000000,0.000000,-0.269069,0.138346,-153.960464,0.000000,0.000000,0.381765,0.819038
0.000000,0.000000,0.000000,0.000000,-0.269069,0.138346,-153.960464,0.000000,0.000000,0.381765,0.819038
0.000000,0.000000,0.000000,0.000000,-0.269069,0.138346,-153.960464,0.000000,0.000000,0.381765,0.819038
0.000000,0.000000,0.000000,0.000000,-0.269069,0.138346,-153.960464,0.000000,0.000000,0.381765,0.819038
0.000000,0.000000,0.000000,0.000000,-0.269069,0.138346,-153.960464,0.000000,0.000000,0.381765,0.819038
0.000000,0.000000,0.000000,0.000000,-0.269069,0.138346,-153.960464,0.000000,0.000000,0.381765,0.819038
0.000000,0.000000,0.000000,0.000000,-0.269069,0.138346,-153.960464,0.000000,0.000000,0.381765,0.819038
0.000000,0.000000,0.000000,0.000000,-0.269069,0.138346,-153.960464,0.000000,0.000000,0.381765,0.819038
0.000000,0.000000,0.000000,0.000000,-0.269069,0.138346,-153.960464,0.000000,0.000000,0.381765,0.819038
0.000000,0.000000,0.000000,0.000000,-0.269069,0.138346,-153.960464,0.000000,0.000000,0.381765,0.819038
0.000000,0.000000,0.000000,0.000000,-0.269069,0.138346,-153.960464,0.000000,0.000000,0.381765,0.819038
0.000000,0.000000,0.000000,0.000000,-0.269069,0.138346,-153.960464,0.000000,0.000000,0.381765,0.819038
0.000000,0.000000,0.000000,0.000000,-0.269069,0.138346,-153.960464,0.000000,0.000000,0.381765,0.819038
0.000000,0.000000,0.000000,0.000000,-0.269069,0.138346,-153.960464,0.000000,0.000000,0.381765,0.819038
0.000000,0.000000,0.000000,0.000000,-0.269069,0.138346,-153.960464,0.000000,0.000000,0.381765,0.819038
0.000000,0.000000,0.000000,0.000000,-0.269069,0.138346,-153.960464,0.000000,0.000000,0.381765,0.819038
0.000000,0.000000,0.000000,0.000000,-0.269069,0.138346,-153.960464,0.000000,0.000000,0.381765,0.819038
0.000000,0.000000,0.000000,0.000000,-0.269069,0.138346,-153.960464,0.000000,0.000000,0.381765,0.819038
0.000000,0.000000,0.000000,0.000000,-0.269069,0.138346,-153.960464,0.000000,0.000000,0.381765,0.819038
0.000000,0.000000,0.000000,0.000000,-0.269069,0.138346,-153.960464,0.000000,0.000000,0.381765,0.819038
0.000000,0.000000,0.000000,0.000000,-0.269069,0.138346,-153.960464,0.000000,0.000000,0.381765,0.819038
0.000000,0.000000,0.000000,0.000000,-0.269069,0.138346,-153.960464,0.000000,0.000000,0.381765,0.819038
0.000000,0.000000,0.000000,0.000000,-0.269069,0.138346,-153.960464,0.000000,0.000000,0.381765,0.819038
0.000000,0.000000,0.000000,0.000000,-0.269069,0.138346,-153.960464,0.000000,0.000000,0.381765,0.819038
0.000000,0.000000,0.000000,0.000000,-0.269069,0.138346,-153.960464,0.000000,0.000000,0.381765,0.819038
0.000000,0.000000,0.000000,0.000000,-0.269069,0.138346,-153.960464,0.000000,0.000000,0.381765,0.819038
0.000000,0.000000,0.000000,0.000000,-0.269069,0.138346,-153.960464,0.000000,0.000000,0.381765,0.819038
0.000000,0.000000,0.000000,0.000000,0.306934,-0.159633,-153.959915,0.000000,0.000000,0.546225,0.948058
0.000000,0.000000,0.000000,0.000000,0.306934,-0.159633,-153.959915,0.000000,0.000000,0.546225,0.948058
0.000000,0.000000,0.000000,0.000000,0.306934,-0.159633,-153.959915,0.000000,0.000000,0.546225,0.948058
0.000000,0.000000,0.000000,0.000000,0.306934,-0.159633,-153.959915,0.000000,0.000000,0.546225,0.948058
0.000000,0.000000,0.000000,0.000000,0.306934,-0.159633,-153.959915,0.000000,0.000000,0.546225,0.948058
0.000000,0.000000,0.000000,0.000000,0.306934,-0.159633,-153.959915,0.000000,0.000000,0.546225,0.948058
0.000000,0.000000,0.000000,0.000000,0.306934,-0.159633,-153.959915,0.000000,0.000000,0.546225,0.948058
0.000000,0.000000,0.000000,0.000000,0.306934,-0.159633,-153.959915,0.000000,0.000000,0.546225,0.948058
0.000000,0.000000,0.000000,0.000000,0.306934,-0.159633,-153.959915,0.000000,0.000000,0.546225,0.948058
0.000000,0.000000,0.000000,0.000000,0.306934,-0.159633,-153.959915,0.000000,0.000000,0.546225,0.948058
0.000000,0.000000,0.000000,0.000000,0.306934,-0.159633,-153.959915,0.000000,0.000000,0.546225,0.948058
0.000000,0.000000,0.000000,0.000000,0.306934,-0.159633,-153.959915,0.000000,0.000000,0.546225,0.948058
0.000000,0.000000,0.000000,0.000000,0.306934,-0.159633,-153.959915,0.000000,0.000000,0.546225,0.948058
0.000000,0.000000,0.000000,0.000000,0.306934,-0.159633,-153.959915,0.000000,0.000000,0.546225,0.948058
0.000000,0.000000,0.000000,0.000000,0.306934,-0.159633,-153.959915,0.000000,0.000000,0.546225,0.948058
0.000000,0.000000,0.000000,0.000000,0.306934,-0.159633,-153.959915,0.000000,0.000000,0.546225,0.948058
0.000000,0.000000,0.000000,0.000000,0.306934,-0.159633,-153.959915,0.000000,0.000000,0.546225,0.948058
0.000000,0.000000,0.000000,0.000000,0.306934,-0.159633,-153.959915,0.000000,0.000000,0.546225,0.948058
0.000000,0.000000,0.000000,0.000000,0.306934,-0.159633,-153.959915,0.000000,0.000000,0.546225,0.948058
0.000000,0.000000,0.000000,0.000000,0.306934,-0.159633,-153.959915,0.000000,0.000000,0.546225,0.948058
0.000000,0.000000,0.000000,0.000000,0.306934,-0.159633,-153.959915,0.000000,0.000000,0.546225,0.948058
0.000000,0.000000,0.000000,0.000000,0.306934,-0.159633,-153.959915,0.000000,0.000000,0.546225,0.948058
0.000000,0.000000,0.000000,0.000000,0.306934,-0.159633,-153.959915,0.000000,0.000000,0.546225,0.948058
0.000000,0.000000,0.000000,0.000000,0.306934,-0.159633,-153.959915,0.000000,0.000000,0.546225,0.948058
0.000000,0.000000,0.000000,0.000000,0.306934,-0.159633,-153.959915,0.000000,0.000000,0.546225,0.948058
0.000000,0.000000,0.000000,0.000000,0.306934,-0.159633,-153.959915,0.000000,0.000000,0.546225,0.948058
0.000000,0.000000,0.000000,0.000000,0.306934,-0.159633,-153.959915,0.000000,0.000000,0.546225,0.948058
0.000000,0.000000,0.000000,0.000000,0.306934,-0.159633,-153.959915,0.000000,0.000000,0.546225,0.948058
0.000000,0.000000,0.000000,0.000000,0.306934,-0.159633,-153.959915,0.000000,0.000000,0.546225,0.948058
0.000000,0.000000,0.000000,0.000000,0.306934,-0.159633,-153.959915,0.000000,0.000000,0.546225,0.948058
0.000000,0.000000,0.000000,0.000000,0.306934,-0.159633,-153.959915,0.000000,0.000000,0.546225,0.948058
0.000000,0.000000,0.000000,0.000000,0.306934,-0.159633,-153.959915,0.000000,0.000000,0.546225,0.948058
0.000000,0.000000,0.000000,0.000000,0.306934,-0.159633,-153.959915,0.000000,0.000000,0.546225,0.948058
0.000000,0.000000,0.000000,0.000000,0.306934,-0.159633,-153.959915,0.000000,0.000000,0.546225,0.948058
0.000000,0.000000,0.000000,0.000000,0.306934,-0.159633,-153.959915,0.000000,0.000000,0.546225,0.948058
0.000000,0.000000,0.000000,0.000000,0.306934,-0.159633,-153.959915,0.000000,0.000000,0.546225,0.948058
0.000000,0.000000,0.000000,0.000000,-0.268581,0.118785,-154.005035,0.000000,0.000000,0.746553,1.026510
0.000000,0.000000,0.000000,0.000000,-0.255775,0.123041,-154.007568,0.000000,0.000000,0.731809,0.994900
0.000000,0.000000,0.000000,0.000000,-0.222952,0.105206,-154.013931,0.000000,0.000000,0.718791,0.965339
0.000000,0.000000,0.000000,0.000000,-0.170119,0.075693,-154.016113,0.000000,0.000000,0.702334,0.924464
0.000000,0.000000,0.000000,0.000000,-0.141796,0.058395,-154.019089,0.000000,0.000000,0.692840,0.899196
0.000000,0.000000,0.000000,0.000000,-0.095080,0.055889,-154.019562,0.000000,0.000000,0.684237,0.875643
0.000000,0.000000,0.000000,0.000000,-0.085195,0.011632,-154.020874,0.000000,0.000000,0.676264,0.853342
0.000000,0.000000,0.000000,0.000000,-0.060832,0.027201,-154.022079,0.000000,0.000000,0.668799,0.832395
0.000000,0.000000,0.000000,0.000000,-0.023998,0.012869,-154.022491,0.000000,0.000000,0.661694,0.812837
0.000000,0.000000,0.000000,0.000000,-0.009781,0.005513,-154.026169,0.000000,0.000000,0.656520,0.798856
0.000000,0.000000,0.000000,0.000000,0.003337,-0.004206,-154.024445,0.000000,0.000000,0.649764,0.781278
0.000000,0.000000,0.000000,0.000000,0.001946,-0.005846,-154.025101,0.000000,0.000000,0.643158,0.764853
0.000000,0.000000,0.000000,0.000000,0.011432,-0.000438,-154.022934,0.000000,0.000000,0.635091,0.745052
0.000000,0.000000,0.000000,0.000000,-0.022401,0.007645,-154.022736,0.000000,0.000000,0.631928,0.737647
0.000000,0.000000,0.000000,0.000000,-0.022401,0.007645,-154.022736,0.000000,0.000000,0.631928,0.737647
0.000000,0.000000,0.000000,0.000000,-0.022401,0.007645,-154.022736,0.000000,0.000000,0.631928,0.737647
0.000000,0.000000,0.000000,0.000000,-0.022401,0.007645,-154.022736,0.000000,0.000000,0.631928,0.737647
0.000000,0.000000,0.000000,0.000000,-0.022401,0.007645,-154.022736,0.000000,0.000000,0.631928,0.737647
0.000000,0.000000,0.000000,0.000000,-0.022401,0.007645,-154.022736,0.000000,0.000000,0.631928,0.737647
0.000000,0.000000,0.000000,0.000000,-0.022401,0.007645,-154.022736,0.000000,0.000000,0.631928,0.737647
0.000000,0.000000,0.000000,0.000000,-0.022401,0.007645,-154.022736,0.000000,0.000000,0.631928,0.737647
0.000000,0.000000,0.000000,0.000000,-0.022401,0.007645,-154.022736,0.000000,0.000000,0.631928,0.737647
0.000000,0.000000,0.000000,0.000000,-0.022401,0.007645,-154.022736,0.000000,0.000000,0.631928,0.737647
0.000000,0.000000,0.000000,0.000000,-0.022401,0.007645,-154.022736,0.000000,0.000000,0.631928,0.737647
0.000000,0.000000,0.000000,0.000000,-0.022401,0.007645,-154.022736,0.000000,0.000000,0.631928,0.737647
0.000000,0.000000,0.000000,0.000000,-0.022401,0.007645,-154.022736,0.000000,0.000000,0.631928,0.737647
0.000000,0.000000,0.000000,0.000000,-0.022401,0.007645,-154.022736,0.000000,0.000000,0.631928,0.737647
0.000000,0.000000,0.000000,0.000000,-0.022401,0.007645,-154.022736,0.000000,0.000000,0.631928,0.737647
0.000000,0.000000,0.000000,0.000000,-0.022401,0.007645,-154.022736,0.000000,0.000000,0.631928,0.737647
0.000000,0.000000,0.000000,0.000000,-0.022401,0.007645,-154.022736,0.000000,0.000000,0.631928,0.737647
0.000000,0.000000,0.000000,0.000000,-0.022401,0.007645,-154.022736,0.000000,0.000000,0.631928,0.737647
0.000000,0.000000,0.000000,0.000000,-0.022401,0.007645,-154.022736,0.000000,0.000000,0.631928,0.737647
0.000000,0.000000,0.000000,0.000000,-0.022401,0.007645,-154.022736,0.000000,0.000000,0.631928,0.737647
0.000000,0.000000,0.000000,0.000000,-0.022401,0.007645,-154.022736,0.000000,0.000000,0.631928,0.737647
0.000000,0.000000,0.000000,0.000000,-0.022401,0.007645,-154.022736,0.000000,0.000000,0.631928,0.737647
0.000000,0.000000,0.000000,0.000000,-0.022401,0.007645,-154.022736,0.000000,0.000000,0.631928,0.737647
0.000000,0.000000,0.000000,0.000000,-0.022401,0.007645,-154.022736,0.000000,0.000000,0.631928,0.737647
0.000000,0.000000,0.000000,0.000000,-0.022401,0.007645,-154.022736,0.000000,0.000000,0.631928,0.737647
0.000000,0.000000,0.000000,0.000000,-0.022401,0.007645,-154.022736,0.000000,0.000000,0.631928,0.737647
0.000000,0.000000,0.000000,0.000000,-0.022401,0.007645,-154.022736,0.000000,0.000000,0.631928,0.737647
0.000000,0.000000,0.000000,0.000000,-0.022401,0.007645,-154.022736,0.000000,0.000000,0.631928,0.737647
0.000000,0.000000,0.000000,0.000000,-0.022401,0.007645,-154.022736,0.000000,0.000000,0.631928,0.737647
0.000000,0.000000,0.000000,0.000000,-0.022401,0.007645,-154.022736,0.000000,0.000000,0.631928,0.737647
0.000000,0.000000,0.000000,0.000000,-0.022401,0.007645,-154.022736,0.000000,0.000000,0.631928,0.737647
0.000000,0.000000,0.000000,0.000000,-0.022401,0.007645,-154.022736,0.000000,0.000000,0.631928,0.737647
0.000000,0.000000,0.000000,0.000000,-0.022401,0.007645,-154.022736,0.000000,0.000000,0.631928,0.737647
0.000000,0.000000,0.000000,0.000000,-0.022401,0.007645,-154.022736,0.000000,0.000000,0.631928,0.737647
0.000000,0.000000,0.000000,0.000000,-0.022401,0.007645,-154.022736,0.000000,0.000000,0.631928,0.737647
0.000000,0.000000,0.000000,0.000000,0.583626,-0.204791,-153.967636,0.000000,0.000000,0.846356,0.772899
0.000000,0.000000,0.000000,0.000000,0.586659,-0.197850,-153.973801,0.000000,0.000000,0.804564,0.771859
0.000000,0.000000,0.000000,0.000000,0.586659,-0.197850,-153.973801,0.000000,0.000000,0.804564,0.771859
0.000000,0.000000,0.000000,0.000000,0.586659,-0.197850,-153.973801,0.000000,0.000000,0.804564,0.771859
0.000000,0.000000,0.000000,0.000000,0.586659,-0.197850,-153.973801,0.000000,0.000000,0.804564,0.771859
0.000000,0.000000,0.000000,0.000000,0.586659,-0.197850,-153.973801,0.000000,0.000000,0.804564,0.771859
0.000000,0.000000,0.000000,0.000000,0.586659,-0.197850,-153.973801,0.000000,0.000000,0.804564,0.771859
0.000000,0.000000,0.000000,0.000000,0.586659,-0.197850,-153.973801,0.000000,0.000000,0.804564,0.771859
0.000000,0.000000,0.000000,0.000000,0.586659,-0.197850,-153.973801,0.000000,0.000000,0.804564,0.771859
0.000000,0.000000,0.000000,0.000000,0.586659,-0.197850,-153.973801,0.000000,0.000000,0.804564,0.771859
0.000000,0.000000,0.000000,0.000000,0.586659,-0.197850,-153.973801,0.000000,0.000000,0.804564,0.771859
0.000000,0.000000,0.000000,0.000000,0.586659,-0.197850,-153.973801,0.000000,0.000000,0.804564,0.771859
0.000000,0.000000,0.000000,0.000000,0.586659,-0.197850,-153.973801,0.000000,0.000000,0.804564,0.771859
0.000000,0.000000,0.000000,0.000000,0.586659,-0.197850,-153.973801,0.000000,0.000000,0.804564,0.771859
0.000000,0.000000,0.000000,0.000000,0.586659,-0.197850,-153.973801,0.000000,0.000000,0.804564,0.771859
0.000000,0.000000,0.000000,0.000000,0.586659,-0.197850,-153.973801,0.000000,0.000000,0.804564,0.771859
0.000000,0.000000,0.000000,0.000000,0.586659,-0.197850,-153.973801,0.000000,0.000000,0.804564,0.771859
0.000000,0.000000,0.000000,0.000000,0.586659,-0.197850,-153.973801,0.000000,0.000000,0.804564,0.771859
0.000000,0.000000,0.000000,0.000000,0.586659,-0.197850,-153.973801,0.000000,0.000000,0.804564,0.771859
0.000000,0.000000,0.000000,0.000000,0.586659,-0.197850,-153.973801,0.000000,0.000000,0.804564,0.771859
0.000000,0.000000,0.000000,0.000000,0.586659,-0.197850,-153.973801,0.000000,0.000000,0.804564,0.771859
0.000000,0.000000,0.000000,0.000000,0.586659,-0.197850,-153.973801,0.000000,0.000000,0.804564,0.771859
0.000000,0.000000,0.000000,0.000000,0.586659,-0.197850,-153.973801,0.000000,0.000000,0.804564,0.771859
0.000000,0.000000,0.000000,0.000000,0.586659,-0.197850,-153.973801,0.000000,0.000000,0.804564,0.771859
0.000000,0.000000,0.000000,0.000000,0.586659,-0.197850,-153.973801,0.000000,0.000000,0.804564,0.771859
0.000000,0.000000,0.000000,0.000000,0.586659,-0.197850,-153.973801,0.000000,0.000000,0.804564,0.771859
0.000000,0.000000,0.000000,0.000000,0.586659,-0.197850,-153.973801,0.000000,0.000000,0.804564,0.771859
0.000000,0.000000,0.000000,0.000000,0.586659,-0.197850,-153.973801,0.000000,0.000000,0.804564,0.771859
0.000000,0.000000,0.000000,0.000000,0.586659,-0.197850,-153.973801,0.000000,0.000000,0.804564,0.771859
0.000000,0.000000,0.000000,0.000000,0.586659,-0.197850,-153.973801,0.000000,0.000000,0.804564,0.771859
0.000000,0.000000,0.000000,0.000000,0.586659,-0.197850,-153.973801,0.000000,0.000000,0.804564,0.771859
0.000000,0.000000,0.000000,0.000000,0.586659,-0.197850,-153.973801,0.000000,0.000000,0.804564,0.771859
0.000000,0.000000,0.000000,0.000000,0.586659,-0.197850,-153.973801,0.000000,0.000000,0.804564,0.771859
0.000000,0.000000,0.000000,0.000000,0.586659,-0.197850,-153.973801,0.000000,0.000000,0.804564,0.771859
0.000000,0.000000,0.000000,0.000000,0.586659,-0.197850,-153.973801,0.000000,0.000000,0.804564,0.771859
0.000000,0.000000,0.000000,0.000000,0.586659,-0.197850,-153.973801,0.000000,0.000000,0.804564,0.771859
0.000000,0.000000,0.000000,0.000000,-0.063785,0.000955,-154.080597,0.000000,0.000000,1.297988,0.696056
0.000000,0.000000,0.000000,0.000000,-0.004314,0.010681,-154.081345,0.000000,0.000000,1.228831,0.696755
0.000000,0.000000,0.000000,0.000000,-0.009159,-0.002982,-154.082397,0.000000,0.000000,1.166367,0.696743
0.000000,0.000000,0.000000,0.000000,-0.007843,-0.000309,-154.081635,0.000000,0.000000,1.122853,0.696413
0.000000,0.000000,0.000000,0.000000,-0.007843,-0.000309,-154.081635,0.000000,0.000000,1.122853,0.696413
0.000000,0.000000,0.000000,0.000000,-0.007843,-0.000309,-154.081635,0.000000,0.000000,1.122853,0.696413
0.000000,0.000000,0.000000,0.000000,-0.007843,-0.000309,-154.081635,0.000000,0.000000,1.122853,0.696413
0.000000,0.000000,0.000000,0.000000,-0.007843,-0.000309,-154.081635,0.000000,0.000000,1.122853,0.696413
0.000000,0.000000,0.000000,0.000000,-0.007843,-0.000309,-154.081635,0.000000,0.000000,1.122853,0.696413
0.000000,0.000000,0.000000,0.000000,-0.007843,-0.000309,-154.081635,0.000000,0.000000,1.122853,0.696413
0.000000,0.000000,0.000000,0.000000,-0.007843,-0.000309,-154.081635,0.000000,0.000000,1.122853,0.696413
0.000000,0.000000,0.000000,0.000000,-0.007843,-0.000309,-154.081635,0.000000,0.000000,1.122853,0.696413
0.000000,0.000000,0.000000,0.000000,-0.007843,-0.000309,-154.081635,0.000000,0.000000,1.122853,0.696413
0.000000,0.000000,0.000000,0.000000,-0.007843,-0.000309,-154.081635,0.000000,0.000000,1.122853,0.696413
0.000000,0.000000,0.000000,0.000000,-0.007843,-0.000309,-154.081635,0.000000,0.000000,1.122853,0.696413
0.000000,0.000000,0.000000,0.000000,-0.007843,-0.000309,-154.081635,0.000000,0.000000,1.122853,0.696413
0.000000,0.000000,0.000000,0.000000,-0.007843,-0.000309,-154.081635,0.000000,0.000000,1.122853,0.696413
0.000000,0.000000,0.000000,0.000000,-0.007843,-0.000309,-154.081635,0.000000,0.000000,1.122853,0.696413
0.000000,0.000000,0.000000,0.000000,-0.007843,-0.000309,-154.081635,0.000000,0.000000,1.122853,0.696413
0.000000,0.000000,0.000000,0.000000,-0.007843,-0.000309,-154.081635,0.000000,0.000000,1.122853,0.696413
0.000000,0.000000,0.000000,0.000000,-0.007843,-0.000309,-154.081635,0.000000,0.000000,1.122853,0.696413
0.000000,0.000000,0.000000,0.000000,-0.007843,-0.000309,-154.081635,0.000000,0.000000,1.122853,0.696413
0.000000,0.000000,0.000000,0.000000,-0.007843,-0.000309,-154.081635,0.000000,0.000000,1.122853,0.696413
0.000000,0.000000,0.000000,0.000000,-0.007843,-0.000309,-154.081635,0.000000,0.000000,1.122853,0.696413
0.000000,0.000000,0.000000,0.000000,-0.007843,-0.000309,-154.081635,0.000000,0.000000,1.122853,0.696413
0.000000,0.000000,0.000000,0.000000,-0.007843,-0.000309,-154.081635,0.000000,0.000000,1.122853,0.696413
0.000000,0.000000,0.000000,0.000000,-0.007843,-0.000309,-154.081635,0.000000,0.000000,1.122853,0.696413
0.000000,0.000000,0.000000,0.000000,-0.007843,-0.000309,-154.081635,0.000000,0.000000,1.122853,0.696413
0.000000,0.000000,0.000000,0.000000,-0.007843,-0.000309,-154.081635,0.000000,0.000000,1.122853,0.696413
0.000000,0.000000,0.000000,0.000000,-0.007843,-0.000309,-154.081635,0.000000,0.000000,1.122853,0.696413
0.000000,0.000000,0.000000,0.000000,-0.007843,-0.000309,-154.081635,0.000000,0.000000,1.122853,0.696413
0.000000,0.000000,0.000000,0.000000,-0.007843,-0.000309,-154.081635,0.000000,0.000000,1.122853,0.696413
0.000000,0.000000,0.000000,0.000000,-0.007843,-0.000309,-154.081635,0.000000,0.000000,1.122853,0.696413
0.000000,0.000000,0.000000,0.000000,-0.007843,-0.000309,-154.081635,0.000000,0.000000,1.122853,0.696413
0.000000,0.000000,0.000000,0.000000,-0.007843,-0.000309,-154.081635,0.000000,0.000000,1.122853,0.696413
0.000000,0.000000,0.000000,0.000000,-0.007843,-0.000309,-154.081635,0.000000,0.000000,1.122853,0.696413
0.000000,0.000000,0.000000,0.000000,-0.007843,-0.000309,-154.081635,0.000000,0.000000,1.122853,0.696413
0.000000,0.000000,0.000000,0.000000,-0.007843,-0.000309,-154.081635,0.000000,0.000000,1.122853,0.696413
0.000000,0.000000,0.000000,0.000000,0.607084,0.033146,-154.007889,0.000000,0.000000,1.691814,0.640206
0.000000,0.000000,0.000000,0.000000,0.570529,0.012361,-154.012390,0.000000,0.000000,1.542409,0.638775
0.000000,0.000000,0.000000,0.000000,0.565210,0.004380,-154.015320,0.000000,0.000000,1.438532,0.637376
0.000000,0.000000,0.000000,0.000000,0.565210,0.004380,-154.015320,0.000000,0.000000,1.438532,0.637376
0.000000,0.000000,0.000000,0.000000,0.565210,0.004380,-154.015320,0.000000,0.000000,1.438532,0.637376
0.000000,0.000000,0.000000,0.000000,0.565210,0.004380,-154.015320,0.000000,0.000000,1.438532,0.637376
0.000000,0.000000,0.000000,0.000000,0.565210,0.004380,-154.015320,0.000000,0.000000,1.438532,0.637376
0.000000,0.000000,0.000000,0.000000,0.565210,0.004380,-154.015320,0.000000,0.000000,1.438532,0.637376
0.000000,0.000000,0.000000,0.000000,0.565210,0.004380,-154.015320,0.000000,0.000000,1.438532,0.637376
0.000000,0.000000,0.000000,0.000000,0.565210,0.004380,-154.015320,0.000000,0.000000,1.438532,0.637376
0.000000,0.000000,0.000000,0.000000,0.565210,0.004380,-154.015320,0.000000,0.000000,1.438532,0.637376
0.000000,0.000000,0.000000,0.000000,0.565210,0.004380,-154.015320,0.000000,0.000000,1.438532,0.637376
0.000000,0.000000,0.000000,0.000000,0.565210,0.004380,-154.015320,0.000000,0.000000,1.438532,0.637376
0.000000,0.000000,0.000000,0.000000,0.565210,0.004380,-154.015320,0.000000,0.000000,1.438532,0.637376
0.000000,0.000000,0.000000,0.000000,0.565210,0.004380,-154.015320,0.000000,0.000000,1.438532,0.637376
0.000000,0.000000,0.000000,0.000000,0.565210,0.004380,-154.015320,0.000000,0.000000,1.438532,0.637376
0.000000,0.000000,0.000000,0.000000,0.565210,0.004380,-154.015320,0.000000,0.000000,1.438532,0.637376
0.000000,0.000000,0.000000,0.000000,0.565210,0.004380,-154.015320,0.000000,0.000000,1.438532,0.637376
0.000000,0.000000,0.000000,0.000000,0.565210,0.004380,-154.015320,0.000000,0.000000,1.438532,0.637376
0.000000,0.000000,0.000000,0.000000,0.565210,0.004380,-154.015320,0.000000,0.000000,1.438532,0.637376
0.000000,0.000000,0.000000,0.000000,0.565210,0.004380,-154.015320,0.000000,0.000000,1.438532,0.637376
0.000000,0.000000,0.000000,0.000000,0.565210,0.004380,-154.015320,0.000000,0.000000,1.438532,0.637376
0.000000,0.000000,0.000000,0.000000,0.565210,0.004380,-154.015320,0.000000,0.000000,1.438532,0.637376
0.000000,0.000000,0.000000,0.000000,0.565210,0.004380,-154.015320,0.000000,0.000000,1.438532,0.637376
0.000000,0.000000,0.000000,0.000000,0.565210,0.004380,-154.015320,0.000000,0.000000,1.438532,0.637376
0.000000,0.000000,0.000000,0.000000,0.565210,0.004380,-154.015320,0.000000,0.000000,1.438532,0.637376
0.000000,0.000000,0.000000,0.000000,0.565210,0.004380,-154.015320,0.000000,0.000000,1.438532,0.637376
0.000000,0.000000,0.000000,0.000000,0.565210,0.004380,-154.015320,0.000000,0.000000,1.438532,0.637376
0.000000,0.000000,0.000000,0.000000,0.565210,0.004380,-154.015320,0.000000,0.000000,1.438532,0.637376
0.000000,0.000000,0.000000,0.000000,0.565210,0.004380,-154.015320,0.000000,0.000000,1.438532,0.637376
0.000000,0.000000,0.000000,0.000000,0.565210,0.004380,-154.015320,0.000000,0.000000,1.438532,0.637376
0.000000,0.000000,0.000000,0.000000,0.565210,0.004380,-154.015320,0.000000,0.000000,1.438532,0.637376
0.000000,0.000000,0.000000,0.000000,0.565210,0.004380,-154.015320,0.000000,0.000000,1.438532,0.637376
0.000000,0.000000,0.000000,0.000000,0.565210,0.004380,-154.015320,0.000000,0.000000,1.438532,0.637376
0.000000,0.000000,0.000000,0.000000,0.565210,0.004380,-154.015320,0.000000,0.000000,1.438532,0.637376
0.000000,0.000000,0.000000,0.000000,0.565210,0.004380,-154.015320,0.000000,0.000000,1.438532,0.637376
0.000000,0.000000,0.000000,0.000000,0.565210,0.004380,-154.015320,0.000000,0.000000,1.438532,0.637376
0.000000,0.000000,0.000000,0.000000,0.565210,0.004380,-154.015320,0.000000,0.000000,1.438532,0.637376
0.000000,0.000000,0.000000,0.000000,-0.050468,0.004012,-154.065552,0.000000,0.000000,2.296198,0.600364
0.000000,0.000000,0.000000,0.000000,-0.050468,0.004012,-154.065552,0.000000,0.000000,2.296198,0.600364
0.000000,0.000000,0.000000,0.000000,-0.050468,0.004012,-154.065552,0.000000,0.000000,2.296198,0.600364
0.000000,0.000000,0.000000,0.000000,-0.050468,0.004012,-154.065552,0.000000,0.000000,2.296198,0.600364
0.000000,0.000000,0.000000,0.000000,-0.050468,0.004012,-154.065552,0.000000,0.000000,2.296198,0.600364
0.000000,0.000000,0.000000,0.000000,-0.050468,0.004012,-154.065552,0.000000,0.000000,2.296198,0.600364
0.000000,0.000000,0.000000,0.000000,-0.050468,0.004012,-154.065552,0.000000,0.000000,2.296198,0.600364
0.000000,0.000000,0.000000,0.000000,-0.050468,0.004012,-154.065552,0.000000,0.000000,2.296198,0.600364
0.000000,0.000000,0.000000,0.000000,-0.050468,0.004012,-154.065552,0.000000,0.000000,2.296198,0.600364
0.000000,0.000000,0.000000,0.000000,-0.050468,0.004012,-154.065552,0.000000,0.000000,2.296198,0.600364
0.000000,0.000000,0.000000,0.000000,-0.050468,0.004012,-154.065552,0.000000,0.000000,2.296198,0.600364
0.000000,0.000000,0.000000,0.000000,-0.050468,0.004012,-154.065552,0.000000,0.000000,2.296198,0.600364
0.000000,0.000000,0.000000,0.000000,-0.050468,0.004012,-154.065552,0.000000,0.000000,2.296198,0.600364
0.000000,0.000000,0.000000,0.000000,-0.050468,0.004012,-154.065552,0.000000,0.000000,2.296198,0.600364
0.000000,0.000000,0.000000,0.000000,-0.050468,0.004012,-154.065552,0.000000,0.000000,2.296198,0.600364
0.000000,0.000000,0.000000,0.000000,-0.050468,0.004012,-154.065552,0.000000,0.000000,2.296198,0.600364
0.000000,0.000000,0.000000,0.000000,-0.050468,0.004012,-154.065552,0.000000,0.000000,2.296198,0.600364
0.000000,0.000000,0.000000,0.000000,-0.050468,0.004012,-154.065552,0.000000,0.000000,2.296198,0.600364
0.000000,0.000000,0.000000,0.000000,-0.050468,0.004012,-154.065552,0.000000,0.000000,2.296198,0.600364
0.000000,0.000000,0.000000,0.000000,-0.050468,0.004012,-154.065552,0.000000,0.000000,2.296198,0.600364
0.000000,0.000000,0.000000,0.000000,-0.050468,0.004012,-154.065552,0.000000,0.000000,2.296198,0.600364
0.000000,0.000000,0.000000,0.000000,-0.050468,0.004012,-154.065552,0.000000,0.000000,2.296198,0.600364
0.000000,0.000000,0.000000,0.000000,-0.050468,0.004012,-154.065552,0.000000,0.000000,2.296198,0.600364
0.000000,0.000000,0.000000,0.000000,-0.050468,0.004012,-154.065552,0.000000,0.000000,2.296198,0.600364
0.000000,0.000000,0.000000,0.000000,-0.050468,0.004012,-154.065552,0.000000,0.000000,2.296198,0.600364
0.000000,0.000000,0.000000,0.000000,-0.050468,0.004012,-154.065552,0.000000,0.000000,2.296198,0.600364
0.000000,0.000000,0.000000,0.000000,-0.050468,0.004012,-154.065552,0.000000,0.000000,2.296198,0.600364
0.000000,0.000000,0.000000,0.000000,-0.050468,0.004012,-154.065552,0.000000,0.000000,2.296198,0.600364
0.000000,0.000000,0.000000,0.000000,-0.050468,0.004012,-154.065552,0.000000,0.000000,2.296198,0.600364
0.000000,0.000000,0.000000,0.000000,-0.050468,0.004012,-154.065552,0.000000,0.000000,2.296198,0.600364
0.000000,0.000000,0.000000,0.000000,-0.050468,0.004012,-154.065552,0.000000,0.000000,2.296198,0.600364
0.000000,0.000000,0.000000,0.000000,-0.050468,0.004012,-154.065552,0.000000,0.000000,2.296198,0.600364
0.000000,0.000000,0.000000,0.000000,-0.050468,0.004012,-154.065552,0.000000,0.000000,2.296198,0.600364
0.000000,0.000000,0.000000,0.000000,-0.050468,0.004012,-154.065552,0.000000,0.000000,2.296198,0.600364
0.000000,0.000000,0.000000,0.000000,0.522719,0.156412,-154.042374,0.000000,0.000000,3.232961,0.549461
0.000000,0.000000,0.000000,0.000000,0.471162,0.127795,-154.044312,0.000000,0.000000,3.070175,0.554458
0.000000,0.000000,0.000000,0.000000,0.471162,0.127795,-154.044312,0.000000,0.000000,3.070175,0.554458
0.000000,0.000000,0.000000,0.000000,0.471162,0.127795,-154.044312,0.000000,0.000000,3.070175,0.554458
0.000000,0.000000,0.000000,0.000000,0.471162,0.127795,-154.044312,0.000000,0.000000,3.070175,0.554458
0.000000,0.000000,0.000000,0.000000,0.471162,0.127795,-154.044312,0.000000,0.000000,3.070175,0.554458
0.000000,0.000000,0.000000,0.000000,0.471162,0.127795,-154.044312,0.000000,0.000000,3.070175,0.554458
0.000000,0.000000,0.000000,0.000000,0.471162,0.127795,-154.044312,0.000000,0.000000,3.070175,0.554458
0.000000,0.000000,0.000000,0.000000,0.471162,0.127795,-154.044312,0.000000,0.000000,3.070175,0.554458
0.000000,0.000000,0.000000,0.000000,0.471162,0.127795,-154.044312,0.000000,0.000000,3.070175,0.554458
0.000000,0.000000,0.000000,0.000000,0.471162,0.127795,-154.044312,0.000000,0.000000,3.070175,0.554458
0.000000,0.000000,0.000000,0.000000,0.471162,0.127795,-154.044312,0.000000,0.000000,3.070175,0.554458
0.000000,0.000000,0.000000,0.000000,0.471162,0.127795,-154.044312,0.000000,0.000000,3.070175,0.554458
0.000000,0.000000,0.000000,0.000000,0.471162,0.127795,-154.044312,0.000000,0.000000,3.070175,0.554458
0.000000,0.000000,0.000000,0.000000,0.471162,0.127795,-154.044312,0.000000,0.000000,3.070175,0.554458
0.000000,0.000000,0.000000,0.000000,0.471162,0.127795,-154.044312,0.000000,0.000000,3.070175,0.554458
0.000000,0.000000,0.000000,0.000000,0.471162,0.127795,-154.044312,0.000000,0.000000,3.070175,0.554458
0.000000,0.000000,0.000000,0.000000,0.471162,0.127795,-154.044312,0.000000,0.000000,3.070175,0.554458
0.000000,0.000000,0.000000,0.000000,0.471162,0.127795,-154.044312,0.000000,0.000000,3.070175,0.554458
0.000000,0.000000,0.000000,0.000000,0.471162,0.127795,-154.044312,0.000000,0.000000,3.070175,0.554458
0.000000,0.000000,0.000000,0.000000,0.471162,0.127795,-154.044312,0.000000,0.000000,3.070175,0.554458
0.000000,0.000000,0.000000,0.000000,0.471162,0.127795,-154.044312,0.000000,0.000000,3.070175,0.554458
