0.000000,-0.000000,0.010289,0.000000,0.011991,-0.011625,-0.153188,-27.510419,-50.112386,0.001261,0.000084,0.015492,-0.004871,0.2320
0.000000,-0.000000,0.010289,0.000000,0.004500,0.001542,-0.155053,-27.510419,-50.112386,0.001807,-0.000064,0.014195,-0.003614,0.0440
0.000000,-0.000000,0.010289,0.000000,0.002039,0.002232,-0.155015,-27.510419,-50.112386,0.003515,-0.000260,0.011879,-0.001455,0.2820
0.000000,-0.000000,0.000000,0.000000,-0.000007,-0.000339,-0.156330,-27.510419,-50.112386,0.003454,-0.000269,0.006911,-0.000819,0.2080
0.000000,-0.000000,0.000000,0.000000,0.001019,0.000435,-0.157305,-27.510419,-50.112386,0.003348,-0.000262,0.005940,-0.000655,0.0410
0.000000,-0.000000,0.000000,0.000000,0.000046,-0.002584,-0.157991,-27.510419,-50.112386,0.003216,-0.000254,0.005123,-0.000742,0.0400
0.000000,-0.000000,0.000000,0.000000,0.000495,-0.001928,-0.158113,-27.510419,-50.112386,0.003289,-0.000293,0.003548,-0.001256,0.0450
0.000000,-0.000000,0.000000,0.000000,-0.000272,0.002630,-0.158472,-27.510419,-50.112386,0.002858,-0.000263,0.001454,-0.000625,0.1710
0.000000,-0.000000,0.000000,0.000000,-0.001046,-0.000367,-0.157425,-27.510419,-50.112386,0.002700,-0.000249,0.001130,-0.000459,0.0460
0.000000,-0.000000,0.000000,0.000000,0.001987,0.001563,-0.160226,-27.510419,-50.112386,0.002332,-0.000223,0.000484,-0.000209,0.1910
0.000000,-0.000000,0.000000,0.000000,0.002624,-0.003104,-0.162460,-27.510418,-50.112385,0.001948,-0.000191,0.000171,-0.000166,0.2690
0.000000,-0.000000,0.000000,0.000000,0.003358,-0.008357,-0.162391,-27.510418,-50.112385,0.001708,-0.000167,-0.000010,0.000007,0.2630
0.000000,-0.000000,0.000000,0.000000,0.005320,-0.002583,-0.159868,-27.510418,-50.112385,0.001579,-0.000154,-0.000064,0.000130,0.1710
0.000000,-0.000000,0.000000,0.000000,0.000052,0.000139,-0.159428,-27.510418,-50.112385,0.001513,-0.000147,-0.000035,0.000055,0.0880
0.000000,-0.000000,0.000000,0.000000,-0.004106,0.006643,-0.159108,-27.510418,-50.112385,0.001467,-0.000142,-0.000059,0.000102,0.0550
0.000000,-0.000000,0.000000,0.000000,0.000320,0.000146,-0.158634,-27.510418,-50.112385,0.001350,-0.000129,-0.000040,0.000036,0.1730
0.000000,-0.000000,0.000000,0.000000,0.003519,-0.000652,-0.158443,-27.510418,-50.112385,0.001318,-0.000126,-0.000039,-0.000023,0.0870
0.000000,-0.000000,0.000000,0.000000,-0.000701,0.000965,-0.160418,-27.510418,-50.112385,0.001279,-0.000123,-0.000050,0.000042,0.0720
-0.189871,-0.000000,-0.087456,-0.000000,0.001129,0.006840,-0.163516,-27.510420,-50.112386,-0.020768,-0.000113,-0.034098,0.000024,0.2280
-0.189871,-0.000000,-0.087456,-0.000000,-0.043338,-0.029506,-0.167581,-27.510420,-50.112386,-0.048325,-0.000105,-0.060047,0.000604,0.2050
-0.189871,-0.000000,-0.087456,-0.000000,-0.116925,0.059904,-0.155140,-27.510420,-50.112386,-0.069753,-0.000084,-0.069893,0.004302,0.1680
-0.189871,-0.000000,-0.087456,-0.000000,-0.135719,-0.014702,-0.161678,-27.510420,-50.112386,-0.081803,-0.000056,-0.072432,0.000813,0.0940
-0.189871,-0.000000,-0.087456,-0.000000,-0.046233,0.055783,-0.165937,-27.510420,-50.112386,-0.088676,-0.000052,-0.075102,-0.000287,0.0610
-0.189871,-0.000000,-0.087456,-0.000000,-0.003761,0.020623,-0.168062,-27.510420,-50.112386,-0.097073,-0.000053,-0.077639,-0.001166,0.0730
-0.189871,-0.000000,-0.087456,-0.000000,0.027598,-0.016383,-0.169538,-27.510420,-50.112386,-0.102939,-0.000056,-0.076848,-0.001067,0.0420
-0.189871,-0.000000,-0.087456,-0.000000,0.098837,0.024324,-0.167663,-27.510420,-50.112386,-0.107169,-0.000060,-0.078461,-0.001101,0.0440
-0.189871,-0.000000,-0.087456,-0.000000,-0.019693,0.024481,-0.170761,-27.510420,-50.112386,-0.112380,-0.000061,-0.078918,0.000117,0.0400
-0.189871,-0.000000,-0.087456,-0.000000,-0.086722,-0.033016,-0.170581,-27.510420,-50.112386,-0.117922,-0.000060,-0.077702,-0.001452,0.0420
-0.189871,-0.000000,-0.087456,-0.000000,-0.128063,0.007716,-0.173343,-27.510420,-50.112386,-0.122610,-0.000064,-0.080770,-0.000539,0.0450
-0.569612,-0.000000,-0.200633,-0.000000,-0.044206,0.047907,-0.171502,-27.510421,-50.112384,-0.136403,-0.000062,-0.095499,-0.001444,0.0400
-0.569612,-0.000000,-0.200633,-0.000000,0.250975,-0.047296,-0.172150,-27.510421,-50.112384,-0.167306,-0.000076,-0.127765,-0.001273,0.1010
-0.569612,-0.000000,-0.200633,-0.000000,0.062174,-0.009830,-0.174425,-27.510421,-50.112384,-0.197191,-0.000087,-0.145556,-0.001427,0.0990
-0.569612,-0.000000,-0.200633,-0.000000,-0.065515,-0.038227,-0.176565,-27.510421,-50.112384,-0.224899,-0.000089,-0.158728,-0.001332,0.0760
-0.569612,-0.000000,-0.200633,-0.000000,-0.086896,0.019985,-0.183794,-27.510421,-50.112384,-0.243197,-0.000096,-0.167326,-0.000956,0.0860
-0.569612,-0.000000,-0.200633,-0.000000,-0.122232,0.032090,-0.187236,-27.510421,-50.112384,-0.267793,-0.000107,-0.179181,-0.001191,0.0910
-0.569612,-0.000000,-0.200633,-0.000000,0.144021,-0.022503,-0.213134,-27.510421,-50.112384,-0.290129,-0.000121,-0.175433,-0.005025,0.0820
-0.569612,-0.000000,-0.200633,-0.000000,0.370819,-0.076327,-0.232598,-27.510421,-50.112384,-0.304731,-0.000137,-0.179976,-0.005472,0.0500
-0.569612,-0.000000,-0.200633,-0.000000,0.264909,0.019867,-0.241132,-27.510421,-50.112384,-0.319079,-0.000158,-0.172396,-0.006041,0.0610
-0.569612,-0.000000,-0.200633,-0.000000,-0.148790,-0.121781,-0.262911,-27.510421,-50.112384,-0.338400,-0.000177,-0.170849,-0.003202,0.0750
-0.569612,-0.000000,-0.200633,-0.000000,0.330659,0.039633,-0.280358,-27.510421,-50.112384,-0.357162,-0.000175,-0.181161,0.001985,0.0670
-0.569612,-0.000000,-0.200633,-0.000000,-0.090374,-0.006564,-0.289514,-27.510421,-50.112384,-0.368187,-0.000173,-0.181153,-0.000406,0.0520
-0.569612,-0.000000,-0.200633,-0.000000,-0.028338,0.014942,-0.287863,-27.510421,-50.112384,-0.379490,-0.000173,-0.184143,0.000560,0.0400
-0.569612,-0.000000,-0.200633,-0.000000,0.168058,0.001298,-0.307458,-27.510421,-50.112384,-0.392311,-0.000192,-0.190203,-0.000463,0.0400
0.000000,-0.000000,0.041156,0.000000,0.153651,0.651566,-0.324085,-27.510418,-50.112386,-0.393982,-0.000216,-0.150902,0.017928,0.0600
0.000000,-0.000000,0.041156,0.000000,-0.018047,0.621151,-0.290711,-27.510418,-50.112386,-0.386288,-0.000324,-0.104893,0.043024,0.0430
0.000000,-0.000000,0.041156,0.000000,-0.403583,0.280712,-0.222880,-27.510418,-50.112386,-0.379533,-0.000300,-0.086821,0.061485,0.0660
0.000000,-0.000000,0.041156,0.000000,-0.432412,0.032560,-0.147261,-27.510418,-50.112386,-0.372813,-0.000534,-0.076271,0.056995,0.0400
0.000000,-0.000000,0.041156,0.000000,-0.299231,-0.314259,-0.022730,-27.510418,-50.112386,-0.367352,-0.000085,-0.069113,0.034512,0.0540
0.000000,-0.000000,0.041156,0.000000,-0.408635,-0.420833,0.060477,-27.510418,-50.112386,-0.362684,-0.000052,-0.067146,0.011342,0.0400
0.000000,-0.000000,0.041156,0.000000,-0.430893,-0.554779,0.114465,-27.510418,-50.112386,-0.356462,-0.000041,-0.062337,-0.010760,0.0410
0.000000,-0.000000,0.041156,0.000000,-0.060501,-0.785833,-0.010330,-27.510418,-50.112386,-0.348781,-0.000063,-0.043643,-0.056408,0.0740
0.000000,-0.000000,0.041156,0.000000,0.162241,-0.953149,-0.367290,-27.510418,-50.112386,-0.342012,-0.000007,-0.024368,-0.095253,0.0400
0.000000,-0.000000,0.041156,0.000000,-0.324624,-0.449955,-1.820771,-27.510418,-50.112386,-0.326519,-0.001071,0.001160,-0.134963,0.1060
-0.759482,-0.000000,-0.241789,-0.000000,-0.154570,-0.607977,-11.671371,-27.510423,-50.112383,-0.302938,-0.002855,-0.010289,-0.028027,0.4480
-0.759482,-0.000000,-0.241789,-0.000000,-0.078488,0.575077,-21.659937,-27.510423,-50.112383,-0.396329,-0.003269,-0.178983,0.022962,0.2910
-0.759482,-0.000000,-0.241789,-0.000000,0.586767,0.029700,-25.944559,-27.510423,-50.112383,-0.433441,-0.002944,-0.174262,0.043893,0.1600
-0.759482,-0.000000,-0.241789,-0.000000,1.437580,-0.527955,-29.820230,-27.510423,-50.112383,-0.467559,-0.002770,-0.078829,-0.009996,0.1110
-0.759482,-0.000000,-0.241789,-0.000000,1.588411,-1.180697,-32.902462,-27.510423,-50.112383,-0.492483,-0.002826,-0.002563,-0.077993,0.1010
-0.759482,-0.000000,-0.241789,-0.000000,1.600906,-1.452885,-34.620823,-27.510423,-50.112383,-0.508633,-0.002195,0.028070,-0.127416,0.0400
-0.759482,-0.000000,-0.241789,-0.000000,1.622705,-1.422385,-36.721821,-27.510423,-50.112383,-0.524210,-0.003011,0.072681,-0.197163,0.0600
-0.759482,-0.000000,-0.241789,-0.000000,1.311253,-0.895747,-38.933681,-27.510423,-50.112383,-0.543972,-0.002990,0.096692,-0.225444,0.0670
-0.759482,-0.000000,-0.241789,-0.000000,0.767337,-0.297081,-40.137650,-27.510423,-50.112383,-0.558471,-0.003549,0.082666,-0.212656,0.0600
-0.759482,-0.000000,-0.241789,-0.000000,0.351517,-0.129243,-40.873760,-27.510423,-50.112383,-0.572468,-0.003198,0.049287,-0.183361,0.0400
-0.759482,-0.000000,-0.241789,-0.000000,0.034672,0.112674,-41.005833,-27.510424,-50.112381,-0.575338,-0.003112,0.039681,-0.176016,0.0410
-0.759482,0.336802,-0.000000,0.272656,0.217656,-0.123133,-42.683891,-27.510424,-50.112381,-0.575569,0.014974,0.023989,0.072651,0.0750
-0.759482,0.336802,-0.000000,0.272656,0.292709,-0.031163,-43.451889,-27.510424,-50.112381,-0.577476,0.034258,0.027159,0.136212,0.0410
-0.759482,0.336802,-0.000000,0.272656,0.150458,-0.087177,-44.314854,-27.510424,-50.112381,-0.579454,0.054968,0.036417,0.172689,0.0630
-0.759482,0.336802,-0.000000,0.272656,0.243532,-0.411300,-45.128784,-27.510424,-50.112381,-0.581532,0.077079,0.039326,0.183125,0.0510
-0.759482,0.336802,-0.000000,0.272656,0.033554,-0.609808,-45.641304,-27.510424,-50.112381,-0.582969,0.092348,0.036920,0.179243,0.0670
-0.759482,0.336802,-0.000000,0.272656,-0.174572,-0.550770,-46.078045,-27.510424,-50.112381,-0.584192,0.106116,0.028099,0.168640,0.0440
-0.759482,0.336802,-0.000000,0.272656,-0.351089,-0.753000,-46.500782,-27.510424,-50.112381,-0.585268,0.119297,0.012217,0.154493,0.0430
-0.759482,0.336802,-0.000000,0.272656,-0.443039,-0.842178,-46.982262,-27.510424,-50.112381,-0.586660,0.135554,-0.011228,0.139903,0.0410
-0.759482,0.336802,-0.000000,0.272656,-0.745886,-0.845684,-47.367313,-27.510424,-50.112381,-0.587640,0.146157,-0.033346,0.122606,0.0420
-0.759482,0.336802,-0.000000,0.272656,-0.879179,-0.828012,-47.773472,-27.510424,-50.112381,-0.588829,0.162824,-0.064725,0.120151,0.0570
-0.759482,0.336802,-0.000000,0.272656,-1.064715,-1.045077,-48.088955,-27.510424,-50.112381,-0.589559,0.177163,-0.094378,0.108898,0.0400
-0.759482,0.336802,-0.000000,0.272656,-1.568928,-0.963702,-48.721283,-27.510424,-50.112381,-0.591817,0.198178,-0.152253,0.081701,0.0740
-0.759482,0.336802,-0.000000,0.272656,-1.390110,-1.306818,-49.311626,-27.510424,-50.112381,-0.591958,0.214836,-0.187340,0.063312,0.0400
-0.759482,0.336802,-0.000000,0.272656,-1.307943,-1.308111,-49.552223,-27.510424,-50.112381,-0.592051,0.220513,-0.196807,0.051312,0.0400
-0.759482,0.336802,-0.000000,0.272656,-1.307943,-1.308111,-49.552223,-27.510424,-50.112381,-0.592051,0.220513,-0.196807,0.051312,0.0400
-0.759482,0.336802,-0.000000,0.272656,-1.307943,-1.308111,-49.552223,-27.510424,-50.112381,-0.592051,0.220513,-0.196807,0.051312,0.0400
-0.759482,0.336802,-0.000000,0.272656,-1.307943,-1.308111,-49.552223,-27.510424,-50.112381,-0.592051,0.220513,-0.196807,0.051312,0.0580
-0.759482,0.673605,-0.000000,0.334389,-1.107076,-0.951512,-50.588890,-27.510424,-50.112376,-0.623102,0.269067,-0.077013,0.304411,0.0400
-0.759482,0.673605,-0.000000,0.334389,-0.874603,0.616056,-50.677055,-27.510424,-50.112376,-0.616236,0.288623,-0.049406,0.340496,0.0470
-0.759482,0.673605,-0.000000,0.334389,-0.216960,-0.274196,-50.735119,-27.510424,-50.112376,-0.614214,0.307075,-0.037656,0.330322,0.0400
-0.759482,0.673605,-0.000000,0.334389,-0.225510,-0.179637,-50.745029,-27.510424,-50.112376,-0.614027,0.311833,-0.036485,0.328783,0.0400
-0.759482,0.673605,-0.000000,0.334389,-0.225510,-0.179637,-50.745029,-27.510424,-50.112376,-0.614027,0.311833,-0.036485,0.328783,0.0400
-0.759482,0.673605,-0.000000,0.334389,-0.225510,-0.179637,-50.745029,-27.510424,-50.112376,-0.614027,0.311833,-0.036485,0.328783,0.0400
-0.759482,0.673605,-0.000000,0.334389,-0.185130,-0.197438,-49.637302,-27.510424,-50.112376,-0.618215,0.381074,-0.002884,0.313779,0.0400
-0.759482,0.673605,-0.000000,0.334389,0.326276,-0.341003,-49.389484,-27.510424,-50.112376,-0.619116,0.398584,0.006077,0.318032,0.0470
-0.759482,0.673605,-0.000000,0.334389,0.503975,-0.669108,-49.069931,-27.510424,-50.112376,-0.620868,0.418407,0.020434,0.301238,0.0400
-0.759482,0.673605,-0.000000,0.334389,0.665917,-0.807957,-48.942001,-27.510424,-50.112376,-0.621696,0.425801,0.027785,0.293464,0.0460
-0.759482,0.673605,-0.000000,0.334389,0.665917,-0.807957,-48.942001,-27.510424,-50.112376,-0.621696,0.425801,0.027785,0.293464,0.0400
-0.759482,0.673605,-0.000000,0.334389,0.665917,-0.807957,-48.942001,-27.510424,-50.112376,-0.621696,0.425801,0.027785,0.293464,0.0400
-0.759482,0.673605,-0.000000,0.334389,0.620183,-0.553093,-47.783699,-27.510424,-50.112376,-0.622644,0.497655,0.040224,0.296770,0.0760
-0.759482,0.673605,-0.000000,0.334389,0.619333,-0.553119,-47.606384,-27.510424,-50.112376,-0.625366,0.515483,0.047194,0.291205,0.0470
-0.759482,0.673605,-0.000000,0.334389,0.309426,0.025532,-47.415421,-27.510424,-50.112376,-0.628246,0.540919,0.048981,0.298742,0.0670
-0.759482,0.673605,-0.000000,0.334389,0.182083,0.162703,-47.304298,-27.510424,-50.112376,-0.630029,0.559042,0.041260,0.313018,0.0490
-0.759482,0.673605,-0.000000,0.334389,-0.282298,0.452121,-47.224220,-27.510424,-50.112376,-0.631516,0.579330,0.024092,0.336465,0.0600
-0.759482,0.673605,-0.000000,0.334389,-0.031150,0.010664,-47.203312,-27.510424,-50.112376,-0.632724,0.597577,0.015516,0.348031,0.0410
-0.759482,0.673605,-0.000000,0.334389,-0.070213,0.316390,-47.212246,-27.510424,-50.112376,-0.633722,0.617296,0.010610,0.366545,0.0690
-0.569612,1.347210,0.125612,0.445635,0.135602,0.529272,-47.228779,-27.510422,-50.112370,-0.630000,0.642230,0.025630,0.398720,0.0540
-0.569612,1.347210,0.125612,0.445635,0.087666,0.210817,-47.228386,-27.510422,-50.112370,-0.623758,0.666027,0.043570,0.420602,0.0460
-0.569612,1.347210,0.125612,0.445635,-0.209624,0.182640,-47.199871,-27.510422,-50.112370,-0.616963,0.691557,0.051447,0.433279,0.0400
-0.569612,1.347210,0.125612,0.445635,-0.156185,-0.290029,-47.196709,-27.510422,-50.112370,-0.615523,0.696982,0.052569,0.432548,0.0400
-0.569612,1.347210,0.125612,0.445635,-0.156185,-0.290029,-47.196709,-27.510422,-50.112370,-0.615523,0.696982,0.052569,0.432548,0.0400
-0.569612,1.347210,0.125612,0.445635,-0.341496,-0.125268,-50.077263,-27.510422,-50.112370,-0.602658,0.759955,0.086230,0.420248,0.0570
-0.569612,1.347210,0.125612,0.445635,-0.107003,-0.427697,-50.719662,-27.510422,-50.112370,-0.595247,0.786590,0.098815,0.418117,0.0410
-0.569612,1.347210,0.125612,0.445635,-0.184025,-0.874963,-50.855434,-27.510422,-50.112370,-0.591224,0.802184,0.102213,0.402925,0.0400
-0.569612,1.347210,0.125612,0.445635,-0.183650,-0.875665,-50.855434,-27.510422,-50.112370,-0.591224,0.802184,0.102213,0.402925,0.0400
-0.569612,1.347210,0.125612,0.445635,-0.183650,-0.875665,-50.855434,-27.510422,-50.112370,-0.591224,0.802184,0.102213,0.402925,0.0400
-0.569612,1.347210,0.125612,0.445635,-0.183650,-0.875665,-50.855434,-27.510422,-50.112370,-0.591224,0.802184,0.102213,0.402925,0.0400
-0.569612,1.347210,0.125612,0.445635,-0.183650,-0.875665,-50.855434,-27.510422,-50.112370,-0.591224,0.802184,0.102213,0.402925,0.0400
-0.569612,1.347210,0.125612,0.445635,-0.685156,0.879007,-50.700733,-27.510422,-50.112370,-0.559826,0.923393,0.105102,0.471573,0.0410
-0.569612,1.347210,0.125612,0.445635,-0.393010,0.569000,-50.627537,-27.510422,-50.112370,-0.550188,0.946198,0.105617,0.477599,0.0550
-0.569612,1.347210,0.125612,0.445635,-0.503129,0.592461,-50.610088,-27.510422,-50.112370,-0.542633,0.967572,0.097447,0.487951,0.0400
-0.569612,1.347210,0.125612,0.445635,-0.509771,0.566534,-50.930882,-27.510422,-50.112370,-0.537277,0.992763,0.090753,0.497023,0.0400
-0.569612,1.347210,0.125612,0.445635,-0.017746,-0.166249,-51.243599,-27.510422,-50.112370,-0.531391,1.010125,0.100215,0.481019,0.0420
-0.569612,1.347210,0.125612,0.445635,-0.045828,-0.135385,-51.676167,-27.510422,-50.112370,-0.526010,1.028951,0.111617,0.462643,0.0410
-0.569612,1.347210,0.125612,0.445635,0.258847,-0.400180,-52.159752,-27.510422,-50.112370,-0.521172,1.047798,0.123215,0.446000,0.0400
-0.569612,1.347210,0.125612,0.445635,0.182077,-0.355288,-52.159752,-27.510422,-50.112370,-0.521172,1.047798,0.123215,0.446000,0.0400
-0.569612,1.347210,0.125612,0.445635,0.182077,-0.355288,-52.159752,-27.510415,-50.112365,-0.521172,1.047798,0.123215,0.446000,0.0720
0.379741,1.684013,0.504231,0.178886,0.179553,-0.358017,-55.490761,-27.510415,-50.112365,-0.467789,1.113003,0.359419,0.218380,0.0410
0.379741,1.684013,0.504231,0.178886,-0.063631,-0.925338,-56.297169,-27.510415,-50.112365,-0.426800,1.124086,0.464528,0.164547,0.0530
0.379741,1.684013,0.504231,0.178886,-0.177219,-0.768373,-57.010708,-27.510415,-50.112365,-0.395177,1.137878,0.475017,0.145292,0.0400
0.379741,1.684013,0.504231,0.178886,-0.228700,-0.746131,-57.269005,-27.510415,-50.112365,-0.383247,1.143233,0.476809,0.135445,0.0410
0.379741,1.684013,0.504231,0.178886,-0.632074,-0.419592,-58.403637,-27.510415,-50.112365,-0.329957,1.165088,0.464955,0.107944,0.0690
0.379741,1.684013,0.504231,0.178886,-0.499480,-0.953636,-58.972824,-27.510415,-50.112365,-0.294998,1.180794,0.449016,0.098127,0.0410
0.379741,1.684013,0.504231,0.178886,-0.800670,-0.424642,-59.413166,-27.510415,-50.112365,-0.262707,1.194721,0.429834,0.095293,0.0640
0.379741,1.684013,0.504231,0.178886,-0.692585,-0.498297,-59.676361,-27.510415,-50.112365,-0.232950,1.207991,0.416845,0.091385,0.0410
0.379741,1.684013,0.504231,0.178886,-0.693798,-0.482030,-59.718132,-27.510415,-50.112365,-0.226375,1.210796,0.413015,0.090576,0.0400
0.379741,1.684013,0.504231,0.178886,-0.534984,-0.912045,-59.755302,-27.510415,-50.112365,-0.184490,1.224032,0.396558,0.092705,0.0400
0.379741,1.684013,0.504231,0.178886,-0.960454,-0.897813,-59.725941,-27.510415,-50.112365,-0.154692,1.237473,0.411496,0.088768,0.0490
0.379741,1.684013,0.504231,0.178886,-0.735078,-0.463506,-59.695156,-27.510415,-50.112365,-0.114324,1.255117,0.407940,0.074427,0.0570
0.379741,1.684013,0.504231,0.178886,-0.441255,-0.601667,-59.625244,-27.510415,-50.112365,-0.074495,1.272150,0.413793,0.073259,0.0790
0.379741,1.684013,0.504231,0.178886,-0.079623,-0.123578,-59.511829,-27.510415,-50.112365,-0.048605,1.282986,0.417864,0.068557,0.0470
0.379741,1.684013,0.504231,0.178886,-0.241302,-0.267333,-59.360622,-27.510415,-50.112365,-0.021682,1.294673,0.425471,0.080475,0.0400
0.379741,1.684013,0.504231,0.178886,-0.043620,0.036824,-59.317398,-27.510415,-50.112365,-0.014408,1.297726,0.428181,0.083671,0.0400
0.379741,1.684013,0.504231,0.178886,-0.043620,0.036824,-59.317398,-27.510415,-50.112365,-0.014408,1.297726,0.428181,0.083671,0.0400
0.379741,1.684013,0.504231,0.178886,-0.043620,0.036824,-59.317398,-27.510403,-50.112356,-0.014408,1.297726,0.428181,0.083671,0.0400
0.379741,1.684013,0.504231,0.178886,-0.043620,0.036824,-59.317398,-27.510403,-50.112356,-0.014408,1.297726,0.428181,0.083671,0.0400
0.379741,1.684013,0.504231,0.178886,-0.043620,0.036824,-59.317398,-27.510403,-50.112356,-0.014408,1.297726,0.428181,0.083671,0.0400
0.379741,1.684013,0.504231,0.178886,-0.043620,0.036824,-59.317398,-27.510403,-50.112356,-0.014408,1.297726,0.428181,0.083671,0.0400
0.379741,1.684013,0.504231,0.178886,-0.043620,0.036824,-59.317398,-27.510403,-50.112356,-0.014408,1.297726,0.428181,0.083671,0.0400
0.379741,1.684013,0.504231,0.178886,-0.043620,0.036824,-59.317398,-27.510403,-50.112356,-0.014408,1.297726,0.428181,0.083671,0.0400
0.379741,1.684013,0.504231,0.178886,-0.043620,0.036824,-59.317398,-27.510403,-50.112356,-0.014408,1.297726,0.428181,0.083671,0.0400
1.708835,3.031224,0.700915,0.710469,0.060829,-0.211536,-61.559444,-27.510403,-50.112356,0.253735,1.477362,0.702458,0.625974,0.0410
1.708835,3.031224,0.700915,0.710469,0.579273,-1.189281,-61.768440,-27.510403,-50.112356,0.287993,1.531983,0.712813,0.654676,0.0430
1.708835,3.031224,0.700915,0.710469,0.310414,-1.063130,-61.956310,-27.510403,-50.112356,0.321710,1.577329,0.722849,0.643291,0.0400
1.708835,3.031224,0.700915,0.710469,0.267174,-0.857591,-62.069809,-27.510403,-50.112356,0.343300,1.604914,0.726593,0.634833,0.0400
1.708835,3.031224,0.700915,0.710469,0.266776,-0.856982,-62.069809,-27.510403,-50.112356,0.343300,1.604914,0.726593,0.634833,0.0400
1.708835,3.031224,0.700915,0.710469,0.266776,-0.856982,-62.069809,-27.510403,-50.112356,0.343300,1.604914,0.726593,0.634833,0.0400
1.708835,3.031224,0.700915,0.710469,0.266776,-0.856982,-62.069809,-27.510403,-50.112356,0.343300,1.604914,0.726593,0.634833,0.0490
1.708835,3.031224,0.700915,0.710469,0.266776,-0.856982,-62.069809,-27.510403,-50.112356,0.343300,1.604914,0.726593,0.634833,0.0400
1.708835,3.031224,0.700915,0.710469,-0.153796,-0.076153,-62.958500,-27.510403,-50.112356,0.534308,1.784981,0.708344,0.684301,0.0450
1.708835,3.031224,0.700915,0.710469,-0.050389,0.069637,-63.103886,-27.510403,-50.112356,0.571565,1.826145,0.702661,0.694916,0.0480
1.708835,3.031224,0.700915,0.710469,-0.171639,-0.452372,-63.257263,-27.510403,-50.112356,0.615463,1.872238,0.696797,0.689217,0.0400
1.708835,3.031224,0.700915,0.710469,-0.244554,-0.061583,-63.279980,-27.510403,-50.112356,0.622274,1.879335,0.695250,0.690217,0.0400
1.708835,3.031224,0.700915,0.710469,-0.244554,-0.061583,-63.279980,-27.510403,-50.112356,0.622274,1.879335,0.695250,0.690217,0.0400
1.708835,3.031224,0.700915,0.710469,-0.009133,0.185718,-63.779625,-27.510403,-50.112356,0.751922,2.009899,0.693136,0.707201,0.0610
2.848059,4.378435,0.956674,1.131333,-0.097273,0.152277,-63.851128,-27.510392,-50.112341,0.808330,2.078574,0.791355,0.871335,0.0410
2.848059,4.378435,0.956674,1.131333,-0.153394,0.190830,-63.888546,-27.510392,-50.112341,0.860600,2.141107,0.837329,0.958877,0.0400
2.848059,4.378435,0.956674,1.131333,-0.169494,0.100984,-63.888546,-27.510392,-50.112341,0.860600,2.141107,0.837329,0.958877,0.0520
2.848059,4.378435,0.956674,1.131333,-0.241892,0.375321,-63.949448,-27.510392,-50.112341,0.960196,2.257570,0.875669,1.062481,0.0400
2.848059,4.378435,0.956674,1.131333,-0.156775,0.131030,-63.957214,-27.510392,-50.112341,1.010705,2.315829,0.914654,1.101860,0.0420
2.848059,4.378435,0.956674,1.131333,0.126778,0.313296,-63.926437,-27.510392,-50.112341,1.066069,2.380269,0.936325,1.117811,0.0400
2.848059,4.378435,0.956674,1.131333,0.058502,0.123951,-63.894836,-27.510392,-50.112341,1.090930,2.409303,0.942574,1.122082,0.0400
2.848059,4.378435,0.956674,1.131333,0.058502,0.123951,-63.894836,-27.510392,-50.112341,1.090930,2.409303,0.942574,1.122082,0.0400
2.848059,4.378435,0.956674,1.131333,0.058502,0.123951,-63.894836,-27.510392,-50.112341,1.090930,2.409303,0.942574,1.122082,0.0400
2.848059,4.378435,0.956674,1.131333,0.058502,0.123951,-63.894836,-27.510392,-50.112341,1.090930,2.409303,0.942574,1.122082,0.0400
2.848059,4.378435,0.956674,1.131333,0.058502,0.123951,-63.894836,-27.510392,-50.112341,1.090930,2.409303,0.942574,1.122082,0.0400
2.848059,4.378435,0.956674,1.131333,-1.037506,-0.129946,-63.234009,-27.510392,-50.112341,1.361479,2.730126,0.913474,1.130520,0.0430
2.848059,4.378435,0.956674,1.131333,-1.301240,-0.307345,-63.153610,-27.510392,-50.112341,1.420231,2.792456,0.896346,1.125448,0.0540
2.848059,4.378435,0.956674,1.131333,-1.672550,0.006352,-63.075630,-27.510392,-50.112341,1.480029,2.857077,0.863660,1.122890,0.0410
2.848059,4.378435,0.956674,1.131333,-1.271800,-0.228552,-63.075630,-27.510392,-50.112341,1.480029,2.857077,0.863660,1.122890,0.0400
2.848059,4.378435,0.956674,1.131333,-1.273158,-0.228804,-62.944168,-27.510392,-50.112341,1.560122,2.958139,0.813280,1.110153,0.0400
2.848059,4.378435,0.956674,1.131333,-1.500802,0.374346,-62.892128,-27.510392,-50.112341,1.613521,3.014463,0.841111,1.121543,0.0450
2.848059,4.378435,0.956674,1.131333,-1.151664,-0.354439,-62.833069,-27.510392,-50.112341,1.667499,3.073279,0.840875,1.117172,0.0400
2.848059,4.378435,0.956674,1.131333,-1.477558,0.043708,-62.802895,-27.510392,-50.112341,1.693433,3.101985,0.830952,1.119822,0.0400
2.848059,4.378435,0.956674,1.131333,-1.477558,0.043708,-62.802895,-27.510392,-50.112341,1.693433,3.101985,0.830952,1.119822,0.0400
2.848059,4.378435,0.956674,1.131333,-1.323367,-0.104187,-62.712761,-27.510392,-50.112341,1.791652,3.231882,0.784488,1.143447,0.0400
3.797412,5.725646,0.856405,1.215310,-0.833775,-0.169090,-62.650532,-27.510383,-50.112329,1.854576,3.308162,0.822191,1.153729,0.0540
3.797412,5.725646,0.856405,1.215310,-0.662709,0.223046,-62.552620,-27.510383,-50.112329,1.908367,3.381969,0.805214,1.183105,0.0400
3.797412,5.725646,0.856405,1.215310,-0.556421,-0.081633,-62.524441,-27.510383,-50.112329,1.919616,3.397258,0.805136,1.186717,0.0410
3.797412,5.725646,0.856405,1.215310,-0.556421,-0.081633,-62.524441,-27.510383,-50.112329,1.919616,3.397258,0.805136,1.186717,0.0400
3.797412,5.725646,0.856405,1.215310,-0.556421,-0.081633,-62.524441,-27.510383,-50.112329,1.919616,3.397258,0.805136,1.186717,0.0400
3.797412,5.725646,0.856405,1.215310,-0.139187,0.067193,-61.247944,-27.510383,-50.112329,2.075295,3.620812,0.860523,1.220047,0.0400
3.797412,5.725646,0.856405,1.215310,0.439260,0.427918,-60.831406,-27.510383,-50.112329,2.130731,3.696868,0.865417,1.233935,0.0540
3.797412,5.725646,0.856405,1.215310,0.286038,0.483578,-60.415543,-27.510383,-50.112329,2.184113,3.770602,0.874606,1.241115,0.0400
3.797412,5.725646,0.856405,1.215310,0.401217,0.210609,-59.951130,-27.510383,-50.112329,2.240733,3.849525,0.885815,1.247206,0.0580
3.797412,5.725646,0.856405,1.215310,0.017897,0.443523,-59.618275,-27.510383,-50.112329,2.285424,3.911707,0.892220,1.242702,0.0400
3.797412,5.725646,0.856405,1.215310,0.263032,0.363773,-59.317352,-27.510383,-50.112329,2.328534,3.971506,0.891963,1.248401,0.0400
3.797412,5.725646,0.856405,1.215310,0.264996,0.369186,-59.317352,-27.510383,-50.112329,2.328534,3.971506,0.891963,1.248401,0.0400
3.797412,5.725646,0.856405,1.215310,0.553539,-0.305342,-58.732494,-27.510383,-50.112329,2.431627,4.115572,0.885993,1.244242,0.0570
3.797412,5.725646,0.856405,1.215310,0.137650,0.327366,-58.520782,-27.510383,-50.112329,2.482402,4.186372,0.885209,1.236484,0.0410
3.797412,5.725646,0.856405,1.215310,0.103685,-0.081301,-58.286682,-27.510383,-50.112329,2.565340,4.301651,0.891673,1.226792,0.0850
3.797412,5.725646,0.856405,1.215310,0.262047,-0.095322,-58.228401,-27.510383,-50.112329,2.621682,4.379913,0.892423,1.225094,0.0400
4.746765,6.736054,0.961679,1.023527,-0.047351,-0.123122,-59.838593,-27.510374,-50.112318,2.864772,4.694299,0.886614,1.186673,0.2460
4.746765,6.736054,0.961679,1.023527,0.152320,0.179735,-66.703293,-27.510374,-50.112318,3.155172,5.004323,0.917870,1.104920,0.2500
4.746765,6.736054,0.961679,1.023527,-0.043257,-0.449428,-67.478851,-27.510374,-50.112318,3.225953,5.079818,0.921582,1.083680,0.0700
4.746765,6.736054,0.961679,1.023527,-0.124469,-0.365343,-67.939232,-27.510374,-50.112318,3.272059,5.128902,0.923093,1.057848,0.0400
4.746765,6.736054,0.961679,1.023527,-0.068147,-0.662227,-68.448669,-27.510374,-50.112318,3.323370,5.183662,0.922907,1.031190,0.0420
4.746765,6.736054,0.961679,1.023527,-0.205951,-0.477264,-68.911949,-27.510374,-50.112318,3.373864,5.237475,0.922523,1.012687,0.0400
4.746765,6.736054,0.961679,1.023527,-0.269751,-0.072440,-69.076118,-27.510374,-50.112318,3.392740,5.257616,0.920197,1.010830,0.0400
4.746765,6.736054,0.961679,1.023527,-0.269772,-0.072464,-69.076118,-27.510374,-50.112318,3.392740,5.257616,0.920197,1.010830,0.0540
4.746765,6.736054,0.961679,1.023527,-0.269772,-0.072464,-69.076118,-27.510374,-50.112318,3.392740,5.257616,0.920197,1.010830,0.0400
4.746765,6.736054,0.961679,1.023527,-0.269772,-0.072464,-69.076118,-27.510374,-50.112318,3.392740,5.257616,0.920197,1.010830,0.0400
4.746765,6.736054,0.961679,1.023527,-0.269772,-0.072464,-69.076118,-27.510374,-50.112318,3.392740,5.257616,0.920197,1.010830,0.0400
4.746765,6.736054,0.961679,1.023527,-0.269772,-0.072464,-69.076118,-27.510374,-50.112318,3.392740,5.257616,0.920197,1.010830,0.0400
4.746765,6.736054,0.961679,1.023527,-0.269772,-0.072464,-69.076118,-27.510374,-50.112318,3.392740,5.257616,0.920197,1.010830,0.0400
4.746765,6.736054,0.961679,1.023527,-0.269772,-0.072464,-69.076118,-27.510374,-50.112318,3.392740,5.257616,0.920197,1.010830,0.0400
4.746765,6.736054,0.961679,1.023527,-0.269772,-0.072464,-69.076118,-27.510374,-50.112318,3.392740,5.257616,0.920197,1.010830,0.0400
4.746765,6.736054,0.961679,1.023527,-0.269772,-0.072464,-69.076118,-27.510365,-50.112311,3.392740,5.257616,0.920197,1.010830,0.0400
4.746765,6.736054,0.961679,1.023527,-0.269772,-0.072464,-69.076118,-27.510365,-50.112311,3.392740,5.257616,0.920197,1.010830,0.0400
4.746765,6.736054,0.961679,1.023527,-0.269772,-0.072464,-69.076118,-27.510365,-50.112311,3.392740,5.257616,0.920197,1.010830,0.0540
4.746765,6.736054,0.961679,1.023527,-0.269772,-0.072464,-69.076118,-27.510365,-50.112311,3.392740,5.257616,0.920197,1.010830,0.0400
4.746765,6.736054,0.961679,1.023527,-0.269772,-0.072464,-69.076118,-27.510365,-50.112311,3.392740,5.257616,0.920197,1.010830,0.0400
4.746765,6.736054,0.961679,1.023527,-0.269772,-0.072464,-69.076118,-27.510365,-50.112311,3.392740,5.257616,0.920197,1.010830,0.0400
4.746765,6.736054,0.961679,1.023527,-0.269772,-0.072464,-69.076118,-27.510365,-50.112311,3.392740,5.257616,0.920197,1.010830,0.0400
4.746765,6.736054,0.961679,1.023527,-0.269772,-0.072464,-69.076118,-27.510365,-50.112311,3.392740,5.257616,0.920197,1.010830,0.0400
4.746765,6.736054,0.961679,1.023527,-0.269772,-0.072464,-69.076118,-27.510365,-50.112311,3.392740,5.257616,0.920197,1.010830,0.0400
4.746765,6.736054,0.961679,1.023527,-0.269772,-0.072464,-69.076118,-27.510365,-50.112311,3.392740,5.257616,0.920197,1.010830,0.0400
4.746765,6.736054,0.961679,1.023527,-0.269772,-0.072464,-69.076118,-27.510365,-50.112311,3.392740,5.257616,0.920197,1.010830,0.0400
5.696118,7.072857,1.061793,0.376693,-0.559445,0.366198,-67.403534,-27.510365,-50.112311,4.431267,5.975237,1.049369,0.392876,0.0410
5.696118,7.072857,1.061793,0.376693,-0.756914,1.104756,-67.341011,-27.510365,-50.112311,4.487258,5.986618,1.039798,0.404539,0.0410
5.696118,7.072857,1.061793,0.376693,-0.382796,0.528288,-67.259460,-27.510365,-50.112311,4.554588,6.001048,1.031446,0.416008,0.0400
5.696118,7.072857,1.061793,0.376693,-0.523100,0.801199,-67.182175,-27.510365,-50.112311,4.610160,6.017758,1.018355,0.440381,0.0480
5.696118,7.072857,1.061793,0.376693,-0.678116,1.041351,-67.059723,-27.510365,-50.112311,4.687707,6.036269,1.007891,0.455495,0.0600
5.696118,7.072857,1.061793,0.376693,-0.399377,0.977278,-66.942375,-27.510365,-50.112311,4.747087,6.051135,1.001112,0.472804,0.0400
5.696118,7.072857,1.061793,0.376693,-0.517095,0.343775,-66.787720,-27.510365,-50.112311,4.826510,6.073311,0.988578,0.481294,0.0630
5.696118,7.072857,1.061793,0.376693,-0.526938,1.013700,-66.693031,-27.510365,-50.112311,4.907172,6.097029,0.981744,0.507914,0.0460
6.075859,8.756871,0.294228,1.304793,-0.959357,1.176767,-66.466667,-27.510362,-50.112297,5.007979,6.398651,0.601510,0.946248,0.1870
6.075859,8.756871,0.294228,1.304793,-0.584615,0.484213,-66.440567,-27.510362,-50.112297,5.062832,6.646482,0.363079,1.187758,0.1950
6.075859,8.756871,0.294228,1.304793,-0.795270,0.582133,-66.385071,-27.510362,-50.112297,5.143487,6.956455,0.210686,1.311399,0.1930
6.075859,8.756871,0.294228,1.304793,-0.837145,0.540734,-66.299339,-27.510362,-50.112297,5.172090,7.064047,0.180300,1.334994,0.0830
6.075859,8.756871,0.294228,1.304793,-0.813029,0.471881,-66.254387,-27.510362,-50.112297,5.191535,7.137210,0.163532,1.364605,0.0530
6.075859,8.756871,0.294228,1.304793,-0.744573,0.648866,-66.227821,-27.510362,-50.112297,5.213934,7.216425,0.149715,1.384890,0.0400
6.075859,8.756871,0.294228,1.304793,-0.922928,0.886161,-66.224609,-27.510362,-50.112297,5.217228,7.228108,0.146552,1.389612,0.0400
6.075859,8.756871,0.294228,1.304793,-0.922928,0.886161,-66.224609,-27.510362,-50.112297,5.217228,7.228108,0.146552,1.389612,0.0580
6.075859,8.756871,0.294228,1.304793,-0.922928,0.886161,-66.224609,-27.510362,-50.112297,5.217228,7.228108,0.146552,1.389612,0.0400
6.075859,8.756871,0.294228,1.304793,-0.922928,0.886161,-66.224609,-27.510362,-50.112297,5.217228,7.228108,0.146552,1.389612,0.0400
6.075859,8.756871,0.294228,1.304793,-0.922928,0.886161,-66.728882,-27.510362,-50.112297,5.268167,7.597850,0.210316,1.389505,0.0400
6.455600,10.440886,0.368916,1.636010,-0.697415,1.189467,-66.822037,-27.510358,-50.112280,5.295079,7.659203,0.272998,1.422317,0.0560
6.455600,10.440886,0.368916,1.636010,-0.689658,0.977226,-67.009064,-27.510358,-50.112280,5.327257,7.767646,0.296789,1.569162,0.0410
6.455600,10.440886,0.368916,1.636010,-0.730143,1.193090,-67.125053,-27.510358,-50.112280,5.341261,7.815296,0.296775,1.607759,0.0400
6.455600,10.440886,0.368916,1.636010,-0.730145,1.193258,-67.125053,-27.510358,-50.112280,5.341261,7.815296,0.296775,1.607759,0.0410
6.455600,10.440886,0.368916,1.636010,-0.730145,1.193258,-67.125053,-27.510358,-50.112280,5.341261,7.815296,0.296775,1.607759,0.0400
6.455600,10.440886,0.368916,1.636010,-0.730145,1.193258,-67.125053,-27.510358,-50.112280,5.341261,7.815296,0.296775,1.607759,0.0400
6.455600,10.440886,0.368916,1.636010,-0.730145,1.193258,-67.125053,-27.510358,-50.112280,5.341261,7.815296,0.296775,1.607759,0.0410
6.455600,10.440886,0.368916,1.636010,-0.031755,1.271830,-69.462128,-27.510358,-50.112280,5.434254,8.270902,0.354290,1.685668,0.0490
6.455600,10.440886,0.368916,1.636010,0.217040,1.299401,-69.912483,-27.510358,-50.112280,5.461755,8.366826,0.373263,1.693959,0.0580
6.455600,10.440886,0.368916,1.636010,0.328421,1.262805,-70.236450,-27.510358,-50.112280,5.482167,8.444943,0.383166,1.722027,0.0410
6.455600,10.440886,0.368916,1.636010,0.356187,1.167341,-70.594986,-27.510358,-50.112280,5.506247,8.538607,0.393913,1.750526,0.0530
6.455600,10.440886,0.368916,1.636010,0.304330,0.826388,-70.907242,-27.510358,-50.112280,5.531159,8.636048,0.407572,1.773195,0.0410
6.455600,10.440886,0.368916,1.636010,0.425422,1.358388,-71.154610,-27.510358,-50.112280,5.552131,8.719653,0.420476,1.796275,0.0540
6.455600,10.440886,0.368916,1.636010,0.546814,1.078487,-71.358719,-27.510358,-50.112280,5.571797,8.797632,0.431080,1.815751,0.0410
6.455600,10.440886,0.368916,1.636010,0.413370,1.330868,-71.445724,-27.510358,-50.112280,5.581425,8.835678,0.431222,1.834080,0.0400
6.455600,10.440886,0.368916,1.636010,0.335048,1.348839,-71.731056,-27.510358,-50.112280,5.614840,8.975382,0.431819,1.857850,0.0530
6.455600,10.440886,0.368916,1.636010,0.356736,1.633333,-71.894684,-27.510358,-50.112280,5.633046,9.047673,0.421305,1.830796,0.0410
6.455600,10.440886,0.368916,1.636010,0.307279,1.526240,-72.184334,-27.510358,-50.112280,5.662629,9.163494,0.418921,1.841018,0.0410
6.455600,10.440886,0.368916,1.636010,0.306158,1.423879,-72.435127,-27.510358,-50.112280,5.688293,9.264950,0.423469,1.867439,0.0640
6.455600,10.440886,0.368916,1.636010,0.227944,1.426514,-72.642746,-27.510358,-50.112280,5.711006,9.353360,0.422830,1.880365,0.0400
6.265729,12.124900,-0.185594,1.646081,0.208382,1.639692,-72.850571,-27.510360,-50.112263,5.709837,9.455677,0.335402,1.916729,0.0550
6.265729,12.124900,-0.185594,1.646081,0.173360,1.698756,-72.988533,-27.510360,-50.112263,5.702534,9.534250,0.260445,1.938226,0.0430
6.265729,12.124900,-0.185594,1.646081,0.121298,1.616047,-73.132286,-27.510360,-50.112263,5.693920,9.623748,0.189685,1.956191,0.0400
6.265729,12.124900,-0.185594,1.646081,0.072083,1.786149,-73.291847,-27.510360,-50.112263,5.692812,9.727770,0.128801,1.978446,0.0520
6.265729,12.124900,-0.185594,1.646081,0.095287,1.836992,-73.410378,-27.510360,-50.112263,5.685885,9.804565,0.068820,1.977875,0.0410
6.265729,12.124900,-0.185594,1.646081,0.200159,1.416469,-73.511314,-27.510360,-50.112263,5.677498,9.899366,0.018961,1.975398,0.0400
6.265729,12.124900,-0.185594,1.646081,0.107147,1.532200,-73.516388,-27.510360,-50.112263,5.676861,9.906645,0.015546,1.975272,0.0400
6.265729,12.124900,-0.185594,1.646081,0.107147,1.532200,-73.516388,-27.510360,-50.112263,5.676861,9.906645,0.015546,1.975272,0.0400
6.265729,12.124900,-0.185594,1.646081,0.107147,1.532200,-73.516388,-27.510360,-50.112263,5.676861,9.906645,0.015546,1.975272,0.0400
6.265729,12.124900,-0.185594,1.646081,0.107147,1.532200,-73.516388,-27.510360,-50.112263,5.676861,9.906645,0.015546,1.975272,0.0400
6.265729,12.124900,-0.185594,1.646081,0.107147,1.532200,-73.516388,-27.510360,-50.112263,5.676861,9.906645,0.015546,1.975272,0.0410
6.265729,12.124900,-0.185594,1.646081,0.107147,1.532200,-73.516388,-27.510360,-50.112263,5.676861,9.906645,0.015546,1.975272,0.0400
6.265729,12.124900,-0.185594,1.646081,0.107147,1.532200,-73.516388,-27.510360,-50.112263,5.676861,9.906645,0.015546,1.975272,0.0400
6.265729,12.124900,-0.185594,1.646081,0.107147,1.532200,-73.516388,-27.510360,-50.112263,5.676861,9.906645,0.015546,1.975272,0.0400
6.265729,12.124900,-0.185594,1.646081,0.107147,1.532200,-73.516388,-27.510360,-50.112263,5.676861,9.906645,0.015546,1.975272,0.0410
6.265729,12.124900,-0.185594,1.646081,0.107147,1.532200,-73.516388,-27.510360,-50.112263,5.676861,9.906645,0.015546,1.975272,0.0400
6.265729,12.124900,-0.185594,1.646081,0.107147,1.532200,-73.516388,-27.510360,-50.112263,5.676861,9.906645,0.015546,1.975272,0.0400
6.265729,12.124900,-0.185594,1.646081,0.089864,0.520247,-71.990768,-27.510360,-50.112263,5.630358,10.916331,-0.176130,1.665850,0.0400
6.265729,12.124900,-0.185594,1.646081,0.200779,0.368429,-71.869926,-27.510360,-50.112263,5.622450,10.993823,-0.176993,1.670586,0.0480
6.265729,12.124900,-0.185594,1.646081,0.195940,0.306057,-71.745491,-27.510360,-50.112263,5.614943,11.079863,-0.173190,1.672465,0.0400
6.265729,12.124900,-0.185594,1.646081,0.232364,0.328028,-71.745491,-27.510360,-50.112263,5.614943,11.079863,-0.173190,1.672465,0.0400
5.506247,13.135308,-0.856216,1.139101,0.204519,0.509474,-71.563004,-27.510369,-50.112253,5.559706,11.210145,-0.415980,1.461922,0.0410
5.506247,13.135308,-0.856216,1.139101,0.227405,0.234818,-71.464134,-27.510369,-50.112253,5.496432,11.256999,-0.630979,1.307512,0.0500
5.506247,13.135308,-0.856216,1.139101,0.221347,0.256339,-71.371651,-27.510369,-50.112253,5.449737,11.310567,-0.705091,1.256683,0.0400
5.506247,13.135308,-0.856216,1.139101,0.084813,0.053127,-71.335411,-27.510369,-50.112253,5.435529,11.329219,-0.719763,1.245223,0.0400
5.506247,13.135308,-0.856216,1.139101,0.084813,0.053127,-71.335411,-27.510369,-50.112253,5.435529,11.329219,-0.719763,1.245223,0.0400
5.506247,13.135308,-0.856216,1.139101,0.024992,0.005500,-70.944244,-27.510369,-50.112253,5.330067,11.492955,-0.801917,1.183119,0.0440
5.506247,13.135308,-0.856216,1.139101,0.252380,-0.033898,-70.831490,-27.510369,-50.112253,5.291245,11.548149,-0.821742,1.160468,0.0510
5.506247,13.135308,-0.856216,1.139101,0.255999,0.163498,-70.729637,-27.510369,-50.112253,5.250190,11.609732,-0.825975,1.157298,0.0400
5.506247,13.135308,-0.856216,1.139101,0.162886,-0.109739,-70.604980,-27.510369,-50.112253,5.199724,11.685094,-0.821039,1.152992,0.0590
5.506247,13.135308,-0.856216,1.139101,0.127996,-0.157724,-70.518150,-27.510369,-50.112253,5.167914,11.733314,-0.822632,1.153437,0.0410
5.506247,13.135308,-0.856216,1.139101,-0.006928,-0.080669,-70.366043,-27.510369,-50.112253,5.125582,11.798405,-0.828720,1.145223,0.0400
5.506247,13.135308,-0.856216,1.139101,0.072098,-0.075739,-70.021698,-27.510369,-50.112253,5.054681,11.904177,-0.831174,1.137689,0.0800
5.506247,13.135308,-0.856216,1.139101,0.022897,-0.247358,-69.818375,-27.510369,-50.112253,5.020492,11.957381,-0.836982,1.127635,0.0400
5.506247,13.135308,-0.856216,1.139101,-0.298009,-0.325694,-69.567207,-27.510369,-50.112253,4.975860,12.025795,-0.849837,1.121334,0.0500
5.506247,13.135308,-0.856216,1.139101,-0.312608,-0.249110,-69.365295,-27.510369,-50.112253,4.948431,12.067971,-0.854587,1.114096,0.0400
5.506247,13.135308,-0.856216,1.139101,-0.166814,-0.368564,-69.103935,-27.510369,-50.112253,4.903762,12.137773,-0.866410,1.101541,0.0400
5.506247,13.135308,-0.856216,1.139101,-0.384998,-0.506482,-68.930771,-27.510369,-50.112253,4.857755,12.198813,-0.877131,1.088788,0.0430
5.506247,13.135308,-0.856216,1.139101,-0.194842,-0.149783,-68.820580,-27.510369,-50.112253,4.810260,12.272542,-0.876715,1.097068,0.0720
5.506247,13.135308,-0.856216,1.139101,-0.221216,0.036133,-68.790657,-27.510369,-50.112253,4.767053,12.339807,-0.879077,1.101473,0.0410
3.987282,13.808914,-1.424937,0.631908,-0.352595,0.134916,-68.849785,-27.510382,-50.112242,4.701259,12.403671,-0.942625,1.058425,0.0750
3.987282,13.808914,-1.424937,0.631908,-0.205040,-0.232974,-69.260155,-27.510382,-50.112242,4.497194,12.503464,-1.170311,0.860049,0.1340
3.987282,13.808914,-1.424937,0.631908,0.101467,-0.130189,-69.502998,-27.510382,-50.112242,4.415734,12.544008,-1.219419,0.809338,0.0580
3.987282,13.808914,-1.424937,0.631908,0.342816,0.005434,-69.745140,-27.510382,-50.112242,4.343867,12.580185,-1.239925,0.781272,0.0460
3.987282,13.808914,-1.424937,0.631908,0.822170,0.181093,-70.788864,-27.510382,-50.112242,4.019801,12.744805,-1.231518,0.748736,0.2280
3.987282,13.808914,-1.424937,0.631908,0.800943,0.231263,-71.016045,-27.510382,-50.112242,3.935844,12.787442,-1.221854,0.739211,0.0590
3.987282,13.808914,-1.424937,0.631908,0.921759,0.296877,-71.185791,-27.510382,-50.112242,3.864225,12.823349,-1.213759,0.734300,0.0400
3.987282,13.808914,-1.424937,0.631908,0.921561,0.384828,-71.344597,-27.510382,-50.112242,3.784667,12.865081,-1.201126,0.735636,0.0410
3.987282,13.808914,-1.424937,0.631908,0.484692,0.391947,-71.480919,-27.510382,-50.112242,3.690288,12.912601,-1.216161,0.725449,0.0820
3.987282,13.808914,-1.424937,0.631908,0.022363,0.074470,-71.630241,-27.510382,-50.112242,3.584487,12.966272,-1.249716,0.708066,0.0720
3.987282,13.808914,-1.424937,0.631908,0.218847,0.205918,-71.756660,-27.510382,-50.112242,3.499898,13.009078,-1.269145,0.703140,0.0600
3.987282,13.808914,-1.424937,0.631908,0.295363,-0.045223,-71.860580,-27.510382,-50.112242,3.428142,13.045381,-1.275522,0.701492,0.0540
3.987282,13.808914,-1.424937,0.631908,0.683320,0.170565,-71.963966,-27.510382,-50.112242,3.336107,13.091937,-1.271928,0.698076,0.0690
2.278447,15.492928,-1.260480,1.242171,0.595081,0.392779,-72.007805,-27.510396,-50.112230,3.279019,13.136003,-1.259533,0.743239,0.0400
2.278447,15.492928,-1.260480,1.242171,0.800031,0.118682,-72.032433,-27.510396,-50.112230,3.222564,13.196527,-1.232063,0.811862,0.0410
2.278447,15.492928,-1.260480,1.242171,0.647712,0.159732,-72.048302,-27.510396,-50.112230,3.169007,13.253759,-1.210101,0.873027,0.0400
2.278447,15.492928,-1.260480,1.242171,0.668165,0.007261,-72.052292,-27.510396,-50.112230,3.104617,13.323659,-1.191395,0.937381,0.0400
2.278447,15.492928,-1.260480,1.242171,0.533640,0.476344,-72.009453,-27.510396,-50.112230,2.748990,13.701812,-1.116475,1.165332,0.2450
2.278447,15.492928,-1.260480,1.242171,0.351268,0.450622,-72.210281,-27.510396,-50.112230,2.593061,13.868532,-1.126647,1.232201,0.1410
2.278447,15.492928,-1.260480,1.242171,-0.168572,0.022648,-73.001167,-27.510396,-50.112230,2.094608,14.401287,-1.220682,1.284883,0.3640
1.139223,16.503336,-1.139231,1.010415,-0.377962,0.543608,-73.476227,-27.510407,-50.112218,1.744414,14.747667,-1.260424,1.181533,0.3170
1.139223,16.503336,-1.139231,1.010415,0.009457,0.437107,-74.115349,-27.510407,-50.112218,1.527350,14.957168,-1.270885,1.170504,0.1870
1.139223,16.503336,-1.139231,1.010415,0.378378,0.952024,-74.469910,-27.510407,-50.112218,1.320403,15.156933,-1.181312,1.237753,0.1480
1.139223,16.503336,-1.139231,1.010415,0.018601,1.434939,-74.148987,-27.510407,-50.112218,1.052979,15.416070,-1.123233,1.294793,0.2650
1.139223,16.503336,-1.139231,1.010415,0.011096,1.373151,-74.073250,-27.510407,-50.112218,0.991929,15.474332,-1.125598,1.308632,0.0550
1.139223,16.503336,-1.139231,1.010415,0.024361,1.381875,-74.035271,-27.510407,-50.112218,0.945750,15.518079,-1.124480,1.312507,0.0400
-0.569612,16.840139,-1.554582,0.306400,0.095206,1.114620,-74.174500,-27.510422,-50.112214,0.583524,15.679705,-1.290131,1.021996,0.2150
-0.569612,16.840139,-1.554582,0.306400,0.093963,0.633032,-74.523071,-27.510422,-50.112214,0.361054,15.735006,-1.358993,0.827022,0.1680
-0.569612,16.840139,-1.554582,0.306400,0.211409,0.614281,-74.617432,-27.510422,-50.112214,0.264183,15.758693,-1.389989,0.762409,0.0620
-0.569612,16.840139,-1.554582,0.306400,0.230570,0.152475,-74.647057,-27.510422,-50.112214,0.165857,15.782238,-1.407928,0.699288,0.0460
-0.569612,16.840139,-1.554582,0.306400,0.230978,-0.000405,-74.484245,-27.510422,-50.112214,-0.017559,15.827346,-1.437619,0.585196,0.1290
-0.569612,16.840139,-1.554582,0.306400,-0.197887,-0.155666,-74.278778,-27.510422,-50.112214,-0.234722,15.879437,-1.481110,0.484547,0.1140
-0.569612,16.840139,-1.554582,0.306400,-0.528962,0.346086,-74.227226,-27.510422,-50.112214,-0.293125,15.893215,-1.504746,0.476508,0.0610
-0.569612,16.840139,-1.554582,0.306400,-0.206760,-0.449612,-73.724380,-27.510422,-50.112214,-0.551305,15.955022,-1.573416,0.381647,0.1310
-1.898707,15.829732,-1.523479,-1.158183,0.167636,-1.431262,-73.197395,-27.510436,-50.112224,-1.058541,15.775344,-1.463302,-0.635276,0.3460
-1.898707,15.829732,-1.523479,-1.158183,0.274266,-1.187713,-73.272804,-27.510436,-50.112224,-1.156622,15.703484,-1.455412,-0.814232,0.0650
-1.898707,15.829732,-1.523479,-1.158183,-0.232625,-0.646115,-73.751389,-27.510436,-50.112224,-1.532063,15.430072,-1.473941,-1.192074,0.2280
-1.898707,15.829732,-1.523479,-1.158183,-0.167127,-0.346224,-74.188164,-27.510436,-50.112224,-1.863917,15.187319,-1.531201,-1.268055,0.2110
-3.037930,14.145719,-0.864764,-1.278304,0.390731,-0.808227,-75.212807,-27.510444,-50.112238,-2.300029,14.858188,-1.438130,-1.367023,0.3100
-3.037930,14.145719,-0.864764,-1.278304,0.624617,-0.974417,-75.395622,-27.510444,-50.112238,-2.347375,14.789434,-1.321620,-1.404088,0.0550
-3.037930,14.145719,-0.864764,-1.278304,0.341556,-0.372211,-76.760300,-27.510444,-50.112238,-2.585170,14.445899,-0.955451,-1.493283,0.2490
-3.037930,14.145719,-0.864764,-1.278304,0.463996,-0.536550,-77.753136,-27.510444,-50.112238,-2.760558,14.190284,-0.858298,-1.462220,0.2080
-3.037930,14.145719,-0.864764,-1.278304,1.329253,-0.168569,-78.089478,-27.510444,-50.112238,-2.919501,13.959805,-0.728212,-1.401733,0.1690
-3.037930,14.145719,-0.864764,-1.278304,1.367299,0.529218,-77.261833,-27.510444,-50.112238,-3.149228,13.624127,-0.563690,-1.234857,0.2530
-3.037930,13.472114,0.000000,-0.725367,1.207895,1.205459,-75.294968,-27.510445,-50.112248,-3.169623,13.394828,-0.006037,-0.734752,0.3060
-3.037930,13.472114,0.000000,-0.725367,0.714962,1.852346,-74.805954,-27.510445,-50.112248,-3.168869,13.323576,0.067103,-0.592941,0.1190
-3.037930,13.472114,0.000000,-0.725367,0.328549,1.369315,-74.656143,-27.510445,-50.112248,-3.168624,13.293275,0.075519,-0.552629,0.0400
-3.037930,13.472114,0.000000,-0.725367,-0.237546,1.324274,-74.359596,-27.510445,-50.112248,-3.168009,13.224964,0.044161,-0.501324,0.0630
-3.037930,13.472114,0.000000,-0.725367,-0.661845,-0.237804,-73.322060,-27.510445,-50.112248,-3.165881,13.015683,-0.102617,-0.675609,0.3310
-3.037930,13.472114,0.000000,-0.725367,-0.508999,-0.383252,-73.186279,-27.510445,-50.112248,-3.164997,12.933191,-0.118683,-0.726755,0.1160
-1.708836,12.461705,1.732342,-1.316967,0.361271,1.508137,-73.327057,-27.510433,-50.112261,-2.728188,12.554443,0.942050,-0.976451,0.3160
-1.708836,12.461705,1.732342,-1.316967,-0.602642,0.453719,-72.813065,-27.510433,-50.112261,-2.211941,12.173533,1.348090,-0.999268,0.2840
-1.708836,12.461705,1.732342,-1.316967,-0.653897,-1.070693,-72.183884,-27.510433,-50.112261,-1.961438,11.989010,1.426976,-1.183348,0.1580
-1.708836,12.461705,1.732342,-1.316967,-0.919124,-1.733546,-71.754730,-27.510433,-50.112261,-1.852799,11.909307,1.440532,-1.267339,0.0670
-1.708836,12.461705,1.732342,-1.316967,-0.410242,-1.518617,-71.009041,-27.510433,-50.112261,-1.524760,11.666794,1.462581,-1.429499,0.1680
-0.189872,10.104086,1.440490,-2.235816,-0.275173,-0.891182,-70.814705,-27.510420,-50.112282,-1.202576,11.262950,1.414382,-1.883667,0.2270
-0.189872,10.104086,1.440490,-2.235816,-0.339539,0.468392,-70.785065,-27.510420,-50.112282,-1.138069,11.164001,1.407056,-1.964903,0.0430
-0.189872,10.104086,1.440490,-2.235816,-0.097043,-0.664240,-70.759926,-27.510420,-50.112282,-1.059707,11.042730,1.405596,-2.027648,0.0400
-0.189872,10.104086,1.440490,-2.235816,0.207134,-0.198420,-70.758995,-27.510420,-50.112282,-1.044681,11.019545,1.407978,-2.039738,0.0400
-0.189872,10.104086,1.440490,-2.235816,0.207134,-0.198420,-70.758995,-27.510420,-50.112282,-1.044681,11.019545,1.407978,-2.039738,0.0400
-0.189872,10.104086,1.440490,-2.235816,0.198274,-0.483911,-70.824944,-27.510420,-50.112282,-0.778071,10.617205,1.446183,-2.234649,0.0890
-0.189872,10.104086,1.440490,-2.235816,0.294744,0.291491,-71.409332,-27.510420,-50.112282,-0.400457,10.034385,1.481112,-2.229103,0.2390
-0.189872,10.104086,1.440490,-2.235816,0.171177,-0.060263,-71.992104,-27.510420,-50.112282,0.011908,9.398993,1.502186,-2.227470,0.3060
1.898705,7.746468,2.043377,-2.306597,0.276462,-0.263089,-72.091003,-27.510400,-50.112304,0.251970,9.118724,1.654319,-2.290660,0.0580
1.898705,7.746468,2.043377,-2.306597,0.038704,-0.512810,-71.865044,-27.510400,-50.112304,1.173805,8.089639,1.955569,-2.415558,0.4850
1.898705,7.746468,2.043377,-2.306597,-0.271049,0.050596,-71.860138,-27.510400,-50.112304,1.278201,7.973734,1.963142,-2.419184,0.0660
1.898705,7.746468,2.043377,-2.306597,-0.423806,-1.061911,-71.817612,-27.510400,-50.112304,1.746463,7.449881,1.967841,-2.455700,0.2000
4.367022,5.725650,2.567464,-2.101989,-0.310264,-0.497216,-71.873962,-27.510378,-50.112326,2.375195,6.820609,2.061014,-2.371901,0.2780
4.367022,5.725650,2.567464,-2.101989,-0.032436,-0.306726,-71.787064,-27.510378,-50.112326,2.829505,6.451761,2.272286,-2.277132,0.1990
4.367022,5.725650,2.567464,-2.101989,0.081386,-0.104931,-71.742119,-27.510378,-50.112326,2.930574,6.370523,2.308449,-2.264751,0.0400
4.367022,5.725650,2.567464,-2.101989,0.050846,-0.061666,-71.684212,-27.510378,-50.112326,3.062499,6.266699,2.354628,-2.241086,0.0400
4.367022,5.725650,2.567464,-2.101989,-0.320623,0.967280,-71.668961,-27.510378,-50.112326,3.099913,6.236984,2.364568,-2.227381,0.0570
4.367022,5.725650,2.567464,-2.101989,-0.320623,0.967280,-71.668961,-27.510378,-50.112326,3.099913,6.236984,2.364568,-2.227381,0.0400
4.367022,5.725650,2.567464,-2.101989,-0.320623,0.967280,-71.668961,-27.510378,-50.112326,3.099913,6.236984,2.364568,-2.227381,0.0400
4.367022,5.725650,2.567464,-2.101989,-0.320623,0.967280,-71.668961,-27.510378,-50.112326,3.099913,6.236984,2.364568,-2.227381,0.0400
4.367022,5.725650,2.567464,-2.101989,-0.320623,0.967280,-71.668961,-27.510378,-50.112326,3.099913,6.236984,2.364568,-2.227381,0.0400
4.367022,5.725650,2.567464,-2.101989,-0.237653,0.814998,-71.618896,-27.510378,-50.112326,3.841207,5.585257,2.544564,-2.105209,0.0410
4.367022,5.725650,2.567464,-2.101989,-0.438832,0.752812,-71.559708,-27.510378,-50.112326,3.992515,5.465382,2.547486,-2.088483,0.0600
4.367022,5.725650,2.567464,-2.101989,-0.451995,0.313785,-71.528381,-27.510378,-50.112326,4.102726,5.376571,2.539529,-2.076769,0.0410
4.367022,5.725650,2.567464,-2.101989,-1.134303,-0.143287,-71.484268,-27.510378,-50.112326,4.283248,5.231798,2.503530,-2.086864,0.0690
4.367022,5.725650,2.567464,-2.101989,-1.293777,-0.923695,-71.451294,-27.510378,-50.112326,4.414786,5.128513,2.464612,-2.121779,0.0400
4.367022,5.725650,2.567464,-2.101989,-1.290588,-0.812784,-71.449669,-27.510378,-50.112326,4.420047,5.124416,2.463138,-2.123176,0.0400
4.367022,5.725650,2.567464,-2.101989,-1.290588,-0.812784,-71.449669,-27.510378,-50.112326,4.420047,5.124416,2.463138,-2.123176,0.0400
7.404952,4.041636,3.050589,-1.691031,-1.296362,-0.823483,-71.312683,-27.510351,-50.112342,4.794618,4.842408,2.658054,-1.994217,0.0400
7.404952,4.041636,3.050589,-1.691031,-1.891036,-1.982626,-71.214516,-27.510351,-50.112342,4.975140,4.772085,2.857144,-1.854508,0.0580
7.404952,4.041636,3.050589,-1.691031,-1.770226,-2.049164,-71.130119,-27.510351,-50.112342,5.136912,4.695646,2.873904,-1.856385,0.0400
7.404952,4.041636,3.050589,-1.691031,-1.899822,-1.870795,-71.047165,-27.510351,-50.112342,5.347467,4.581446,2.826389,-1.938064,0.0420
7.404952,4.041636,3.050589,-1.691031,-2.118980,-2.154795,-71.003242,-27.510351,-50.112342,5.741233,4.381799,2.755703,-2.007895,0.1300
7.404952,4.041636,3.050589,-1.691031,-1.727511,-2.452648,-70.954613,-27.510351,-50.112342,5.977780,4.260258,2.716611,-2.066889,0.0750
7.404952,4.041636,3.050589,-1.691031,-1.655340,-2.420052,-70.927460,-27.510351,-50.112342,6.550618,3.963713,2.650949,-2.195752,0.1310
7.404952,4.041636,3.050589,-1.691031,-1.154402,-0.035884,-72.451035,-27.510351,-50.112342,7.615442,3.389342,2.640468,-2.023365,0.3530
9.493528,3.368031,2.492115,-0.803754,-1.449010,0.248721,-72.972809,-27.510332,-50.112350,8.278813,3.120668,2.401975,-1.468946,0.2840
9.493528,3.368031,2.492115,-0.803754,-1.290504,0.118638,-73.019058,-27.510332,-50.112350,8.498770,3.053780,2.321039,-1.292737,0.0570
9.493528,3.368031,2.492115,-0.803754,-1.298686,0.155162,-72.966377,-27.510332,-50.112350,9.278236,2.811401,2.225544,-0.964173,0.3310
9.493528,3.368031,2.492115,-0.803754,-1.471849,0.878781,-73.004921,-27.510332,-50.112350,9.453452,2.757471,2.202422,-0.909734,0.0800
9.493528,3.368031,2.492115,-0.803754,-2.106797,0.728231,-73.030182,-27.510332,-50.112350,9.577669,2.720613,2.166284,-0.859746,0.0400
9.493528,3.368031,2.492115,-0.803754,-16.120653,5.089584,-73.045189,-27.510332,-50.112350,9.602966,2.713005,2.098995,-0.831072,0.0400
9.493528,3.368031,2.492115,-0.803754,-16.120653,5.089584,-73.045189,-27.510332,-50.112350,9.602966,2.713005,2.098995,-0.831072,0.0400
9.493528,3.368031,2.492115,-0.803754,-16.120653,5.089584,-73.045189,-27.510332,-50.112350,9.602966,2.713005,2.098995,-0.831072,0.0400
9.493528,3.368031,2.492115,-0.803754,-16.120653,5.089584,-73.045189,-27.510332,-50.112350,9.602966,2.713005,2.098995,-0.831072,0.0400
9.493528,3.368031,2.492115,-0.803754,-16.120653,5.089584,-73.045189,-27.510332,-50.112350,9.602966,2.713005,2.098995,-0.831072,0.0400
9.493528,3.368031,2.492115,-0.803754,-16.120653,5.089584,-73.045189,-27.510332,-50.112350,9.602966,2.713005,2.098995,-0.831072,0.0400
9.493528,3.368031,2.492115,-0.803754,-16.120653,5.089584,-73.045189,-27.510313,-50.112344,9.602966,2.713005,2.098995,-0.831072,0.0400
9.493528,3.368031,2.492115,-0.803754,-16.120653,5.089584,-73.045189,-27.510313,-50.112344,9.602966,2.713005,2.098995,-0.831072,0.0400
11.582105,4.041637,2.374609,0.765857,-7.181910,3.783110,-75.029190,-27.510313,-50.112344,10.564495,2.706996,2.183541,0.791056,0.0400
11.582105,4.041637,2.374609,0.765857,-4.530277,4.157415,-77.427704,-27.510313,-50.112344,10.963303,2.766858,2.021099,1.056006,0.1170
11.582105,4.041637,2.374609,0.765857,-4.140711,3.516384,-76.767090,-27.510313,-50.112344,11.443658,2.848616,1.720085,1.335758,0.1800
11.582105,4.041637,2.374609,0.765857,-2.811264,2.207908,-74.924271,-27.510313,-50.112344,11.820568,2.928682,1.627430,1.408106,0.1110
11.582105,4.041637,2.374609,0.765857,-5.625324,5.842972,-76.796799,-27.510313,-50.112344,12.470237,3.103246,1.215759,1.892745,0.2590
11.582105,4.041637,2.374609,0.765857,-6.694374,7.962492,-76.865608,-27.510313,-50.112344,12.807486,3.201086,0.950991,2.246878,0.1620
12.721328,4.378440,1.455342,0.430261,-6.577817,7.811742,-76.571732,-27.510303,-50.112337,12.998900,3.255633,0.621198,2.416416,0.1070
12.721328,4.378440,1.455342,0.430261,-6.585485,7.300436,-76.240425,-27.510303,-50.112337,13.117317,3.287836,0.369855,2.479974,0.0700
12.721328,4.378440,1.455342,0.430261,-6.908733,6.716457,-76.040100,-27.510303,-50.112337,13.180412,3.300410,0.233229,2.473725,0.0510
12.721328,4.378440,1.455342,0.430261,-6.995946,6.500110,-75.889694,-27.510303,-50.112337,13.259833,3.323254,0.088302,2.470251,0.0560
12.721328,4.378440,1.455342,0.430261,-7.163106,6.168800,-75.852921,-27.510303,-50.112337,13.334924,3.337247,-0.015216,2.432013,0.0400
12.721328,4.378440,1.455342,0.430261,-6.864801,5.818181,-76.050407,-27.510303,-50.112337,13.393236,3.401175,-0.143386,2.410139,0.0410
12.721328,4.378440,1.455342,0.430261,-6.279038,4.240597,-76.375565,-27.510303,-50.112337,13.483352,3.422315,-0.088600,2.166657,0.0640
12.721328,4.378440,1.455342,0.430261,-5.605977,4.456982,-76.650711,-27.510303,-50.112337,13.607565,3.456857,-0.053706,1.959467,0.0820
12.721328,4.378440,1.455342,0.430261,-4.900146,4.499746,-76.727669,-27.510303,-50.112337,13.683094,3.479355,-0.025383,1.898803,0.0540
12.721328,4.378440,1.455342,0.430261,-4.914128,4.935310,-76.917007,-27.510303,-50.112337,13.783761,3.510235,0.003388,1.860429,0.0520
12.721328,4.378440,1.455342,0.430261,-4.875638,5.536738,-76.955185,-27.510303,-50.112337,13.908676,3.551724,0.015507,1.882349,0.1070
12.721328,4.378440,1.455342,0.430261,-5.222429,6.631474,-76.721115,-27.510303,-50.112337,14.006552,3.578193,0.030887,1.936833,0.0660
12.721328,4.378440,1.455342,0.430261,-5.726864,7.197473,-76.422531,-27.510303,-50.112337,14.089334,3.598767,-0.004185,2.030814,0.0410
12.721328,4.378440,1.455342,0.430261,-6.816685,7.498734,-76.223907,-27.510303,-50.112337,14.159740,3.624678,-0.089662,2.142165,0.0520
12.721328,4.378440,1.455342,0.430261,-7.315861,6.842966,-75.843285,-27.510303,-50.112337,14.280713,3.667836,-0.253707,2.285863,0.0890
13.480810,4.378440,1.167789,0.000000,-5.249463,2.377466,-53.320221,-27.510296,-50.112339,14.705404,3.729418,-0.589190,1.626491,0.3900
13.480810,4.378440,1.167789,0.000000,-4.340342,3.502310,-48.418823,-27.510296,-50.112339,14.812645,3.732351,-0.535082,1.426277,0.1020
13.480810,4.378440,1.167789,0.000000,-3.852270,4.088692,-47.304413,-27.510296,-50.112339,14.879040,3.725899,-0.424985,1.364845,0.0400
13.480810,4.378440,1.167789,0.000000,-2.425455,3.457998,-47.077946,-27.510296,-50.112339,14.898822,3.724380,-0.385362,1.349962,0.0400
13.480810,4.378440,1.167789,0.000000,-2.425455,3.457998,-47.077946,-27.510296,-50.112339,14.898822,3.724380,-0.385362,1.349962,0.0400
13.480810,4.378440,1.167789,0.000000,-3.007681,4.180863,-46.532234,-27.510296,-50.112339,14.947150,3.826065,0.470940,0.699003,0.0400
13.480810,4.378440,1.167789,0.000000,-3.213626,3.933148,-46.334789,-27.510296,-50.112339,15.015826,3.807074,0.693883,0.498110,0.0450
13.480810,4.378440,1.167789,0.000000,-3.257723,3.489764,-46.196148,-27.510296,-50.112339,15.069808,3.796638,0.739924,0.458414,0.0410
13.480810,4.378440,1.167789,0.000000,-3.313220,3.520395,-46.176441,-27.510296,-50.112339,15.078262,3.795923,0.738277,0.460002,0.0400
13.480810,4.378440,1.167789,0.000000,-3.329584,3.520900,-46.331120,-27.510296,-50.112339,15.149178,3.835997,0.599496,0.579478,0.0410
13.480810,4.378440,1.167789,0.000000,-3.833338,3.646357,-46.460567,-27.510296,-50.112339,15.216174,3.816372,0.811994,0.352792,0.0400
13.480810,4.378440,1.167789,0.000000,-3.841408,3.624029,-46.668106,-27.510296,-50.112339,15.280251,3.806287,0.814680,0.339818,0.0400
13.480810,4.378440,1.167789,0.000000,-3.937448,3.480123,-46.778862,-27.510296,-50.112339,15.306759,3.802807,0.799192,0.351805,0.0400
13.480810,4.378440,1.167789,0.000000,-3.937343,3.479892,-46.778862,-27.510297,-50.112348,15.306759,3.802807,0.799192,0.351805,0.0400
13.480810,4.378440,1.167789,0.000000,-3.937343,3.479892,-46.778862,-27.510297,-50.112348,15.306759,3.802807,0.799192,0.351805,0.0560
13.480810,4.378440,1.167789,0.000000,-3.937343,3.479892,-46.778862,-27.510297,-50.112348,15.306759,3.802807,0.799192,0.351805,0.0400
13.480810,4.378440,1.167789,0.000000,-3.937343,3.479892,-46.778862,-27.510297,-50.112348,15.306759,3.802807,0.799192,0.351805,0.0400
13.480810,4.378440,1.167789,0.000000,-3.937343,3.479892,-46.778862,-27.510297,-50.112348,15.306759,3.802807,0.799192,0.351805,0.0400
13.290939,3.704834,-0.209353,-0.742725,-3.272779,3.758624,-50.875225,-27.510297,-50.112348,15.399768,3.781442,-0.237913,-0.362036,0.0400
13.290939,3.704834,-0.209353,-0.742725,-3.601701,3.686155,-51.539158,-27.510297,-50.112348,15.397888,3.669144,-0.332197,-0.548556,0.0610
13.290939,3.704834,-0.209353,-0.742725,-3.608045,3.746245,-52.097263,-27.510297,-50.112348,15.396667,3.607704,-0.425831,-0.483746,0.0400
13.290939,3.704834,-0.209353,-0.742725,-3.455123,3.892068,-52.670803,-27.510297,-50.112348,15.385657,3.561562,-0.530933,-0.371138,0.0400
13.290939,3.704834,-0.209353,-0.742725,-2.772216,3.091843,-53.213318,-27.510297,-50.112348,15.384526,3.501112,-0.579603,-0.328501,0.0660
13.290939,3.704834,-0.209353,-0.742725,-2.914486,3.361155,-53.595753,-27.510297,-50.112348,15.381832,3.457708,-0.601989,-0.300659,0.0410
13.290939,3.704834,-0.209353,-0.742725,-2.812316,2.891526,-54.085869,-27.510297,-50.112348,15.367098,3.408384,-0.647974,-0.250072,0.0580
13.290939,3.704834,-0.209353,-0.742725,-2.912696,3.040792,-54.387501,-27.510297,-50.112348,15.362597,3.361804,-0.664537,-0.241171,0.0400
13.290939,3.704834,-0.209353,-0.742725,-2.544696,2.838391,-54.522217,-27.510297,-50.112348,15.358806,3.333144,-0.678894,-0.224570,0.0400
13.290939,3.704834,-0.209353,-0.742725,-2.544776,2.838908,-54.522217,-27.510297,-50.112348,15.358806,3.333144,-0.678894,-0.224570,0.0400
13.290939,3.704834,-0.209353,-0.742725,-2.544776,2.838908,-54.522217,-27.510297,-50.112348,15.358806,3.333144,-0.678894,-0.224570,0.0400
13.290939,3.704834,-0.209353,-0.742725,-2.544776,2.838908,-54.522217,-27.510297,-50.112348,15.358806,3.333144,-0.678894,-0.224570,0.0400
13.290939,3.704834,-0.209353,-0.742725,-2.544776,2.838908,-54.522217,-27.510297,-50.112348,15.358806,3.333144,-0.678894,-0.224570,0.0530
13.290939,3.704834,-0.209353,-0.742725,-2.544776,2.838908,-54.522217,-27.510297,-50.112348,15.358806,3.333144,-0.678894,-0.224570,0.0400
13.290939,3.704834,-0.209353,-0.742725,-2.544776,2.838908,-54.522217,-27.510304,-50.112355,15.358806,3.333144,-0.678894,-0.224570,0.0400
13.290939,3.704834,-0.209353,-0.742725,-2.544776,2.838908,-54.522217,-27.510304,-50.112355,15.358806,3.333144,-0.678894,-0.224570,0.0410
13.290939,3.704834,-0.209353,-0.742725,-2.544776,2.838908,-54.522217,-27.510304,-50.112355,15.358806,3.333144,-0.678894,-0.224570,0.0400
13.290939,3.704834,-0.209353,-0.742725,-2.544776,2.838908,-54.522217,-27.510304,-50.112355,15.358806,3.333144,-0.678894,-0.224570,0.0400
13.290939,3.704834,-0.209353,-0.742725,-2.544776,2.838908,-54.522217,-27.510304,-50.112355,15.358806,3.333144,-0.678894,-0.224570,0.0400
13.290939,3.704834,-0.209353,-0.742725,-2.544776,2.838908,-54.522217,-27.510304,-50.112355,15.358806,3.333144,-0.678894,-0.224570,0.0400
13.290939,3.704834,-0.209353,-0.742725,-2.544776,2.838908,-54.522217,-27.510304,-50.112355,15.358806,3.333144,-0.678894,-0.224570,0.0400
13.290939,3.704834,-0.209353,-0.742725,-2.544776,2.838908,-54.522217,-27.510304,-50.112355,15.358806,3.333144,-0.678894,-0.224570,0.0400
13.290939,3.704834,-0.209353,-0.742725,-2.544776,2.838908,-54.522217,-27.510304,-50.112355,15.358806,3.333144,-0.678894,-0.224570,0.0400
13.290939,3.704834,-0.209353,-0.742725,-2.544776,2.838908,-54.522217,-27.510304,-50.112355,15.358806,3.333144,-0.678894,-0.224570,0.0400
13.290939,3.704834,-0.209353,-0.742725,-2.544776,2.838908,-54.522217,-27.510304,-50.112355,15.358806,3.333144,-0.678894,-0.224570,0.0400
13.290939,3.704834,-0.209353,-0.742725,-2.544776,2.838908,-54.522217,-27.510304,-50.112355,15.358806,3.333144,-0.678894,-0.224570,0.0400
13.290939,3.704834,-0.209353,-0.742725,-2.544776,2.838908,-54.522217,-27.510304,-50.112355,15.358806,3.333144,-0.678894,-0.224570,0.0400
13.290939,3.704834,-0.209353,-0.742725,-2.544776,2.838908,-54.522217,-27.510304,-50.112355,15.358806,3.333144,-0.678894,-0.224570,0.0400
13.290939,3.704834,-0.209353,-0.742725,-2.544776,2.838908,-54.522217,-27.510304,-50.112355,15.358806,3.333144,-0.678894,-0.224570,0.0400
13.290939,3.704834,-0.209353,-0.742725,-2.544776,2.838908,-54.522217,-27.510304,-50.112355,15.358806,3.333144,-0.678894,-0.224570,0.0400
13.290939,3.704834,-0.209353,-0.742725,-2.544776,2.838908,-54.522217,-27.510304,-50.112355,15.358806,3.333144,-0.678894,-0.224570,0.0570
13.290939,3.704834,-0.209353,-0.742725,-2.544776,2.838908,-54.522217,-27.510304,-50.112355,15.358806,3.333144,-0.678894,-0.224570,0.0400
13.290939,3.704834,-0.209353,-0.742725,-2.544776,2.838908,-54.522217,-27.510304,-50.112355,15.358806,3.333144,-0.678894,-0.224570,0.0400
13.290939,3.704834,-0.209353,-0.742725,-2.544776,2.838908,-54.522217,-27.510304,-50.112356,15.358806,3.333144,-0.678894,-0.224570,0.0400
13.290939,3.704834,-0.209353,-0.742725,-2.544776,2.838908,-54.522217,-27.510304,-50.112356,15.358806,3.333144,-0.678894,-0.224570,0.0400
13.290939,3.704834,-0.209353,-0.742725,-2.544776,2.838908,-54.522217,-27.510304,-50.112356,15.358806,3.333144,-0.678894,-0.224570,0.0400
13.290939,3.704834,-0.209353,-0.742725,-2.544776,2.838908,-54.522217,-27.510304,-50.112356,15.358806,3.333144,-0.678894,-0.224570,0.0400
13.290939,3.704834,-0.209353,-0.742725,-2.544776,2.838908,-54.522217,-27.510304,-50.112356,15.358806,3.333144,-0.678894,-0.224570,0.0400
13.290939,3.704834,-0.209353,-0.742725,-2.544776,2.838908,-54.522217,-27.510304,-50.112356,15.358806,3.333144,-0.678894,-0.224570,0.0400
13.290939,3.704834,-0.209353,-0.742725,-2.544776,2.838908,-54.522217,-27.510304,-50.112356,15.358806,3.333144,-0.678894,-0.224570,0.0400
13.290939,3.704834,-0.209353,-0.742725,-2.544776,2.838908,-54.522217,-27.510304,-50.112356,15.358806,3.333144,-0.678894,-0.224570,0.0400
13.290939,3.704834,-0.209353,-0.742725,-2.544776,2.838908,-54.522217,-27.510304,-50.112356,15.358806,3.333144,-0.678894,-0.224570,0.0400
13.290939,3.704834,-0.209353,-0.742725,-2.544776,2.838908,-54.522217,-27.510304,-50.112356,15.358806,3.333144,-0.678894,-0.224570,0.0410
13.290939,3.704834,-0.209353,-0.742725,-2.544776,2.838908,-54.522217,-27.510304,-50.112356,15.358806,3.333144,-0.678894,-0.224570,0.0400
13.290939,3.704834,-0.209353,-0.742725,-2.544776,2.838908,-54.522217,-27.510304,-50.112356,15.358806,3.333144,-0.678894,-0.224570,0.0400
13.290939,3.704834,-0.209353,-0.742725,-2.544776,2.838908,-54.522217,-27.510304,-50.112356,15.358806,3.333144,-0.678894,-0.224570,0.0400
13.290939,3.704834,-0.209353,-0.742725,-2.544776,2.838908,-54.522217,-27.510304,-50.112356,15.358806,3.333144,-0.678894,-0.224570,0.0400
13.290939,3.704834,-0.209353,-0.742725,-2.544776,2.838908,-54.522217,-27.510304,-50.112356,15.358806,3.333144,-0.678894,-0.224570,0.0400
13.290939,3.704834,-0.209353,-0.742725,-2.544776,2.838908,-54.522217,-27.510304,-50.112356,15.358806,3.333144,-0.678894,-0.224570,0.0400
13.290939,3.704834,-0.209353,-0.742725,-2.544776,2.838908,-54.522217,-27.510304,-50.112356,15.358806,3.333144,-0.678894,-0.224570,0.0400
13.290939,3.704834,-0.209353,-0.742725,-2.544776,2.838908,-54.522217,-27.510304,-50.112356,15.358806,3.333144,-0.678894,-0.224570,0.0400
13.290939,3.704834,-0.209353,-0.742725,-2.544776,2.838908,-54.522217,-27.510304,-50.112356,15.358806,3.333144,-0.678894,-0.224570,0.0400
13.290939,3.704834,-0.209353,-0.742725,-2.544776,2.838908,-54.522217,-27.510304,-50.112357,15.358806,3.333144,-0.678894,-0.224570,0.0400
13.290939,3.704834,-0.209353,-0.742725,-2.544776,2.838908,-54.522217,-27.510304,-50.112357,15.358806,3.333144,-0.678894,-0.224570,0.0400
13.290939,3.704834,-0.209353,-0.742725,-2.544776,2.838908,-54.522217,-27.510304,-50.112357,15.358806,3.333144,-0.678894,-0.224570,0.0400
13.290939,3.704834,-0.209353,-0.742725,-2.544776,2.838908,-54.522217,-27.510304,-50.112357,15.358806,3.333144,-0.678894,-0.224570,0.0400
13.290939,3.704834,-0.209353,-0.742725,-2.544776,2.838908,-54.522217,-27.510304,-50.112357,15.358806,3.333144,-0.678894,-0.224570,0.0400
13.290939,3.704834,-0.209353,-0.742725,-2.544776,2.838908,-54.522217,-27.510304,-50.112357,15.358806,3.333144,-0.678894,-0.224570,0.0400
13.290939,3.704834,-0.209353,-0.742725,-2.544776,2.838908,-54.522217,-27.510304,-50.112357,15.358806,3.333144,-0.678894,-0.224570,0.0400
13.290939,3.704834,-0.209353,-0.742725,-2.544776,2.838908,-54.522217,-27.510304,-50.112357,15.358806,3.333144,-0.678894,-0.224570,0.0400
13.290939,3.704834,-0.209353,-0.742725,-2.544776,2.838908,-54.522217,-27.510304,-50.112357,15.358806,3.333144,-0.678894,-0.224570,0.0400
13.290939,3.704834,-0.209353,-0.742725,-2.544776,2.838908,-54.522217,-27.510304,-50.112357,15.358806,3.333144,-0.678894,-0.224570,0.0400
13.290939,3.704834,-0.209353,-0.742725,-2.544776,2.838908,-54.522217,-27.510304,-50.112357,15.358806,3.333144,-0.678894,-0.224570,0.0400
13.290939,3.704834,-0.209353,-0.742725,-2.544776,2.838908,-54.522217,-27.510304,-50.112357,15.358806,3.333144,-0.678894,-0.224570,0.0400
13.290939,3.704834,-0.209353,-0.742725,-2.544776,2.838908,-54.522217,-27.510304,-50.112357,15.358806,3.333144,-0.678894,-0.224570,0.0560
13.290939,3.704834,-0.209353,-0.742725,-2.544776,2.838908,-54.522217,-27.510304,-50.112357,15.358806,3.333144,-0.678894,-0.224570,0.0400
13.290939,3.704834,-0.209353,-0.742725,-2.544776,2.838908,-54.522217,-27.510304,-50.112357,15.358806,3.333144,-0.678894,-0.224570,0.0400
13.290939,3.704834,-0.209353,-0.742725,-2.544776,2.838908,-54.522217,-27.510304,-50.112357,15.358806,3.333144,-0.678894,-0.224570,0.0400
13.290939,3.704834,-0.209353,-0.742725,-2.544776,2.838908,-54.522217,-27.510304,-50.112357,15.358806,3.333144,-0.678894,-0.224570,0.0400
13.290939,3.704834,-0.209353,-0.742725,-2.544776,2.838908,-54.522217,-27.510304,-50.112357,15.358806,3.333144,-0.678894,-0.224570,0.0400
13.290939,3.704834,-0.209353,-0.742725,-2.544776,2.838908,-54.522217,-27.510304,-50.112357,15.358806,3.333144,-0.678894,-0.224570,0.0400
13.290939,3.704834,-0.209353,-0.742725,-2.544776,2.838908,-54.522217,-27.510304,-50.112357,15.358806,3.333144,-0.678894,-0.224570,0.0410
13.290939,3.704834,-0.209353,-0.742725,-2.544776,2.838908,-54.522217,-27.510305,-50.112354,15.358806,3.333144,-0.678894,-0.224570,0.0400
13.290939,3.704834,-0.209353,-0.742725,-2.544776,2.838908,-54.522217,-27.510305,-50.112354,15.358806,3.333144,-0.678894,-0.224570,0.0400
13.290939,3.704834,-0.209353,-0.742725,-2.544776,2.838908,-54.522217,-27.510305,-50.112354,15.358806,3.333144,-0.678894,-0.224570,0.0400
13.290939,3.704834,-0.209353,-0.742725,-2.544776,2.838908,-54.522217,-27.510305,-50.112354,15.358806,3.333144,-0.678894,-0.224570,0.0400
13.290939,3.704834,-0.209353,-0.742725,-2.544776,2.838908,-54.522217,-27.510305,-50.112354,15.358806,3.333144,-0.678894,-0.224570,0.0400
13.290939,3.704834,-0.209353,-0.742725,-2.544776,2.838908,-54.522217,-27.510305,-50.112354,15.358806,3.333144,-0.678894,-0.224570,0.0400
13.290939,3.704834,-0.209353,-0.742725,-2.544776,2.838908,-54.522217,-27.510305,-50.112354,15.358806,3.333144,-0.678894,-0.224570,0.0400
13.290939,3.704834,-0.209353,-0.742725,-2.544776,2.838908,-54.522217,-27.510305,-50.112354,15.358806,3.333144,-0.678894,-0.224570,0.0400
13.290939,3.704834,-0.209353,-0.742725,-2.544776,2.838908,-54.522217,-27.510305,-50.112354,15.358806,3.333144,-0.678894,-0.224570,0.0400
13.290939,3.704834,-0.209353,-0.742725,-2.544776,2.838908,-54.522217,-27.510305,-50.112354,15.358806,3.333144,-0.678894,-0.224570,0.0400
13.290939,3.704834,-0.209353,-0.742725,-2.544776,2.838908,-54.522217,-27.510305,-50.112354,15.358806,3.333144,-0.678894,-0.224570,0.0400
13.290939,3.704834,-0.209353,-0.742725,-2.544776,2.838908,-54.522217,-27.510305,-50.112354,15.358806,3.333144,-0.678894,-0.224570,0.0400
13.290939,3.704834,-0.209353,-0.742725,-2.544776,2.838908,-54.522217,-27.510305,-50.112354,15.358806,3.333144,-0.678894,-0.224570,0.0400
13.290939,3.704834,-0.209353,-0.742725,-2.544776,2.838908,-54.522217,-27.510305,-50.112354,15.358806,3.333144,-0.678894,-0.224570,0.0400
13.290939,3.704834,-0.209353,-0.742725,-2.544776,2.838908,-54.522217,-27.510305,-50.112354,15.358806,3.333144,-0.678894,-0.224570,0.0400
13.290939,3.704834,-0.209353,-0.742725,-2.544776,2.838908,-54.522217,-27.510305,-50.112354,15.358806,3.333144,-0.678894,-0.224570,0.0400
13.290939,3.704834,-0.209353,-0.742725,-2.544776,2.838908,-54.522217,-27.510305,-50.112354,15.358806,3.333144,-0.678894,-0.224570,0.0410
13.290939,3.704834,-0.209353,-0.742725,-2.544776,2.838908,-54.522217,-27.510305,-50.112354,15.358806,3.333144,-0.678894,-0.224570,0.0400
13.290939,3.704834,-0.209353,-0.742725,-2.544776,2.838908,-54.522217,-27.510305,-50.112354,15.358806,3.333144,-0.678894,-0.224570,0.0400
13.290939,3.704834,-0.209353,-0.742725,-2.544776,2.838908,-54.522217,-27.510305,-50.112354,15.358806,3.333144,-0.678894,-0.224570,0.0400
13.290939,3.704834,-0.209353,-0.742725,-2.544776,2.838908,-54.522217,-27.510307,-50.112356,15.358806,3.333144,-0.678894,-0.224570,0.0400
13.290939,3.704834,-0.209353,-0.742725,-2.544776,2.838908,-54.522217,-27.510307,-50.112356,15.358806,3.333144,-0.678894,-0.224570,0.0400
13.290939,3.704834,-0.209353,-0.742725,-2.544776,2.838908,-54.522217,-27.510307,-50.112356,15.358806,3.333144,-0.678894,-0.224570,0.0400
13.290939,3.704834,-0.209353,-0.742725,-2.544776,2.838908,-54.522217,-27.510307,-50.112356,15.358806,3.333144,-0.678894,-0.224570,0.0400
13.290939,3.704834,-0.209353,-0.742725,-2.544776,2.838908,-54.522217,-27.510307,-50.112356,15.358806,3.333144,-0.678894,-0.224570,0.0400
13.290939,3.704834,-0.209353,-0.742725,-2.544776,2.838908,-54.522217,-27.510307,-50.112356,15.358806,3.333144,-0.678894,-0.224570,0.0570
13.290939,3.704834,-0.209353,-0.742725,-2.544776,2.838908,-54.522217,-27.510307,-50.112356,15.358806,3.333144,-0.678894,-0.224570,0.0400
13.290939,3.704834,-0.209353,-0.742725,-2.544776,2.838908,-54.522217,-27.510307,-50.112356,15.358806,3.333144,-0.678894,-0.224570,0.0400
13.290939,3.704834,-0.209353,-0.742725,-2.544776,2.838908,-54.522217,-27.510307,-50.112356,15.358806,3.333144,-0.678894,-0.224570,0.0400
13.290939,3.704834,-0.209353,-0.742725,-2.544776,2.838908,-54.522217,-27.510307,-50.112356,15.358806,3.333144,-0.678894,-0.224570,0.0410
13.290939,3.704834,-0.209353,-0.742725,-2.544776,2.838908,-54.522217,-27.510307,-50.112356,15.358806,3.333144,-0.678894,-0.224570,0.0400
13.290939,3.704834,-0.209353,-0.742725,-2.544776,2.838908,-54.522217,-27.510307,-50.112356,15.358806,3.333144,-0.678894,-0.224570,0.0400
13.290939,3.704834,-0.209353,-0.742725,-2.544776,2.838908,-54.522217,-27.510307,-50.112356,15.358806,3.333144,-0.678894,-0.224570,0.0400
13.290939,3.704834,-0.209353,-0.742725,-2.544776,2.838908,-54.522217,-27.510307,-50.112356,15.358806,3.333144,-0.678894,-0.224570,0.0400
13.290939,3.704834,-0.209353,-0.742725,-2.544776,2.838908,-54.522217,-27.510307,-50.112356,15.358806,3.333144,-0.678894,-0.224570,0.0400
13.290939,3.704834,-0.209353,-0.742725,-2.544776,2.838908,-54.522217,-27.510307,-50.112356,15.358806,3.333144,-0.678894,-0.224570,0.0400
13.290939,3.704834,-0.209353,-0.742725,-2.544776,2.838908,-54.522217,-27.510307,-50.112356,15.358806,3.333144,-0.678894,-0.224570,0.0400
13.290939,3.704834,-0.209353,-0.742725,-2.544776,2.838908,-54.522217,-27.510307,-50.112356,15.358806,3.333144,-0.678894,-0.224570,0.0400
13.290939,3.704834,-0.209353,-0.742725,-2.544776,2.838908,-54.522217,-27.510307,-50.112356,15.358806,3.333144,-0.678894,-0.224570,0.0400
13.290939,3.704834,-0.209353,-0.742725,-2.544776,2.838908,-54.522217,-27.510307,-50.112356,15.358806,3.333144,-0.678894,-0.224570,0.0400
13.290939,3.704834,-0.209353,-0.742725,-2.544776,2.838908,-54.522217,-27.510310,-50.112357,15.358806,3.333144,-0.678894,-0.224570,0.0400
13.290939,3.704834,-0.209353,-0.742725,-2.544776,2.838908,-54.522217,-27.510310,-50.112357,15.358806,3.333144,-0.678894,-0.224570,0.0400
13.290939,3.704834,-0.209353,-0.742725,-2.544776,2.838908,-54.522217,-27.510310,-50.112357,15.358806,3.333144,-0.678894,-0.224570,0.0400
13.290939,3.704834,-0.209353,-0.742725,-2.544776,2.838908,-54.522217,-27.510310,-50.112357,15.358806,3.333144,-0.678894,-0.224570,0.0410
13.290939,3.704834,-0.209353,-0.742725,-2.544776,2.838908,-54.522217,-27.510310,-50.112357,15.358806,3.333144,-0.678894,-0.224570,0.0400
13.290939,3.704834,-0.209353,-0.742725,-2.544776,2.838908,-54.522217,-27.510310,-50.112357,15.358806,3.333144,-0.678894,-0.224570,0.0400
13.290939,3.704834,-0.209353,-0.742725,-2.544776,2.838908,-54.522217,-27.510310,-50.112357,15.358806,3.333144,-0.678894,-0.224570,0.0400
13.290939,3.704834,-0.209353,-0.742725,-2.544776,2.838908,-54.522217,-27.510310,-50.112357,15.358806,3.333144,-0.678894,-0.224570,0.0400
13.290939,3.704834,-0.209353,-0.742725,-2.544776,2.838908,-54.522217,-27.510310,-50.112357,15.358806,3.333144,-0.678894,-0.224570,0.0400
13.290939,3.704834,-0.209353,-0.742725,-2.544776,2.838908,-54.522217,-27.510310,-50.112357,15.358806,3.333144,-0.678894,-0.224570,0.0400
13.290939,3.704834,-0.209353,-0.742725,-2.544776,2.838908,-54.522217,-27.510310,-50.112357,15.358806,3.333144,-0.678894,-0.224570,0.0400
13.290939,3.704834,-0.209353,-0.742725,-2.544776,2.838908,-54.522217,-27.510310,-50.112357,15.358806,3.333144,-0.678894,-0.224570,0.0400
13.290939,3.704834,-0.209353,-0.742725,-2.544776,2.838908,-54.522217,-27.510310,-50.112357,15.358806,3.333144,-0.678894,-0.224570,0.0400
13.290939,3.704834,-0.209353,-0.742725,-2.544776,2.838908,-54.522217,-27.510310,-50.112357,15.358806,3.333144,-0.678894,-0.224570,0.0400
13.290939,3.704834,-0.209353,-0.742725,-2.544776,2.838908,-54.522217,-27.510310,-50.112357,15.358806,3.333144,-0.678894,-0.224570,0.0400
13.290939,3.704834,-0.209353,-0.742725,-2.544776,2.838908,-54.522217,-27.510310,-50.112357,15.358806,3.333144,-0.678894,-0.224570,0.0400
13.290939,3.704834,-0.209353,-0.742725,-2.544776,2.838908,-54.522217,-27.510310,-50.112357,15.358806,3.333144,-0.678894,-0.224570,0.0400
13.290939,3.704834,-0.209353,-0.742725,-2.544776,2.838908,-54.522217,-27.510310,-50.112357,15.358806,3.333144,-0.678894,-0.224570,0.0400
13.290939,3.704834,-0.209353,-0.742725,-2.544776,2.838908,-54.522217,-27.510310,-50.112357,15.358806,3.333144,-0.678894,-0.224570,0.0400
13.290939,3.704834,-0.209353,-0.742725,-2.544776,2.838908,-54.522217,-27.510312,-50.112359,15.358806,3.333144,-0.678894,-0.224570,0.0790
13.290939,3.704834,-0.209353,-0.742725,-2.544776,2.838908,-54.522217,-27.510312,-50.112359,15.358806,3.333144,-0.678894,-0.224570,0.0400
13.290939,3.704834,-0.209353,-0.742725,-2.544776,2.838908,-54.522217,-27.510312,-50.112359,15.358806,3.333144,-0.678894,-0.224570,0.0400
13.290939,3.704834,-0.209353,-0.742725,-2.544776,2.838908,-54.522217,-27.510312,-50.112359,15.358806,3.333144,-0.678894,-0.224570,0.0400
13.290939,3.704834,-0.209353,-0.742725,-2.544776,2.838908,-54.522217,-27.510312,-50.112359,15.358806,3.333144,-0.678894,-0.224570,0.0400
13.290939,3.704834,-0.209353,-0.742725,-2.544776,2.838908,-54.522217,-27.510312,-50.112359,15.358806,3.333144,-0.678894,-0.224570,0.0400
13.290939,3.704834,-0.209353,-0.742725,-2.544776,2.838908,-54.522217,-27.510312,-50.112359,15.358806,3.333144,-0.678894,-0.224570,0.0400
13.290939,3.704834,-0.209353,-0.742725,-2.544776,2.838908,-54.522217,-27.510312,-50.112359,15.358806,3.333144,-0.678894,-0.224570,0.0400
13.290939,3.704834,-0.209353,-0.742725,-2.544776,2.838908,-54.522217,-27.510312,-50.112359,15.358806,3.333144,-0.678894,-0.224570,0.0400
13.290939,3.704834,-0.209353,-0.742725,-2.544776,2.838908,-54.522217,-27.510312,-50.112359,15.358806,3.333144,-0.678894,-0.224570,0.0400
13.290939,3.704834,-0.209353,-0.742725,-2.544776,2.838908,-54.522217,-27.510312,-50.112359,15.358806,3.333144,-0.678894,-0.224570,0.0400
13.290939,3.704834,-0.209353,-0.742725,-2.544776,2.838908,-54.522217,-27.510312,-50.112359,15.358806,3.333144,-0.678894,-0.224570,0.0400
13.290939,3.704834,-0.209353,-0.742725,-2.544776,2.838908,-54.522217,-27.510312,-50.112359,15.358806,3.333144,-0.678894,-0.224570,0.0400
13.290939,3.704834,-0.209353,-0.742725,-2.544776,2.838908,-54.522217,-27.510312,-50.112359,15.358806,3.333144,-0.678894,-0.224570,0.0400
13.290939,3.704834,-0.209353,-0.742725,-2.544776,2.838908,-54.522217,-27.510312,-50.112359,15.358806,3.333144,-0.678894,-0.224570,0.0400
13.290939,3.704834,-0.209353,-0.742725,-2.544776,2.838908,-54.522217,-27.510312,-50.112359,15.358806,3.333144,-0.678894,-0.224570,0.0400
13.290939,3.704834,-0.209353,-0.742725,-2.544776,2.838908,-54.522217,-27.510312,-50.112359,15.358806,3.333144,-0.678894,-0.224570,0.0400
13.290939,3.704834,-0.209353,-0.742725,-2.544776,2.838908,-54.522217,-27.510312,-50.112359,15.358806,3.333144,-0.678894,-0.224570,0.0400
13.290939,3.704834,-0.209353,-0.742725,-2.544776,2.838908,-54.522217,-27.510312,-50.112359,15.358806,3.333144,-0.678894,-0.224570,0.0400
13.290939,3.704834,-0.209353,-0.742725,-2.544776,2.838908,-54.522217,-27.510312,-50.112359,15.358806,3.333144,-0.678894,-0.224570,0.0400
13.290939,3.704834,-0.209353,-0.742725,-2.544776,2.838908,-54.522217,-27.510312,-50.112359,15.358806,3.333144,-0.678894,-0.224570,0.0400
