-0.949353,0.336803,-0.423363,0.375492,0.000020,0.000068,0.143231,-27.510386,-50.112367,-0.958410,0.369449,-0.423331,0.375488,0.2250
-0.949353,0.336803,-0.423363,0.375492,0.001903,0.001433,0.144508,-27.510386,-50.112367,-0.976386,0.380983,-0.423297,0.375511,0.0400
-0.949353,0.336803,-0.423363,0.375492,-0.000890,0.000422,0.145301,-27.510386,-50.112367,-0.992557,0.392256,-0.423334,0.375514,0.0400
-0.949353,0.336803,-0.423363,0.375492,-0.000790,-0.001419,0.146255,-27.510386,-50.112367,-1.006240,0.402272,-0.423367,0.375462,0.0400
-0.949353,0.336803,-0.423363,0.375492,0.001294,0.000918,0.146634,-27.510386,-50.112367,-1.019282,0.412131,-0.423338,0.375480,0.0400
-2.468318,1.347211,-0.903785,0.601194,0.001144,-0.000682,0.147621,-27.510398,-50.112359,-1.053259,0.436320,-0.432852,0.379948,0.0400
-2.468318,1.347211,-0.903785,0.601194,-0.000407,0.000179,0.148012,-27.510398,-50.112359,-1.261848,0.573443,-0.529429,0.425328,0.0400
-2.468318,1.347211,-0.903785,0.601194,-0.000266,-0.000420,0.147659,-27.510398,-50.112359,-1.388760,0.656849,-0.584709,0.451290,0.0400
-2.468318,1.347211,-0.903785,0.601194,0.003243,0.000466,0.147043,-27.510398,-50.112359,-1.517840,0.741540,-0.637876,0.476358,0.0410
-2.468318,1.347211,-0.903785,0.601194,0.000118,0.000502,0.147521,-27.510398,-50.112359,-1.638749,0.820742,-0.684457,0.498237,0.0410
-2.468318,1.347211,-0.903785,0.601194,0.000264,0.000450,0.148236,-27.510398,-50.112359,-1.746104,0.890993,-0.722697,0.516218,0.0400
-2.468318,1.347211,-0.903785,0.601194,-0.003325,0.001027,0.149000,-27.510398,-50.112359,-1.831023,0.946533,-0.750385,0.529198,0.0410
-2.468318,1.347211,-0.903785,0.601194,0.000217,-0.000052,0.149511,-27.510398,-50.112359,-1.904098,0.994322,-0.772098,0.539394,0.0400
-2.468318,1.347211,-0.903785,0.601194,0.000588,0.000605,0.148842,-27.510398,-50.112359,-1.981508,1.044871,-0.793420,0.549419,0.0400
-2.468318,1.347211,-0.903785,0.601194,0.000016,-0.000044,0.148053,-27.510398,-50.112359,-2.055793,1.093371,-0.811796,0.558046,0.0410
-2.468318,1.347211,-0.903785,0.601194,-0.000587,0.000033,0.147197,-27.510398,-50.112359,-2.132076,1.143180,-0.828466,0.565873,0.0400
-2.468318,1.347211,-0.903785,0.601194,0.001000,-0.002255,0.148201,-27.510398,-50.112359,-2.192082,1.182341,-0.840148,0.571289,0.0400
-2.468318,1.347211,-0.903785,0.601194,-0.000347,-0.000092,0.149109,-27.510398,-50.112359,-2.257309,1.224928,-0.851358,0.576553,0.0400
-2.468318,1.347211,-0.903785,0.601194,-0.000037,-0.000036,0.149470,-27.510398,-50.112359,-2.317752,1.264414,-0.860283,0.580765,0.0400
-2.468318,1.347211,-0.903785,0.601194,-0.000020,-0.000017,0.150392,-27.510398,-50.112359,-2.368602,1.297616,-0.867026,0.583942,0.0400
-2.468318,1.347211,-0.903785,0.601194,-0.000455,0.000202,0.149662,-27.510398,-50.112359,-2.418170,1.330008,-0.872717,0.586588,0.0400
-2.468318,1.347211,-0.903785,0.601194,-0.000186,-0.000004,0.149924,-27.510398,-50.112359,-2.464956,1.360576,-0.877382,0.588774,0.0410
-2.468318,1.347211,-0.903785,0.601194,0.000982,0.000009,0.150457,-27.510398,-50.112359,-2.513499,1.392310,-0.881870,0.590872,0.0400
-2.468318,1.347211,-0.903785,0.601194,0.000317,-0.001205,0.150962,-27.510398,-50.112359,-2.557818,1.421305,-0.885213,0.592481,0.0400
-3.227800,1.684014,-0.832389,0.369134,-0.000464,-0.000792,0.151340,-27.510404,-50.112356,-2.617190,1.450332,-0.879514,0.566043,0.0400
-3.227800,1.684014,-0.832389,0.369134,0.000175,0.000472,0.151154,-27.510404,-50.112356,-2.677986,1.477702,-0.872430,0.536394,0.0400
-3.227800,1.684014,-0.832389,0.369134,0.000062,0.000210,0.151407,-27.510404,-50.112356,-2.746571,1.508244,-0.865429,0.507019,0.0400
-3.227800,1.684014,-0.832389,0.369134,-0.000197,0.000198,0.152585,-27.510404,-50.112356,-2.807733,1.535221,-0.859991,0.484201,0.0410
-3.227800,1.684014,-0.832389,0.369134,-0.000437,-0.000565,0.153231,-27.510404,-50.112356,-2.865193,1.560479,-0.855597,0.465707,0.0400
-3.227800,1.684014,-0.832389,0.369134,0.000157,0.000579,0.152684,-27.510404,-50.112356,-2.916533,1.582897,-0.852111,0.451186,0.0400
-3.227800,1.684014,-0.832389,0.369134,-0.000365,-0.000115,0.152513,-27.510404,-50.112356,-2.970056,1.606183,-0.848969,0.437993,0.0400
-3.227800,1.684014,-0.832389,0.369134,-0.000749,0.000085,0.151608,-27.510404,-50.112356,-3.008439,1.622879,-0.846991,0.429728,0.0410
-3.227800,1.684014,-0.832389,0.369134,-0.000234,0.002730,0.150101,-27.510404,-50.112356,-3.055288,1.643111,-0.844792,0.420607,0.0400
-3.227800,1.684014,-0.832389,0.369134,-0.001120,-0.000609,0.149342,-27.510404,-50.112356,-3.107109,1.665416,-0.842713,0.411780,0.0400
-3.227800,1.684014,-0.832389,0.369134,0.002779,-0.001757,0.148957,-27.510404,-50.112356,-3.152140,1.684744,-0.841043,0.405108,0.0400
-3.227800,1.684014,-0.832389,0.369134,-0.000915,0.000233,0.148559,-27.510404,-50.112356,-3.199361,1.705005,-0.839696,0.399348,0.0410
-3.227800,1.684014,-0.832389,0.369134,-0.000065,0.000199,0.148421,-27.510404,-50.112356,-3.243660,1.723988,-0.838489,0.394383,0.0400
-3.227800,1.684014,-0.832389,0.369134,-0.000034,-0.000550,0.148143,-27.510404,-50.112356,-3.289312,1.743577,-0.837472,0.390156,0.0400
-3.227800,1.684014,-0.832389,0.369134,-0.000051,0.000019,0.148050,-27.510404,-50.112356,-3.325127,1.758888,-0.836757,0.387229,0.0400
-3.227800,1.684014,-0.832389,0.369134,0.001080,0.001054,0.148551,-27.510404,-50.112356,-3.364185,1.775624,-0.836076,0.384532,0.0400
-3.227800,1.684014,-0.832389,0.369134,-0.001501,-0.000018,0.149427,-27.510404,-50.112356,-3.401634,1.791644,-0.835560,0.382222,0.0400
-3.227800,1.684014,-0.832389,0.369134,0.000245,0.000157,0.149255,-27.510404,-50.112356,-3.440696,1.808384,-0.835057,0.380197,0.0400
-3.227800,1.684014,-0.832389,0.369134,-0.001730,0.001908,0.148266,-27.510404,-50.112356,-3.476072,1.823541,-0.834700,0.378637,0.0400
-3.797412,1.684014,-0.833400,-0.000000,-0.001656,0.002627,0.146245,-27.510410,-50.112354,-3.515078,1.834049,-0.834400,0.359821,0.0400
-3.797412,1.684014,-0.833400,-0.000000,-0.001981,-0.001449,0.145854,-27.510410,-50.112354,-3.561048,1.832864,-0.834285,0.305560,0.0400
-3.797412,1.684014,-0.833400,-0.000000,0.000557,0.001064,0.145350,-27.510410,-50.112354,-3.610463,1.831740,-0.834169,0.256550,0.0400
-3.797412,1.684014,-0.833400,-0.000000,-0.000868,-0.003915,0.146294,-27.510410,-50.112354,-3.665000,1.830033,-0.834040,0.210202,0.0590
-3.797412,1.684014,-0.833400,-0.000000,0.000382,0.000208,0.146726,-27.510410,-50.112354,-3.708792,1.828097,-0.833938,0.177650,0.0400
-3.797412,1.684014,-0.833400,-0.000000,-0.000167,0.000062,0.147192,-27.510410,-50.112354,-3.753364,1.826435,-0.833867,0.150054,0.0410
-3.797412,1.684014,-0.833400,-0.000000,0.000032,-0.000426,0.146367,-27.510410,-50.112354,-3.802924,1.824357,-0.833787,0.123741,0.0410
-3.797412,1.684014,-0.833400,-0.000000,0.001298,0.000565,0.146296,-27.510410,-50.112354,-3.844121,1.822569,-0.833677,0.105251,0.0400
-3.797412,1.684014,-0.833400,-0.000000,0.000303,0.000244,0.147534,-27.510410,-50.112354,-3.890231,1.820432,-0.833655,0.087326,0.0410
-3.797412,1.684014,-0.833400,-0.000000,-0.000926,-0.000238,0.148993,-27.510410,-50.112354,-3.928398,1.818643,-0.833632,0.074686,0.0400
-3.797412,1.684014,-0.833400,-0.000000,-0.000813,-0.000380,0.149432,-27.510410,-50.112354,-3.964424,1.816909,-0.833613,0.064258,0.0400
-3.797412,1.684014,-0.833400,-0.000000,-0.000020,0.000743,0.149900,-27.510410,-50.112354,-3.999107,1.815126,-0.833560,0.055308,0.0400
-3.797412,1.684014,-0.833400,-0.000000,0.000682,-0.000199,0.151040,-27.510410,-50.112354,-4.040232,1.813176,-0.833497,0.046467,0.0400
-3.797412,1.684014,-0.833400,-0.000000,0.000318,-0.000283,0.151358,-27.510410,-50.112354,-4.079227,1.811301,-0.833454,0.039221,0.0400
-3.797412,1.684014,-0.833400,-0.000000,-0.000370,0.000144,0.152039,-27.510410,-50.112354,-4.121276,1.809231,-0.833444,0.032746,0.0400
-3.797412,1.684014,-0.833400,-0.000000,0.000653,-0.001006,0.153981,-27.510410,-50.112354,-4.159130,1.807409,-0.833379,0.027438,0.0410
-3.797412,1.684014,-0.833400,-0.000000,-0.001161,-0.000082,0.155381,-27.510410,-50.112354,-4.191936,1.805691,-0.833368,0.023455,0.0400
-3.797412,1.684014,-0.833400,-0.000000,0.000050,-0.000057,0.156161,-27.510410,-50.112354,-4.235172,1.803624,-0.833337,0.019257,0.0400
-3.797412,1.684014,-0.833400,-0.000000,0.000437,-0.000333,0.157541,-27.510410,-50.112354,-4.274962,1.801721,-0.833329,0.015973,0.0570
-4.367023,2.020816,-0.717378,0.424175,0.000875,-0.000491,0.157963,-27.510416,-50.112350,-4.306996,1.807405,-0.827840,0.033806,0.0400
-4.367023,2.020816,-0.717378,0.424175,-0.000450,0.000152,0.157398,-27.510416,-50.112350,-4.342458,1.828946,-0.811785,0.090438,0.0400
-4.367023,2.020816,-0.717378,0.424175,-0.000183,0.000604,0.158039,-27.510416,-50.112350,-4.380930,1.852810,-0.796675,0.143929,0.0400
-4.367023,2.020816,-0.717378,0.424175,0.000118,-0.001093,0.158012,-27.510416,-50.112350,-4.418116,1.875833,-0.784349,0.187455,0.0400
-4.367023,2.020816,-0.717378,0.424175,-0.000680,-0.000405,0.157274,-27.510416,-50.112350,-4.454726,1.898726,-0.773955,0.224216,0.0410
-4.367023,2.020816,-0.717378,0.424175,-0.000155,-0.000006,0.156300,-27.510416,-50.112350,-4.489400,1.920614,-0.765454,0.254301,0.0400
-4.367023,2.020816,-0.717378,0.424175,-0.000099,-0.000009,0.154102,-27.510416,-50.112350,-4.528316,1.945413,-0.757245,0.283283,0.0400
-4.367023,2.020816,-0.717378,0.424175,0.001000,0.001634,0.153062,-27.510416,-50.112350,-4.556128,1.962773,-0.752653,0.299431,0.0410
-4.367023,2.020816,-0.717378,0.424175,0.001065,-0.001982,0.151609,-27.510416,-50.112350,-4.587955,1.983503,-0.747120,0.318929,0.0400
-4.367023,2.020816,-0.717378,0.424175,-0.000497,-0.000221,0.150468,-27.510416,-50.112350,-4.615750,2.001155,-0.743423,0.332022,0.0400
-4.367023,2.020816,-0.717378,0.424175,-0.000056,-0.000925,0.151299,-27.510416,-50.112350,-4.723252,2.067276,-0.733340,0.367368,0.1500
-4.367023,2.020816,-0.717378,0.424175,0.002212,0.000383,0.154119,-27.510416,-50.112350,-4.797410,2.113987,-0.728538,0.384210,0.1180
-4.367023,2.020816,-0.717378,0.424175,0.001202,0.001184,0.156430,-27.510416,-50.112350,-4.862683,2.155299,-0.725339,0.395441,0.1150
-4.367023,2.020816,-0.717378,0.424175,0.000043,0.000566,0.157587,-27.510416,-50.112350,-4.956559,2.214991,-0.722150,0.406568,0.1490
-6.075859,2.694422,-1.072070,0.422599,0.000201,0.000330,0.158063,-27.510431,-50.112344,-5.006799,2.235728,-0.765069,0.408792,0.0410
-6.075859,2.694422,-1.072070,0.422599,-0.000909,0.000925,0.160796,-27.510431,-50.112344,-5.167236,2.300871,-0.869846,0.413575,0.1300
-6.075859,2.694422,-1.072070,0.422599,-0.000671,0.000351,0.162164,-27.510431,-50.112344,-5.251323,2.334786,-0.910585,0.415394,0.0680
-6.075859,2.694422,-1.072070,0.422599,0.000343,0.001255,0.162994,-27.510431,-50.112344,-5.461865,2.419316,-0.982104,0.418676,0.1200
-6.075859,2.694422,-1.072070,0.422599,0.185001,0.020022,0.161283,-27.510431,-50.112344,-5.806894,2.557440,-1.040377,0.420999,0.3440
-6.075859,2.694422,-1.072070,0.422599,0.063189,0.080833,0.169823,-27.510431,-50.112344,-6.071387,2.663016,-1.055922,0.423377,0.2580
-5.885988,2.694422,0.756233,0.000000,-0.018331,-0.054384,0.170276,-27.510429,-50.112344,-6.114438,2.680872,-1.044955,0.420339,0.0430
-5.885988,2.694422,0.756233,0.000000,-0.041998,0.055676,0.169649,-27.510429,-50.112344,-6.079320,2.681816,-0.777779,0.356541,0.0500
-5.885988,2.694422,0.756233,0.000000,-0.011865,0.014367,0.169657,-27.510429,-50.112344,-6.029325,2.681818,-0.486224,0.292407,0.0410
-5.885988,2.694422,0.756233,0.000000,-0.000082,-0.016286,0.169800,-27.510429,-50.112344,-5.988110,2.682818,-0.266620,0.240338,0.0770
-5.885988,2.694422,0.756233,0.000000,-0.074119,0.027508,0.170775,-27.510429,-50.112344,-5.940084,2.683567,-0.072509,0.192554,0.0660
-5.885988,2.694422,0.756233,0.000000,-0.039703,-0.046672,0.171004,-27.510429,-50.112344,-5.908123,2.683831,0.034126,0.167095,0.0410
-5.885988,2.694422,0.756233,0.000000,0.011149,-0.039295,0.171723,-27.510429,-50.112344,-5.874809,2.684082,0.137979,0.142439,0.0400
-5.885988,2.694422,0.756233,0.000000,-0.010432,-0.068630,0.171022,-27.510429,-50.112344,-5.847469,2.684603,0.208684,0.125395,0.0420
-5.885988,2.694422,0.756233,0.000000,-0.059700,-0.000715,0.171588,-27.510429,-50.112344,-5.814937,2.684581,0.283121,0.107073,0.0400
-5.885988,2.694422,0.756233,0.000000,0.033594,0.027644,0.173838,-27.510429,-50.112344,-5.791900,2.684627,0.330059,0.096325,0.0400
-5.885988,2.694422,0.756233,0.000000,-0.044063,-0.030499,0.170664,-27.510429,-50.112344,-5.735613,2.687809,0.494480,0.062950,0.0760
-5.885988,2.694422,0.756233,0.000000,0.081479,-0.024979,0.169720,-27.510429,-50.112344,-5.687557,2.687347,0.585729,0.040815,0.0650
-5.885988,2.694422,0.756233,0.000000,0.027541,-0.037148,0.175100,-27.510429,-50.112344,-5.647414,2.688607,0.620237,0.032731,0.0420
-5.885988,2.694422,0.756233,0.000000,-0.003927,0.028948,0.176381,-27.510429,-50.112344,-5.605938,2.688364,0.671176,0.019249,0.0700
-5.885988,2.694422,0.756233,0.000000,0.015174,-0.002554,0.174979,-27.510429,-50.112344,-5.557645,2.688284,0.699821,0.013237,0.0650
-5.885988,2.694422,0.756233,0.000000,0.199761,0.116957,0.175785,-27.510429,-50.112344,-5.527804,2.688247,0.713012,0.012049,0.0410
-5.885988,2.694422,0.756233,0.000000,0.036588,-0.028095,0.176669,-27.510429,-50.112344,-5.488443,2.688246,0.723408,0.009732,0.0410
-5.885988,2.694422,0.756233,0.000000,-0.011243,0.004671,0.177710,-27.510429,-50.112344,-5.450777,2.688285,0.725584,0.007200,0.0590
-5.885988,2.694422,0.756233,0.000000,0.014839,0.004628,0.180729,-27.510429,-50.112344,-5.416944,2.688309,0.727375,0.007257,0.0440
-7.594824,3.031224,-1.080131,0.212888,-0.087052,0.037717,0.191383,-27.510445,-50.112339,-5.456454,2.698230,0.497639,0.033615,0.0600
-7.594824,3.031224,-1.080131,0.212888,0.045559,0.072661,0.200938,-27.510445,-50.112339,-5.559951,2.717757,0.136376,0.074222,0.0710
-7.594824,3.031224,-1.080131,0.212888,0.094242,-0.018102,0.222500,-27.510445,-50.112339,-5.664615,2.737530,-0.133797,0.109339,0.0830
-7.594824,3.031224,-1.080131,0.212888,-0.041847,-0.063796,0.246181,-27.510445,-50.112339,-5.720162,2.747867,-0.261216,0.122390,0.0400
-7.594824,3.031224,-1.080131,0.212888,-0.061752,-0.184789,0.281447,-27.510445,-50.112339,-5.816612,2.766176,-0.440979,0.139795,0.0720
-7.594824,3.031224,-1.080131,0.212888,-0.087550,-0.082753,0.317198,-27.510445,-50.112339,-5.905651,2.782983,-0.572700,0.154365,0.0710
-7.594824,3.031224,-1.080131,0.212888,-0.139023,0.164124,0.566537,-27.510445,-50.112339,-6.159317,2.830885,-0.835112,0.195123,0.1480
-7.594824,3.031224,-1.080131,0.212888,0.105451,1.136117,0.985271,-27.510445,-50.112339,-6.299099,2.857428,-0.929367,0.263906,0.1620
-7.594824,3.031224,-1.080131,0.212888,0.224792,-0.336966,1.097578,-27.510445,-50.112339,-6.462547,2.888923,-0.971928,0.265926,0.1080
-7.594824,3.031224,-1.080131,0.212888,-0.139302,-1.138961,0.133559,-27.510445,-50.112339,-6.571596,2.909736,-0.984721,0.192623,0.1150
-8.354306,2.694422,-0.959364,-0.425443,-0.436456,-1.744704,-4.102072,-27.510453,-50.112341,-6.793288,2.890681,-1.058832,-0.188734,0.1680
-8.354306,2.694422,-0.959364,-0.425443,-0.133773,-0.010832,-9.500987,-27.510453,-50.112341,-7.055564,2.789123,-1.052329,-0.440457,0.2450
-8.354306,2.694422,-0.959364,-0.425443,1.909290,0.063039,-15.233837,-27.510453,-50.112341,-7.299164,2.693354,-0.809388,-0.440030,0.2050
-8.354306,2.694422,-0.959364,-0.425443,0.682795,1.119444,-21.152359,-27.510453,-50.112341,-7.546045,2.595330,-0.692673,-0.308535,0.2390
-8.354306,2.694422,-0.959364,-0.425443,-0.179532,0.964687,-26.812773,-27.510453,-50.112341,-7.740015,2.519057,-0.821200,-0.250142,0.2070
-8.734048,3.368027,-0.447165,0.793205,-0.229981,1.085861,-28.531841,-27.510454,-50.112335,-7.794682,2.536279,-0.798772,-0.077976,0.0410
-8.734048,3.368027,-0.447165,0.793205,-0.477682,0.062423,-32.879921,-27.510454,-50.112335,-7.881645,2.668477,-0.699224,0.340656,0.1790
-8.734048,3.368027,-0.447165,0.793205,-1.028483,-1.374361,-39.157951,-27.510454,-50.112335,-7.985138,2.833106,-0.701595,0.428409,0.1760
-8.734048,3.368027,-0.447165,0.793205,-0.508505,0.728714,-41.563934,-27.510454,-50.112335,-8.108841,3.025672,-0.676454,0.665350,0.2410
-8.734048,3.368027,-0.447165,0.793205,0.206215,-0.114255,-41.817554,-27.510454,-50.112335,-8.161964,3.110352,-0.613968,0.723050,0.1120
-8.734048,3.368027,-0.447165,0.793205,0.401600,-0.210823,-41.892246,-27.510454,-50.112335,-8.200813,3.172137,-0.554138,0.725496,0.0720
-8.734048,3.368027,-0.447165,0.793205,0.624614,-0.544166,-41.905891,-27.510454,-50.112335,-8.243015,3.240130,-0.485268,0.710013,0.0880
-8.734048,3.368027,-0.447165,0.793205,0.920545,-0.587883,-41.915001,-27.510454,-50.112335,-8.264580,3.275022,-0.448499,0.696714,0.0400
-8.734048,3.368027,-0.447165,0.793205,0.828237,-0.488150,-41.953823,-27.510454,-50.112335,-8.294459,3.323368,-0.400196,0.683393,0.0400
-8.923919,3.368027,-0.833400,-0.000000,0.513736,-0.523154,-42.005634,-27.510455,-50.112334,-8.339010,3.334008,-0.434462,0.562284,0.0630
-8.923919,3.368027,-0.833400,-0.000000,0.614333,-0.596884,-42.065460,-27.510455,-50.112334,-8.396262,3.334037,-0.489984,0.418625,0.0650
-8.923919,3.368027,-0.833400,-0.000000,0.544036,-0.247290,-42.085388,-27.510455,-50.112334,-8.437944,3.333361,-0.522284,0.338427,0.0410
-8.923919,3.368027,-0.833400,-0.000000,0.576492,-0.378740,-42.087074,-27.510455,-50.112334,-8.464066,3.333035,-0.539120,0.296563,0.0400
-8.923919,3.368027,-0.833400,-0.000000,0.581086,-0.405450,-42.016453,-27.510455,-50.112334,-8.513836,3.348599,-0.583279,0.190059,0.0400
-8.923919,3.368027,-0.833400,-0.000000,0.930419,-0.397877,-41.948536,-27.510455,-50.112334,-8.557600,3.346360,-0.665383,0.086221,0.0410
-8.923919,3.368027,-0.833400,-0.000000,0.641143,-0.355952,-41.840836,-27.510455,-50.112334,-8.601864,3.345449,-0.696450,0.042593,0.0400
-8.923919,3.368027,-0.833400,-0.000000,0.264053,0.173952,-41.778725,-27.510455,-50.112334,-8.620036,3.345254,-0.709081,0.038700,0.0400
-8.923919,3.368027,-0.833400,-0.000000,0.264053,0.173952,-41.778725,-27.510455,-50.112334,-8.620036,3.345254,-0.709081,0.038700,0.0400
-8.923919,3.368027,-0.833400,-0.000000,-0.003877,0.561661,-41.384350,-27.510455,-50.112334,-8.720097,3.346952,-0.782592,0.037364,0.0530
-8.923919,3.368027,-0.833400,-0.000000,-0.216484,0.621170,-41.262375,-27.510455,-50.112334,-8.760368,3.345943,-0.807271,0.042835,0.0410
-8.923919,3.368027,-0.833400,-0.000000,-0.075239,0.401026,-41.177788,-27.510455,-50.112334,-8.788641,3.345372,-0.819978,0.047465,0.0400
-8.923919,3.368027,-0.833400,-0.000000,-0.003555,0.369849,-41.177788,-27.510455,-50.112334,-8.788641,3.345372,-0.819978,0.047465,0.0400
-8.923919,3.368027,-0.833400,-0.000000,-0.003555,0.369849,-41.177788,-27.510455,-50.112334,-8.788641,3.345372,-0.819978,0.047465,0.0400
-8.923919,3.368027,-0.833400,-0.000000,0.124959,0.046837,-42.131462,-27.510455,-50.112334,-8.926232,3.350043,-0.839646,0.034513,0.0470
-8.923919,3.368027,-0.833400,-0.000000,-0.132922,0.266640,-42.405067,-27.510455,-50.112334,-8.964149,3.348546,-0.839666,0.022792,0.0450
-8.923919,3.368027,-0.833400,-0.000000,-0.491536,0.246803,-42.570778,-27.510455,-50.112334,-9.006443,3.347573,-0.856844,0.024193,0.0410
-8.923919,3.368027,-0.833400,-0.000000,-0.488138,0.154941,-42.573608,-27.510455,-50.112334,-9.008915,3.347569,-0.857893,0.024247,0.0560
-8.923919,3.368027,-0.833400,-0.000000,-0.513563,0.158302,-42.455910,-27.510455,-50.112334,-9.098570,3.349583,-0.907722,0.028759,0.0400
-7.215084,4.378435,0.549104,0.324677,-0.427087,-0.096075,-42.574982,-27.510441,-50.112329,-9.133599,3.350177,-0.843744,0.018541,0.0530
-7.215084,4.378435,0.549104,0.324677,-0.938360,-0.169583,-43.523899,-27.510441,-50.112329,-9.043844,3.387548,-0.231998,0.157821,0.0420
-7.215084,4.378435,0.549104,0.324677,-0.692730,0.021757,-44.254959,-27.510441,-50.112329,-8.999454,3.409664,-0.067553,0.200342,0.0690
-7.215084,4.378435,0.549104,0.324677,-0.783871,0.012450,-44.532429,-27.510441,-50.112329,-8.952125,3.433303,0.052577,0.231622,0.0400
-7.215084,4.378435,0.549104,0.324677,-0.674655,0.035587,-44.538197,-27.510441,-50.112329,-8.934850,3.449156,0.087364,0.238245,0.0400
-7.215084,4.378435,0.549104,0.324677,-0.422324,0.205500,-44.518051,-27.510441,-50.112329,-8.891320,3.472292,0.235348,0.268370,0.0570
-7.215084,4.378435,0.549104,0.324677,-0.429092,0.037465,-44.484764,-27.510441,-50.112329,-8.851031,3.493860,0.305036,0.288194,0.0400
-7.215084,4.378435,0.549104,0.324677,-0.158943,-0.011192,-44.479710,-27.510441,-50.112329,-8.838003,3.501035,0.323071,0.291091,0.0400
-7.215084,4.378435,0.549104,0.324677,-0.158943,-0.011192,-44.479710,-27.510441,-50.112329,-8.838003,3.501035,0.323071,0.291091,0.0410
-7.215084,4.378435,0.549104,0.324677,-0.158943,-0.011192,-44.479710,-27.510441,-50.112329,-8.838003,3.501035,0.323071,0.291091,0.0400
-7.215084,4.378435,0.549104,0.324677,-0.000474,-0.057881,-44.431549,-27.510441,-50.112329,-8.753132,3.560133,0.506793,0.309814,0.0410
-7.215084,4.378435,0.549104,0.324677,0.405976,-0.086485,-44.390179,-27.510441,-50.112329,-8.717145,3.580574,0.536649,0.319368,0.0560
-7.215084,4.378435,0.549104,0.324677,0.019444,-0.121404,-44.346764,-27.510441,-50.112329,-8.682898,3.600486,0.547189,0.318053,0.0400
-7.215084,4.378435,0.549104,0.324677,-0.037796,-0.207395,-44.345669,-27.510441,-50.112329,-8.681481,3.601313,0.547155,0.317761,0.0400
-7.215084,4.378435,0.549104,0.324677,0.651508,-0.200904,-44.185566,-27.510441,-50.112329,-8.615533,3.640285,0.574875,0.300708,0.0610
-7.215084,4.378435,0.549104,0.324677,0.394178,-0.586478,-44.116318,-27.510441,-50.112329,-8.591420,3.655306,0.584713,0.289859,0.0400
-7.215084,4.378435,0.549104,0.324677,0.668411,0.194037,-43.954018,-27.510441,-50.112329,-8.532883,3.690923,0.599953,0.294406,0.0880
-7.215084,4.378435,0.549104,0.324677,0.126363,0.016552,-43.852566,-27.510441,-50.112329,-8.503726,3.708306,0.604785,0.306418,0.0450
-5.885989,4.715237,0.573484,0.145325,-0.549062,0.371967,-43.426903,-27.510429,-50.112325,-8.397710,3.755923,0.571427,0.322090,0.1290
-5.885989,4.715237,0.573484,0.145325,-0.164937,0.481500,-42.466145,-27.510429,-50.112325,-8.190048,3.814599,0.500651,0.298235,0.2310
-5.885989,4.715237,0.573484,0.145325,0.505822,-0.062752,-41.835686,-27.510429,-50.112325,-7.941337,3.886890,0.552272,0.178556,0.3420
-5.885989,4.715237,0.573484,0.145325,0.742859,0.507755,-41.390923,-27.510429,-50.112325,-7.735594,3.946466,0.665885,0.192294,0.3090
-5.885989,4.715237,0.573484,0.145325,0.750169,0.535335,-41.341579,-27.510429,-50.112325,-7.704038,3.955597,0.691214,0.200723,0.0430
-5.506248,5.052040,0.546523,0.484726,0.637231,0.191185,-41.270790,-27.510425,-50.112319,-7.671760,3.967368,0.704806,0.213533,0.0410
-5.506248,5.052040,0.546523,0.484726,1.069505,0.415457,-41.168259,-27.510425,-50.112319,-7.636979,3.995773,0.715259,0.267646,0.0400
-5.506248,5.052040,0.546523,0.484726,0.694671,0.128990,-42.529774,-27.510425,-50.112319,-7.512055,4.091428,0.754268,0.392448,0.1670
-5.506248,5.052040,0.546523,0.484726,0.546223,0.709972,-47.248913,-27.510425,-50.112319,-7.357308,4.212709,0.671293,0.511990,0.2240
-5.506248,5.052040,0.546523,0.484726,-0.207001,0.633393,-50.353687,-27.510425,-50.112319,-7.294881,4.261936,0.622663,0.560303,0.0840
-5.506248,5.052040,0.546523,0.484726,-0.490367,0.752341,-51.129230,-27.510425,-50.112319,-7.269563,4.281719,0.598213,0.579054,0.0400
-5.506248,5.052040,0.546523,0.484726,-0.480992,0.738641,-51.641304,-27.510425,-50.112319,-7.237491,4.307006,0.573437,0.591451,0.0460
-5.506248,5.052040,0.546523,0.484726,-0.413728,0.290835,-52.133953,-27.510425,-50.112319,-7.197364,4.338763,0.545551,0.597642,0.0580
-5.506248,5.052040,0.546523,0.484726,-0.317731,-0.179835,-52.558044,-27.510425,-50.112319,-7.156661,4.370917,0.527854,0.572316,0.0600
-5.506248,5.052040,0.546523,0.484726,-0.551835,-0.396188,-52.851799,-27.510425,-50.112319,-7.125969,4.395377,0.513312,0.542146,0.0410
-5.506248,5.052040,0.546523,0.484726,-0.398248,-0.728954,-53.153423,-27.510425,-50.112319,-7.092424,4.421426,0.503866,0.498343,0.0400
-5.506248,5.052040,0.546523,0.484726,-0.558703,-1.057403,-53.479416,-27.510425,-50.112319,-7.061037,4.448944,0.481765,0.448213,0.0400
-5.506248,5.052040,0.546523,0.484726,-0.494711,-1.205576,-53.722317,-27.510425,-50.112319,-7.033772,4.470582,0.478228,0.415712,0.0440
-5.506248,5.052040,0.546523,0.484726,-0.672749,-1.217230,-54.001724,-27.510425,-50.112319,-7.001123,4.496401,0.467356,0.386541,0.0400
-5.506248,5.052040,0.546523,0.484726,-0.432359,-1.086961,-54.084488,-27.510413,-50.112314,-6.990913,4.504507,0.464592,0.374892,0.0400
-5.506248,5.052040,0.546523,0.484726,-0.432359,-1.086961,-54.084488,-27.510413,-50.112314,-6.990913,4.504507,0.464592,0.374892,0.0400
-5.506248,5.052040,0.546523,0.484726,-0.432359,-1.086961,-54.084488,-27.510413,-50.112314,-6.990913,4.504507,0.464592,0.374892,0.0550
-3.987283,5.388842,0.647897,0.143659,-0.432359,-1.086423,-54.728832,-27.510413,-50.112314,-6.879733,4.560088,0.593162,0.194101,0.0410
-3.987283,5.388842,0.647897,0.143659,-0.155275,-0.197724,-54.864845,-27.510413,-50.112314,-6.829228,4.569056,0.625699,0.142603,0.0650
-3.987283,5.388842,0.647897,0.143659,0.042064,0.039927,-54.940594,-27.510413,-50.112314,-6.782634,4.580251,0.633325,0.139548,0.0400
-3.987283,5.388842,0.647897,0.143659,-0.039101,-0.587666,-54.981136,-27.510413,-50.112314,-6.744765,4.589293,0.637489,0.137632,0.0430
-3.987283,5.388842,0.647897,0.143659,-0.325872,-0.324523,-55.024578,-27.510413,-50.112314,-6.703034,4.599672,0.630136,0.123945,0.0400
-3.987283,5.388842,0.647897,0.143659,0.363025,0.103426,-55.062344,-27.510413,-50.112314,-6.625944,4.617370,0.651524,0.140089,0.0970
-3.987283,5.388842,0.647897,0.143659,0.606833,0.486370,-55.060314,-27.510413,-50.112314,-6.590483,4.625869,0.665512,0.152558,0.0420
-3.987283,5.388842,0.647897,0.143659,1.193614,0.638983,-55.013233,-27.510413,-50.112314,-6.533921,4.639181,0.712806,0.180341,0.0410
-3.987283,5.388842,0.647897,0.143659,1.440451,0.781545,-54.945053,-27.510413,-50.112314,-6.488756,4.649721,0.754110,0.203175,0.0770
-3.987283,5.388842,0.647897,0.143659,0.778032,0.487238,-54.955280,-27.510413,-50.112314,-6.432905,4.662757,0.781058,0.221079,0.0560
-3.227801,6.399250,0.633661,0.843017,0.321690,0.171686,-55.174259,-27.510405,-50.112304,-6.171885,4.733511,0.811912,0.224668,0.3110
-3.227801,6.399250,0.633661,0.843017,-0.133279,0.335921,-55.294537,-27.510405,-50.112304,-5.941968,4.992455,0.731599,0.607389,0.2570
-3.227801,6.399250,0.633661,0.843017,-0.037781,-0.169739,-55.337078,-27.510405,-50.112304,-5.896501,5.043755,0.717043,0.644331,0.0800
-3.227801,6.399250,0.633661,0.843017,0.058296,-0.103890,-55.373833,-27.510405,-50.112304,-5.853643,5.092153,0.700576,0.675762,0.0490
-3.227801,6.399250,0.633661,0.843017,-0.386190,-0.085628,-55.360256,-27.510405,-50.112304,-5.809564,5.141692,0.672648,0.693646,0.0570
-3.227801,6.399250,0.633661,0.843017,-0.170542,0.053474,-55.302010,-27.510405,-50.112304,-5.767359,5.189393,0.655899,0.718130,0.0410
-3.227801,6.399250,0.633661,0.843017,-0.193181,0.239480,-55.202858,-27.510405,-50.112304,-5.698784,5.266615,0.628220,0.750301,0.0830
-3.227801,6.399250,0.633661,0.843017,-0.760990,0.664793,-55.130245,-27.510405,-50.112304,-5.654494,5.316569,0.590545,0.793699,0.0520
-3.227801,6.399250,0.633661,0.843017,-0.699506,1.090596,-55.072952,-27.510405,-50.112304,-5.623452,5.351066,0.563667,0.829580,0.0400
-3.227801,6.399250,0.633661,0.843017,-1.640947,0.960682,-54.902874,-27.510405,-50.112304,-5.538805,5.446666,0.484647,0.917010,0.0930
-3.227801,6.399250,0.633661,0.843017,-1.372546,1.220134,-54.856880,-27.510405,-50.112304,-5.512096,5.476870,0.460422,0.951036,0.0450
-3.227801,6.399250,0.633661,0.843017,-1.611714,1.584975,-54.824955,-27.510405,-50.112304,-5.472427,5.520522,0.411001,0.995839,0.0400
-3.227801,6.399250,0.633661,0.843017,-1.640627,1.085774,-54.865486,-27.510405,-50.112304,-5.431887,5.567124,0.370970,1.032770,0.0510
-3.227801,6.399250,0.633661,0.843017,-2.050212,1.011300,-54.945564,-27.510405,-50.112304,-5.391072,5.614513,0.322054,1.060414,0.0510
-2.468318,8.083263,0.573159,1.270876,-2.177102,0.436602,-55.004154,-27.510398,-50.112289,-5.351579,5.659864,0.274576,1.052214,0.0400
-2.468318,8.083263,0.573159,1.270876,-1.709880,0.152213,-55.034615,-27.510398,-50.112289,-5.319347,5.728989,0.235371,1.087500,0.0400
-2.468318,8.083263,0.573159,1.270876,-1.356648,0.052707,-55.052486,-27.510398,-50.112289,-5.285548,5.791028,0.233003,1.124458,0.0410
-2.468318,8.083263,0.573159,1.270876,-1.455824,-0.091547,-55.039749,-27.510398,-50.112289,-5.245732,5.862313,0.233875,1.149405,0.0400
-2.468318,8.083263,0.573159,1.270876,-1.626328,-0.146723,-55.037910,-27.510398,-50.112289,-5.235606,5.879934,0.232609,1.153704,0.0400
-2.468318,8.083263,0.573159,1.270876,-1.626328,-0.146723,-55.037910,-27.510398,-50.112289,-5.235606,5.879934,0.232609,1.153704,0.0400
-2.468318,8.083263,0.573159,1.270876,-1.626328,-0.146723,-55.037910,-27.510398,-50.112289,-5.235606,5.879934,0.232609,1.153704,0.0400
-2.468318,8.083263,0.573159,1.270876,-1.626328,-0.146723,-55.037910,-27.510398,-50.112289,-5.235606,5.879934,0.232609,1.153704,0.0400
-2.468318,8.083263,0.573159,1.270876,-0.184116,-0.062566,-55.629345,-27.510398,-50.112289,-5.116071,6.186320,0.519479,1.261236,0.0690
-2.468318,8.083263,0.573159,1.270876,-0.098972,0.106124,-55.804638,-27.510398,-50.112289,-5.069148,6.267226,0.543460,1.273971,0.0410
-2.468318,8.083263,0.573159,1.270876,-0.059789,0.196552,-56.062084,-27.510398,-50.112289,-5.011714,6.370665,0.553118,1.283296,0.0830
-2.468318,8.083263,0.573159,1.270876,-0.060197,0.243124,-56.326088,-27.510398,-50.112289,-4.952993,6.477483,0.558574,1.291077,0.0770
-2.468318,8.083263,0.573159,1.270876,0.065694,0.250637,-56.490147,-27.510398,-50.112289,-4.913856,6.548185,0.568417,1.297465,0.0490
-2.468318,8.083263,0.573159,1.270876,-0.091836,0.269055,-57.290257,-27.510398,-50.112289,-4.739027,6.869233,0.591741,1.309346,0.2390
-1.708836,9.430474,0.810960,1.438525,0.150665,0.187995,-57.710987,-27.510391,-50.112273,-4.652278,7.026243,0.614048,1.310780,0.1090
-1.708836,9.430474,0.810960,1.438525,0.542876,-0.062684,-58.089394,-27.510391,-50.112273,-4.520746,7.233325,0.719332,1.357271,0.1340
-1.708836,9.430474,0.810960,1.438525,1.028195,-0.279423,-58.482445,-27.510391,-50.112273,-4.261297,7.643266,0.913255,1.384759,0.2580
-1.708836,9.430474,0.810960,1.438525,1.212699,-0.141147,-58.563633,-27.510391,-50.112273,-4.106022,7.888678,1.014824,1.375499,0.1590
-1.708836,9.430474,0.810960,1.438525,1.311289,-0.491194,-58.585224,-27.510391,-50.112273,-4.066012,7.952290,1.034028,1.371529,0.0400
-1.708836,9.430474,0.810960,1.438525,1.158673,-0.753301,-58.592934,-27.510391,-50.112273,-4.020222,8.024682,1.053588,1.359708,0.0490
-1.708836,9.430474,0.810960,1.438525,1.117775,-0.597314,-58.556644,-27.510391,-50.112273,-3.973834,8.098965,1.066340,1.343344,0.0400
-1.708836,9.430474,0.810960,1.438525,1.031317,-0.299401,-58.425846,-27.510391,-50.112273,-3.913163,8.185906,1.091795,1.317050,0.0400
-1.708836,9.430474,0.810960,1.438525,1.148242,-0.632597,-58.275654,-27.510391,-50.112273,-3.864201,8.265490,1.073945,1.324439,0.0630
-1.708836,9.430474,0.810960,1.438525,1.042230,-0.461299,-58.127983,-27.510391,-50.112273,-3.823165,8.333537,1.062170,1.328222,0.0400
-1.708836,9.430474,0.810960,1.438525,1.161205,-0.661233,-58.055420,-27.510391,-50.112273,-3.806274,8.361243,1.060775,1.326671,0.0400
-1.708836,9.430474,0.810960,1.438525,0.998912,-0.514500,-57.736313,-27.510391,-50.112273,-3.729296,8.466371,1.054739,1.329697,0.0410
-1.708836,9.430474,0.810960,1.438525,0.809287,-0.367046,-57.574596,-27.510391,-50.112273,-3.692600,8.530748,1.000211,1.352570,0.0410
-0.759483,11.451291,0.785289,1.671585,0.992625,-0.402389,-57.416496,-27.510384,-50.112255,-3.647261,8.620468,0.968809,1.420109,0.0400
-0.759483,11.451291,0.785289,1.671585,0.506344,-0.109687,-57.365761,-27.510384,-50.112255,-3.631062,8.653346,0.957517,1.445022,0.0400
-0.759483,11.451291,0.785289,1.671585,0.506344,-0.109687,-57.365761,-27.510384,-50.112255,-3.631062,8.653346,0.957517,1.445022,0.0400
-0.759483,11.451291,0.785289,1.671585,0.506344,-0.109687,-57.365761,-27.510384,-50.112255,-3.631062,8.653346,0.957517,1.445022,0.0400
-0.759483,11.451291,0.785289,1.671585,0.406678,0.028382,-57.246880,-27.510384,-50.112255,-3.483044,8.914125,0.855908,1.605602,0.0410
-0.759483,11.451291,0.785289,1.671585,0.421865,-0.023208,-57.240982,-27.510384,-50.112255,-3.444859,8.993944,0.838239,1.638408,0.0450
-0.759483,11.451291,0.785289,1.671585,0.416679,-0.035974,-57.199272,-27.510384,-50.112255,-3.398241,9.085786,0.833887,1.650917,0.0400
-0.759483,11.451291,0.785289,1.671585,0.442508,-0.162416,-57.199272,-27.510384,-50.112255,-3.398241,9.085786,0.833887,1.650917,0.0400
-0.759483,11.451291,0.785289,1.671585,0.442508,-0.162416,-57.199272,-27.510384,-50.112255,-3.398241,9.085786,0.833887,1.650917,0.0400
-0.759483,11.451291,0.785289,1.671585,0.442508,-0.162416,-57.199272,-27.510384,-50.112255,-3.398241,9.085786,0.833887,1.650917,0.0400
-0.759483,11.451291,0.785289,1.671585,0.424857,-0.165292,-56.849083,-27.510384,-50.112255,-3.231994,9.423450,0.778924,1.647147,0.0400
-0.759483,11.451291,0.785289,1.671585,-0.334954,0.047341,-56.757046,-27.510384,-50.112255,-3.184492,9.513767,0.775560,1.665317,0.0540
-0.759483,11.451291,0.785289,1.671585,-0.329441,-0.173297,-56.677822,-27.510384,-50.112255,-3.136093,9.603180,0.767922,1.664011,0.0400
-0.759483,11.451291,0.785289,1.671585,-0.540701,0.136820,-56.661728,-27.510384,-50.112255,-3.122236,9.628685,0.763746,1.665732,0.0400
-0.759483,11.451291,0.785289,1.671585,-0.540701,0.136820,-56.661728,-27.510384,-50.112255,-3.122236,9.628685,0.763746,1.665732,0.0400
-0.759483,11.451291,0.785289,1.671585,-0.629587,0.326228,-56.492966,-27.510384,-50.112255,-2.993779,9.888815,0.738823,1.673785,0.0650
-0.759483,11.451291,0.785289,1.671585,-1.005153,0.102181,-56.478725,-27.510384,-50.112255,-2.946772,9.972523,0.722754,1.682477,0.0400
-0.759483,11.451291,0.785289,1.671585,-0.829969,-0.033955,-56.551579,-27.510384,-50.112255,-2.888841,10.081347,0.697324,1.681988,0.0400
-0.759483,11.451291,0.785289,1.671585,-1.235489,0.297795,-56.674839,-27.510384,-50.112255,-2.848058,10.155263,0.670005,1.692173,0.0490
-0.759483,11.451291,0.785289,1.671585,-1.362410,0.424558,-56.892181,-27.510384,-50.112255,-2.791593,10.256993,0.630563,1.705188,0.0450
0.189870,13.135305,1.023174,1.814962,-1.694206,0.093288,-57.112389,-27.510373,-50.112235,-2.723650,10.367678,0.619372,1.744201,0.0710
0.189870,13.135305,1.023174,1.814962,-1.382217,0.459510,-57.285690,-27.510373,-50.112235,-2.662201,10.462796,0.630880,1.766038,0.0400
0.189870,13.135305,1.023174,1.814962,-1.710262,0.582096,-57.478481,-27.510373,-50.112235,-2.606919,10.552245,0.616332,1.791189,0.0450
0.189870,13.135305,1.023174,1.814962,-2.076534,0.447535,-57.642349,-27.510373,-50.112235,-2.547906,10.642614,0.605039,1.812661,0.0400
0.189870,13.135305,1.023174,1.814962,-1.967580,0.442394,-57.707935,-27.510373,-50.112235,-2.513765,10.694703,0.593838,1.825994,0.0400
0.189870,13.135305,1.023174,1.814962,-1.967477,0.442178,-57.707935,-27.510373,-50.112235,-2.513765,10.694703,0.593838,1.825994,0.0400
0.189870,13.135305,1.023174,1.814962,-1.967477,0.442178,-57.707935,-27.510373,-50.112235,-2.513765,10.694703,0.593838,1.825994,0.0400
0.189870,13.135305,1.023174,1.814962,-1.967477,0.442178,-57.707935,-27.510373,-50.112235,-2.513765,10.694703,0.593838,1.825994,0.0400
0.189870,13.135305,1.023174,1.814962,-1.967477,0.442178,-57.707935,-27.510373,-50.112235,-2.513765,10.694703,0.593838,1.825994,0.0400
0.189870,13.135305,1.023174,1.814962,-1.967477,0.442178,-57.707935,-27.510373,-50.112235,-2.513765,10.694703,0.593838,1.825994,0.0400
0.189870,13.135305,1.023174,1.814962,-1.967477,0.442178,-57.707935,-27.510373,-50.112235,-2.513765,10.694703,0.593838,1.825994,0.0400
0.189870,13.135305,1.023174,1.814962,-1.967477,0.442178,-57.707935,-27.510373,-50.112235,-2.513765,10.694703,0.593838,1.825994,0.0400
0.189870,13.135305,1.023174,1.814962,-1.127474,2.300607,-57.945332,-27.510373,-50.112235,-2.156690,11.467146,0.970125,1.892179,0.0580
0.189870,13.135305,1.023174,1.814962,-1.249391,2.762739,-57.922573,-27.510373,-50.112235,-2.102489,11.530014,0.959862,1.929527,0.0430
0.189870,13.135305,1.023174,1.814962,-1.487681,2.721821,-57.884575,-27.510373,-50.112235,-2.038950,11.607241,0.932553,1.986401,0.0400
0.189870,13.135305,1.023174,1.814962,-1.428636,2.922291,-57.818878,-27.510373,-50.112235,-1.974192,11.698655,0.902677,2.064652,0.0450
0.189870,13.135305,1.023174,1.814962,-1.113038,2.945882,-57.755642,-27.510373,-50.112235,-1.908310,11.780093,0.886364,2.123783,0.0400
0.189870,13.135305,1.023174,1.814962,-1.414960,3.120031,-57.723896,-27.510373,-50.112235,-1.868980,11.829041,0.872842,2.158822,0.0400
0.189870,13.135305,1.023174,1.814962,-1.415166,3.122049,-57.723896,-27.510373,-50.112235,-1.868980,11.829041,0.872842,2.158822,0.0400
0.189870,13.135305,1.023174,1.814962,-1.415166,3.122049,-57.723896,-27.510373,-50.112235,-1.868980,11.829041,0.872842,2.158822,0.0400
0.189870,13.135305,1.023174,1.814962,-1.415166,3.122049,-57.723896,-27.510371,-50.112212,-1.868980,11.829041,0.872842,2.158822,0.0400
0.189870,13.135305,1.023174,1.814962,-1.415166,3.122049,-57.723896,-27.510371,-50.112212,-1.868980,11.829041,0.872842,2.158822,0.0400
0.759481,15.492925,0.531590,2.200249,-1.178007,3.110489,-58.371979,-27.510371,-50.112212,-1.690124,12.386625,0.528802,2.328548,0.0410
0.759481,15.492925,0.531590,2.200249,-1.170058,2.983877,-58.529263,-27.510371,-50.112212,-1.655499,12.482350,0.494793,2.339455,0.0460
0.759481,15.492925,0.531590,2.200249,-1.103655,2.737279,-58.707020,-27.510371,-50.112212,-1.619067,12.583510,0.472278,2.378641,0.0400
0.759481,15.492925,0.531590,2.200249,-1.326358,2.846992,-58.754013,-27.510371,-50.112212,-1.609607,12.610235,0.463837,2.392331,0.0400
0.759481,15.492925,0.531590,2.200249,-1.326358,2.846992,-58.754013,-27.510371,-50.112212,-1.609607,12.610235,0.463837,2.392331,0.0400
0.759481,15.492925,0.531590,2.200249,-1.326358,2.846992,-58.754013,-27.510371,-50.112212,-1.609607,12.610235,0.463837,2.392331,0.0400
0.759481,15.492925,0.531590,2.200249,-1.326358,2.846992,-58.754013,-27.510371,-50.112212,-1.609607,12.610235,0.463837,2.392331,0.0400
0.759481,15.492925,0.531590,2.200249,-1.326358,2.846992,-58.754013,-27.510371,-50.112212,-1.609607,12.610235,0.463837,2.392331,0.0670
0.759481,15.492925,0.531590,2.200249,-1.061696,2.082690,-59.350586,-27.510371,-50.112212,-1.465639,13.274007,0.473890,2.313444,0.0400
0.759481,15.492925,0.531590,2.200249,-0.852406,1.815894,-59.451313,-27.510371,-50.112212,-1.424451,13.374448,0.484946,2.301055,0.0500
0.759481,15.492925,0.531590,2.200249,-0.808080,1.785809,-59.558445,-27.510371,-50.112212,-1.382482,13.492652,0.472418,2.330191,0.0400
0.759481,15.492925,0.531590,2.200249,-0.757619,1.685150,-59.558445,-27.510371,-50.112212,-1.382482,13.492652,0.472418,2.330191,0.0400
0.759481,15.492925,0.531590,2.200249,-0.757619,1.685150,-59.558445,-27.510371,-50.112212,-1.382482,13.492652,0.472418,2.330191,0.0400
0.759481,15.492925,0.531590,2.200249,-0.757619,1.685150,-59.558445,-27.510371,-50.112212,-1.382482,13.492652,0.472418,2.330191,0.0400
0.759481,15.492925,0.531590,2.200249,-0.749909,1.450315,-59.990917,-27.510371,-50.112212,-1.278436,13.943924,0.484183,2.299383,0.0400
0.759481,15.492925,0.531590,2.200249,-0.615355,1.212309,-60.081909,-27.510371,-50.112212,-1.248625,14.027872,0.490374,2.280207,0.0400
0.759481,15.492925,0.531590,2.200249,-0.673987,1.319283,-60.189510,-27.510371,-50.112212,-1.213049,14.134289,0.483380,2.296079,0.0400
0.759481,15.492925,0.531590,2.200249,-0.804492,1.286753,-60.203522,-27.510371,-50.112212,-1.208656,14.147654,0.481228,2.298640,0.0400
0.759481,15.492925,0.531590,2.200249,-0.804492,1.286753,-60.203522,-27.510371,-50.112212,-1.208656,14.147654,0.481228,2.298640,0.0400
0.759481,15.492925,0.531590,2.200249,-0.804492,1.286753,-60.203522,-27.510372,-50.112196,-1.208656,14.147654,0.481228,2.298640,0.0400
0.759481,15.492925,0.531590,2.200249,-0.804492,1.286753,-60.203522,-27.510372,-50.112196,-1.208656,14.147654,0.481228,2.298640,0.0400
0.759481,15.492925,0.531590,2.200249,-0.804492,1.286753,-60.203522,-27.510372,-50.112196,-1.208656,14.147654,0.481228,2.298640,0.0400
0.759481,15.492925,0.531590,2.200249,-0.804492,1.286753,-60.203522,-27.510372,-50.112196,-1.208656,14.147654,0.481228,2.298640,0.0400
0.759481,15.492925,0.531590,2.200249,-0.804492,1.286753,-60.203522,-27.510372,-50.112196,-1.208656,14.147654,0.481228,2.298640,0.0400
0.379740,17.176939,-0.428894,1.901987,0.350788,2.676935,-60.289013,-27.510372,-50.112196,-1.207398,14.991698,-0.382318,2.010256,0.0600
0.379740,17.176939,-0.428894,1.901987,0.397475,2.897687,-60.268757,-27.510372,-50.112196,-1.226817,15.067309,-0.394621,2.037396,0.0510
0.379740,17.176939,-0.428894,1.901987,0.552119,2.862378,-60.234371,-27.510372,-50.112196,-1.252164,15.190520,-0.388089,2.126160,0.0670
0.379740,17.176939,-0.428894,1.901987,0.452469,2.771445,-60.214893,-27.510372,-50.112196,-1.266916,15.264935,-0.380652,2.172968,0.0400
0.379740,17.176939,-0.428894,1.901987,0.444611,2.881374,-60.195641,-27.510372,-50.112196,-1.276238,15.313135,-0.375873,2.204632,0.0440
0.379740,17.176939,-0.428894,1.901987,0.389419,2.791020,-60.150928,-27.510372,-50.112196,-1.307595,15.482630,-0.364401,2.262483,0.0400
0.379740,17.176939,-0.428894,1.901987,0.191857,2.802901,-60.114510,-27.510372,-50.112196,-1.319119,15.543568,-0.371400,2.256052,0.0400
0.379740,17.176939,-0.428894,1.901987,0.108012,2.745198,-60.048454,-27.510372,-50.112196,-1.333549,15.626109,-0.381172,2.264644,0.0410
0.379740,17.176939,-0.428894,1.901987,0.107440,2.363256,-59.917713,-27.510372,-50.112196,-1.354412,15.747821,-0.386524,2.297092,0.0410
0.379740,17.176939,-0.428894,1.901987,0.069625,2.209962,-59.777699,-27.510372,-50.112196,-1.372113,15.851505,-0.399186,2.252482,0.0550
0.379740,17.176939,-0.428894,1.901987,0.024433,1.818237,-59.629547,-27.510372,-50.112196,-1.388371,15.952136,-0.404613,2.244608,0.0490
0.379740,17.176939,-0.428894,1.901987,-0.042051,1.883075,-59.467999,-27.510372,-50.112196,-1.404429,16.053498,-0.409508,2.255494,0.0580
0.379740,17.176939,-0.428894,1.901987,0.104785,1.913326,-59.317986,-27.510372,-50.112196,-1.418778,16.145629,-0.412491,2.271992,0.0420
0.379740,17.176939,-0.428894,1.901987,-0.103870,1.927003,-59.187160,-27.510372,-50.112196,-1.431736,16.228743,-0.417604,2.285074,0.0440
0.379740,17.176939,-0.428894,1.901987,-0.024436,1.459551,-59.067570,-27.510372,-50.112196,-1.443939,16.308841,-0.422008,2.288511,0.0410
-0.569613,18.187347,-1.102584,1.173494,0.013472,1.459122,-58.963528,-27.510381,-50.112186,-1.477517,16.359749,-0.490964,2.219433,0.0400
-0.569613,18.187347,-1.102584,1.173494,0.033505,1.409921,-58.963528,-27.510381,-50.112186,-1.477517,16.359749,-0.490964,2.219433,0.0400
-0.569613,18.187347,-1.102584,1.173494,-0.140033,1.377753,-58.766907,-27.510381,-50.112186,-1.546541,16.540594,-0.732264,1.902139,0.0400
-0.569613,18.187347,-1.102584,1.173494,-0.180204,1.397098,-58.704628,-27.510381,-50.112186,-1.593307,16.577242,-0.896541,1.632589,0.0400
-0.569613,18.187347,-1.102584,1.173494,-0.148555,1.375610,-58.655567,-27.510381,-50.112186,-1.644008,16.627600,-0.979400,1.511153,0.0400
-0.569613,18.187347,-1.102584,1.173494,-0.224905,1.414006,-58.643101,-27.510381,-50.112186,-1.663064,16.648675,-0.999000,1.490033,0.0400
-0.569613,18.187347,-1.102584,1.173494,-0.224905,1.414006,-58.643101,-27.510381,-50.112186,-1.663064,16.648675,-0.999000,1.490033,0.0400
-0.569613,18.187347,-1.102584,1.173494,-0.224905,1.414006,-58.643101,-27.510381,-50.112186,-1.663064,16.648675,-0.999000,1.490033,0.0400
-0.569613,18.187347,-1.102584,1.173494,-0.224905,1.414006,-59.067871,-27.510381,-50.112186,-1.871588,16.936028,-1.065793,1.394712,0.0400
-0.569613,18.187347,-1.102584,1.173494,-0.109779,0.965397,-59.178841,-27.510381,-50.112186,-1.918642,16.972821,-1.095187,1.259424,0.0520
-0.569613,18.187347,-1.102584,1.173494,0.071527,1.170693,-59.322838,-27.510381,-50.112186,-1.966724,17.028001,-1.098728,1.257491,0.0400
-0.569613,18.187347,-1.102584,1.173494,0.153073,1.092114,-59.404537,-27.510381,-50.112186,-1.992541,17.058684,-1.097394,1.263384,0.0400
-0.569613,18.187347,-1.102584,1.173494,0.153249,1.091948,-59.404537,-27.510381,-50.112186,-1.992541,17.058684,-1.097394,1.263384,0.0400
-0.569613,18.187347,-1.102584,1.173494,0.153249,1.091948,-59.404537,-27.510381,-50.112186,-1.992541,17.058684,-1.097394,1.263384,0.0400
-0.569613,18.187347,-1.102584,1.173494,0.153249,1.091948,-59.404537,-27.510381,-50.112186,-1.992541,17.058684,-1.097394,1.263384,0.0400
-0.569613,18.187347,-1.102584,1.173494,0.156169,1.093246,-60.538399,-27.510381,-50.112186,-2.220142,17.326597,-1.059731,1.305042,0.0400
-0.569613,18.187347,-1.102584,1.173494,0.659083,1.104279,-60.958782,-27.510381,-50.112186,-2.298427,17.401264,-1.068665,1.244246,0.0750
-0.569613,18.187347,-1.102584,1.173494,0.669143,1.073649,-61.210419,-27.510381,-50.112186,-2.339726,17.448234,-1.057579,1.259873,0.0400
-0.569613,18.187347,-1.102584,1.173494,0.672069,1.007742,-61.210419,-27.510381,-50.112186,-2.339726,17.448234,-1.057579,1.259873,0.0420
-0.569613,18.187347,-1.102584,1.173494,0.672069,1.007742,-61.210419,-27.510381,-50.112186,-2.339726,17.448234,-1.057579,1.259873,0.0400
-0.569613,18.187347,-1.102584,1.173494,0.672069,1.007742,-61.210419,-27.510399,-50.112185,-2.339726,17.448234,-1.057579,1.259873,0.0400
-2.468319,18.187347,-1.286111,-0.000000,0.677397,1.015195,-62.533722,-27.510399,-50.112185,-2.556976,17.587751,-1.176737,0.413055,0.0400
-2.468319,18.187347,-1.286111,-0.000000,0.598324,1.243381,-62.933281,-27.510399,-50.112185,-2.638065,17.557374,-1.226756,0.167240,0.0620
-2.468319,18.187347,-1.286111,-0.000000,0.664440,1.304921,-63.293785,-27.510399,-50.112185,-2.704464,17.552199,-1.226045,0.148279,0.0400
-2.468319,18.187347,-1.286111,-0.000000,0.292628,0.801341,-63.739994,-27.510399,-50.112185,-2.783910,17.549770,-1.219918,0.155265,0.0610
-2.468319,18.187347,-1.286111,-0.000000,0.356350,0.789941,-64.344826,-27.510399,-50.112185,-2.893162,17.548700,-1.212659,0.162230,0.0860
-2.468319,18.187347,-1.286111,-0.000000,0.486565,0.582126,-64.836967,-27.510399,-50.112185,-2.985882,17.549275,-1.206621,0.161152,0.0720
-2.468319,18.187347,-1.286111,-0.000000,0.559318,0.605876,-65.085594,-27.510399,-50.112185,-3.040413,17.549391,-1.198717,0.158609,0.0400
-2.468319,18.187347,-1.286111,-0.000000,0.540287,0.535759,-65.475670,-27.510399,-50.112185,-3.160726,17.551688,-1.186483,0.166372,0.0960
-2.468319,18.187347,-1.286111,-0.000000,0.399272,0.775889,-65.617691,-27.510399,-50.112185,-3.224231,17.553106,-1.176628,0.172421,0.0520
-2.468319,18.187347,-1.286111,-0.000000,0.313262,0.944140,-65.766914,-27.510399,-50.112185,-3.342812,17.556220,-1.175517,0.204890,0.0630
-2.468319,18.187347,-1.286111,-0.000000,0.011664,1.073412,-65.732628,-27.510399,-50.112185,-3.619197,17.565300,-1.177026,0.249049,0.2590
-4.556896,18.524151,-1.361127,0.219494,0.417968,0.977133,-65.892494,-27.510417,-50.112182,-3.819578,17.585023,-1.184686,0.324918,0.1240
-4.556896,18.524151,-1.361127,0.219494,1.169560,1.843004,-66.490852,-27.510417,-50.112182,-4.119956,17.646048,-1.150984,0.536957,0.2300
-4.556896,18.524151,-1.361127,0.219494,1.446022,2.104338,-66.212006,-27.510417,-50.112182,-4.370815,17.697539,-1.118441,0.685980,0.2010
-4.556896,18.524151,-1.361127,0.219494,1.833533,2.457724,-63.533150,-27.510417,-50.112182,-4.730870,17.771059,-0.961047,0.832439,0.2360
-4.556896,18.524151,-1.361127,0.219494,1.523929,2.448391,-61.704235,-27.510417,-50.112182,-4.924261,17.811958,-0.905772,0.890498,0.1750
-4.556896,18.524151,-1.361127,0.219494,1.840583,3.390987,-61.338772,-27.510417,-50.112182,-5.000683,17.822126,-0.896935,0.922217,0.0400
-5.885990,17.513742,-1.056606,-0.803256,1.959296,1.831146,-62.010612,-27.510430,-50.112195,-5.144897,17.821589,-0.802348,0.798084,0.1090
-5.885990,17.513742,-1.056606,-0.803256,1.743319,-0.053457,-63.295521,-27.510430,-50.112195,-5.348756,17.671381,-0.648539,0.104114,0.1980
-5.885990,17.513742,-1.056606,-0.803256,1.982320,-0.242377,-63.439693,-27.510430,-50.112195,-5.420002,17.618206,-0.626651,-0.087565,0.0630
-5.885990,17.513742,-1.056606,-0.803256,1.178863,-0.313631,-63.272427,-27.510430,-50.112195,-5.745987,17.376081,-0.627856,-0.596767,0.2890
-5.885990,17.513742,-1.056606,-0.803256,0.319229,-0.397393,-63.104576,-27.510430,-50.112195,-6.147446,17.076117,-0.903790,-0.827248,0.3380
-5.885990,14.819322,0.000000,-1.970322,1.050737,-0.110961,-62.689148,-27.510428,-50.112220,-6.164591,16.643287,-0.307519,-1.422203,0.2820
-5.885990,14.819322,0.000000,-1.970322,1.373537,-0.139893,-62.390835,-27.510428,-50.112220,-6.163528,16.503777,-0.177496,-1.546898,0.0660
-5.885990,14.819322,0.000000,-1.970322,-0.017270,-0.349450,-61.666225,-27.510428,-50.112220,-6.159617,16.002900,0.018629,-1.761227,0.2460
-5.885990,14.819322,0.000000,-1.970322,-0.783102,-0.140625,-61.618824,-27.510428,-50.112220,-6.158839,15.917047,-0.008434,-1.797743,0.0430
-5.885990,14.819322,0.000000,-1.970322,-0.913183,-0.750280,-61.526978,-27.510428,-50.112220,-6.157567,15.807786,-0.049207,-1.855358,0.0400
-5.885990,14.819322,0.000000,-1.970322,-1.101333,-0.950673,-61.340885,-27.510428,-50.112220,-6.158557,15.674050,-0.093021,-1.916609,0.0570
-5.885990,14.819322,0.000000,-1.970322,-1.388519,-1.675724,-61.009830,-27.510428,-50.112220,-6.154911,15.392665,-0.198175,-2.145849,0.1510
-5.885990,14.819322,0.000000,-1.970322,-0.523198,-1.940384,-60.694729,-27.510428,-50.112220,-6.151723,15.100175,-0.192826,-2.273014,0.1250
-4.177155,12.124901,1.344572,-2.120066,0.750403,-1.040325,-60.740189,-27.510415,-50.112248,-5.848776,14.541362,0.661155,-2.367525,0.2450
-4.177155,12.124901,1.344572,-2.120066,-0.084131,-2.217104,-62.426140,-27.510415,-50.112248,-5.422558,13.869710,1.205150,-2.503454,0.2960
-4.177155,12.124901,1.344572,-2.120066,-0.209966,-2.298758,-62.654793,-27.510415,-50.112248,-5.344322,13.748059,1.222239,-2.554985,0.0840
-4.177155,12.124901,1.344572,-2.120066,-0.487567,-1.775726,-63.037754,-27.510415,-50.112248,-5.012828,13.227918,1.243090,-2.650035,0.1840
-4.177155,12.124901,1.344572,-2.120066,-0.514107,-1.783153,-63.269703,-27.510415,-50.112248,-4.743590,12.806380,1.234841,-2.646252,0.1770
-3.607544,9.430479,0.539468,-2.551834,-0.161595,-0.900204,-63.691910,-27.510409,-50.112275,-4.592999,12.163472,0.811125,-2.796871,0.2920
-3.607544,9.430479,0.539468,-2.551834,0.220166,-0.365039,-64.610779,-27.510409,-50.112275,-4.424486,11.403670,0.678714,-2.777985,0.2900
-3.607544,9.430479,0.539468,-2.551834,0.392851,-0.033320,-65.319214,-27.510409,-50.112275,-4.236186,10.549679,0.659098,-2.686869,0.3230
-0.000003,8.756873,2.174529,-0.406031,-0.204981,-0.249947,-65.770157,-27.510376,-50.112280,-4.093332,10.067193,0.701002,-2.558749,0.1950
-0.000003,8.756873,2.174529,-0.406031,-1.035536,-0.551107,-65.972717,-27.510376,-50.112280,-3.831936,10.010664,1.084748,-1.958181,0.1100
-0.000003,8.756873,2.174529,-0.406031,-0.978665,-0.717027,-66.035194,-27.510376,-50.112280,-3.752050,9.995801,1.164278,-1.813536,0.0410
-0.000003,8.756873,2.174529,-0.406031,-1.270362,-0.808385,-66.113594,-27.510376,-50.112280,-3.603604,9.972387,1.293323,-1.586827,0.0400
-0.000003,8.756873,2.174529,-0.406031,-1.218254,-0.629835,-66.113594,-27.510376,-50.112280,-3.603604,9.972387,1.293323,-1.586827,0.0590
-0.000003,8.756873,2.174529,-0.406031,-1.218254,-0.629835,-66.113594,-27.510376,-50.112280,-3.603604,9.972387,1.293323,-1.586827,0.0400
-0.000003,8.756873,2.174529,-0.406031,-1.218254,-0.629835,-66.113594,-27.510376,-50.112280,-3.603604,9.972387,1.293323,-1.586827,0.0400
-0.000003,8.756873,2.174529,-0.406031,-1.218254,-0.629835,-66.113594,-27.510376,-50.112280,-3.603604,9.972387,1.293323,-1.586827,0.0400
-0.000003,8.756873,2.174529,-0.406031,-1.218254,-0.629835,-66.113594,-27.510376,-50.112280,-3.603604,9.972387,1.293323,-1.586827,0.0400
-0.000003,8.756873,2.174529,-0.406031,-0.998572,-0.511480,-65.272110,-27.510376,-50.112280,-3.027501,9.631666,2.107084,-0.517894,0.0400
-0.000003,8.756873,2.174529,-0.406031,0.685068,0.213440,-65.133636,-27.510376,-50.112280,-2.921137,9.623162,2.174421,-0.432949,0.0450
-0.000003,8.756873,2.174529,-0.406031,0.893850,0.422462,-65.003860,-27.510376,-50.112280,-2.818446,9.604085,2.203051,-0.407945,0.0400
-0.000003,8.756873,2.174529,-0.406031,0.849747,0.427133,-64.949623,-27.510376,-50.112280,-2.776893,9.595735,2.213057,-0.401944,0.0400
-0.000003,8.756873,2.174529,-0.406031,0.849747,0.427133,-64.949623,-27.510376,-50.112280,-2.776893,9.595735,2.213057,-0.401944,0.0400
-0.000003,8.756873,2.174529,-0.406031,0.829766,0.440630,-64.608841,-27.510376,-50.112280,-2.441714,9.534627,2.235033,-0.373509,0.0400
-0.000003,8.756873,2.174529,-0.406031,1.027652,0.765667,-64.501495,-27.510376,-50.112280,-2.325816,9.508301,2.225748,-0.372316,0.0520
-0.000003,8.756873,2.174529,-0.406031,1.019272,0.804637,-64.386116,-27.510376,-50.112280,-2.212634,9.483846,2.244832,-0.358867,0.0400
-0.000003,8.756873,2.174529,-0.406031,0.845494,0.651882,-64.368813,-27.510376,-50.112280,-2.196783,9.480542,2.247056,-0.356832,0.0400
3.607539,9.767282,2.115276,0.592452,0.846223,0.632206,-64.144478,-27.510343,-50.112271,-1.968699,9.486805,2.243851,0.058896,0.0400
3.607539,9.767282,2.115276,0.592452,0.425950,0.811604,-63.916439,-27.510343,-50.112271,-1.773989,9.557528,2.190444,0.457590,0.0880
3.607539,9.767282,2.115276,0.592452,0.559929,0.517513,-63.846935,-27.510343,-50.112271,-1.715627,9.573574,2.188015,0.495868,0.0410
3.607539,9.767282,2.115276,0.592452,0.705918,0.729878,-63.530636,-27.510343,-50.112271,-1.522568,9.621826,2.202023,0.570755,0.0630
3.607539,9.767282,2.115276,0.592452,0.909056,0.543650,-63.370907,-27.510343,-50.112271,-1.383722,9.656509,2.211112,0.616659,0.0410
3.607539,9.767282,2.115276,0.592452,0.744342,0.386188,-63.339172,-27.510343,-50.112271,-1.157552,9.712389,2.243771,0.649401,0.1010
3.607539,9.767282,2.115276,0.592452,0.759924,0.179668,-63.320335,-27.510343,-50.112271,-1.036387,9.742208,2.253081,0.657838,0.0630
3.607539,9.767282,2.115276,0.592452,0.780334,0.331727,-63.279312,-27.510343,-50.112271,-0.908120,9.773697,2.263877,0.661093,0.0550
3.607539,9.767282,2.115276,0.592452,0.498045,0.308187,-63.211189,-27.510343,-50.112271,-0.806161,9.798702,2.263760,0.666855,0.0410
3.607539,9.767282,2.115276,0.592452,0.333619,0.455459,-63.091866,-27.510343,-50.112271,-0.696770,9.825194,2.255966,0.671998,0.0400
3.607539,9.767282,2.115276,0.592452,-0.492822,0.616461,-62.915222,-27.510343,-50.112271,-0.546135,9.865100,2.219883,0.698080,0.0640
3.607539,9.767282,2.115276,0.592452,-0.732129,0.791551,-62.806545,-27.510343,-50.112271,-0.444781,9.889610,2.174284,0.699557,0.0450
3.607539,9.767282,2.115276,0.592452,-1.007043,0.816588,-62.630527,-27.510343,-50.112271,-0.275801,9.931104,2.102186,0.725992,0.0620
3.607539,9.767282,2.115276,0.592452,-1.240450,0.965665,-62.557751,-27.510343,-50.112271,-0.197719,9.949619,2.067064,0.741450,0.0440
3.607539,9.767282,2.115276,0.592452,-1.591204,0.757576,-62.481369,-27.510343,-50.112271,-0.050521,9.985914,1.987053,0.766793,0.0620
3.607539,9.767282,2.115276,0.592452,-1.598463,1.208891,-62.479588,-27.510343,-50.112271,0.050405,10.010246,1.941450,0.780631,0.0410
3.607539,9.767282,2.115276,0.592452,-1.871072,1.115900,-62.462013,-27.510343,-50.112271,0.226815,10.053905,1.858312,0.818719,0.0700
7.404951,9.767282,2.772856,0.000000,-2.012278,1.148757,-62.376053,-27.510310,-50.112269,0.371291,10.067479,1.870563,0.788482,0.0460
7.404951,9.767282,2.772856,0.000000,-2.320163,1.495237,-62.211124,-27.510310,-50.112269,0.533789,10.066400,1.914003,0.732384,0.0570
7.404951,9.767282,2.772856,0.000000,-2.703152,1.976623,-62.024837,-27.510310,-50.112269,0.700805,10.062492,1.936300,0.696500,0.0400
7.404951,9.767282,2.772856,0.000000,-2.447470,1.544262,-61.831825,-27.510310,-50.112269,0.857579,10.074820,1.925823,0.679464,0.0400
7.404951,9.767282,2.772856,0.000000,-2.552872,1.287856,-61.660107,-27.510310,-50.112269,1.016069,10.072907,1.992318,0.600899,0.0550
7.404951,9.767282,2.772856,0.000000,-2.498767,1.509855,-61.422771,-27.510310,-50.112269,1.219686,10.068361,2.046747,0.540509,0.0400
7.404951,9.767282,2.772856,0.000000,-2.708524,1.447995,-61.197498,-27.510310,-50.112269,1.377812,10.068023,2.054077,0.514784,0.0670
7.404951,9.767282,2.772856,0.000000,-2.475679,1.502699,-61.002682,-27.510310,-50.112269,1.524872,10.065354,2.072609,0.490932,0.0400
7.404951,9.767282,2.772856,0.000000,-2.634540,1.842950,-60.782722,-27.510310,-50.112269,1.711618,10.064156,2.073157,0.493068,0.0590
7.404951,9.767282,2.772856,0.000000,-2.132534,1.383220,-60.623077,-27.510310,-50.112269,1.852880,10.060988,2.087744,0.478398,0.0400
7.404951,9.767282,2.772856,0.000000,-2.158249,1.097429,-60.499001,-27.510310,-50.112269,1.963308,10.059414,2.098633,0.461630,0.0400
7.404951,9.767282,2.772856,0.000000,-2.156489,1.066867,-60.499001,-27.510310,-50.112269,1.963308,10.059414,2.098633,0.461630,0.0400
7.404951,9.767282,2.772856,0.000000,-1.967435,1.093547,-60.223915,-27.510310,-50.112269,2.315665,10.084800,2.411264,0.233608,0.0660
7.404951,9.767282,2.772856,0.000000,-2.311005,1.117917,-60.174908,-27.510310,-50.112269,2.450132,10.079041,2.478608,0.180105,0.0410
7.404951,9.767282,2.772856,0.000000,-2.118266,0.737392,-60.163517,-27.510310,-50.112269,2.606382,10.075969,2.480922,0.157927,0.0410
7.404951,9.767282,2.772856,0.000000,-1.684807,0.637925,-60.257561,-27.510310,-50.112269,2.911348,10.070746,2.465742,0.165368,0.1060
7.404951,9.767282,2.772856,0.000000,-1.875434,0.584097,-60.279751,-27.510310,-50.112269,2.976524,10.069717,2.459201,0.161801,0.0400
7.404951,9.767282,2.772856,0.000000,-1.596788,0.571043,-60.474651,-27.510310,-50.112269,3.201301,10.076658,2.476030,0.138795,0.0400
8.354303,9.767282,2.294422,0.000000,-1.595351,0.915950,-60.600929,-27.510303,-50.112271,3.337634,10.073655,2.475780,0.126149,0.0490
8.354303,9.767282,2.294422,0.000000,-1.931392,0.513254,-60.773487,-27.510303,-50.112271,3.495964,10.070503,2.320069,0.118038,0.0610
8.354303,9.767282,2.294422,0.000000,-1.831803,0.632625,-60.890514,-27.510303,-50.112271,3.614705,10.068653,2.240380,0.107840,0.0410
8.354303,9.767282,2.294422,0.000000,-1.454690,0.541680,-61.084545,-27.510303,-50.112271,3.825857,10.066080,2.142499,0.117489,0.0820
8.354303,9.767282,2.294422,0.000000,-1.589152,0.664078,-60.932957,-27.510303,-50.112271,4.308848,10.061737,2.028894,0.164942,0.1830
8.354303,9.767282,2.294422,0.000000,-1.398100,1.052791,-60.374432,-27.510303,-50.112271,4.825570,10.057780,1.977869,0.219359,0.1970
8.354303,9.767282,2.294422,0.000000,-1.219687,1.287696,-60.007576,-27.510303,-50.112271,5.185717,10.055095,1.955852,0.252686,0.1520
8.354303,9.767282,2.294422,0.000000,-1.293862,1.181547,-59.928764,-27.510303,-50.112271,5.289916,10.054105,1.948252,0.262951,0.0500
8.354303,9.767282,2.294422,0.000000,-1.333010,1.469855,-59.860336,-27.510303,-50.112271,5.409061,10.051427,1.949022,0.283487,0.0400
8.354303,9.767282,2.294422,0.000000,-1.400587,1.351727,-59.798840,-27.510303,-50.112271,5.537805,10.055647,1.930416,0.309335,0.0400
8.354303,9.767282,2.294422,0.000000,-1.618492,1.944598,-59.750153,-27.510303,-50.112271,5.643588,10.054430,1.937244,0.325645,0.0560
8.354303,9.767282,2.294422,0.000000,-1.687328,2.284294,-59.681885,-27.510303,-50.112271,5.769163,10.051035,1.938465,0.356341,0.0400
8.354303,9.767282,2.294422,0.000000,-1.891775,2.352100,-59.681885,-27.510285,-50.112274,5.769163,10.051035,1.938465,0.356341,0.0400
8.354303,9.767282,2.294422,0.000000,-1.891775,2.352100,-59.681885,-27.510285,-50.112274,5.769163,10.051035,1.938465,0.356341,0.0400
8.354303,9.767282,2.294422,0.000000,-1.891775,2.352100,-59.681885,-27.510285,-50.112274,5.769163,10.051035,1.938465,0.356341,0.0400
8.354303,9.767282,2.294422,0.000000,-1.891775,2.352100,-59.681885,-27.510285,-50.112274,5.769163,10.051035,1.938465,0.356341,0.0400
8.354303,9.767282,2.294422,0.000000,-1.891775,2.352100,-59.681885,-27.510285,-50.112274,5.769163,10.051035,1.938465,0.356341,0.0400
8.354303,9.767282,2.294422,0.000000,-1.891775,2.352100,-59.681885,-27.510285,-50.112274,5.769163,10.051035,1.938465,0.356341,0.0400
10.253009,9.430479,2.269285,-0.402538,-1.891775,2.352100,-61.068844,-27.510285,-50.112274,6.558109,10.075978,2.137256,-0.202148,0.0400
10.253009,9.430479,2.269285,-0.402538,-0.416308,1.002213,-61.194035,-27.510285,-50.112274,6.663554,10.027434,2.237232,-0.342092,0.0430
10.253009,9.430479,2.269285,-0.402538,-0.392500,0.877290,-61.347515,-27.510285,-50.112274,6.774774,10.000915,2.237824,-0.350769,0.0410
10.253009,9.430479,2.269285,-0.402538,-0.660657,0.477745,-61.561089,-27.510285,-50.112274,6.881316,9.978145,2.235260,-0.346675,0.0400
10.253009,9.430479,2.269285,-0.402538,-0.778921,0.409503,-61.561089,-27.510285,-50.112274,6.881316,9.978145,2.235260,-0.346675,0.0400
10.253009,9.430479,2.269285,-0.402538,-0.778921,0.409503,-61.561089,-27.510285,-50.112274,6.881316,9.978145,2.235260,-0.346675,0.0400
10.253009,9.430479,2.269285,-0.402538,-0.778921,0.409503,-61.561089,-27.510285,-50.112274,6.881316,9.978145,2.235260,-0.346675,0.0400
10.253009,9.430479,2.269285,-0.402538,-0.739901,0.386844,-62.222847,-27.510285,-50.112274,7.396313,9.893150,2.247008,-0.382922,0.0410
10.253009,9.430479,2.269285,-0.402538,0.190958,0.131225,-62.447403,-27.510285,-50.112274,7.535975,9.866855,2.271343,-0.394322,0.0590
10.253009,9.430479,2.269285,-0.402538,-0.047557,0.544396,-62.894077,-27.510285,-50.112274,7.783275,9.820951,2.273075,-0.357956,0.1020
10.253009,9.430479,2.269285,-0.402538,0.037065,0.764206,-63.096878,-27.510285,-50.112274,7.901935,9.798381,2.272989,-0.338793,0.0410
10.253009,9.430479,2.269285,-0.402538,0.210360,0.431003,-63.426132,-27.510285,-50.112274,8.044549,9.772630,2.282249,-0.329397,0.0550
8.923915,7.746464,-0.892401,-1.130708,0.305214,0.196921,-63.729313,-27.510296,-50.112294,8.035125,9.721637,1.888784,-0.426920,0.0550
8.923915,7.746464,-0.892401,-1.130708,0.150474,0.131439,-64.060410,-27.510296,-50.112294,7.928977,9.618577,1.160537,-0.613343,0.0730
8.923915,7.746464,-0.892401,-1.130708,0.379013,0.645109,-64.196945,-27.510296,-50.112294,7.867775,9.555375,0.817725,-0.683526,0.0400
8.923915,7.746464,-0.892401,-1.130708,-0.127121,1.160528,-64.332230,-27.510296,-50.112294,7.786666,9.454639,0.407434,-0.738464,0.0720
8.923915,7.746464,-0.892401,-1.130708,0.578084,1.090936,-65.423416,-27.510296,-50.112294,7.572403,9.150239,-0.244442,-0.713405,0.2140
8.923915,7.746464,-0.892401,-1.130708,0.917500,0.621141,-65.755409,-27.510296,-50.112294,7.522065,9.077163,-0.317634,-0.756953,0.0960
8.923915,7.746464,-0.892401,-1.130708,1.032554,0.476158,-65.889153,-27.510296,-50.112294,7.480072,9.015777,-0.362668,-0.794541,0.0510
8.923915,7.746464,-0.892401,-1.130708,0.545249,0.054689,-65.938408,-27.510296,-50.112294,7.439847,8.956518,-0.400645,-0.831813,0.0480
8.923915,7.746464,-0.892401,-1.130708,1.000827,-0.065385,-65.941086,-27.510296,-50.112294,7.403841,8.903410,-0.430363,-0.874437,0.0430
8.923915,7.746464,-0.892401,-1.130708,0.919168,-0.172828,-65.863022,-27.510296,-50.112294,7.354036,8.830060,-0.460022,-0.930298,0.0620
8.923915,7.746464,-0.892401,-1.130708,0.905608,-0.297915,-65.802528,-27.510296,-50.112294,7.320757,8.780927,-0.472186,-0.974971,0.0420
8.923915,7.746464,-0.892401,-1.130708,0.839417,-0.519198,-65.712471,-27.510296,-50.112294,7.278971,8.718365,-0.492842,-1.014316,0.0530
8.923915,7.746464,-0.892401,-1.130708,1.026119,-0.538585,-65.599014,-27.510296,-50.112294,7.243738,8.666905,-0.512655,-1.050560,0.0400
8.923915,7.746464,-0.892401,-1.130708,0.868764,-0.555342,-65.549713,-27.510296,-50.112294,7.230606,8.647791,-0.519883,-1.063646,0.0410
8.923915,7.746464,-0.892401,-1.130708,0.531603,-0.181994,-65.132965,-27.510296,-50.112294,7.158814,8.534594,-0.602866,-1.107394,0.0710
8.354303,6.062449,-0.362637,-1.072108,0.664220,-0.050449,-64.907074,-27.510302,-50.112309,7.137080,8.470969,-0.550607,-1.107316,0.0400
8.354303,6.062449,-0.362637,-1.072108,0.425571,-0.186850,-64.599174,-27.510302,-50.112309,7.114149,8.371992,-0.453764,-1.107281,0.0830
8.354303,6.062449,-0.362637,-1.072108,0.449636,-0.239870,-64.468018,-27.510302,-50.112309,7.105953,8.335649,-0.429581,-1.109504,0.0400
8.354303,6.062449,-0.362637,-1.072108,0.285996,0.248963,-64.094002,-27.510302,-50.112309,7.079560,8.259232,-0.403506,-1.092029,0.0420
8.354303,6.062449,-0.362637,-1.072108,0.619139,0.097886,-63.889290,-27.510302,-50.112309,7.068681,8.214187,-0.379679,-1.075338,0.0400
8.354303,6.062449,-0.362637,-1.072108,0.389375,0.047454,-63.704117,-27.510302,-50.112309,7.057324,8.164597,-0.359809,-1.071669,0.0400
8.354303,6.062449,-0.362637,-1.072108,0.298602,0.134773,-63.583187,-27.510302,-50.112309,7.049048,8.129821,-0.351105,-1.072184,0.0400
8.354303,6.062449,-0.362637,-1.072108,0.292900,0.159986,-63.583187,-27.510302,-50.112309,7.049048,8.129821,-0.351105,-1.072184,0.0400
8.354303,6.062449,-0.362637,-1.072108,0.292900,0.159986,-63.583187,-27.510302,-50.112309,7.049048,8.129821,-0.351105,-1.072184,0.0400
8.354303,6.062449,-0.362637,-1.072108,0.292900,0.159986,-63.583187,-27.510302,-50.112309,7.049048,8.129821,-0.351105,-1.072184,0.0400
8.354303,6.062449,-0.362637,-1.072108,0.292900,0.159986,-63.583187,-27.510302,-50.112309,7.049048,8.129821,-0.351105,-1.072184,0.0400
8.354303,6.062449,-0.362637,-1.072108,0.292900,0.159986,-63.583187,-27.510302,-50.112309,7.049048,8.129821,-0.351105,-1.072184,0.0400
8.354303,6.062449,-0.362637,-1.072108,0.292900,0.159986,-63.583187,-27.510302,-50.112309,7.049048,8.129821,-0.351105,-1.072184,0.0400
8.354303,6.062449,-0.362637,-1.072108,0.292900,0.159986,-63.583187,-27.510302,-50.112309,7.049048,8.129821,-0.351105,-1.072184,0.0400
8.354303,6.062449,-0.362637,-1.072108,0.292900,0.159986,-63.583187,-27.510302,-50.112309,7.049048,8.129821,-0.351105,-1.072184,0.0400
8.354303,6.062449,-0.362637,-1.072108,4.520981,7.153549,-13.190343,-27.510302,-50.112309,6.881000,7.651867,-0.288655,-0.790029,0.0440
8.354303,6.062449,-0.362637,-1.072108,8.518860,4.213352,0.187910,-27.510302,-50.112309,6.821863,7.521364,-0.095813,-0.844145,0.0500
8.354303,6.062449,-0.362637,-1.072108,12.638658,4.080791,13.678610,-27.510302,-50.112309,6.760624,7.437685,0.185604,-0.800385,0.0410
8.354303,6.062449,-0.362637,-1.072108,14.139542,1.869351,32.750263,-27.510302,-50.112309,6.722141,7.349557,0.452882,-0.691960,0.0430
8.354303,5.388843,0.000000,-0.684211,-1.865203,-0.212964,45.221298,-27.510301,-50.112316,6.664074,7.190566,0.404822,-0.583790,0.1890
8.354303,5.388843,0.000000,-0.684211,-4.418053,-0.486150,46.747257,-27.510301,-50.112316,6.662210,7.154201,0.177105,-0.611945,0.0410
8.354303,5.388843,0.000000,-0.684211,-13.869066,-1.165460,48.020233,-27.510301,-50.112316,6.664297,7.125424,-0.028753,-0.584534,0.0400
8.354303,5.388843,0.000000,-0.684211,-18.040754,-2.553854,48.020233,-27.510301,-50.112316,6.664297,7.125424,-0.028753,-0.584534,0.0400
8.354303,5.388843,0.000000,-0.684211,-18.040754,-2.553854,48.020233,-27.510301,-50.112316,6.664297,7.125424,-0.028753,-0.584534,0.0400
8.354303,5.388843,0.000000,-0.684211,-18.040754,-2.553854,48.020233,-27.510301,-50.112316,6.664297,7.125424,-0.028753,-0.584534,0.0400
8.354303,5.388843,0.000000,-0.684211,-18.040754,-2.553854,48.020233,-27.510301,-50.112316,6.664297,7.125424,-0.028753,-0.584534,0.0400
8.354303,5.388843,0.000000,-0.684211,-18.040754,-2.553854,48.020233,-27.510301,-50.112316,6.664297,7.125424,-0.028753,-0.584534,0.0400
8.354303,5.388843,0.000000,-0.684211,-18.040754,-2.553854,48.020233,-27.510301,-50.112316,6.664297,7.125424,-0.028753,-0.584534,0.0400
8.354303,5.388843,0.000000,-0.684211,-18.040754,-2.553854,48.020233,-27.510301,-50.112316,6.664297,7.125424,-0.028753,-0.584534,0.0400
8.354303,5.388843,0.000000,-0.684211,-18.040754,-2.553854,48.020233,-27.510301,-50.112316,6.664297,7.125424,-0.028753,-0.584534,0.0400
8.354303,5.388843,0.000000,-0.684211,-18.040754,-2.553854,48.020233,-27.510301,-50.112316,6.664297,7.125424,-0.028753,-0.584534,0.0400
8.354303,5.388843,0.000000,-0.684211,-18.040754,-2.553854,48.020233,-27.510301,-50.112316,6.664297,7.125424,-0.028753,-0.584534,0.0400
8.354303,5.388843,0.000000,-0.684211,-18.040754,-2.553854,48.020233,-27.510301,-50.112316,6.664297,7.125424,-0.028753,-0.584534,0.0400
8.354303,5.388843,0.000000,-0.684211,-18.040754,-2.553854,48.020233,-27.510301,-50.112316,6.664297,7.125424,-0.028753,-0.584534,0.0400
8.354303,5.388843,0.000000,-0.684211,-18.040754,-2.553854,48.020233,-27.510301,-50.112316,6.664297,7.125424,-0.028753,-0.584534,0.0400
8.354303,5.388843,0.000000,-0.684211,-18.040754,-2.553854,48.020233,-27.510301,-50.112316,6.664297,7.125424,-0.028753,-0.584534,0.0400
8.354303,5.388843,0.000000,-0.684211,-18.040754,-2.553854,48.020233,-27.510304,-50.112328,6.664297,7.125424,-0.028753,-0.584534,0.0400
8.354303,5.388843,0.000000,-0.684211,-18.040754,-2.553854,48.020233,-27.510304,-50.112328,6.664297,7.125424,-0.028753,-0.584534,0.0400
8.354303,5.388843,0.000000,-0.684211,-18.040754,-2.553854,48.020233,-27.510304,-50.112328,6.664297,7.125424,-0.028753,-0.584534,0.0400
8.354303,5.388843,0.000000,-0.684211,-18.040754,-2.553854,48.020233,-27.510304,-50.112328,6.664297,7.125424,-0.028753,-0.584534,0.0400
8.354303,5.388843,0.000000,-0.684211,-18.040754,-2.553854,48.020233,-27.510304,-50.112328,6.664297,7.125424,-0.028753,-0.584534,0.0400
8.354303,5.388843,0.000000,-0.684211,-18.040754,-2.553854,48.020233,-27.510304,-50.112328,6.664297,7.125424,-0.028753,-0.584534,0.0400
8.354303,5.388843,0.000000,-0.684211,-18.040754,-2.553854,48.020233,-27.510304,-50.112328,6.664297,7.125424,-0.028753,-0.584534,0.0400
8.354303,5.388843,0.000000,-0.684211,-18.040754,-2.553854,48.020233,-27.510304,-50.112328,6.664297,7.125424,-0.028753,-0.584534,0.0520
8.354303,5.388843,0.000000,-0.684211,-18.040754,-2.553854,48.020233,-27.510304,-50.112328,6.664297,7.125424,-0.028753,-0.584534,0.0400
8.354303,5.388843,0.000000,-0.684211,-18.040754,-2.553854,48.020233,-27.510304,-50.112328,6.664297,7.125424,-0.028753,-0.584534,0.0400
8.354303,5.388843,0.000000,-0.684211,-18.040754,-2.553854,48.020233,-27.510304,-50.112328,6.664297,7.125424,-0.028753,-0.584534,0.0400
8.354303,5.388843,0.000000,-0.684211,-18.040754,-2.553854,48.020233,-27.510304,-50.112328,6.664297,7.125424,-0.028753,-0.584534,0.0400
8.354303,5.388843,0.000000,-0.684211,-18.040754,-2.553854,48.020233,-27.510304,-50.112328,6.664297,7.125424,-0.028753,-0.584534,0.0540
8.354303,5.388843,0.000000,-0.684211,-18.040754,-2.553854,48.020233,-27.510304,-50.112328,6.664297,7.125424,-0.028753,-0.584534,0.0400
8.354303,5.388843,0.000000,-0.684211,-18.040754,-2.553854,48.020233,-27.510304,-50.112328,6.664297,7.125424,-0.028753,-0.584534,0.0400
8.354303,5.388843,0.000000,-0.684211,-18.040754,-2.553854,48.020233,-27.510304,-50.112328,6.664297,7.125424,-0.028753,-0.584534,0.0400
8.354303,5.388843,0.000000,-0.684211,-18.040754,-2.553854,48.020233,-27.510304,-50.112328,6.664297,7.125424,-0.028753,-0.584534,0.0400
8.354303,5.388843,0.000000,-0.684211,-18.040754,-2.553854,48.020233,-27.510304,-50.112328,6.664297,7.125424,-0.028753,-0.584534,0.0400
8.354303,5.388843,0.000000,-0.684211,-18.040754,-2.553854,48.020233,-27.510303,-50.112329,6.664297,7.125424,-0.028753,-0.584534,0.0400
8.354303,5.388843,0.000000,-0.684211,-18.040754,-2.553854,48.020233,-27.510303,-50.112329,6.664297,7.125424,-0.028753,-0.584534,0.0400
8.354303,5.388843,0.000000,-0.684211,-18.040754,-2.553854,48.020233,-27.510303,-50.112329,6.664297,7.125424,-0.028753,-0.584534,0.0410
8.354303,5.388843,0.000000,-0.684211,-18.040754,-2.553854,48.020233,-27.510303,-50.112329,6.664297,7.125424,-0.028753,-0.584534,0.0400
8.354303,5.388843,0.000000,-0.684211,-18.040754,-2.553854,48.020233,-27.510303,-50.112329,6.664297,7.125424,-0.028753,-0.584534,0.0400
8.354303,5.388843,0.000000,-0.684211,-18.040754,-2.553854,48.020233,-27.510303,-50.112329,6.664297,7.125424,-0.028753,-0.584534,0.0400
8.354303,5.388843,0.000000,-0.684211,-18.040754,-2.553854,48.020233,-27.510303,-50.112329,6.664297,7.125424,-0.028753,-0.584534,0.0400
8.354303,5.388843,0.000000,-0.684211,-18.040754,-2.553854,48.020233,-27.510303,-50.112329,6.664297,7.125424,-0.028753,-0.584534,0.0400
8.354303,5.388843,0.000000,-0.684211,-18.040754,-2.553854,48.020233,-27.510303,-50.112329,6.664297,7.125424,-0.028753,-0.584534,0.0400
8.354303,5.388843,0.000000,-0.684211,-18.040754,-2.553854,48.020233,-27.510303,-50.112329,6.664297,7.125424,-0.028753,-0.584534,0.0400
8.354303,5.388843,0.000000,-0.684211,-18.040754,-2.553854,48.020233,-27.510303,-50.112329,6.664297,7.125424,-0.028753,-0.584534,0.0400
8.354303,5.388843,0.000000,-0.684211,-18.040754,-2.553854,48.020233,-27.510303,-50.112329,6.664297,7.125424,-0.028753,-0.584534,0.0400
8.354303,5.388843,0.000000,-0.684211,-18.040754,-2.553854,48.020233,-27.510303,-50.112329,6.664297,7.125424,-0.028753,-0.584534,0.0400
8.354303,5.388843,0.000000,-0.684211,-18.040754,-2.553854,48.020233,-27.510303,-50.112329,6.664297,7.125424,-0.028753,-0.584534,0.0400
8.354303,5.388843,0.000000,-0.684211,-18.040754,-2.553854,48.020233,-27.510303,-50.112329,6.664297,7.125424,-0.028753,-0.584534,0.0400
8.354303,5.388843,0.000000,-0.684211,-18.040754,-2.553854,48.020233,-27.510303,-50.112329,6.664297,7.125424,-0.028753,-0.584534,0.0400
8.354303,5.388843,0.000000,-0.684211,-18.040754,-2.553854,48.020233,-27.510303,-50.112329,6.664297,7.125424,-0.028753,-0.584534,0.0400
8.354303,5.388843,0.000000,-0.684211,-18.040754,-2.553854,48.020233,-27.510303,-50.112329,6.664297,7.125424,-0.028753,-0.584534,0.0400
8.354303,5.388843,0.000000,-0.684211,-18.040754,-2.553854,48.020233,-27.510303,-50.112329,6.664297,7.125424,-0.028753,-0.584534,0.0400
8.354303,5.388843,0.000000,-0.684211,-18.040754,-2.553854,48.020233,-27.510303,-50.112329,6.664297,7.125424,-0.028753,-0.584534,0.0410
8.354303,5.388843,0.000000,-0.684211,-18.040754,-2.553854,48.020233,-27.510307,-50.112334,6.664297,7.125424,-0.028753,-0.584534,0.0400
8.354303,5.388843,0.000000,-0.684211,-18.040754,-2.553854,48.020233,-27.510307,-50.112334,6.664297,7.125424,-0.028753,-0.584534,0.0400
8.354303,5.388843,0.000000,-0.684211,-18.040754,-2.553854,48.020233,-27.510307,-50.112334,6.664297,7.125424,-0.028753,-0.584534,0.0400
8.354303,5.388843,0.000000,-0.684211,-18.040754,-2.553854,48.020233,-27.510307,-50.112334,6.664297,7.125424,-0.028753,-0.584534,0.0400
8.354303,5.388843,0.000000,-0.684211,-18.040754,-2.553854,48.020233,-27.510307,-50.112334,6.664297,7.125424,-0.028753,-0.584534,0.0400
8.354303,5.388843,0.000000,-0.684211,-18.040754,-2.553854,48.020233,-27.510307,-50.112334,6.664297,7.125424,-0.028753,-0.584534,0.0400
8.354303,5.388843,0.000000,-0.684211,-18.040754,-2.553854,48.020233,-27.510307,-50.112334,6.664297,7.125424,-0.028753,-0.584534,0.0400
8.354303,5.388843,0.000000,-0.684211,-18.040754,-2.553854,48.020233,-27.510307,-50.112334,6.664297,7.125424,-0.028753,-0.584534,0.0400
8.354303,5.388843,0.000000,-0.684211,-18.040754,-2.553854,48.020233,-27.510307,-50.112334,6.664297,7.125424,-0.028753,-0.584534,0.0400
8.354303,5.388843,0.000000,-0.684211,-18.040754,-2.553854,48.020233,-27.510307,-50.112334,6.664297,7.125424,-0.028753,-0.584534,0.0400
8.354303,5.388843,0.000000,-0.684211,-18.040754,-2.553854,48.020233,-27.510307,-50.112334,6.664297,7.125424,-0.028753,-0.584534,0.0400
8.354303,5.388843,0.000000,-0.684211,-18.040754,-2.553854,48.020233,-27.510307,-50.112334,6.664297,7.125424,-0.028753,-0.584534,0.0400
8.354303,5.388843,0.000000,-0.684211,-18.040754,-2.553854,48.020233,-27.510307,-50.112334,6.664297,7.125424,-0.028753,-0.584534,0.0400
8.354303,5.388843,0.000000,-0.684211,-18.040754,-2.553854,48.020233,-27.510307,-50.112334,6.664297,7.125424,-0.028753,-0.584534,0.0400
8.354303,5.388843,0.000000,-0.684211,-18.040754,-2.553854,48.020233,-27.510307,-50.112334,6.664297,7.125424,-0.028753,-0.584534,0.0400
8.354303,5.388843,0.000000,-0.684211,-18.040754,-2.553854,48.020233,-27.510307,-50.112334,6.664297,7.125424,-0.028753,-0.584534,0.0540
8.354303,5.388843,0.000000,-0.684211,-18.040754,-2.553854,48.020233,-27.510307,-50.112334,6.664297,7.125424,-0.028753,-0.584534,0.0400
8.354303,5.388843,0.000000,-0.684211,-18.040754,-2.553854,48.020233,-27.510307,-50.112334,6.664297,7.125424,-0.028753,-0.584534,0.0400
8.354303,5.388843,0.000000,-0.684211,-18.040754,-2.553854,48.020233,-27.510307,-50.112334,6.664297,7.125424,-0.028753,-0.584534,0.0400
8.354303,5.388843,0.000000,-0.684211,-18.040754,-2.553854,48.020233,-27.510307,-50.112334,6.664297,7.125424,-0.028753,-0.584534,0.0400
8.354303,5.388843,0.000000,-0.684211,-18.040754,-2.553854,48.020233,-27.510295,-50.112327,6.664297,7.125424,-0.028753,-0.584534,0.0400
8.354303,5.388843,0.000000,-0.684211,-18.040754,-2.553854,48.020233,-27.510295,-50.112327,6.664297,7.125424,-0.028753,-0.584534,0.0400
8.354303,5.388843,0.000000,-0.684211,-18.040754,-2.553854,48.020233,-27.510295,-50.112327,6.664297,7.125424,-0.028753,-0.584534,0.0400
8.354303,5.388843,0.000000,-0.684211,-18.040754,-2.553854,48.020233,-27.510295,-50.112327,6.664297,7.125424,-0.028753,-0.584534,0.0400
8.354303,5.388843,0.000000,-0.684211,-18.040754,-2.553854,48.020233,-27.510295,-50.112327,6.664297,7.125424,-0.028753,-0.584534,0.0400
8.354303,5.388843,0.000000,-0.684211,-18.040754,-2.553854,48.020233,-27.510295,-50.112327,6.664297,7.125424,-0.028753,-0.584534,0.0400
8.354303,5.388843,0.000000,-0.684211,-18.040754,-2.553854,48.020233,-27.510295,-50.112327,6.664297,7.125424,-0.028753,-0.584534,0.0400
8.354303,5.388843,0.000000,-0.684211,-18.040754,-2.553854,48.020233,-27.510295,-50.112327,6.664297,7.125424,-0.028753,-0.584534,0.0400
8.354303,5.388843,0.000000,-0.684211,-18.040754,-2.553854,48.020233,-27.510295,-50.112327,6.664297,7.125424,-0.028753,-0.584534,0.0400
8.354303,5.388843,0.000000,-0.684211,-18.040754,-2.553854,48.020233,-27.510295,-50.112327,6.664297,7.125424,-0.028753,-0.584534,0.0460
8.354303,5.388843,0.000000,-0.684211,-18.040754,-2.553854,48.020233,-27.510295,-50.112327,6.664297,7.125424,-0.028753,-0.584534,0.0400
8.354303,5.388843,0.000000,-0.684211,-18.040754,-2.553854,48.020233,-27.510295,-50.112327,6.664297,7.125424,-0.028753,-0.584534,0.0400
8.354303,5.388843,0.000000,-0.684211,-18.040754,-2.553854,48.020233,-27.510295,-50.112327,6.664297,7.125424,-0.028753,-0.584534,0.0400
8.354303,5.388843,0.000000,-0.684211,-18.040754,-2.553854,48.020233,-27.510295,-50.112327,6.664297,7.125424,-0.028753,-0.584534,0.0400
8.354303,5.388843,0.000000,-0.684211,-18.040754,-2.553854,48.020233,-27.510295,-50.112327,6.664297,7.125424,-0.028753,-0.584534,0.0400
8.354303,5.388843,0.000000,-0.684211,-18.040754,-2.553854,48.020233,-27.510295,-50.112327,6.664297,7.125424,-0.028753,-0.584534,0.0400
8.354303,5.388843,0.000000,-0.684211,-18.040754,-2.553854,48.020233,-27.510295,-50.112327,6.664297,7.125424,-0.028753,-0.584534,0.0400
8.354303,5.388843,0.000000,-0.684211,-18.040754,-2.553854,48.020233,-27.510295,-50.112327,6.664297,7.125424,-0.028753,-0.584534,0.0400
8.354303,5.388843,0.000000,-0.684211,-18.040754,-2.553854,48.020233,-27.510295,-50.112327,6.664297,7.125424,-0.028753,-0.584534,0.0400
8.354303,5.388843,0.000000,-0.684211,-18.040754,-2.553854,48.020233,-27.510295,-50.112327,6.664297,7.125424,-0.028753,-0.584534,0.0400
8.354303,5.388843,0.000000,-0.684211,-18.040754,-2.553854,48.020233,-27.510275,-50.112314,6.664297,7.125424,-0.028753,-0.584534,0.0400
8.354303,5.388843,0.000000,-0.684211,-18.040754,-2.553854,48.020233,-27.510275,-50.112314,6.664297,7.125424,-0.028753,-0.584534,0.0400
8.354303,5.388843,0.000000,-0.684211,-18.040754,-2.553854,48.020233,-27.510275,-50.112314,6.664297,7.125424,-0.028753,-0.584534,0.0400
8.354303,5.388843,0.000000,-0.684211,-18.040754,-2.553854,48.020233,-27.510275,-50.112314,6.664297,7.125424,-0.028753,-0.584534,0.0400
8.354303,5.388843,0.000000,-0.684211,-18.040754,-2.553854,48.020233,-27.510275,-50.112314,6.664297,7.125424,-0.028753,-0.584534,0.0400
8.354303,5.388843,0.000000,-0.684211,-18.040754,-2.553854,48.020233,-27.510275,-50.112314,6.664297,7.125424,-0.028753,-0.584534,0.0400
8.354303,5.388843,0.000000,-0.684211,-18.040754,-2.553854,48.020233,-27.510275,-50.112314,6.664297,7.125424,-0.028753,-0.584534,0.0400
8.354303,5.388843,0.000000,-0.684211,-18.040754,-2.553854,48.020233,-27.510275,-50.112314,6.664297,7.125424,-0.028753,-0.584534,0.0400
8.354303,5.388843,0.000000,-0.684211,-18.040754,-2.553854,48.020233,-27.510275,-50.112314,6.664297,7.125424,-0.028753,-0.584534,0.0400
8.354303,5.388843,0.000000,-0.684211,-18.040754,-2.553854,48.020233,-27.510275,-50.112314,6.664297,7.125424,-0.028753,-0.584534,0.0400
8.354303,5.388843,0.000000,-0.684211,-18.040754,-2.553854,48.020233,-27.510275,-50.112314,6.664297,7.125424,-0.028753,-0.584534,0.0400
