0.569612,0.336803,0.000000,0.000000,0.141586,-0.057605,-0.196608,-27.510360,-50.112387,0.536486,0.317137,0.016610,-0.007260,0.1910
0.569612,0.336803,0.000000,0.000000,0.121210,-0.050421,-0.198393,-27.510360,-50.112387,0.543679,0.321063,0.018236,-0.007829,0.0400
0.569612,0.336803,0.000000,0.000000,0.097526,-0.039489,-0.198794,-27.510360,-50.112387,0.548221,0.323448,0.018902,-0.008029,0.0410
0.569612,0.336803,0.000000,0.000000,0.060731,-0.026556,-0.198708,-27.510360,-50.112387,0.552182,0.325482,0.018068,-0.007672,0.0400
0.569612,0.336803,0.000000,0.000000,0.032691,-0.011008,-0.199178,-27.510360,-50.112387,0.554674,0.326721,0.016678,-0.006916,0.0400
0.569612,0.336803,0.000000,0.000000,0.002279,-0.001299,-0.199113,-27.510360,-50.112387,0.556731,0.327762,0.013885,-0.005749,0.0410
0.569612,0.336803,0.000000,0.000000,-0.000707,-0.000315,-0.199145,-27.510360,-50.112387,0.558282,0.328572,0.011535,-0.004789,0.0400
0.569612,0.336803,0.000000,0.000000,0.000160,-0.000130,-0.199274,-27.510360,-50.112387,0.559534,0.329239,0.009628,-0.003991,0.0400
0.569612,0.336803,0.000000,0.000000,0.000860,0.000437,-0.199705,-27.510360,-50.112387,0.560512,0.329788,0.008146,-0.003334,0.0400
0.569612,0.336803,0.000000,0.000000,-0.001442,-0.000154,-0.200056,-27.510360,-50.112387,0.561439,0.330325,0.006622,-0.002770,0.0400
0.569612,0.336803,0.000000,0.000000,-0.000304,-0.000370,-0.199953,-27.510360,-50.112387,0.562241,0.330813,0.005410,-0.002301,0.0400
0.569612,0.336803,0.000000,0.000000,-0.000569,-0.000415,-0.199849,-27.510360,-50.112387,0.562772,0.331149,0.004601,-0.001961,0.0400
0.569612,0.336803,0.000000,0.000000,-0.000373,-0.000397,-0.199668,-27.510360,-50.112387,0.563270,0.331469,0.003855,-0.001663,0.0400
0.569612,0.336803,0.000000,0.000000,-0.000160,0.000155,-0.198512,-27.510360,-50.112387,0.563698,0.331758,0.003262,-0.001401,0.0400
0.569612,0.336803,0.000000,0.000000,-0.000403,0.000271,-0.197840,-27.510360,-50.112387,0.564071,0.332017,0.002759,-0.001172,0.0400
0.569612,0.336803,0.000000,0.000000,0.000015,-0.000061,-0.197872,-27.510360,-50.112387,0.564398,0.332253,0.002330,-0.000984,0.0400
0.569612,0.336803,0.000000,0.000000,-0.001248,0.000366,-0.198347,-27.510359,-50.112387,0.564681,0.332459,0.001973,-0.000810,0.0400
0.569612,0.336803,0.000000,0.000000,0.000121,-0.000107,-0.199727,-27.510359,-50.112387,0.564948,0.332662,0.001649,-0.000689,0.0410
0.569612,0.336803,0.000000,0.000000,-0.000840,-0.000147,-0.201172,-27.510359,-50.112387,0.565162,0.332829,0.001418,-0.000585,0.0480
0.569612,0.336803,0.000000,0.000000,-0.000139,-0.000155,-0.202297,-27.510359,-50.112387,0.565372,0.332995,0.001208,-0.000494,0.0400
0.569612,0.336803,0.000000,0.000000,-0.000168,-0.000365,-0.203222,-27.510359,-50.112387,0.565582,0.333164,0.001001,-0.000428,0.0400
0.569612,0.336803,0.000000,0.000000,0.000304,0.001929,-0.203769,-27.510359,-50.112387,0.565771,0.333319,0.000808,-0.000298,0.0400
0.569612,0.336803,0.000000,0.000000,0.000360,-0.000349,-0.204619,-27.510359,-50.112387,0.565937,0.333457,0.000692,-0.000276,0.0410
0.569612,0.336803,0.000000,0.000000,0.000121,-0.000250,-0.205301,-27.510359,-50.112387,0.566069,0.333569,0.000581,-0.000240,0.0400
0.569612,0.336803,0.000000,0.000000,-0.000018,-0.000035,-0.206221,-27.510359,-50.112387,0.566201,0.333681,0.000490,-0.000202,0.0400
0.569612,0.336803,0.000000,0.000000,-0.000334,0.001432,-0.206753,-27.510359,-50.112387,0.566327,0.333790,0.000402,-0.000124,0.0400
0.569612,0.336803,0.000000,0.000000,-0.000640,0.000310,-0.206344,-27.510359,-50.112387,0.566446,0.333895,0.000291,-0.000076,0.0400
0.569612,0.336803,0.000000,0.000000,-0.000041,0.000476,-0.206723,-27.510359,-50.112387,0.566547,0.333984,0.000263,-0.000059,0.0400
0.569612,0.336803,0.000000,0.000000,0.000160,-0.000274,-0.206477,-27.510359,-50.112387,0.566647,0.334074,0.000219,-0.000069,0.0400
0.569612,0.336803,0.000000,0.000000,0.000102,0.000305,-0.207316,-27.510359,-50.112387,0.566735,0.334153,0.000184,-0.000047,0.0410
0.569612,0.336803,0.000000,0.000000,0.000131,0.000166,-0.207344,-27.510359,-50.112387,0.566826,0.334235,0.000153,-0.000035,0.0400
0.569612,0.336803,0.000000,0.000000,0.000308,0.000776,-0.208115,-27.510359,-50.112387,0.566895,0.334297,0.000135,-0.000027,0.0440
0.569612,0.336803,0.000000,0.000000,-0.000482,-0.000078,-0.209308,-27.510359,-50.112387,0.566966,0.334362,0.000099,-0.000041,0.0410
0.569612,0.336803,0.000000,0.000000,0.000111,-0.000052,-0.209294,-27.510359,-50.112387,0.567031,0.334420,0.000095,-0.000042,0.0400
0.569612,0.336803,0.000000,0.000000,0.000156,0.000148,-0.207735,-27.510359,-50.112387,0.567095,0.334478,0.000085,-0.000033,0.0400
0.569612,0.336803,0.000000,0.000000,0.000437,-0.000390,-0.208278,-27.510359,-50.112387,0.567156,0.334534,0.000081,-0.000035,0.0400
0.569612,0.336803,0.000000,0.000000,-0.000221,-0.001660,-0.209709,-27.510359,-50.112387,0.567216,0.334588,0.000105,-0.000005,0.0400
0.569612,0.336803,0.000000,0.000000,-0.000011,-0.000025,-0.210420,-27.510359,-50.112387,0.567277,0.334645,0.000081,0.000040,0.0400
0.569612,0.336803,0.000000,0.000000,-0.000508,-0.001198,-0.210288,-27.510359,-50.112387,0.567330,0.334693,0.000065,0.000020,0.0400
0.569612,0.336803,0.000000,0.000000,-0.001312,-0.001164,-0.209370,-27.510359,-50.112387,0.567384,0.334743,0.000048,-0.000009,0.0400
0.569612,0.336803,0.000000,0.000000,-0.000065,-0.000327,-0.208939,-27.510359,-50.112387,0.567430,0.334785,0.000041,-0.000012,0.0400
0.569612,0.336803,0.000000,0.000000,-0.000478,0.000979,-0.208131,-27.510359,-50.112387,0.567481,0.334832,0.000021,0.000021,0.0400
0.569612,0.336803,0.000000,0.000000,0.001230,0.000153,-0.207546,-27.510359,-50.112387,0.567526,0.334873,0.000022,-0.000009,0.0400
0.569612,0.336803,0.000000,0.000000,0.000181,-0.000043,-0.207828,-27.510359,-50.112387,0.567567,0.334912,0.000008,-0.000004,0.0400
0.569612,0.336803,0.000000,0.000000,-0.000224,0.000053,-0.206673,-27.510359,-50.112387,0.567606,0.334948,0.000009,0.000014,0.0400
0.569612,0.336803,0.000000,0.000000,0.003338,-0.001732,-0.205278,-27.510359,-50.112387,0.567652,0.334990,0.000000,0.000004,0.0570
0.569612,0.336803,0.000000,0.000000,-0.000601,0.000086,-0.205417,-27.510359,-50.112387,0.567690,0.335025,-0.000014,0.000002,0.0400
0.569612,0.336803,0.000000,0.000000,0.000528,-0.002880,-0.206289,-27.510359,-50.112387,0.567729,0.335062,-0.000001,-0.000070,0.0400
0.569612,0.336803,0.000000,0.000000,0.000153,0.000057,-0.206192,-27.510359,-50.112387,0.567766,0.335095,0.000021,-0.000070,0.0400
0.569612,0.336803,0.000000,0.000000,-0.000668,0.000385,-0.206888,-27.510359,-50.112387,0.567799,0.335125,-0.000003,-0.000055,0.0400
0.569612,0.336803,0.000000,0.000000,0.000425,-0.000232,-0.207379,-27.510359,-50.112387,0.567828,0.335152,0.000031,-0.000049,0.0400
0.569612,0.336803,0.000000,0.000000,-0.000833,0.000081,-0.206636,-27.510359,-50.112387,0.567861,0.335182,0.000005,-0.000032,0.0400
0.569612,0.336803,0.000000,0.000000,0.002558,-0.001227,-0.207294,-27.510359,-50.112387,0.567893,0.335211,0.000086,-0.000055,0.0400
0.569612,0.336803,0.000000,0.000000,0.000126,0.000438,-0.207862,-27.510359,-50.112387,0.567924,0.335239,0.000074,-0.000035,0.0400
0.569612,0.336803,0.000000,0.000000,-0.000887,0.001282,-0.208587,-27.510359,-50.112387,0.567953,0.335265,0.000051,-0.000004,0.0400
0.379741,0.336803,-0.092600,-0.000000,0.000115,0.001812,-0.209815,-27.510360,-50.112386,0.566628,0.335293,-0.002712,0.000045,0.0400
0.379741,0.336803,-0.092600,-0.000000,0.000101,-0.000640,-0.209891,-27.510360,-50.112386,0.559128,0.335319,-0.016776,0.000021,0.0410
0.379741,0.336803,-0.092600,-0.000000,0.000781,-0.000375,-0.210530,-27.510360,-50.112386,0.552502,0.335341,-0.027436,0.000005,0.0410
0.379741,0.336803,-0.092600,-0.000000,-0.000368,-0.000093,-0.209491,-27.510360,-50.112386,0.545953,0.335362,-0.036684,0.000018,0.0410
0.379741,0.336803,-0.092600,-0.000000,0.001159,-0.000390,-0.209131,-27.510360,-50.112386,0.539006,0.335385,-0.045118,-0.000008,0.0400
0.379741,0.336803,-0.092600,-0.000000,-0.000383,0.001448,-0.209423,-27.510360,-50.112386,0.531597,0.335408,-0.052854,0.000037,0.0410
0.379741,0.336803,-0.092600,-0.000000,-0.000560,-0.000358,-0.208770,-27.510360,-50.112386,0.524611,0.335430,-0.059125,0.000014,0.0400
0.379741,0.336803,-0.092600,-0.000000,-0.001114,0.000134,-0.208718,-27.510360,-50.112386,0.517994,0.335451,-0.064207,0.000022,0.0510
0.379741,0.336803,-0.092600,-0.000000,0.000264,-0.000120,-0.208471,-27.510360,-50.112386,0.511665,0.335470,-0.068350,-0.000001,0.0400
0.379741,0.336803,-0.092600,-0.000000,0.000110,-0.000654,-0.208873,-27.510360,-50.112386,0.504761,0.335490,-0.072280,-0.000015,0.0400
0.379741,0.336803,-0.092600,-0.000000,0.000441,-0.000431,-0.208687,-27.510360,-50.112386,0.497976,0.335510,-0.075583,-0.000013,0.0400
0.379741,0.336803,-0.092600,-0.000000,-0.000029,-0.000904,-0.208629,-27.510360,-50.112386,0.491945,0.335528,-0.078084,-0.000040,0.0400
0.379741,0.336803,-0.092600,-0.000000,0.000131,0.000666,-0.206894,-27.510360,-50.112386,0.485375,0.335547,-0.080465,-0.000012,0.0400
0.379741,0.336803,-0.092600,-0.000000,0.000863,0.000734,-0.204871,-27.510360,-50.112386,0.479378,0.335564,-0.082287,0.000014,0.0400
0.379741,0.336803,-0.092600,-0.000000,0.000573,-0.000166,-0.203666,-27.510360,-50.112386,0.473705,0.335580,-0.083783,0.000009,0.0400
0.379741,0.336803,-0.092600,-0.000000,0.000286,0.000248,-0.203670,-27.510360,-50.112386,0.467889,0.335596,-0.085136,-0.000009,0.0400
0.379741,0.336803,-0.092600,-0.000000,-0.001289,-0.000883,-0.203957,-27.510360,-50.112386,0.461714,0.335613,-0.086372,-0.000029,0.0400
0.379741,0.336803,-0.092600,-0.000000,0.000742,-0.001418,-0.203799,-27.510360,-50.112386,0.455415,0.335630,-0.087432,0.000016,0.0540
0.379741,0.336803,-0.092600,-0.000000,-0.000077,-0.000126,-0.203854,-27.510360,-50.112386,0.450085,0.335645,-0.088191,0.000006,0.0400
0.379741,0.336803,-0.092600,-0.000000,-0.000165,0.000004,-0.203596,-27.510360,-50.112386,0.444524,0.335659,-0.088864,0.000006,0.0400
0.379741,0.336803,0.000000,0.000000,-0.000140,-0.000217,-0.203031,-27.510362,-50.112385,0.441532,0.335673,-0.082332,0.000000,0.0400
0.379741,0.336803,0.000000,0.000000,-0.000192,0.000074,-0.201962,-27.510362,-50.112385,0.440452,0.335687,-0.069425,0.000013,0.0400
0.379741,0.336803,0.000000,0.000000,0.000998,-0.000504,-0.201382,-27.510362,-50.112385,0.439469,0.335700,-0.059225,-0.000022,0.0410
0.379741,0.336803,0.000000,0.000000,-0.000642,-0.000038,-0.200324,-27.510362,-50.112385,0.438481,0.335714,-0.049650,0.000018,0.0400
0.379741,0.336803,0.000000,0.000000,-0.000373,0.000061,-0.199583,-27.510362,-50.112385,0.437657,0.335727,-0.042653,0.000014,0.0400
0.379741,0.336803,0.000000,0.000000,0.000067,0.000089,-0.197765,-27.510362,-50.112385,0.436809,0.335740,-0.035975,0.000013,0.0410
0.379741,0.336803,0.000000,0.000000,-0.000824,0.000333,-0.197297,-27.510362,-50.112385,0.436036,0.335752,-0.030740,0.000016,0.0400
0.379741,0.336803,0.000000,0.000000,-0.000206,-0.000156,-0.197574,-27.510362,-50.112385,0.435265,0.335764,-0.025931,0.000006,0.0400
0.379741,0.336803,0.000000,0.000000,0.000833,-0.000227,-0.198380,-27.510362,-50.112385,0.434534,0.335776,-0.021941,-0.000012,0.0400
0.379741,0.336803,0.000000,0.000000,0.001198,-0.000097,-0.198944,-27.510362,-50.112385,0.433826,0.335788,-0.018499,-0.000008,0.0400
0.379741,0.336803,0.000000,0.000000,-0.000163,0.000289,-0.198021,-27.510362,-50.112385,0.433207,0.335799,-0.015896,0.000020,0.0400
0.379741,0.336803,0.000000,0.000000,0.001226,0.000399,-0.197086,-27.510362,-50.112385,0.432598,0.335809,-0.013557,-0.000004,0.0400
0.379741,0.336803,0.000000,0.000000,0.000299,-0.000347,-0.196440,-27.510362,-50.112385,0.432007,0.335820,-0.011621,0.000025,0.0400
0.379741,0.336803,0.000000,0.000000,-0.000074,-0.000320,-0.196551,-27.510362,-50.112385,0.431422,0.335830,-0.009941,0.000020,0.0400
0.379741,0.336803,0.000000,0.000000,-0.000076,0.000150,-0.197030,-27.510362,-50.112385,0.430865,0.335840,-0.008498,0.000022,0.0400
0.379741,0.336803,0.000000,0.000000,0.000655,-0.001775,-0.197912,-27.510362,-50.112385,0.430314,0.335850,-0.007209,0.000004,0.0400
0.379741,0.336803,0.000000,0.000000,-0.000115,-0.000149,-0.197323,-27.510362,-50.112385,0.429764,0.335860,-0.006129,0.000000,0.0400
0.379741,0.336803,0.000000,0.000000,0.000248,0.000015,-0.197153,-27.510362,-50.112385,0.429188,0.335870,-0.005136,-0.000010,0.0400
0.379741,0.336803,0.000000,0.000000,0.000547,0.000269,-0.197146,-27.510362,-50.112385,0.428765,0.335878,-0.004543,0.000001,0.0410
0.379741,0.336803,0.000000,0.000000,-0.002252,-0.000345,-0.197412,-27.510362,-50.112385,0.428249,0.335888,-0.003979,-0.000019,0.0410
0.000000,0.336803,-0.231500,-0.000000,0.000689,0.000244,-0.196510,-27.510364,-50.112383,0.422808,0.335897,-0.015652,-0.000028,0.0400
0.000000,0.336803,-0.231500,-0.000000,0.000177,0.000050,-0.196133,-27.510364,-50.112383,0.407627,0.335906,-0.047286,0.000016,0.0400
0.000000,0.336803,-0.231500,-0.000000,0.000325,-0.001729,-0.196429,-27.510364,-50.112383,0.393764,0.335914,-0.074184,-0.000029,0.0410
0.000000,0.336803,-0.231500,-0.000000,-0.000068,0.000465,-0.196512,-27.510364,-50.112383,0.378165,0.335923,-0.098866,-0.000010,0.0400
0.000000,0.336803,-0.231500,-0.000000,-0.000158,-0.000191,-0.197259,-27.510364,-50.112383,0.365472,0.335930,-0.115510,-0.000012,0.0410
0.000000,0.336803,-0.231500,-0.000000,-0.000757,0.000502,-0.198543,-27.510364,-50.112383,0.350039,0.335939,-0.133715,0.000009,0.0410
0.000000,0.336803,-0.231500,-0.000000,-0.000252,-0.000765,-0.199824,-27.510364,-50.112383,0.336396,0.335947,-0.148069,-0.000015,0.0400
0.000000,0.336803,-0.231500,-0.000000,0.001532,-0.001731,-0.200109,-27.510364,-50.112383,0.320222,0.335956,-0.161987,-0.000054,0.0410
0.000000,0.336803,-0.231500,-0.000000,0.000138,-0.000128,-0.199818,-27.510364,-50.112383,0.307747,0.335962,-0.171144,-0.000018,0.0400
0.000000,0.336803,-0.231500,-0.000000,-0.000311,0.000288,-0.198343,-27.510364,-50.112383,0.293322,0.335970,-0.180364,-0.000006,0.0400
0.000000,0.336803,-0.231500,-0.000000,-0.000527,-0.000097,-0.197078,-27.510364,-50.112383,0.278304,0.335978,-0.188706,-0.000011,0.0400
0.000000,0.336803,-0.231500,-0.000000,0.000406,-0.000156,-0.197642,-27.510364,-50.112383,0.266011,0.335985,-0.194685,-0.000028,0.0400
0.000000,0.336803,-0.231500,-0.000000,0.000080,-0.000064,-0.198863,-27.510364,-50.112383,0.251844,0.335993,-0.200371,-0.000022,0.0400
0.000000,0.336803,-0.231500,-0.000000,-0.000918,0.000234,-0.199457,-27.510364,-50.112383,0.223190,0.336006,-0.208890,-0.000010,0.0980
0.000000,0.336803,-0.231500,-0.000000,-0.000350,0.001039,-0.199348,-27.510364,-50.112383,0.214267,0.336010,-0.211038,0.000006,0.0440
0.000000,0.336803,-0.231500,-0.000000,0.000913,0.000190,-0.199593,-27.510364,-50.112383,0.186646,0.336022,-0.216765,0.000005,0.0870
-0.189871,0.673606,-0.189477,0.336104,0.000153,-0.001185,-0.196592,-27.510366,-50.112380,0.143227,0.347897,-0.218622,0.034769,0.1870
-0.189871,0.673606,-0.189477,0.336104,0.000498,-0.000116,-0.197475,-27.510366,-50.112380,0.134071,0.362717,-0.214889,0.073159,0.0410
-0.189871,0.673606,-0.189477,0.336104,-0.000418,0.000159,-0.197431,-27.510366,-50.112380,0.125927,0.375817,-0.212064,0.102691,0.0400
-0.189871,0.673606,-0.189477,0.336104,-0.000631,0.000261,-0.197431,-27.510366,-50.112380,0.125927,0.375817,-0.212064,0.102691,0.0400
-0.189871,0.673606,-0.189477,0.336104,-0.000631,0.000261,-0.197431,-27.510366,-50.112380,0.125927,0.375817,-0.212064,0.102691,0.0400
-0.189871,0.673606,-0.189477,0.336104,0.024395,-0.034624,-0.201690,-27.510366,-50.112380,0.085971,0.424416,-0.191357,0.294285,0.0670
-0.189871,0.673606,-0.189477,0.336104,0.015397,-0.013117,-0.202698,-27.510366,-50.112380,0.076361,0.441061,-0.190010,0.309634,0.0420
-0.189871,0.673606,-0.189477,0.336104,-0.001446,-0.000432,-0.203420,-27.510366,-50.112380,0.065392,0.459354,-0.189785,0.317474,0.0530
-0.189871,0.673606,-0.189477,0.336104,0.000219,0.000834,-0.203622,-27.510366,-50.112380,0.056998,0.473181,-0.189720,0.321488,0.0410
-0.189871,0.673606,-0.189477,0.336104,0.000055,0.000125,-0.204233,-27.510366,-50.112380,0.048655,0.486834,-0.189700,0.324212,0.0400
-0.189871,0.673606,-0.189477,0.336104,-0.001606,-0.003910,-0.203365,-27.510366,-50.112380,0.034578,0.510723,-0.190176,0.325262,0.0400
-0.189871,0.673606,-0.189477,0.336104,-0.000001,-0.000051,-0.203478,-27.510366,-50.112380,0.021884,0.531652,-0.189881,0.330343,0.0590
-0.189871,0.673606,-0.189477,0.336104,0.001807,-0.000198,-0.203856,-27.510366,-50.112380,0.005973,0.557606,-0.189751,0.332759,0.0670
-0.189871,0.673606,-0.189477,0.336104,0.000523,0.000238,-0.204147,-27.510366,-50.112380,-0.004995,0.575503,-0.189707,0.333549,0.0560
-0.189871,0.673606,-0.189477,0.336104,0.001352,0.000017,-0.204881,-27.510366,-50.112380,-0.015556,0.592630,-0.189627,0.334095,0.0400
-0.189871,0.673606,-0.189477,0.336104,0.000496,0.000989,-0.209306,-27.510366,-50.112380,-0.037495,0.628915,-0.189376,0.334971,0.1080
-0.189871,0.673606,-0.189477,0.336104,-0.000198,0.000065,-0.210498,-27.510366,-50.112380,-0.046781,0.643948,-0.189441,0.335223,0.0400
-0.189871,0.673606,-0.189477,0.336104,0.000482,-0.000168,-0.210498,-27.510366,-50.112380,-0.046781,0.643948,-0.189441,0.335223,0.0400
-0.189871,1.010408,-0.000000,0.154333,-0.006643,0.007734,-0.214691,-27.510367,-50.112378,-0.060868,0.676635,-0.116070,0.265970,0.0710
-0.189871,1.010408,-0.000000,0.154333,0.003451,0.009962,-0.216852,-27.510367,-50.112378,-0.060119,0.693896,-0.052541,0.204997,0.0900
-0.189871,1.010408,-0.000000,0.154333,0.001044,0.001245,-0.216797,-27.510367,-50.112378,-0.060207,0.699059,-0.043376,0.196192,0.0420
-0.189871,1.010408,-0.000000,0.154333,0.001004,0.000817,-0.215936,-27.510367,-50.112378,-0.060986,0.711690,-0.031351,0.184612,0.0640
-0.189871,1.010408,-0.000000,0.154333,-0.000490,-0.000359,-0.215451,-27.510367,-50.112378,-0.061448,0.718514,-0.026645,0.180069,0.0400
-0.189871,1.010408,-0.000000,0.154333,-0.001452,-0.000873,-0.215855,-27.510367,-50.112378,-0.062216,0.728537,-0.021555,0.175164,0.0520
-0.189871,1.010408,-0.000000,0.154333,0.000337,-0.003220,-0.215432,-27.510367,-50.112378,-0.063117,0.739866,-0.017104,0.170861,0.0610
-0.189871,1.010408,-0.000000,0.154333,0.000406,0.001231,-0.215276,-27.510367,-50.112378,-0.063720,0.747231,-0.014740,0.168635,0.0400
-0.189871,1.010408,-0.000000,0.154333,0.000301,0.000657,-0.215276,-27.510367,-50.112378,-0.063720,0.747231,-0.014740,0.168635,0.0400
-0.189871,1.010408,-0.000000,0.154333,0.003964,-0.001042,-0.212108,-27.510367,-50.112378,-0.065488,0.771959,-0.003277,0.159559,0.0750
-0.189871,1.010408,-0.000000,0.154333,-0.000197,-0.000115,-0.211692,-27.510367,-50.112378,-0.066222,0.780458,-0.002232,0.157880,0.0400
-0.189871,1.010408,-0.000000,0.154333,0.005389,-0.001405,-0.212043,-27.510367,-50.112378,-0.066963,0.790759,-0.001587,0.156910,0.0570
-0.189871,1.010408,-0.000000,0.154333,0.000034,0.000291,-0.211477,-27.510367,-50.112378,-0.067652,0.799070,-0.001284,0.156383,0.0470
-0.189871,1.010408,-0.000000,0.154333,0.000414,0.000114,-0.211398,-27.510367,-50.112378,-0.068826,0.813387,-0.000938,0.155763,0.0770
-0.189871,1.010408,-0.000000,0.154333,-0.004744,0.006289,-0.211159,-27.510367,-50.112378,-0.069725,0.823923,-0.000786,0.155521,0.0430
-0.189871,1.010408,-0.000000,0.154333,0.000618,0.001026,-0.210722,-27.510367,-50.112378,-0.070490,0.833415,-0.000643,0.155305,0.0710
-0.189871,1.010408,-0.000000,0.154333,-0.000013,0.000435,-0.210865,-27.510367,-50.112378,-0.071340,0.843901,-0.000546,0.155144,0.0550
-0.949353,1.347211,-0.597251,0.264859,0.003004,-0.000657,-0.211828,-27.510372,-50.112375,-0.071870,0.850496,-0.000481,0.155055,0.0430
-0.949353,1.347211,-0.597251,0.264859,-0.029810,0.002169,-0.213769,-27.510372,-50.112375,-0.104405,0.864968,-0.089024,0.171267,0.0410
-0.949353,1.347211,-0.597251,0.264859,0.257270,-0.038154,-0.211564,-27.510372,-50.112375,-0.194543,0.906821,-0.269929,0.205111,0.1310
-0.949353,1.347211,-0.597251,0.264859,-0.012502,-0.102219,-0.206139,-27.510372,-50.112375,-0.224988,0.920699,-0.320161,0.211716,0.0400
-0.949353,1.347211,-0.597251,0.264859,-0.036154,-0.006320,-0.208201,-27.510372,-50.112375,-0.262511,0.938592,-0.364983,0.221997,0.0410
-0.949353,1.347211,-0.597251,0.264859,0.102226,0.046808,-0.207659,-27.510372,-50.112375,-0.301474,0.956584,-0.408838,0.228820,0.0640
-0.949353,1.347211,-0.597251,0.264859,-0.077207,-0.010811,-0.201039,-27.510372,-50.112375,-0.341065,0.974830,-0.441031,0.236859,0.0410
-0.949353,1.347211,-0.597251,0.264859,-0.047448,0.059626,-0.201032,-27.510372,-50.112375,-0.405700,1.004690,-0.488389,0.244480,0.0900
-0.949353,1.347211,-0.597251,0.264859,-0.053944,-0.048871,-0.201777,-27.510372,-50.112375,-0.564461,1.077968,-0.554893,0.254905,0.2610
-0.949353,1.347211,-0.597251,0.264859,0.025009,0.054550,-0.203049,-27.510372,-50.112375,-0.592860,1.091061,-0.561030,0.257215,0.0400
-0.949353,1.347211,-0.597251,0.264859,0.045336,0.000472,-0.212213,-27.510372,-50.112375,-0.631857,1.108976,-0.569098,0.261196,0.0420
-0.949353,1.347211,-0.597251,0.264859,0.007261,-0.007484,-0.210405,-27.510372,-50.112375,-0.691263,1.136198,-0.579205,0.261616,0.1050
-0.949353,1.347211,-0.597251,0.264859,0.119200,-0.065747,-0.208939,-27.510372,-50.112375,-0.723139,1.150847,-0.581729,0.261246,0.0510
-1.518965,1.347211,-0.627622,-0.000000,-0.037163,0.016265,-0.215011,-27.510377,-50.112372,-0.760845,1.151901,-0.593452,0.206014,0.0400
-1.518965,1.347211,-0.627622,-0.000000,-0.045345,-0.001621,-0.222285,-27.510377,-50.112372,-0.793901,1.158555,-0.600429,0.183830,0.0410
-1.518965,1.347211,-0.627622,-0.000000,0.194629,-0.051119,-0.218804,-27.510377,-50.112372,-0.838363,1.158070,-0.612159,0.114417,0.0660
-1.518965,1.347211,-0.627622,-0.000000,-0.121796,0.038484,-0.221181,-27.510377,-50.112372,-0.865357,1.157972,-0.614604,0.088285,0.0400
-1.518965,1.347211,-0.627622,-0.000000,0.058965,0.006834,-0.221686,-27.510377,-50.112372,-0.918741,1.159147,-0.618580,0.059972,0.0740
-1.518965,1.347211,-0.627622,-0.000000,0.057827,-0.023327,-0.226046,-27.510377,-50.112372,-0.951436,1.159806,-0.618428,0.047945,0.0400
-1.518965,1.347211,-0.627622,-0.000000,-0.069466,0.038827,-0.220545,-27.510377,-50.112372,-1.009260,1.161474,-0.616352,0.033777,0.0850
-1.518965,1.347211,-0.627622,-0.000000,-0.232924,-0.010883,-0.223678,-27.510377,-50.112372,-1.055442,1.162732,-0.619736,0.024620,0.0660
-1.518965,1.347211,-0.627622,-0.000000,0.060678,-0.058170,-0.219825,-27.510377,-50.112372,-1.082518,1.163483,-0.622330,0.019612,0.0400
-1.518965,1.347211,-0.627622,-0.000000,0.196487,0.091913,-0.226497,-27.510377,-50.112372,-1.106885,1.164170,-0.619092,0.018461,0.0400
-1.518965,1.347211,-0.627622,-0.000000,0.194838,0.091312,-0.226497,-27.510377,-50.112372,-1.106885,1.164170,-0.619092,0.018461,0.0400
-1.518965,1.347211,-0.627622,-0.000000,0.193427,0.090139,-0.218727,-27.510377,-50.112372,-1.188513,1.166000,-0.620367,0.008461,0.0410
-1.518965,1.347211,-0.627622,-0.000000,-0.011631,-0.023355,-0.217956,-27.510377,-50.112372,-1.220271,1.166621,-0.626316,0.004012,0.0650
-1.518965,1.347211,-0.627622,-0.000000,-0.013931,0.005496,-0.220800,-27.510377,-50.112372,-1.252475,1.167469,-0.628680,0.002535,0.0410
-1.518965,1.347211,-0.627622,-0.000000,0.016472,0.138854,-0.226666,-27.510377,-50.112372,-1.298774,1.168764,-0.628601,0.001469,0.0780
-1.518965,1.347211,-0.627622,-0.000000,-0.282070,-0.002511,-0.237213,-27.510377,-50.112372,-1.354463,1.170262,-0.628440,0.006474,0.0870
-1.518965,1.347211,-0.627622,-0.000000,-0.398314,-0.005900,-0.255541,-27.510377,-50.112372,-1.382079,1.171039,-0.642680,0.005263,0.0420
-1.898706,1.684014,-0.334841,0.296980,0.110881,-0.020897,-0.290894,-27.510381,-50.112370,-1.413957,1.193385,-0.598104,0.065063,0.0770
-1.898706,1.684014,-0.334841,0.296980,0.213755,0.046526,-0.310321,-27.510381,-50.112370,-1.430610,1.209356,-0.553593,0.098846,0.0450
-1.898706,1.684014,-0.334841,0.296980,-0.327056,0.031220,-0.347796,-27.510381,-50.112370,-1.446142,1.224201,-0.523045,0.127116,0.0400
-1.898706,1.684014,-0.334841,0.296980,0.137059,-0.126636,-0.388942,-27.510381,-50.112370,-1.460968,1.239128,-0.497745,0.149085,0.0410
-1.898706,1.684014,-0.334841,0.296980,0.002431,0.000370,-0.491568,-27.510381,-50.112370,-1.488669,1.257421,-0.465658,0.177154,0.0550
-1.898706,1.684014,-0.334841,0.296980,0.006494,-0.047456,-0.560580,-27.510381,-50.112370,-1.503820,1.272137,-0.442707,0.202607,0.0520
-1.898706,1.684014,-0.334841,0.296980,-0.047142,0.195991,-0.669162,-27.510381,-50.112370,-1.523670,1.291550,-0.413323,0.233298,0.0400
-1.898706,1.684014,-0.334841,0.296980,0.104155,-0.014965,-0.666285,-27.510381,-50.112370,-1.550914,1.314687,-0.402238,0.261624,0.0740
-1.898706,1.684014,-0.334841,0.296980,-0.276390,-0.026405,-0.554262,-27.510381,-50.112370,-1.575520,1.337542,-0.395589,0.281429,0.0660
-1.898706,1.684014,-0.334841,0.296980,-0.044317,0.468165,-0.483641,-27.510381,-50.112370,-1.597606,1.357618,-0.389222,0.312904,0.0630
-1.898706,1.684014,-0.334841,0.296980,-0.244521,0.265694,-0.326730,-27.510381,-50.112370,-1.621722,1.379528,-0.393697,0.323826,0.0460
-1.898706,1.684014,-0.334841,0.296980,-0.165841,-0.112521,-0.206803,-27.510381,-50.112370,-1.641186,1.397099,-0.391569,0.313043,0.0670
-1.898706,1.684014,-0.334841,0.296980,-0.347468,-0.165973,-0.055987,-27.510381,-50.112370,-1.669025,1.422362,-0.397011,0.305638,0.0410
-1.898706,1.684014,-0.334841,0.296980,-1.163355,-0.899400,-1.898651,-27.510381,-50.112370,-1.732993,1.479593,-0.429877,0.210912,0.2010
-2.468318,2.020817,-0.557961,0.329914,-0.719872,-0.417007,-7.507286,-27.510387,-50.112367,-1.795068,1.523781,-0.525886,0.183227,0.1240
-2.468318,2.020817,-0.557961,0.329914,-0.179698,-0.532416,-17.362644,-27.510387,-50.112367,-2.005310,1.648918,-0.655049,0.279040,0.3470
-2.468318,2.020817,-0.557961,0.329914,-0.307295,-0.697072,-18.386633,-27.510387,-50.112367,-2.038768,1.669249,-0.648089,0.262069,0.0570
-2.468318,2.020817,-0.557961,0.329914,0.641128,-1.527987,-23.660807,-27.510387,-50.112367,-2.221668,1.778304,-0.514348,0.034784,0.3070
-3.417671,3.031225,-0.820773,0.873559,0.432288,-0.544089,-25.602646,-27.510395,-50.112357,-2.394598,1.901535,-0.442865,0.127074,0.2310
-3.417671,3.031225,-0.820773,0.873559,1.470920,-1.066031,-26.664190,-27.510395,-50.112357,-2.567973,2.085542,-0.424696,0.351157,0.2430
-3.417671,3.031225,-0.820773,0.873559,1.423552,-0.975185,-26.956453,-27.510395,-50.112357,-2.625952,2.147502,-0.421348,0.395376,0.0480
-3.417671,3.031225,-0.820773,0.873559,1.329965,-1.009540,-27.109715,-27.510395,-50.112357,-2.720279,2.248158,-0.427945,0.454152,0.1120
-3.417671,3.031225,-0.820773,0.873559,1.270878,-1.067047,-27.072725,-27.510395,-50.112357,-2.888274,2.427749,-0.442377,0.534149,0.2060
-3.417671,3.031225,-0.820773,0.873559,0.792568,-0.301012,-27.007023,-27.510395,-50.112357,-2.922581,2.464272,-0.455190,0.556497,0.0420
-3.417671,3.031225,-0.820773,0.873559,0.748247,-0.469416,-27.168388,-27.510395,-50.112357,-2.979362,2.525059,-0.467257,0.582618,0.0630
-3.417671,3.031225,-0.820773,0.873559,1.186868,-0.486783,-27.590294,-27.510395,-50.112357,-3.015807,2.563656,-0.472570,0.600659,0.0400
-3.417671,3.031225,-0.820773,0.873559,1.058853,-0.895739,-28.031059,-27.510395,-50.112357,-3.043503,2.593132,-0.475878,0.606473,0.0400
-3.417671,3.031225,-0.820773,0.873559,1.057124,-0.894551,-28.031059,-27.510395,-50.112357,-3.043503,2.593132,-0.475878,0.606473,0.0410
-3.417671,3.031225,-0.820773,0.873559,1.057124,-0.894551,-30.515841,-27.510395,-50.112357,-3.116229,2.683201,-0.505383,0.654935,0.0410
-3.417671,3.031225,-0.820773,0.873559,0.436242,-0.260045,-31.371664,-27.510395,-50.112357,-3.168132,2.733486,-0.710938,0.800557,0.0540
-3.227800,4.378436,0.238357,1.691242,0.662013,-0.405429,-32.337097,-27.510394,-50.112342,-3.175819,2.810443,-0.520162,0.982787,0.0410
-3.227800,4.378436,0.238357,1.691242,0.793532,-0.377237,-32.863472,-27.510394,-50.112342,-3.160099,2.865591,-0.352898,1.112888,0.0410
-3.227800,4.378436,0.238357,1.691242,0.190753,-0.313738,-35.883549,-27.510394,-50.112342,-3.135780,3.080527,0.004964,1.402144,0.0950
-3.227800,4.378436,0.238357,1.691242,0.255957,-0.382062,-37.577816,-27.510394,-50.112342,-3.118245,3.198803,0.099285,1.466397,0.0660
-3.227800,4.378436,0.238357,1.691242,-0.450755,0.204267,-42.300949,-27.510394,-50.112342,-3.073242,3.533271,0.174728,1.565538,0.1710
-3.227800,4.378436,0.238357,1.691242,0.291726,-0.592852,-43.618996,-27.510394,-50.112342,-3.038363,3.801507,0.210408,1.571438,0.1690
-3.227800,4.378436,0.238357,1.691242,-0.073964,-0.402867,-43.685398,-27.510394,-50.112342,-3.028692,3.876330,0.207996,1.581500,0.0440
-3.227800,4.378436,0.238357,1.691242,-0.112975,-0.741330,-43.725124,-27.510394,-50.112342,-3.016379,3.971796,0.210201,1.576633,0.0550
-1.329095,6.399252,1.539390,1.638393,-0.633994,0.867842,-43.219658,-27.510376,-50.112324,-2.826681,4.652008,0.427990,1.669315,0.3970
-1.329095,6.399252,1.539390,1.638393,-1.171534,1.145871,-42.592926,-27.510376,-50.112324,-2.389070,5.124817,0.909917,1.842747,0.2440
-1.329095,6.399252,1.539390,1.638393,-0.793296,0.215146,-46.627373,-27.510376,-50.112324,-1.980393,5.566626,1.170012,1.780972,0.2730
-1.329095,6.399252,1.539390,1.638393,-0.317505,0.370740,-51.968742,-27.510376,-50.112324,-1.667808,5.904562,1.313116,1.751838,0.2050
-1.329095,6.399252,1.539390,1.638393,-0.057749,0.496186,-54.317986,-27.510376,-50.112324,-1.505519,6.077893,1.377199,1.743589,0.1090
-1.329095,6.399252,1.539390,1.638393,-0.138478,0.416429,-56.018929,-27.510376,-50.112324,-1.383208,6.208731,1.410405,1.742898,0.0540
0.379741,9.093675,1.576014,2.484996,0.111218,0.985827,-59.695560,-27.510360,-50.112299,-1.021632,6.761473,1.503727,2.151168,0.2130
0.379741,9.093675,1.576014,2.484996,0.080361,-0.093775,-60.586250,-27.510360,-50.112299,-0.729407,7.222443,1.558016,2.303258,0.2070
0.379741,9.093675,1.576014,2.484996,0.096280,-0.047278,-61.240314,-27.510360,-50.112299,-0.425335,7.703475,1.574971,2.390637,0.1380
0.379741,9.093675,1.576014,2.484996,-0.317540,0.574107,-68.717926,-27.510360,-50.112299,0.038230,8.436129,1.561167,2.457288,0.3000
2.088576,11.451295,1.917137,2.645007,-0.313522,0.365149,-75.038918,-27.510345,-50.112270,0.414099,9.005680,1.603222,2.514798,0.2490
2.088576,11.451295,1.917137,2.645007,-0.641851,0.492579,-76.498871,-27.510345,-50.112270,0.505710,9.132238,1.626271,2.551022,0.0470
2.088576,11.451295,1.917137,2.645007,-0.501785,0.311390,-78.020088,-27.510345,-50.112270,0.597759,9.258868,1.650505,2.579105,0.0400
2.088576,11.451295,1.917137,2.645007,-0.585596,0.439007,-78.673492,-27.510345,-50.112270,0.636577,9.312239,1.657042,2.591297,0.0400
2.088576,11.451295,1.917137,2.645007,-0.585596,0.439007,-78.673492,-27.510345,-50.112270,0.636577,9.312239,1.657042,2.591297,0.0400
2.088576,11.451295,1.917137,2.645007,-0.585596,0.439007,-78.673492,-27.510345,-50.112270,0.636577,9.312239,1.657042,2.591297,0.0400
2.088576,11.451295,1.917137,2.645007,-0.585596,0.439007,-78.673492,-27.510345,-50.112270,0.636577,9.312239,1.657042,2.591297,0.0400
2.088576,11.451295,1.917137,2.645007,-0.585596,0.439007,-78.673492,-27.510345,-50.112270,0.636577,9.312239,1.657042,2.591297,0.0400
2.088576,11.451295,1.917137,2.645007,-0.585596,0.439007,-78.673492,-27.510345,-50.112270,0.636577,9.312239,1.657042,2.591297,0.0400
2.088576,11.451295,1.917137,2.645007,-1.349950,1.167484,-99.126190,-27.510345,-50.112270,1.341348,10.328808,1.848134,2.681721,0.0670
2.088576,11.451295,1.917137,2.645007,-1.488442,1.015391,-101.693626,-27.510345,-50.112270,1.436042,10.443559,1.827467,2.705963,0.0410
2.088576,11.451295,1.917137,2.645007,-1.607320,1.192396,-105.670540,-27.510345,-50.112270,1.575438,10.619204,1.783615,2.742193,0.0640
2.088576,11.451295,1.917137,2.645007,-1.404738,1.049438,-108.663292,-27.510345,-50.112270,1.679798,10.749508,1.756361,2.762360,0.0400
2.088576,11.451295,1.917137,2.645007,-1.368291,0.626364,-110.155014,-27.510345,-50.112270,1.731498,10.814623,1.743537,2.771684,0.0400
2.088576,11.451295,1.917137,2.645007,-1.368291,0.626364,-110.155014,-27.510345,-50.112270,1.731498,10.814623,1.743537,2.771684,0.0400
2.088576,11.451295,1.917137,2.645007,-1.368291,0.626364,-110.155014,-27.510345,-50.112270,1.731498,10.814623,1.743537,2.771684,0.0400
2.088576,11.451295,1.917137,2.645007,-1.226301,1.103865,-120.798477,-27.510345,-50.112270,2.044537,11.278005,1.794729,2.725290,0.0420
2.088576,11.451295,1.917137,2.645007,-1.543156,1.306454,-123.394539,-27.510345,-50.112270,2.128945,11.382680,1.814127,2.722347,0.0420
3.987281,14.482521,1.867923,2.982083,-1.481649,1.202544,-126.576126,-27.510328,-50.112239,2.223068,11.505532,1.797246,2.740806,0.0400
3.987281,14.482521,1.867923,2.982083,-1.333183,0.910388,-126.957504,-27.510328,-50.112239,2.241376,11.535303,1.789455,2.767983,0.0400
3.987281,14.482521,1.867923,2.982083,-1.333183,0.910388,-126.957504,-27.510328,-50.112239,2.241376,11.535303,1.789455,2.767983,0.0400
3.987281,14.482521,1.867923,2.982083,-1.333183,0.910388,-126.957504,-27.510328,-50.112239,2.241376,11.535303,1.789455,2.767983,0.0400
3.987281,14.482521,1.867923,2.982083,-1.333183,0.910388,-126.957504,-27.510328,-50.112239,2.241376,11.535303,1.789455,2.767983,0.0400
3.987281,14.482521,1.867923,2.982083,-1.333183,0.910388,-126.957504,-27.510328,-50.112239,2.241376,11.535303,1.789455,2.767983,0.0400
3.987281,14.482521,1.867923,2.982083,-1.333183,0.910388,-126.957504,-27.510328,-50.112239,2.241376,11.535303,1.789455,2.767983,0.0400
3.987281,14.482521,1.867923,2.982083,-1.333183,0.910388,-126.957504,-27.510328,-50.112239,2.241376,11.535303,1.789455,2.767983,0.0400
3.987281,14.482521,1.867923,2.982083,-1.333183,0.910388,-126.957504,-27.510328,-50.112239,2.241376,11.535303,1.789455,2.767983,0.0400
3.987281,14.482521,1.867923,2.982083,-1.333183,0.910388,-126.957504,-27.510328,-50.112239,2.241376,11.535303,1.789455,2.767983,0.0400
3.987281,14.482521,1.867923,2.982083,-1.333183,0.910388,-126.957504,-27.510328,-50.112239,2.241376,11.535303,1.789455,2.767983,0.0400
3.987281,14.482521,1.867923,2.982083,-1.333183,0.910388,-126.957504,-27.510328,-50.112239,2.241376,11.535303,1.789455,2.767983,0.0400
3.987281,14.482521,1.867923,2.982083,-1.333183,0.910388,-126.957504,-27.510328,-50.112239,2.241376,11.535303,1.789455,2.767983,0.0400
3.987281,14.482521,1.867923,2.982083,-1.333183,0.910388,-126.957504,-27.510328,-50.112239,2.241376,11.535303,1.789455,2.767983,0.0550
3.987281,14.482521,1.867923,2.982083,-1.333183,0.910388,-126.957504,-27.510328,-50.112239,2.241376,11.535303,1.789455,2.767983,0.0400
3.987281,14.482521,1.867923,2.982083,-1.333183,0.910388,-126.957504,-27.510328,-50.112239,2.241376,11.535303,1.789455,2.767983,0.0400
3.987281,14.482521,1.867923,2.982083,-1.333183,0.910388,-126.957504,-27.510328,-50.112239,2.241376,11.535303,1.789455,2.767983,0.0400
3.987281,14.482521,1.867923,2.982083,-1.333183,0.910388,-126.957504,-27.510328,-50.112239,2.241376,11.535303,1.789455,2.767983,0.0400
3.987281,14.482521,1.867923,2.982083,-1.333183,0.910388,-126.957504,-27.510328,-50.112239,2.241376,11.535303,1.789455,2.767983,0.0400
3.987281,14.482521,1.867923,2.982083,-1.333183,0.910388,-126.957504,-27.510328,-50.112239,2.241376,11.535303,1.789455,2.767983,0.0400
3.987281,14.482521,1.867923,2.982083,-1.333183,0.910388,-126.957504,-27.510320,-50.112208,2.241376,11.535303,1.789455,2.767983,0.0400
3.987281,14.482521,1.867923,2.982083,-1.333183,0.910388,-126.957504,-27.510320,-50.112208,2.241376,11.535303,1.789455,2.767983,0.0400
3.987281,14.482521,1.867923,2.982083,-1.333183,0.910388,-126.957504,-27.510320,-50.112208,2.241376,11.535303,1.789455,2.767983,0.0400
3.987281,14.482521,1.867923,2.982083,-1.333183,0.910388,-126.957504,-27.510320,-50.112208,2.241376,11.535303,1.789455,2.767983,0.0400
3.987281,14.482521,1.867923,2.982083,-1.333183,0.910388,-126.957504,-27.510320,-50.112208,2.241376,11.535303,1.789455,2.767983,0.0400
3.987281,14.482521,1.867923,2.982083,-1.333183,0.910388,-126.957504,-27.510320,-50.112208,2.241376,11.535303,1.789455,2.767983,0.0400
3.987281,14.482521,1.867923,2.982083,-1.333183,0.910388,-126.957504,-27.510320,-50.112208,2.241376,11.535303,1.789455,2.767983,0.0400
3.987281,14.482521,1.867923,2.982083,-1.333183,0.910388,-126.957504,-27.510320,-50.112208,2.241376,11.535303,1.789455,2.767983,0.0400
5.126504,17.513748,1.093140,2.908610,0.141207,11.870975,-96.175011,-27.510320,-50.112208,4.311897,15.547993,1.100177,3.135441,0.0440
5.126504,17.513748,1.093140,2.908610,0.260938,10.689281,-94.190697,-27.510320,-50.112208,4.358775,15.469736,1.094010,3.333203,0.0450
5.126504,17.513748,1.093140,2.908610,-0.184671,10.815266,-91.871941,-27.510320,-50.112208,4.421753,15.411918,1.089117,3.582348,0.0400
5.126504,17.513748,1.093140,2.908610,0.161729,10.580981,-91.871941,-27.510320,-50.112208,4.421753,15.411918,1.089117,3.582348,0.0400
5.126504,17.513748,1.093140,2.908610,0.161729,10.580981,-91.871941,-27.510320,-50.112208,4.421753,15.411918,1.089117,3.582348,0.0400
5.126504,17.513748,1.093140,2.908610,0.161729,10.580981,-91.871941,-27.510320,-50.112208,4.421753,15.411918,1.089117,3.582348,0.0410
5.126504,17.513748,1.093140,2.908610,0.161729,10.580981,-91.871941,-27.510320,-50.112208,4.421753,15.411918,1.089117,3.582348,0.0400
5.126504,17.513748,1.093140,2.908610,0.161729,10.580981,-91.871941,-27.510320,-50.112208,4.421753,15.411918,1.089117,3.582348,0.0400
5.126504,17.513748,1.093140,2.908610,1.433842,9.690453,-88.716286,-27.510320,-50.112208,4.737893,16.311087,1.148732,3.345409,0.0450
5.126504,17.513748,1.093140,2.908610,1.523746,9.844634,-88.467178,-27.510320,-50.112208,4.779225,16.386496,1.163972,3.423078,0.0460
5.126504,17.513748,1.093140,2.908610,1.695978,10.928709,-88.268631,-27.510320,-50.112208,4.824852,16.482589,1.197684,3.618359,0.0400
5.126504,17.513748,1.093140,2.908610,1.737410,10.810881,-88.268631,-27.510320,-50.112208,4.824852,16.482589,1.197684,3.618359,0.0400
3.987281,19.534565,-1.245493,2.209324,2.382984,11.631084,-88.123001,-27.510328,-50.112189,4.753078,16.766045,0.013105,3.511245,0.0590
3.987281,19.534565,-1.245493,2.209324,1.925427,10.062438,-88.095459,-27.510328,-50.112189,4.661668,16.822328,-0.383283,3.374760,0.0410
3.987281,19.534565,-1.245493,2.209324,2.203454,10.359918,-88.125748,-27.510328,-50.112189,4.583130,16.898128,-0.559313,3.416452,0.0400
3.987281,19.534565,-1.245493,2.209324,1.975399,11.071908,-88.291100,-27.510328,-50.112189,4.515096,17.121960,-0.635179,3.648045,0.0410
3.987281,19.534565,-1.245493,2.209324,2.115141,8.907858,-88.434875,-27.510328,-50.112189,4.435614,17.203888,-0.822518,3.384811,0.0670
3.987281,19.534565,-1.245493,2.209324,2.345908,9.287020,-88.570808,-27.510328,-50.112189,4.362877,17.294280,-0.870313,3.372442,0.0400
3.987281,19.534565,-1.245493,2.209324,2.027629,8.262278,-88.589333,-27.510328,-50.112189,4.350456,17.313058,-0.873176,3.380861,0.0400
3.987281,19.534565,-1.245493,2.209324,1.711568,7.433771,-88.612000,-27.510328,-50.112189,4.243185,17.567824,-0.935957,3.326785,0.0560
3.987281,19.534565,-1.245493,2.209324,1.648501,7.509953,-88.623489,-27.510328,-50.112189,4.183487,17.650481,-0.979830,3.210275,0.0400
3.987281,19.534565,-1.245493,2.209324,1.664942,7.533749,-88.691254,-27.510328,-50.112189,4.120953,17.742485,-0.992697,3.215870,0.0400
3.987281,19.534565,-1.245493,2.209324,1.647498,7.541856,-90.082062,-27.510328,-50.112189,4.046269,17.957513,-0.951952,3.434218,0.0400
3.987281,19.534565,-1.245493,2.209324,1.794445,7.968310,-92.115471,-27.510328,-50.112189,3.971787,18.053718,-1.025405,3.144524,0.0670
3.987281,19.534565,-1.245493,2.209324,1.597288,8.077220,-95.311531,-27.510328,-50.112189,3.897033,18.162081,-1.033295,3.156197,0.0410
3.987281,19.534565,-1.245493,2.209324,1.524668,7.998731,-95.821335,-27.510328,-50.112189,3.886488,18.177872,-1.033126,3.166075,0.0400
3.987281,19.534565,-1.245493,2.209324,1.524668,7.998731,-95.821335,-27.510328,-50.112189,3.886488,18.177872,-1.033126,3.166075,0.0560
3.987281,19.534565,-1.245493,2.209324,1.553945,8.082128,-108.500114,-27.510328,-50.112189,3.713040,18.627309,-1.083025,3.024048,0.0400
3.987281,19.534565,-1.245493,2.209324,1.326414,8.053980,-112.869759,-27.510328,-50.112189,3.632227,18.707577,-1.137136,2.789263,0.0590
3.987281,19.534565,-1.245493,2.209324,1.393508,7.749469,-116.383499,-27.510328,-50.112189,3.572611,18.790984,-1.124740,2.864508,0.0400
3.987281,19.534565,-1.245493,2.209324,1.501690,8.185129,-120.011421,-27.510352,-50.112181,3.512121,18.896442,-1.093210,3.046999,0.0490
1.518963,20.208172,-2.769329,0.755752,1.485109,8.340888,-123.158272,-27.510352,-50.112181,3.360030,18.900165,-1.427279,2.820696,0.0440
1.518963,20.208172,-2.769329,0.755752,1.611569,8.734082,-126.513405,-27.510352,-50.112181,3.191798,18.902513,-1.686882,2.695405,0.0400
1.518963,20.208172,-2.769329,0.755752,1.657416,8.701573,-126.781647,-27.510352,-50.112181,3.178443,18.903078,-1.702836,2.689422,0.0400
1.518963,20.208172,-2.769329,0.755752,1.657416,8.701573,-126.781647,-27.510352,-50.112181,3.178443,18.903078,-1.702836,2.689422,0.0400
1.518963,20.208172,-2.769329,0.755752,1.548773,8.973121,-137.476807,-27.510352,-50.112181,2.761282,19.152840,-2.450574,1.709009,0.0780
1.518963,20.208172,-2.769329,0.755752,1.829266,10.034456,-140.145050,-27.510352,-50.112181,2.625226,19.158837,-2.518273,1.676671,0.0400
1.518963,20.208172,-2.769329,0.755752,1.391677,9.957739,-142.964691,-27.510352,-50.112181,2.483429,19.180787,-2.521452,1.824162,0.0480
1.518963,20.208172,-2.769329,0.755752,1.498571,10.529119,-145.395294,-27.510352,-50.112181,2.355287,19.203799,-2.516055,1.988009,0.0450
1.518963,20.208172,-2.769329,0.755752,2.076028,10.189691,-147.714996,-27.510352,-50.112181,2.226614,19.222543,-2.495738,2.128420,0.0410
1.518963,20.208172,-2.769329,0.755752,1.846303,10.655580,-150.000366,-27.510352,-50.112181,2.091514,19.249484,-2.484078,2.299459,0.0470
1.518963,20.208172,-2.769329,0.755752,1.400818,10.666838,-151.854645,-27.510352,-50.112181,1.971317,19.273352,-2.466789,2.454120,0.0410
1.518963,20.208172,-2.769329,0.755752,1.313639,10.384352,-153.794983,-27.510352,-50.112181,1.836480,19.295177,-2.464899,2.595096,0.0400
1.518963,20.208172,-2.769329,0.755752,1.435883,10.265519,-153.873535,-27.510352,-50.112181,1.830752,19.296074,-2.464539,2.600439,0.0400
1.518963,20.208172,-2.769329,0.755752,1.435883,10.265519,-153.873535,-27.510352,-50.112181,1.830752,19.296074,-2.464539,2.600439,0.0400
1.518963,20.208172,-2.769329,0.755752,0.811510,9.444907,-157.814011,-27.510352,-50.112181,1.471305,19.585261,-2.583259,2.172793,0.0400
1.518963,20.208172,-2.769329,0.755752,0.988757,8.823204,-158.892593,-27.510352,-50.112181,1.336648,19.560778,-2.664328,1.620392,0.0460
1.518963,20.208172,-2.769329,0.755752,0.406819,8.933789,-160.032974,-27.510352,-50.112181,1.190214,19.570405,-2.687383,1.602012,0.0400
1.518963,20.208172,-2.769329,0.755752,0.244564,9.070669,-160.249802,-27.510352,-50.112181,1.162373,19.573405,-2.691250,1.618492,0.0400
1.518963,20.208172,-2.769329,0.755752,0.244564,9.070669,-160.249802,-27.510352,-50.112181,1.162373,19.573405,-2.691250,1.618492,0.0400
1.518963,20.208172,-2.769329,0.755752,0.244564,9.070669,-160.249802,-27.510352,-50.112181,1.162373,19.573405,-2.691250,1.618492,0.0400
1.518963,20.208172,-2.769329,0.755752,0.244564,9.070669,-160.249802,-27.510387,-50.112178,1.162373,19.573405,-2.691250,1.618492,0.0400
1.518963,20.208172,-2.769329,0.755752,0.244564,9.070669,-160.249802,-27.510387,-50.112178,1.162373,19.573405,-2.691250,1.618492,0.0400
1.518963,20.208172,-2.769329,0.755752,0.244564,9.070669,-160.249802,-27.510387,-50.112178,1.162373,19.573405,-2.691250,1.618492,0.0400
1.518963,20.208172,-2.769329,0.755752,0.244564,9.070669,-160.249802,-27.510387,-50.112178,1.162373,19.573405,-2.691250,1.618492,0.0400
1.518963,20.208172,-2.769329,0.755752,0.244564,9.070669,-160.249802,-27.510387,-50.112178,1.162373,19.573405,-2.691250,1.618492,0.0400
1.518963,20.208172,-2.769329,0.755752,0.244564,9.070669,-160.249802,-27.510387,-50.112178,1.162373,19.573405,-2.691250,1.618492,0.0400
1.518963,20.208172,-2.769329,0.755752,0.244564,9.070669,-160.249802,-27.510387,-50.112178,1.162373,19.573405,-2.691250,1.618492,0.0400
-2.468320,20.544975,-3.695982,0.312197,3.178812,9.188555,170.111008,-27.510387,-50.112178,-0.657697,20.027931,-3.583957,0.661227,0.0710
-2.468320,20.544975,-3.695982,0.312197,3.448618,8.699671,167.137848,-27.510387,-50.112178,-0.870491,19.973928,-3.521171,0.800464,0.0400
-2.468320,20.544975,-3.695982,0.312197,4.015355,8.668185,163.700729,-27.510387,-50.112178,-1.144880,19.947062,-3.365302,1.065344,0.0400
-2.468320,20.544975,-3.695982,0.312197,4.784150,8.278647,154.682388,-27.510387,-50.112178,-2.318519,19.845818,-2.918085,1.735366,0.2860
-2.468320,20.544975,-3.695982,0.312197,7.848861,7.801718,146.438614,-27.510387,-50.112178,-2.791600,19.837829,-2.592646,2.040602,0.1360
-2.468320,20.544975,-3.695982,0.312197,7.502489,7.641683,143.419052,-27.510387,-50.112178,-3.007864,19.824734,-2.430986,2.089002,0.0400
-5.316379,20.544975,-3.066089,-0.000000,6.766818,7.075408,140.432877,-27.510412,-50.112178,-3.365573,19.828279,-2.033234,2.104990,0.1000
-5.316379,20.544975,-3.066089,-0.000000,5.536841,6.481295,140.590836,-27.510412,-50.112178,-3.789314,19.802640,-1.801479,2.004454,0.1310
-5.316379,20.544975,-3.066089,-0.000000,4.509618,6.928289,142.328033,-27.510412,-50.112178,-4.043133,19.789738,-1.774237,1.959046,0.0760
-5.316379,20.544975,-3.066089,-0.000000,4.438132,6.979167,142.862732,-27.510412,-50.112178,-4.097843,19.785088,-1.779400,1.954080,0.0400
-5.316379,20.544975,-3.066089,-0.000000,4.438132,6.979167,142.862732,-27.510412,-50.112178,-4.097843,19.785088,-1.779400,1.954080,0.0400
-5.316379,20.544975,-3.066089,-0.000000,4.438132,6.979167,142.862732,-27.510412,-50.112178,-4.097843,19.785088,-1.779400,1.954080,0.0400
-5.316379,20.544975,-3.066089,-0.000000,3.951161,6.589478,145.195663,-27.510412,-50.112178,-4.525454,19.957539,-2.558035,0.815829,0.0400
-5.316379,20.544975,-3.066089,-0.000000,3.645961,6.506730,145.411041,-27.510412,-50.112178,-4.674449,19.925890,-2.689981,0.622024,0.0410
-5.316379,20.544975,-3.066089,-0.000000,3.828900,6.837903,145.419266,-27.510412,-50.112178,-4.836957,19.906706,-2.684732,0.651866,0.0400
-5.316379,20.544975,-3.066089,-0.000000,4.150184,7.293017,145.419266,-27.510412,-50.112178,-4.836957,19.906706,-2.684732,0.651866,0.0400
-5.316379,20.544975,-3.066089,-0.000000,4.150184,7.293017,145.419266,-27.510412,-50.112178,-4.836957,19.906706,-2.684732,0.651866,0.0400
-5.316379,20.544975,-3.066089,-0.000000,4.150184,7.293017,145.419266,-27.510412,-50.112178,-4.836957,19.906706,-2.684732,0.651866,0.0400
-5.316379,20.544975,-3.066089,-0.000000,4.150184,7.293017,145.419266,-27.510412,-50.112178,-4.836957,19.906706,-2.684732,0.651866,0.0400
-5.316379,20.544975,-3.066089,-0.000000,4.150758,7.293700,144.245285,-27.510412,-50.112178,-5.550783,20.038454,-2.712946,0.598564,0.0410
-5.316379,20.544975,-3.066089,-0.000000,4.982521,8.462234,144.076874,-27.510412,-50.112178,-5.782543,19.956540,-2.818157,0.423712,0.0660
-5.316379,20.544975,-3.066089,-0.000000,4.755454,8.451690,144.015106,-27.510412,-50.112178,-5.909711,19.931604,-2.767315,0.523105,0.0400
-5.316379,20.544975,-3.066089,-0.000000,4.301229,8.187688,143.976669,-27.510412,-50.112178,-6.159809,19.897701,-2.613049,0.799299,0.0750
-7.784697,20.208172,-2.334523,-0.318546,4.388566,7.948231,143.913681,-27.510434,-50.112184,-6.273209,19.869787,-2.461378,0.900548,0.0410
-7.784697,20.208172,-2.334523,-0.318546,4.600286,8.391215,143.719864,-27.510434,-50.112184,-6.440733,19.817621,-2.159164,1.056112,0.0660
-7.784697,20.208172,-2.334523,-0.318546,4.495485,8.410380,143.581375,-27.510434,-50.112184,-6.569956,19.778369,-1.979372,1.171049,0.0510
-7.784697,20.208172,-2.334523,-0.318546,4.691459,8.776739,143.313736,-27.510434,-50.112184,-6.725191,19.737101,-1.799464,1.312324,0.0630
-7.784697,20.208172,-2.334523,-0.318546,4.863519,8.121947,142.993835,-27.510434,-50.112184,-6.846239,19.703862,-1.677611,1.393036,0.0400
-7.784697,20.208172,-2.334523,-0.318546,4.238801,8.225428,142.197739,-27.510434,-50.112184,-7.060865,19.680560,-1.520921,1.533417,0.0880
-7.784697,20.208172,-2.334523,-0.318546,4.857647,7.651198,139.645676,-27.510434,-50.112184,-7.601567,19.589200,-1.274241,1.684516,0.2230
-7.784697,20.208172,-2.334523,-0.318546,5.164058,8.126591,135.751083,-27.510434,-50.112184,-8.209884,19.509061,-1.014236,1.878356,0.2480
-9.493532,19.534567,-1.770829,-0.698043,5.202936,7.789934,131.003586,-27.510451,-50.112190,-8.678104,19.447355,-0.817346,1.959355,0.2070
-9.493532,19.534567,-1.770829,-0.698043,5.211751,8.089976,129.229233,-27.510451,-50.112190,-8.814407,19.394136,-0.683565,1.893616,0.0880
-9.493532,19.534567,-1.770829,-0.698043,5.038526,7.781643,125.485245,-27.510451,-50.112190,-9.054233,19.305965,-0.515574,1.827448,0.1280
-9.493532,19.534567,-1.770829,-0.698043,4.112740,6.286499,121.106781,-27.510451,-50.112190,-9.511926,19.145387,-0.443428,1.583121,0.2330
-9.493532,19.534567,-1.770829,-0.698043,4.416311,6.492460,120.273849,-27.510451,-50.112190,-9.665902,19.084258,-0.467010,1.483501,0.1210
-9.493532,19.534567,-1.770829,-0.698043,4.802570,7.419774,119.369041,-27.510451,-50.112190,-10.038167,18.949198,-0.409635,1.467542,0.1790
-11.012497,19.197765,-1.170234,-0.259478,5.243596,9.004189,126.656403,-27.510463,-50.112195,-10.433006,18.838546,-0.159588,1.849866,0.2770
-11.012497,19.197765,-1.170234,-0.259478,4.241742,7.975084,130.451096,-27.510463,-50.112195,-10.618983,18.814242,0.002469,2.031063,0.1670
-11.012497,19.197765,-1.170234,-0.259478,4.136689,7.856923,132.310471,-27.510463,-50.112195,-10.815209,18.788385,0.058738,2.093452,0.1830
-11.012497,19.197765,-1.170234,-0.259478,3.474091,6.736798,132.411011,-27.510463,-50.112195,-10.925734,18.771351,0.058942,2.069745,0.0960
-11.012497,19.197765,-1.170234,-0.259478,3.606221,6.654581,131.882874,-27.510463,-50.112195,-11.032693,18.751904,0.024552,1.988717,0.0750
-11.012497,19.197765,-1.170234,-0.259478,4.230349,7.833508,132.272354,-27.510463,-50.112195,-11.288564,18.712028,0.080814,2.016428,0.2310
-11.012497,19.197765,-1.170234,-0.259478,4.482271,8.537609,132.354797,-27.510463,-50.112195,-11.398690,18.694167,0.112934,2.087416,0.1100
-11.961850,17.850555,-0.610448,-0.866276,5.123934,9.360724,131.429611,-27.510472,-50.112204,-11.503787,18.673100,0.197134,2.214579,0.0840
-11.961850,17.850555,-0.610448,-0.866276,4.927236,9.079295,127.348740,-27.510472,-50.112204,-11.583414,18.568562,0.485170,2.141566,0.1360
-11.961850,17.850555,-0.610448,-0.866276,5.968423,9.699069,125.847107,-27.510472,-50.112204,-11.617203,18.520083,0.577184,2.108117,0.0570
-11.961850,17.850555,-0.610448,-0.866276,5.568717,9.572949,124.610023,-27.510472,-50.112204,-11.650260,18.466949,0.620227,2.051775,0.0400
-11.961850,17.850555,-0.610448,-0.866276,5.525450,9.640321,122.768387,-27.510472,-50.112204,-11.668840,18.457177,0.743127,2.126743,0.0400
-11.961850,17.850555,-0.610448,-0.866276,5.258078,9.241588,119.743912,-27.510472,-50.112204,-11.727952,18.368637,0.738626,1.909705,0.0840
-11.961850,17.850555,-0.610448,-0.866276,5.579734,9.188642,118.309364,-27.510472,-50.112204,-11.751361,18.332615,0.737027,1.848364,0.0400
-11.961850,17.850555,-0.610448,-0.866276,5.252717,8.792860,112.796463,-27.510472,-50.112204,-11.755969,18.347361,0.728119,1.712618,0.0520
-11.961850,17.850555,-0.610448,-0.866276,5.491676,7.404828,97.870377,-27.510472,-50.112204,-11.829335,18.235899,0.584271,1.245626,0.0890
-11.961850,17.850555,-0.610448,-0.866276,5.461142,7.190972,70.537048,-27.510472,-50.112204,-11.943530,18.069951,0.711613,1.059483,0.1750
-11.961850,17.850555,-0.610448,-0.866276,4.641435,5.858489,63.097969,-27.510472,-50.112204,-12.024313,17.953713,0.735075,1.011492,0.1070
-12.341592,16.166544,-0.433421,-1.922060,5.134276,6.369084,56.640347,-27.510474,-50.112224,-12.153994,17.610250,0.873393,0.618270,0.2700
-12.341592,16.166544,-0.433421,-1.922060,4.988739,6.725614,54.622231,-27.510474,-50.112224,-12.200175,17.402159,0.933382,0.444279,0.1040
-12.341592,16.166544,-0.433421,-1.922060,5.312997,6.720830,53.944294,-27.510474,-50.112224,-12.228331,17.295572,0.945608,0.361967,0.0400
-12.341592,16.166544,-0.433421,-1.922060,6.189239,7.609925,53.142471,-27.510474,-50.112224,-12.267164,17.099213,1.042843,0.342603,0.0940
-12.341592,16.166544,-0.433421,-1.922060,5.873127,8.427497,69.344452,-27.510474,-50.112224,-12.368243,16.613074,1.200861,0.475792,0.2500
-12.341592,16.166544,-0.433421,-1.922060,4.863717,6.061167,73.995094,-27.510474,-50.112224,-12.472743,16.120287,1.192718,0.323701,0.2630
-11.392239,14.145729,0.883724,-1.881115,4.958503,6.216574,73.866257,-27.510467,-50.112243,-12.475869,15.843721,1.309266,0.168127,0.1590
-11.392239,14.145729,0.883724,-1.881115,4.421575,5.824179,73.886772,-27.510467,-50.112243,-12.436659,15.758107,1.435182,0.125823,0.0420
-11.392239,14.145729,0.883724,-1.881115,4.465998,5.776422,73.966858,-27.510467,-50.112243,-12.390549,15.649890,1.550559,0.067642,0.0410
-11.392239,14.145729,0.883724,-1.881115,4.534973,6.118039,74.037094,-27.510467,-50.112243,-12.364018,15.585124,1.615137,0.050757,0.0400
-11.392239,14.145729,0.883724,-1.881115,4.534250,6.118870,74.037094,-27.510467,-50.112243,-12.364018,15.585124,1.615137,0.050757,0.0400
-11.392239,14.145729,0.883724,-1.881115,4.534250,6.119801,74.651306,-27.510467,-50.112243,-12.174499,15.522190,1.578757,-0.438431,0.0420
-11.392239,14.145729,0.883724,-1.881115,4.956537,6.730339,75.599716,-27.510467,-50.112243,-11.989298,14.884113,1.645701,-0.806039,0.2820
-11.392239,14.145729,0.883724,-1.881115,4.896265,6.693905,75.727943,-27.510467,-50.112243,-11.959266,14.787610,1.694161,-0.745280,0.0410
-11.392239,14.145729,0.883724,-1.881115,4.798088,6.665765,75.705528,-27.510467,-50.112243,-11.899916,14.633775,1.808101,-0.591223,0.0430
-11.392239,14.145729,0.883724,-1.881115,4.171253,6.306077,74.311546,-27.510467,-50.112243,-11.670552,14.119155,2.058814,-0.184191,0.2810
-9.683403,12.798519,1.725052,-1.359995,4.145551,7.162236,72.129219,-27.510453,-50.112259,-11.249096,13.711787,2.528544,0.275381,0.2580
-9.683403,12.798519,1.725052,-1.359995,5.174263,6.852283,70.839905,-27.510453,-50.112259,-10.894150,13.432534,2.809975,0.453354,0.2140
-9.683403,12.798519,1.725052,-1.359995,4.572155,6.564633,69.972977,-27.510453,-50.112259,-10.387390,13.035406,3.020573,0.565667,0.2590
-9.683403,12.798519,1.725052,-1.359995,4.882717,6.989163,69.366432,-27.510453,-50.112259,-10.004204,12.746326,3.075505,0.634504,0.2430
-9.683403,12.798519,1.725052,-1.359995,4.697171,6.703085,68.766914,-27.510453,-50.112259,-9.933508,12.685739,3.070412,0.622777,0.0400
-9.683403,12.798519,1.725052,-1.359995,4.816370,6.704194,67.931770,-27.510453,-50.112259,-9.858914,12.619591,3.068551,0.610865,0.0440
-8.164438,10.777703,1.499151,-1.994455,4.486384,6.254338,66.818703,-27.510437,-50.112277,-9.768839,12.512343,3.047369,0.524168,0.0550
-8.164438,10.777703,1.499151,-1.994455,4.592782,6.435248,65.365631,-27.510437,-50.112277,-9.668323,12.370220,3.006369,0.400541,0.0580
-8.164438,10.777703,1.499151,-1.994455,4.307466,6.203120,64.242302,-27.510437,-50.112277,-9.587763,12.262739,2.972877,0.312911,0.0560
-8.164438,10.777703,1.499151,-1.994455,4.340343,6.243226,55.188934,-27.510437,-50.112277,-8.906964,11.384360,2.849916,-0.015540,0.3700
-8.164438,10.777703,1.499151,-1.994455,4.406172,6.282244,52.339718,-27.510437,-50.112277,-8.725687,11.153548,2.848481,-0.030607,0.1800
-8.164438,10.777703,1.499151,-1.994455,4.517447,6.340683,51.381191,-27.510437,-50.112277,-8.652058,11.048345,2.835285,-0.054793,0.0420
-6.075861,9.767296,2.167302,-1.048494,4.293150,5.823915,44.897186,-27.510419,-50.112291,-8.001821,10.452980,3.061159,0.189759,0.3150
-6.075861,9.767296,2.167302,-1.048494,4.320378,5.656673,42.027611,-27.510419,-50.112291,-7.595122,10.264236,3.260705,0.448105,0.2030
-6.075861,9.767296,2.167302,-1.048494,4.523614,5.641225,34.889954,-27.510419,-50.112291,-6.443157,9.732262,3.453852,0.662469,0.4750
-4.746768,8.083282,1.418281,-1.797017,4.428548,5.818360,32.381615,-27.510406,-50.112304,-6.021738,9.541070,3.493485,0.673802,0.2520
-4.746768,8.083282,1.418281,-1.797017,4.698805,5.878294,31.615852,-27.510406,-50.112304,-5.930592,9.422976,3.362390,0.532056,0.0620
-4.746768,8.083282,1.418281,-1.797017,4.180404,5.647885,31.145704,-27.510406,-50.112304,-5.875209,9.342781,3.269232,0.437916,0.0400
-4.746768,8.083282,1.418281,-1.797017,4.123942,5.633913,26.504265,-27.510406,-50.112304,-5.302549,8.666561,2.890377,0.074974,0.3770
-4.746768,8.083282,1.418281,-1.797017,4.198328,5.389518,24.356131,-27.510406,-50.112304,-4.992019,8.276248,2.764822,-0.045743,0.1670
-3.417673,7.072875,1.646340,-1.251585,4.139467,5.295696,19.992243,-27.510395,-50.112316,-4.356887,7.592761,2.731374,-0.012873,0.4330
-3.417673,7.072875,1.646340,-1.251585,3.844075,5.397442,18.589479,-27.510395,-50.112316,-3.957201,7.304072,2.779933,0.196152,0.2700
-3.417673,7.072875,1.646340,-1.251585,3.162680,3.980188,13.068782,-27.510395,-50.112316,-3.335115,6.848362,2.730517,0.145409,0.2970
-3.417673,7.072875,1.646340,-1.251585,3.238630,3.775018,7.382035,-27.510395,-50.112316,-3.130609,6.697356,2.677509,0.053070,0.1960
-1.329097,6.399269,2.031882,-0.655320,3.382024,3.963249,-4.610841,-27.510375,-50.112322,-2.623124,6.437985,2.746642,0.178251,0.2370
-1.329097,6.399269,2.031882,-0.655320,3.085872,4.125742,-17.561646,-27.510375,-50.112322,-1.942828,6.237095,2.880478,0.448405,0.3500
-1.329097,6.399269,2.031882,-0.655320,3.824256,5.107144,-25.881531,-27.510375,-50.112322,-1.394127,6.064191,3.017756,0.618387,0.2780
0.189868,6.736072,1.441446,0.319615,1.753056,5.351698,-20.749632,-27.510363,-50.112321,-0.797938,5.898831,2.935821,0.859708,0.2720
0.189868,6.736072,1.441446,0.319615,1.452783,5.043632,-18.825071,-27.510363,-50.112321,-0.618466,5.942992,2.589052,1.208923,0.1330
0.189868,6.736072,1.441446,0.319615,0.596408,5.645117,-18.144440,-27.510363,-50.112321,-0.518288,5.965637,2.405043,1.357772,0.0700
0.189868,6.736072,1.441446,0.319615,0.519643,5.577661,-17.515232,-27.510363,-50.112321,-0.371327,6.001867,2.215064,1.495681,0.0990
0.189868,6.736072,1.441446,0.319615,1.444503,4.923870,-18.163712,-27.510363,-50.112321,-0.121655,6.068283,2.015617,1.682902,0.1640
0.189868,6.736072,1.441446,0.319615,1.313180,5.030440,-19.448240,-27.510363,-50.112321,-0.029459,6.091648,1.975296,1.730719,0.0620
0.189868,6.736072,1.441446,0.319615,0.830526,5.448193,-20.601616,-27.510363,-50.112321,0.032651,6.105896,1.948152,1.748394,0.0480
0.189868,6.736072,1.441446,0.319615,1.025878,5.007901,-22.276375,-27.510363,-50.112321,0.105724,6.117687,1.910170,1.746442,0.0410
0.189868,6.736072,1.441446,0.319615,0.984126,4.976503,-22.276375,-27.510363,-50.112321,0.105724,6.117687,1.910170,1.746442,0.0400
0.189868,6.736072,1.441446,0.319615,0.984126,4.976503,-22.276375,-27.510363,-50.112321,0.105724,6.117687,1.910170,1.746442,0.0400
0.189868,6.736072,1.441446,0.319615,0.984126,4.976503,-22.276375,-27.510363,-50.112321,0.105724,6.117687,1.910170,1.746442,0.0400
0.189868,6.736072,1.441446,0.319615,0.984126,4.976503,-22.276375,-27.510363,-50.112321,0.105724,6.117687,1.910170,1.746442,0.0400
0.189868,6.736072,1.441446,0.319615,0.984126,4.976503,-22.276375,-27.510363,-50.112321,0.105724,6.117687,1.910170,1.746442,0.0400
0.189868,6.736072,1.441446,0.319615,0.984126,4.976503,-22.276375,-27.510363,-50.112321,0.105724,6.117687,1.910170,1.746442,0.0400
0.189868,6.736072,1.441446,0.319615,0.984126,4.976503,-22.276375,-27.510363,-50.112321,0.105724,6.117687,1.910170,1.746442,0.0400
0.189868,6.736072,1.441446,0.319615,0.984126,4.976503,-22.276375,-27.510363,-50.112321,0.105724,6.117687,1.910170,1.746442,0.0400
0.189868,6.736072,1.441446,0.319615,0.984126,4.976503,-22.276375,-27.510355,-50.112325,0.105724,6.117687,1.910170,1.746442,0.0400
0.189868,6.736072,1.441446,0.319615,0.984126,4.976503,-22.276375,-27.510355,-50.112325,0.105724,6.117687,1.910170,1.746442,0.0410
0.189868,6.736072,1.441446,0.319615,0.984126,4.976503,-22.276375,-27.510355,-50.112325,0.105724,6.117687,1.910170,1.746442,0.0400
1.139221,6.399269,0.795133,-0.282090,1.913924,4.684122,-25.231522,-27.510355,-50.112325,0.881051,6.525416,0.871826,-0.114789,0.0410
1.139221,6.399269,0.795133,-0.282090,1.953275,4.438970,-25.395880,-27.510355,-50.112325,0.894569,6.470542,0.885564,-0.083310,0.0420
1.139221,6.399269,0.795133,-0.282090,1.979708,4.427647,-25.599371,-27.510355,-50.112325,0.918923,6.418100,0.922678,0.004543,0.0400
1.139221,6.399269,0.795133,-0.282090,1.825727,4.667437,-25.623657,-27.510355,-50.112325,0.921851,6.412039,0.926359,0.016082,0.0400
1.139221,6.399269,0.795133,-0.282090,1.825727,4.667437,-25.623657,-27.510355,-50.112325,0.921851,6.412039,0.926359,0.016082,0.0400
1.139221,6.399269,0.795133,-0.282090,1.825727,4.667437,-25.623657,-27.510355,-50.112325,0.921851,6.412039,0.926359,0.016082,0.0400
1.139221,6.399269,0.795133,-0.282090,1.825727,4.667437,-25.623657,-27.510355,-50.112325,0.921851,6.412039,0.926359,0.016082,0.0400
1.139221,6.399269,0.795133,-0.282090,1.825727,4.667437,-25.623657,-27.510355,-50.112325,0.921851,6.412039,0.926359,0.016082,0.0400
1.139221,6.399269,0.795133,-0.282090,1.825727,4.667437,-25.623657,-27.510355,-50.112325,0.921851,6.412039,0.926359,0.016082,0.0400
1.139221,6.399269,0.795133,-0.282090,1.827540,4.656238,-27.736734,-27.510355,-50.112325,1.239707,6.413747,0.977709,0.070446,0.0400
1.139221,6.399269,0.795133,-0.282090,2.084731,3.344317,-28.079260,-27.510355,-50.112325,1.247033,6.330498,0.883372,-0.128035,0.0550
1.139221,6.399269,0.795133,-0.282090,1.974194,3.806654,-28.453880,-27.510355,-50.112325,1.279489,6.290954,0.926477,-0.047769,0.0600
1.139221,6.399269,0.795133,-0.282090,2.268684,3.854631,-28.995102,-27.510355,-50.112325,1.339742,6.262335,1.004071,0.069298,0.0760
1.139221,6.399269,0.795133,-0.282090,2.366808,3.897242,-29.324345,-27.510355,-50.112325,1.367428,6.232627,1.018482,0.097177,0.0550
1.139221,6.399269,0.795133,-0.282090,2.667405,4.294161,-29.797892,-27.510355,-50.112325,1.408883,6.199621,1.083655,0.183151,0.0630
0.379739,4.715255,-0.547780,-1.214602,2.803576,4.579948,-30.592216,-27.510360,-50.112339,1.429172,6.139055,1.075492,0.261218,0.0660
0.379739,4.715255,-0.547780,-1.214602,3.612834,4.736801,-31.406736,-27.510360,-50.112339,1.359628,6.022035,0.869886,0.178894,0.0850
0.379739,4.715255,-0.547780,-1.214602,3.248003,4.504681,-32.040882,-27.510360,-50.112339,1.301261,5.916088,0.751108,0.143388,0.0700
0.379739,4.715255,-0.547780,-1.214602,3.462122,4.564053,-32.510418,-27.510360,-50.112339,1.253770,5.831919,0.671151,0.109459,0.0400
0.379739,4.715255,-0.547780,-1.214602,3.345349,4.383523,-32.890541,-27.510360,-50.112339,1.253480,5.801363,0.680771,0.153355,0.0470
0.379739,4.715255,-0.547780,-1.214602,3.204695,4.248629,-33.361492,-27.510360,-50.112339,1.198528,5.698458,0.461640,-0.058315,0.0700
0.379739,4.715255,-0.547780,-1.214602,3.336592,4.129633,-33.709892,-27.510360,-50.112339,1.161201,5.628470,0.382912,-0.132187,0.0410
0.379739,4.715255,-0.547780,-1.214602,3.141679,4.005628,-34.047920,-27.510360,-50.112339,1.142837,5.582275,0.370901,-0.130758,0.0400
0.379739,4.715255,-0.547780,-1.214602,3.282743,3.907365,-34.465584,-27.510360,-50.112339,1.103140,5.503799,0.331884,-0.178637,0.0570
0.379739,4.715255,-0.547780,-1.214602,3.284898,3.819609,-34.792385,-27.510360,-50.112339,1.062226,5.422304,0.312868,-0.205705,0.0420
0.379739,4.715255,-0.547780,-1.214602,3.045338,3.216445,-34.906342,-27.510360,-50.112339,1.002527,5.296976,0.318604,-0.227547,0.1010
0.379739,4.715255,-0.547780,-1.214602,2.667495,3.119300,-34.733070,-27.510360,-50.112339,0.957418,5.204265,0.291812,-0.250651,0.0550
0.379739,4.715255,-0.547780,-1.214602,2.315111,2.740917,-34.488781,-27.510360,-50.112339,0.926037,5.138327,0.265413,-0.275040,0.0690
0.379739,4.715255,-0.547780,-1.214602,2.191320,2.591678,-34.199059,-27.510360,-50.112339,0.896965,5.080285,0.232781,-0.305990,0.0400
0.379739,4.715255,-0.547780,-1.214602,2.110418,2.732613,-33.997116,-27.510360,-50.112339,0.880857,5.047483,0.218777,-0.319503,0.0400
0.379739,4.715255,-0.547780,-1.214602,2.110288,2.732774,-33.997116,-27.510360,-50.112339,0.880857,5.047483,0.218777,-0.319503,0.0400
0.379739,4.715255,-0.547780,-1.214602,2.110288,2.732774,-33.997116,-27.510360,-50.112339,0.880857,5.047483,0.218777,-0.319503,0.0400
0.379739,4.715255,-0.547780,-1.214602,2.110288,2.732774,-33.997116,-27.510360,-50.112339,0.880857,5.047483,0.218777,-0.319503,0.0400
0.379739,4.715255,-0.547780,-1.214602,2.110288,2.732774,-33.997116,-27.510366,-50.112353,0.880857,5.047483,0.218777,-0.319503,0.0400
0.379739,4.715255,-0.547780,-1.214602,2.110288,2.732774,-33.997116,-27.510366,-50.112353,0.880857,5.047483,0.218777,-0.319503,0.0400
0.379739,4.715255,-0.547780,-1.214602,2.110288,2.732774,-33.997116,-27.510366,-50.112353,0.880857,5.047483,0.218777,-0.319503,0.0400
0.379739,4.715255,-0.547780,-1.214602,2.110288,2.732774,-33.997116,-27.510366,-50.112353,0.880857,5.047483,0.218777,-0.319503,0.0400
0.379739,4.715255,-0.547780,-1.214602,2.110288,2.732774,-33.997116,-27.510366,-50.112353,0.880857,5.047483,0.218777,-0.319503,0.0400
-0.189873,3.368043,-0.777319,-1.838469,1.740000,2.332806,-33.013050,-27.510366,-50.112353,0.726757,4.495329,-0.693972,-1.727324,0.0530
-0.189873,3.368043,-0.777319,-1.838469,2.028505,2.298341,-32.950253,-27.510366,-50.112353,0.677478,4.396835,-0.675188,-1.714001,0.0410
-0.189873,3.368043,-0.777319,-1.838469,2.131854,2.543051,-32.896603,-27.510366,-50.112353,0.628313,4.299406,-0.631805,-1.678039,0.0400
-0.189873,3.368043,-0.777319,-1.838469,2.280033,2.621095,-32.896603,-27.510366,-50.112353,0.628313,4.299406,-0.631805,-1.678039,0.0400
-0.189873,3.368043,-0.777319,-1.838469,2.280033,2.621095,-32.896603,-27.510366,-50.112353,0.628313,4.299406,-0.631805,-1.678039,0.0400
-0.189873,3.368043,-0.777319,-1.838469,2.280033,2.621095,-32.896603,-27.510366,-50.112353,0.628313,4.299406,-0.631805,-1.678039,0.0410
-0.189873,3.368043,-0.777319,-1.838469,2.280033,2.621095,-32.896603,-27.510366,-50.112353,0.628313,4.299406,-0.631805,-1.678039,0.0400
-0.189873,3.368043,-0.777319,-1.838469,2.537680,2.852320,-32.637077,-27.510366,-50.112353,0.463425,3.874198,-0.561651,-1.605733,0.0400
-0.189873,3.368043,-0.777319,-1.838469,3.380919,3.753551,-32.598312,-27.510366,-50.112353,0.398305,3.757968,-0.613196,-1.667721,0.0480
-0.189873,3.368043,-0.777319,-1.838469,3.351604,3.514750,-32.547523,-27.510366,-50.112353,0.348133,3.659960,-0.567884,-1.617304,0.0400
-0.189873,3.368043,-0.777319,-1.838469,3.395130,3.574260,-32.523132,-27.510366,-50.112353,0.330306,3.624156,-0.544503,-1.593377,0.0400
-0.189873,3.368043,-0.777319,-1.838469,3.395130,3.574260,-32.523132,-27.510366,-50.112353,0.330306,3.624156,-0.544503,-1.593377,0.0400
-0.189873,3.368043,-0.777319,-1.838469,3.395130,3.574260,-32.523132,-27.510366,-50.112353,0.330306,3.624156,-0.544503,-1.593377,0.0400
-0.189873,3.368043,-0.777319,-1.838469,3.395130,3.574260,-32.523132,-27.510366,-50.112353,0.330306,3.624156,-0.544503,-1.593377,0.0400
-0.189873,3.368043,-0.777319,-1.838469,3.395130,3.574260,-32.523132,-27.510366,-50.112353,0.330306,3.624156,-0.544503,-1.593377,0.0400
-0.189873,3.368043,-0.777319,-1.838469,3.395130,3.574260,-32.523132,-27.510377,-50.112365,0.330306,3.624156,-0.544503,-1.593377,0.0560
-0.189873,3.368043,-0.777319,-1.838469,3.395130,3.574260,-32.523132,-27.510377,-50.112365,0.330306,3.624156,-0.544503,-1.593377,0.0400
-0.189873,3.368043,-0.777319,-1.838469,3.395130,3.574260,-32.523132,-27.510377,-50.112365,0.330306,3.624156,-0.544503,-1.593377,0.0410
-0.189873,3.368043,-0.777319,-1.838469,3.395130,3.574260,-32.523132,-27.510377,-50.112365,0.330306,3.624156,-0.544503,-1.593377,0.0400
-1.518967,2.020833,-1.300667,-1.318396,3.666905,3.758630,-34.242901,-27.510377,-50.112365,-0.204087,2.835856,-1.155960,-1.194482,0.0660
-1.518967,2.020833,-1.300667,-1.318396,3.580666,3.450741,-34.326965,-27.510377,-50.112365,-0.283267,2.759870,-1.109244,-1.143974,0.0410
-1.518967,2.020833,-1.300667,-1.318396,3.069884,3.065447,-34.409203,-27.510377,-50.112365,-0.385658,2.660123,-1.029978,-1.066797,0.0520
-1.518967,2.020833,-1.300667,-1.318396,2.689100,2.226923,-34.457523,-27.510377,-50.112365,-0.566302,2.483504,-0.926625,-0.980854,0.0900
-1.518967,2.020833,-1.300667,-1.318396,2.467219,1.990003,-34.450615,-27.510377,-50.112365,-0.685293,2.367681,-0.869738,-0.941123,0.0890
-1.518967,2.020833,-1.300667,-1.318396,2.532706,1.694568,-34.399261,-27.510377,-50.112365,-0.806538,2.249467,-0.833475,-0.900909,0.0800
-1.518967,2.020833,-1.300667,-1.318396,2.123827,2.297551,-34.658504,-27.510377,-50.112365,-1.235519,1.826716,-0.730685,-0.777103,0.2580
-1.898709,1.347227,-0.639168,-1.133791,1.820708,2.283446,-34.901653,-27.510381,-50.112373,-1.401242,1.617999,-0.517918,-0.711822,0.2020
-1.898709,1.347227,-0.639168,-1.133791,2.136884,2.007567,-34.989258,-27.510381,-50.112373,-1.429214,1.569008,-0.455900,-0.692788,0.0410
-1.898709,1.347227,-0.639168,-1.133791,3.402380,1.908467,-37.225521,-27.510381,-50.112373,-1.552961,1.356435,-0.196645,-0.588809,0.1720
-1.898709,1.347227,-0.639168,-1.133791,3.646114,1.970681,-38.521378,-27.510381,-50.112373,-1.628536,1.227786,0.029284,-0.583991,0.1230
-1.898709,1.347227,-0.639168,-1.133791,3.733766,1.978920,-38.738373,-27.510381,-50.112373,-1.663530,1.171116,0.087808,-0.582726,0.0410
-1.898709,1.347227,-0.639168,-1.133791,3.795507,1.666699,-38.805626,-27.510381,-50.112373,-1.680127,1.144853,0.111859,-0.587646,0.0400
-1.898709,1.347227,-0.639168,-1.133791,3.795507,1.666699,-38.805626,-27.510381,-50.112373,-1.680127,1.144853,0.111859,-0.587646,0.0400
-1.898709,1.347227,-0.639168,-1.133791,3.795507,1.666699,-38.805626,-27.510381,-50.112373,-1.680127,1.144853,0.111859,-0.587646,0.0400
-1.898709,1.347227,-0.639168,-1.133791,3.795507,1.666699,-38.805626,-27.510381,-50.112373,-1.680127,1.144853,0.111859,-0.587646,0.0560
-1.898709,1.347227,-0.639168,-1.133791,3.795507,1.666699,-38.805626,-27.510381,-50.112373,-1.680127,1.144853,0.111859,-0.587646,0.0400
-1.898709,1.347227,-0.639168,-1.133791,3.795507,1.666699,-38.805626,-27.510381,-50.112373,-1.680127,1.144853,0.111859,-0.587646,0.0400
-1.898709,1.347227,-0.639168,-1.133791,3.795507,1.666699,-38.805626,-27.510381,-50.112373,-1.680127,1.144853,0.111859,-0.587646,0.0400
-1.898709,1.347227,-0.639168,-1.133791,3.795507,1.666699,-38.805626,-27.510381,-50.112373,-1.680127,1.144853,0.111859,-0.587646,0.0400
-1.898709,1.347227,-0.639168,-1.133791,3.795507,1.666699,-38.805626,-27.510381,-50.112373,-1.680127,1.144853,0.111859,-0.587646,0.0400
-1.898709,1.347227,-0.639168,-1.133791,3.795507,1.666699,-41.562714,-27.510381,-50.112373,-1.774657,0.725102,-0.484398,-1.120765,0.0400
-2.278450,0.336819,-0.367397,-0.977563,2.444080,-1.480810,-41.730877,-27.510386,-50.112384,-1.809232,0.695570,-0.353374,-1.066017,0.0670
-2.278450,0.336819,-0.367397,-0.977563,2.533887,-1.608239,-41.661106,-27.510386,-50.112384,-1.834630,0.663489,-0.272552,-1.082902,0.0410
-2.278450,0.336819,-0.367397,-0.977563,2.379285,-2.023525,-40.840260,-27.510386,-50.112384,-1.858572,0.616150,-0.188421,-1.143058,0.0410
-2.278450,0.336819,-0.367397,-0.977563,2.426606,-3.654965,-39.276325,-27.510386,-50.112384,-1.898837,0.572195,-0.139709,-1.204805,0.0700
-2.278450,0.336819,-0.367397,-0.977563,2.553102,-3.775914,-38.096226,-27.510386,-50.112384,-1.934087,0.533100,-0.084579,-1.318225,0.0430
-2.278450,0.336819,-0.367397,-0.977563,2.685197,-2.205034,-37.585655,-27.510386,-50.112384,-1.967178,0.491216,-0.014434,-1.376241,0.0600
-2.278450,0.336819,-0.367397,-0.977563,2.676779,-2.024513,-37.335152,-27.510386,-50.112384,-1.996304,0.458029,0.028028,-1.387255,0.0410
-2.278450,0.336819,-0.367397,-0.977563,2.267249,-1.416843,-37.097645,-27.510386,-50.112384,-2.021530,0.420257,0.061388,-1.383854,0.0450
-2.278450,0.336819,-0.367397,-0.977563,1.848662,-0.780061,-36.830315,-27.510386,-50.112384,-2.050809,0.376267,0.078617,-1.359284,0.0520
-2.278450,0.336819,-0.367397,-0.977563,1.527302,-0.448860,-36.620495,-27.510386,-50.112384,-2.076038,0.336233,0.072181,-1.324203,0.0400
-2.278450,0.336819,-0.367397,-0.977563,1.456684,-0.527853,-36.389355,-27.510386,-50.112384,-2.091634,0.276071,0.063136,-1.281146,0.0550
-2.278450,0.336819,-0.367397,-0.977563,1.362461,-0.058477,-36.227928,-27.510386,-50.112384,-2.112559,0.238572,0.029133,-1.232523,0.0440
-2.278450,0.336819,-0.367397,-0.977563,1.290217,-0.120238,-36.082386,-27.510386,-50.112384,-2.136005,0.196393,0.000883,-1.182940,0.0400
-2.278450,0.336819,-0.367397,-0.977563,1.313990,0.059519,-36.059872,-27.510386,-50.112384,-2.139909,0.189132,-0.002491,-1.174903,0.0400
-2.278450,0.336819,-0.367397,-0.977563,1.297970,0.056319,-35.877659,-27.510386,-50.112384,-2.152083,0.079318,-0.059222,-1.102361,0.0430
-2.278450,0.336819,-0.367397,-0.977563,1.354683,-0.118693,-35.827122,-27.510386,-50.112384,-2.174797,0.042607,-0.171647,-1.041207,0.0450
-2.278450,0.336819,-0.367397,-0.977563,1.395057,-0.270376,-35.767883,-27.510386,-50.112384,-2.203752,-0.015033,-0.194825,-1.020156,0.0600
-2.278450,0.336819,-0.367397,-0.977563,1.249816,-0.271301,-35.761002,-27.510386,-50.112384,-2.206429,-0.020642,-0.195256,-1.019686,0.0400
-2.278450,0.336819,-0.367397,-0.977563,1.249816,-0.271301,-35.761002,-27.510386,-50.112384,-2.206429,-0.020642,-0.195256,-1.019686,0.0400
-2.278450,0.336819,-0.367397,-0.977563,1.249816,-0.271301,-35.761002,-27.510384,-50.112396,-2.206429,-0.020642,-0.195256,-1.019686,0.0400
-2.088579,-1.010392,0.175896,-1.248055,1.044522,0.056477,-35.252724,-27.510384,-50.112396,-2.208976,-0.235422,0.139682,-1.182247,0.0410
-2.088579,-1.010392,0.175896,-1.248055,1.108498,0.151356,-35.157040,-27.510384,-50.112396,-2.201323,-0.288387,0.190388,-1.219289,0.0410
-2.088579,-1.010392,0.175896,-1.248055,1.293118,0.166330,-35.040913,-27.510384,-50.112396,-2.195302,-0.345256,0.227233,-1.230138,0.0400
-2.088579,-1.010392,0.175896,-1.248055,1.323835,0.277097,-34.965687,-27.510384,-50.112396,-2.192005,-0.377924,0.244382,-1.229225,0.0410
-2.088579,-1.010392,0.175896,-1.248055,1.323835,0.277097,-34.965687,-27.510384,-50.112396,-2.192005,-0.377924,0.244382,-1.229225,0.0400
-2.088579,-1.010392,0.175896,-1.248055,1.323835,0.277097,-34.965687,-27.510384,-50.112396,-2.192005,-0.377924,0.244382,-1.229225,0.0400
-2.088579,-1.010392,0.175896,-1.248055,1.323835,0.277097,-34.965687,-27.510384,-50.112396,-2.192005,-0.377924,0.244382,-1.229225,0.0400
-2.088579,-1.010392,0.175896,-1.248055,1.323835,0.277097,-34.965687,-27.510384,-50.112396,-2.192005,-0.377924,0.244382,-1.229225,0.0400
-2.088579,-1.010392,0.175896,-1.248055,1.323835,0.277097,-34.965687,-27.510384,-50.112396,-2.192005,-0.377924,0.244382,-1.229225,0.0400
-2.088579,-1.010392,0.175896,-1.248055,1.323835,0.277097,-34.965687,-27.510384,-50.112396,-2.192005,-0.377924,0.244382,-1.229225,0.0400
-2.088579,-1.010392,0.175896,-1.248055,1.323835,0.277097,-34.965687,-27.510384,-50.112396,-2.192005,-0.377924,0.244382,-1.229225,0.0400
-2.088579,-1.010392,0.175896,-1.248055,1.323835,0.277097,-34.965687,-27.510384,-50.112396,-2.192005,-0.377924,0.244382,-1.229225,0.0400
-2.088579,-1.010392,0.175896,-1.248055,1.323873,0.277146,-33.213257,-27.510384,-50.112396,-2.075872,-0.974512,0.255094,-1.224764,0.0400
-2.088579,-1.010392,0.175896,-1.248055,1.305281,0.379553,-33.057110,-27.510384,-50.112396,-2.089240,-1.047595,0.222446,-1.226843,0.0600
-2.088579,-1.010392,0.175896,-1.248055,1.409215,0.608128,-32.975128,-27.510384,-50.112396,-2.089773,-1.101747,0.245756,-1.219451,0.0410
-2.088579,-1.010392,0.175896,-1.248055,1.449066,0.507444,-32.948524,-27.510384,-50.112396,-2.089637,-1.134444,0.262530,-1.214471,0.0400
-2.088579,-1.010392,0.175896,-1.248055,1.449289,0.507358,-32.948524,-27.510384,-50.112396,-2.089637,-1.134444,0.262530,-1.214471,0.0400
-2.088579,-1.010392,0.175896,-1.248055,1.449289,0.507358,-32.948524,-27.510384,-50.112396,-2.089637,-1.134444,0.262530,-1.214471,0.0400
-2.088579,-1.010392,0.175896,-1.248055,1.449289,0.507358,-32.948524,-27.510384,-50.112396,-2.089637,-1.134444,0.262530,-1.214471,0.0410
-2.278450,-1.683998,-0.170274,-0.604083,1.081405,0.426534,-33.141369,-27.510385,-50.112402,-2.067596,-1.376026,0.024192,-0.817563,0.0450
-2.278450,-1.683998,-0.170274,-0.604083,0.835754,0.141681,-33.135525,-27.510385,-50.112402,-2.098131,-1.395168,-0.078838,-0.658516,0.0600
-2.278450,-1.683998,-0.170274,-0.604083,0.731395,0.106909,-33.106152,-27.510385,-50.112402,-2.110119,-1.417932,-0.084946,-0.635146,0.0410
-2.278450,-1.683998,-0.170274,-0.604083,0.782931,0.026953,-33.057045,-27.510385,-50.112402,-2.120142,-1.444598,-0.076091,-0.623472,0.0420
-2.278450,-1.683998,-0.170274,-0.604083,0.730725,0.235154,-32.999512,-27.510385,-50.112402,-2.130134,-1.469577,-0.072024,-0.614436,0.0410
-2.278450,-1.683998,-0.170274,-0.604083,0.698084,0.276701,-32.908073,-27.510385,-50.112402,-2.141915,-1.499737,-0.064927,-0.602030,0.0400
-2.278450,-1.683998,-0.170274,-0.604083,0.419240,0.296512,-32.891220,-27.510385,-50.112402,-2.143855,-1.504696,-0.066077,-0.599811,0.0400
-2.278450,-1.683998,-0.170274,-0.604083,0.419240,0.296512,-32.891220,-27.510385,-50.112402,-2.143855,-1.504696,-0.066077,-0.599811,0.0400
-2.278450,-1.683998,-0.170274,-0.604083,0.419240,0.296512,-32.891220,-27.510385,-50.112402,-2.143855,-1.504696,-0.066077,-0.599811,0.0400
-2.278450,-1.683998,-0.170274,-0.604083,0.419240,0.296512,-32.891220,-27.510385,-50.112402,-2.143855,-1.504696,-0.066077,-0.599811,0.0400
-2.278450,-1.683998,-0.170274,-0.604083,0.419240,0.296512,-32.891220,-27.510385,-50.112402,-2.143855,-1.504696,-0.066077,-0.599811,0.0400
-2.278450,-1.683998,-0.170274,-0.604083,0.419240,0.296512,-32.891220,-27.510385,-50.112402,-2.143855,-1.504696,-0.066077,-0.599811,0.0400
-2.278450,-1.683998,-0.170274,-0.604083,0.419240,0.296512,-32.891220,-27.510385,-50.112402,-2.143855,-1.504696,-0.066077,-0.599811,0.0400
-2.278450,-1.683998,-0.170274,-0.604083,0.231374,-0.361293,-30.939384,-27.510385,-50.112402,-2.207769,-1.789005,-0.159491,-0.618389,0.1130
-2.278450,-1.683998,-0.170274,-0.604083,0.040145,-0.439405,-30.745918,-27.510385,-50.112402,-2.219528,-1.824289,-0.156022,-0.635072,0.0740
-2.278450,-1.683998,-0.170274,-0.604083,0.257300,-0.532750,-30.676880,-27.510385,-50.112402,-2.228964,-1.852185,-0.152237,-0.646931,0.0400
-2.278450,-1.683998,-0.170274,-0.604083,0.071704,-0.476413,-30.672911,-27.510385,-50.112402,-2.231391,-1.859455,-0.152502,-0.650150,0.0400
-2.278450,-1.683998,-0.170274,-0.604083,0.494767,-0.581738,-30.875277,-27.510385,-50.112402,-2.249391,-1.924367,-0.146785,-0.652101,0.0790
-2.088579,-2.020801,0.202109,-0.358511,-0.063598,-0.056868,-31.015356,-27.510383,-50.112407,-2.254547,-1.945726,-0.129429,-0.644082,0.0400
-2.088579,-2.020801,0.202109,-0.358511,0.628731,-0.429083,-31.229612,-27.510383,-50.112407,-2.237193,-1.960167,-0.013514,-0.564871,0.0550
-2.088579,-2.020801,0.202109,-0.358511,0.590723,-0.534820,-31.407518,-27.510383,-50.112407,-2.225967,-1.973383,0.056088,-0.539591,0.0430
-2.088579,-2.020801,0.202109,-0.358511,0.030599,0.349193,-31.592083,-27.510383,-50.112407,-2.215307,-1.987070,0.084661,-0.491115,0.0400
-2.088579,-2.020801,0.202109,-0.358511,0.161743,0.538791,-31.686989,-27.510383,-50.112407,-2.209857,-1.994177,0.095127,-0.465978,0.0400
-2.088579,-2.020801,0.202109,-0.358511,0.161743,0.538791,-31.686989,-27.510383,-50.112407,-2.209857,-1.994177,0.095127,-0.465978,0.0400
-2.088579,-2.020801,0.202109,-0.358511,0.161743,0.538791,-31.686989,-27.510383,-50.112407,-2.209857,-1.994177,0.095127,-0.465978,0.0400
-2.088579,-2.020801,0.202109,-0.358511,0.161743,0.538791,-31.686989,-27.510383,-50.112407,-2.209857,-1.994177,0.095127,-0.465978,0.0400
-2.088579,-2.020801,0.202109,-0.358511,0.161743,0.538791,-31.686989,-27.510383,-50.112407,-2.209857,-1.994177,0.095127,-0.465978,0.0400
-2.088579,-2.020801,0.202109,-0.358511,0.161743,0.538791,-31.686989,-27.510383,-50.112407,-2.209857,-1.994177,0.095127,-0.465978,0.0400
-2.088579,-2.020801,0.202109,-0.358511,0.161743,0.538791,-31.686989,-27.510383,-50.112407,-2.209857,-1.994177,0.095127,-0.465978,0.0400
-2.088579,-2.020801,0.202109,-0.358511,1.438187,-0.489183,-31.843683,-27.510383,-50.112407,-2.148325,-2.164817,0.251042,-0.388758,0.0810
-2.088579,-2.020801,0.202109,-0.358511,1.229356,0.603799,-31.645821,-27.510383,-50.112407,-2.144457,-2.180229,0.276678,-0.364365,0.0520
-2.088579,-2.020801,0.202109,-0.358511,0.786261,1.221843,-31.228155,-27.510383,-50.112407,-2.139280,-2.199363,0.290894,-0.319372,0.0520
-2.088579,-2.020801,0.202109,-0.358511,0.468422,1.785131,-30.740379,-27.510383,-50.112407,-2.134140,-2.218477,0.291833,-0.265338,0.0400
-2.088579,-2.020801,0.202109,-0.358511,0.293268,2.006456,-30.615984,-27.510383,-50.112407,-2.132633,-2.223181,0.289648,-0.247006,0.0400
-2.088579,-2.020801,0.202109,-0.358511,0.293268,2.006456,-30.615984,-27.510383,-50.112407,-2.132633,-2.223181,0.289648,-0.247006,0.0400
-2.088579,-2.020801,0.202109,-0.358511,0.226481,2.372921,-29.182465,-27.510383,-50.112407,-2.099175,-2.269353,0.247944,-0.190894,0.0530
-2.088579,-2.020801,0.202109,-0.358511,-0.023173,2.970158,-28.832052,-27.510383,-50.112407,-2.092723,-2.288628,0.228776,-0.175338,0.0430
-2.088579,-2.020801,0.202109,-0.358511,-0.133810,2.943480,-28.433037,-27.510383,-50.112407,-2.084494,-2.309074,0.220409,-0.131735,0.0400
-2.088579,-2.020801,0.202109,-0.358511,0.243274,2.457439,-28.433037,-27.510380,-50.112409,-2.084494,-2.309074,0.220409,-0.131735,0.0400
-2.088579,-2.020801,0.202109,-0.358511,0.243274,2.457439,-28.433037,-27.510380,-50.112409,-2.084494,-2.309074,0.220409,-0.131735,0.0400
-2.088579,-2.020801,0.202109,-0.358511,0.243274,2.457439,-28.433037,-27.510380,-50.112409,-2.084494,-2.309074,0.220409,-0.131735,0.0400
-2.088579,-2.020801,0.202109,-0.358511,0.243274,2.457439,-28.433037,-27.510380,-50.112409,-2.084494,-2.309074,0.220409,-0.131735,0.0400
-2.088579,-2.020801,0.202109,-0.358511,0.243274,2.457439,-28.433037,-27.510380,-50.112409,-2.084494,-2.309074,0.220409,-0.131735,0.0400
-2.088579,-2.020801,0.202109,-0.358511,0.243274,2.457439,-28.433037,-27.510380,-50.112409,-2.084494,-2.309074,0.220409,-0.131735,0.0400
-2.088579,-2.020801,0.202109,-0.358511,0.243274,2.457439,-28.433037,-27.510380,-50.112409,-2.084494,-2.309074,0.220409,-0.131735,0.0400
-2.088579,-2.020801,0.202109,-0.358511,0.243274,2.457439,-28.433037,-27.510380,-50.112409,-2.084494,-2.309074,0.220409,-0.131735,0.0400
-2.088579,-2.020801,0.202109,-0.358511,0.243274,2.457439,-28.433037,-27.510380,-50.112409,-2.084494,-2.309074,0.220409,-0.131735,0.0400
-2.088579,-2.020801,0.202109,-0.358511,0.243274,2.457439,-28.433037,-27.510380,-50.112409,-2.084494,-2.309074,0.220409,-0.131735,0.0400
-2.088579,-2.020801,0.202109,-0.358511,0.243274,2.457439,-28.433037,-27.510380,-50.112409,-2.084494,-2.309074,0.220409,-0.131735,0.0400
-2.088579,-2.020801,0.202109,-0.358511,0.243274,2.457439,-28.433037,-27.510380,-50.112409,-2.084494,-2.309074,0.220409,-0.131735,0.0400
-2.088579,-2.020801,0.202109,-0.358511,0.243274,2.457439,-28.433037,-27.510380,-50.112409,-2.084494,-2.309074,0.220409,-0.131735,0.0620
-2.088579,-2.020801,0.202109,-0.358511,0.243274,2.457439,-28.433037,-27.510380,-50.112409,-2.084494,-2.309074,0.220409,-0.131735,0.0400
-1.708838,-2.020801,0.447567,0.000000,-0.928008,2.378710,-31.122627,-27.510380,-50.112409,-1.829714,-2.360858,0.410360,0.051857,0.0400
-1.708838,-2.020801,0.447567,0.000000,-1.562785,1.835262,-31.103134,-27.510380,-50.112409,-1.801593,-2.382984,0.411791,0.082131,0.0410
-1.708838,-2.020801,0.447567,0.000000,-0.600840,2.592410,-31.147909,-27.510380,-50.112409,-1.774269,-2.400890,0.404980,0.124207,0.0400
-1.708838,-2.020801,0.447567,0.000000,-0.766640,2.146405,-31.151499,-27.510380,-50.112409,-1.765374,-2.406573,0.399695,0.138515,0.0400
-1.708838,-2.020801,0.447567,0.000000,-0.766640,2.146405,-31.151499,-27.510380,-50.112409,-1.765374,-2.406573,0.399695,0.138515,0.0400
-1.708838,-2.020801,0.447567,0.000000,-0.766640,2.146405,-31.151499,-27.510380,-50.112409,-1.765374,-2.406573,0.399695,0.138515,0.0400
-1.708838,-2.020801,0.447567,0.000000,-0.766640,2.146405,-31.151499,-27.510373,-50.112408,-1.765374,-2.406573,0.399695,0.138515,0.0400
-1.708838,-2.020801,0.447567,0.000000,-0.766640,2.146405,-31.151499,-27.510373,-50.112408,-1.765374,-2.406573,0.399695,0.138515,0.0400
-1.708838,-2.020801,0.447567,0.000000,-0.766640,2.146405,-31.151499,-27.510373,-50.112408,-1.765374,-2.406573,0.399695,0.138515,0.0400
-1.708838,-2.020801,0.447567,0.000000,-0.766640,2.146405,-31.151499,-27.510373,-50.112408,-1.765374,-2.406573,0.399695,0.138515,0.0400
-1.708838,-2.020801,0.447567,0.000000,-0.766640,2.146405,-31.151499,-27.510373,-50.112408,-1.765374,-2.406573,0.399695,0.138515,0.0400
-1.708838,-2.020801,0.447567,0.000000,-0.766640,2.146405,-31.151499,-27.510373,-50.112408,-1.765374,-2.406573,0.399695,0.138515,0.0400
-1.708838,-2.020801,0.447567,0.000000,-0.766640,2.146405,-31.151499,-27.510373,-50.112408,-1.765374,-2.406573,0.399695,0.138515,0.0400
-1.708838,-2.020801,0.447567,0.000000,-0.766640,2.146405,-31.151499,-27.510373,-50.112408,-1.765374,-2.406573,0.399695,0.138515,0.0400
-1.708838,-2.020801,0.447567,0.000000,-0.766640,2.146405,-31.151499,-27.510373,-50.112408,-1.765374,-2.406573,0.399695,0.138515,0.0400
-1.708838,-2.020801,0.447567,0.000000,-0.766640,2.146405,-31.151499,-27.510373,-50.112408,-1.765374,-2.406573,0.399695,0.138515,0.0400
-1.708838,-2.020801,0.447567,0.000000,-0.766640,2.146405,-31.151499,-27.510373,-50.112408,-1.765374,-2.406573,0.399695,0.138515,0.0400
-1.708838,-2.020801,0.447567,0.000000,-0.766640,2.146405,-31.151499,-27.510373,-50.112408,-1.765374,-2.406573,0.399695,0.138515,0.0400
-1.708838,-2.020801,0.447567,0.000000,-0.766640,2.146405,-31.151499,-27.510373,-50.112408,-1.765374,-2.406573,0.399695,0.138515,0.0400
-1.708838,-2.020801,0.447567,0.000000,-0.766640,2.146405,-31.151499,-27.510373,-50.112408,-1.765374,-2.406573,0.399695,0.138515,0.0400
-1.708838,-2.020801,0.447567,0.000000,-0.766640,2.146405,-31.151499,-27.510373,-50.112408,-1.765374,-2.406573,0.399695,0.138515,0.0400
-1.708838,-2.020801,0.447567,0.000000,-0.766640,2.146405,-31.151499,-27.510373,-50.112408,-1.765374,-2.406573,0.399695,0.138515,0.0400
-1.708838,-2.020801,0.447567,0.000000,-0.766640,2.146405,-31.151499,-27.510373,-50.112408,-1.765374,-2.406573,0.399695,0.138515,0.0400
-1.708838,-2.020801,0.447567,0.000000,-0.766640,2.146405,-31.151499,-27.510373,-50.112408,-1.765374,-2.406573,0.399695,0.138515,0.0400
-1.708838,-2.020801,0.447567,0.000000,-0.766640,2.146405,-31.151499,-27.510373,-50.112408,-1.765374,-2.406573,0.399695,0.138515,0.0400
-1.708838,-2.020801,0.447567,0.000000,-0.766640,2.146405,-31.151499,-27.510373,-50.112408,-1.765374,-2.406573,0.399695,0.138515,0.0400
-1.139226,-2.020801,0.200633,0.000000,-0.691509,1.966032,-31.638947,-27.510373,-50.112408,-1.415048,-2.323771,0.193569,0.030149,0.0400
-0.000003,-1.683998,0.069067,0.020419,-0.473070,1.452113,-31.656734,-27.510364,-50.112405,-1.447466,-2.340223,0.101137,0.060783,0.0410
-0.000003,-1.683998,0.069067,0.020419,-0.462261,1.424725,-31.676157,-27.510364,-50.112405,-1.441638,-2.358378,0.067568,0.096315,0.0400
-0.000003,-1.683998,0.069067,0.020419,-0.448973,1.424883,-31.680983,-27.510364,-50.112405,-1.438791,-2.362335,0.062829,0.104288,0.0400
-0.000003,-1.683998,0.069067,0.020419,-0.448973,1.424883,-31.680983,-27.510364,-50.112405,-1.438791,-2.362335,0.062829,0.104288,0.0400
-0.000003,-1.683998,0.069067,0.020419,-0.448973,1.424883,-31.680983,-27.510364,-50.112405,-1.438791,-2.362335,0.062829,0.104288,0.0400
-0.000003,-1.683998,0.069067,0.020419,-0.448973,1.424883,-31.680983,-27.510364,-50.112405,-1.438791,-2.362335,0.062829,0.104288,0.0440
-0.000003,-1.683998,0.069067,0.020419,-0.448973,1.424883,-31.680983,-27.510364,-50.112405,-1.438791,-2.362335,0.062829,0.104288,0.0400
-0.000003,-1.683998,0.069067,0.020419,-0.448973,1.424883,-31.680983,-27.510364,-50.112405,-1.438791,-2.362335,0.062829,0.104288,0.0400
-0.000003,-1.683998,0.069067,0.020419,-0.448973,1.424883,-31.680983,-27.510364,-50.112405,-1.438791,-2.362335,0.062829,0.104288,0.0400
-0.000003,-1.683998,0.069067,0.020419,-0.448973,1.424883,-31.680983,-27.510364,-50.112405,-1.438791,-2.362335,0.062829,0.104288,0.0400
-0.000003,-1.683998,0.069067,0.020419,-0.448973,1.424764,-31.820971,-27.510364,-50.112405,-1.412167,-2.325547,0.048036,0.093746,0.0420
-0.000003,-1.683998,0.069067,0.020419,-0.364358,1.126109,-31.834852,-27.510364,-50.112405,-1.399357,-2.338868,0.056487,0.062345,0.0440
-0.000003,-1.683998,0.069067,0.020419,-0.361138,1.093721,-31.847126,-27.510364,-50.112405,-1.387829,-2.342371,0.051458,0.077043,0.0400
-0.000003,-1.683998,0.069067,0.020419,-0.356010,1.078944,-31.856556,-27.510364,-50.112405,-1.379453,-2.343950,0.046615,0.091412,0.0400
-0.000003,-1.683998,0.069067,0.020419,-0.355735,1.078159,-31.856556,-27.510364,-50.112405,-1.379453,-2.343950,0.046615,0.091412,0.0400
-0.000003,-1.683998,0.069067,0.020419,-0.355735,1.078159,-31.856556,-27.510364,-50.112405,-1.379453,-2.343950,0.046615,0.091412,0.0400
-0.000003,-1.683998,0.069067,0.020419,-0.355735,1.078159,-31.856556,-27.510364,-50.112405,-1.379453,-2.343950,0.046615,0.091412,0.0400
-0.000003,-1.683998,0.069067,0.020419,-0.355735,1.078159,-31.856556,-27.510364,-50.112405,-1.379453,-2.343950,0.046615,0.091412,0.0400
-0.000003,-1.683998,0.069067,0.020419,-0.355735,1.078159,-31.856556,-27.510364,-50.112405,-1.379453,-2.343950,0.046615,0.091412,0.0400
-0.000003,-1.683998,0.069067,0.020419,-0.355735,1.078159,-31.856556,-27.510364,-50.112405,-1.379453,-2.343950,0.046615,0.091412,0.0400
-0.000003,-1.683998,0.069067,0.020419,-0.355735,1.078159,-31.856556,-27.510365,-50.112404,-1.379453,-2.343950,0.046615,0.091412,0.0400
-0.000003,-1.683998,0.069067,0.020419,-0.355735,1.078159,-31.856556,-27.510365,-50.112404,-1.379453,-2.343950,0.046615,0.091412,0.0400
-0.000003,-1.683998,0.069067,0.020419,-0.355735,1.078159,-31.856556,-27.510365,-50.112404,-1.379453,-2.343950,0.046615,0.091412,0.0400
-0.000003,-1.683998,0.069067,0.020419,-0.355735,1.078159,-31.856556,-27.510365,-50.112404,-1.379453,-2.343950,0.046615,0.091412,0.0400
-0.000003,-1.683998,0.069067,0.020419,-0.355735,1.078159,-31.856556,-27.510365,-50.112404,-1.379453,-2.343950,0.046615,0.091412,0.0410
-0.000003,-1.683998,0.069067,0.020419,-0.355735,1.078159,-31.856556,-27.510365,-50.112404,-1.379453,-2.343950,0.046615,0.091412,0.0400
-0.000003,-1.683998,0.069067,0.020419,-0.355735,1.078159,-31.856556,-27.510365,-50.112404,-1.379453,-2.343950,0.046615,0.091412,0.0400
-0.000003,-1.683998,0.069067,0.020419,-0.355735,1.078159,-31.856556,-27.510365,-50.112404,-1.379453,-2.343950,0.046615,0.091412,0.0410
-0.000003,-1.683998,0.069067,0.020419,-0.355735,1.078159,-31.856556,-27.510365,-50.112404,-1.379453,-2.343950,0.046615,0.091412,0.0400
-0.000003,-1.683998,0.069067,0.020419,-0.355735,1.078159,-31.856556,-27.510365,-50.112404,-1.379453,-2.343950,0.046615,0.091412,0.0400
-0.000003,-1.683998,0.069067,0.020419,-0.355735,1.078159,-31.856556,-27.510365,-50.112404,-1.379453,-2.343950,0.046615,0.091412,0.0400
-0.000003,-1.683998,0.069067,0.020419,-0.355735,1.078159,-31.856556,-27.510365,-50.112404,-1.379453,-2.343950,0.046615,0.091412,0.0400
-0.000003,-1.683998,0.069067,0.020419,-0.355735,1.078159,-31.856556,-27.510365,-50.112404,-1.379453,-2.343950,0.046615,0.091412,0.0400
-0.000003,-1.683998,0.069067,0.020419,-0.355735,1.078159,-31.856556,-27.510365,-50.112404,-1.379453,-2.343950,0.046615,0.091412,0.0400
-0.000003,-1.683998,0.069067,0.020419,-0.355735,1.078159,-31.856556,-27.510365,-50.112404,-1.379453,-2.343950,0.046615,0.091412,0.0400
-0.000003,-1.683998,0.069067,0.020419,-0.355735,1.078159,-31.856556,-27.510365,-50.112404,-1.379453,-2.343950,0.046615,0.091412,0.0400
-0.000003,-1.683998,0.069067,0.020419,-0.355735,1.078159,-31.856556,-27.510365,-50.112404,-1.379453,-2.343950,0.046615,0.091412,0.0400
-0.000003,-1.683998,0.069067,0.020419,-0.355735,1.078159,-31.856556,-27.510365,-50.112404,-1.379453,-2.343950,0.046615,0.091412,0.0400
-0.000003,-1.683998,0.069067,0.020419,-0.355735,1.078159,-31.856556,-27.510365,-50.112404,-1.379453,-2.343950,0.046615,0.091412,0.0400
-0.000003,-1.683998,0.069067,0.020419,-0.355735,1.078159,-31.856556,-27.510377,-50.112406,-1.379453,-2.343950,0.046615,0.091412,0.0990
-0.000003,-1.683998,0.069067,0.020419,-0.355735,1.078159,-31.856556,-27.510377,-50.112406,-1.379453,-2.343950,0.046615,0.091412,0.0400
-0.000003,-1.683998,0.069067,0.020419,-0.355735,1.078159,-31.856556,-27.510377,-50.112406,-1.379453,-2.343950,0.046615,0.091412,0.0400
-0.000003,-1.683998,0.069067,0.020419,-0.355735,1.078159,-31.856556,-27.510377,-50.112406,-1.379453,-2.343950,0.046615,0.091412,0.0400
-0.000003,-1.683998,0.069067,0.020419,-0.355735,1.078159,-31.856556,-27.510377,-50.112406,-1.379453,-2.343950,0.046615,0.091412,0.0400
-0.000003,-1.683998,0.069067,0.020419,-0.355735,1.078159,-31.856556,-27.510377,-50.112406,-1.379453,-2.343950,0.046615,0.091412,0.0400
-0.000003,-1.683998,0.069067,0.020419,-0.355735,1.078159,-31.856556,-27.510377,-50.112406,-1.379453,-2.343950,0.046615,0.091412,0.0400
-0.000003,-1.683998,0.069067,0.020419,-0.355735,1.078159,-31.856556,-27.510377,-50.112406,-1.379453,-2.343950,0.046615,0.091412,0.0400
-0.000003,-1.683998,0.069067,0.020419,-0.355735,1.078159,-31.856556,-27.510377,-50.112406,-1.379453,-2.343950,0.046615,0.091412,0.0400
-0.000003,-1.683998,0.069067,0.020419,-0.355735,1.078159,-31.856556,-27.510377,-50.112406,-1.379453,-2.343950,0.046615,0.091412,0.0400
