0.189870,-1.010409,0.000000,-0.010289,0.061550,-0.324236,0.125849,-27.510348,-50.112368,0.179961,-0.958844,0.2030
0.189870,-1.010409,0.000000,0.000000,0.053947,-0.305502,0.124217,-27.510349,-50.112368,0.181696,-0.968183,0.0400
0.189870,-1.010409,0.000000,0.000000,0.046819,-0.277991,0.122511,-27.510349,-50.112368,0.183146,-0.975889,0.0400
0.189870,-1.010409,0.000000,0.000000,0.042961,-0.248861,0.121923,-27.510349,-50.112368,0.184295,-0.982015,0.0400
0.189870,-1.010409,0.000000,0.000000,0.036009,-0.215321,0.120503,-27.510349,-50.112368,0.185120,-0.986419,0.0400
0.189870,-1.010409,0.000000,0.000000,0.031489,-0.184539,0.119953,-27.510349,-50.112368,0.185726,-0.989683,0.0400
0.189870,-1.010409,0.000000,0.000000,0.021557,-0.156892,0.118770,-27.510349,-50.112368,0.186248,-0.992487,0.0400
0.189870,-1.010409,0.000000,0.000000,0.017717,-0.131022,0.118863,-27.510349,-50.112368,0.186722,-0.995044,0.0400
0.189870,-1.010409,0.000000,0.000000,0.018420,-0.102869,0.118811,-27.510349,-50.112368,0.187102,-0.997104,0.0400
0.189870,-1.010409,0.000000,0.000000,0.013570,-0.068627,0.119106,-27.510349,-50.112368,0.187475,-0.999121,0.0400
0.189870,-1.010409,0.000000,0.000000,0.000237,-0.032219,0.119555,-27.510349,-50.112368,0.187720,-1.000438,0.0400
0.189870,-1.010409,0.000000,0.000000,0.000721,-0.006092,0.118537,-27.510349,-50.112368,0.187960,-1.001704,0.0400
0.189870,-1.010409,0.000000,0.000000,0.000173,-0.000008,0.118391,-27.510349,-50.112368,0.188143,-1.002691,0.0420
0.189870,-1.010409,0.000000,0.000000,-0.000275,0.000290,0.118084,-27.510349,-50.112368,0.188385,-1.004013,0.0740
0.189870,-1.010409,0.000000,0.000000,-0.000589,0.000133,0.117550,-27.510349,-50.112368,0.188488,-1.004572,0.0410
0.189870,-1.010409,0.000000,0.000000,0.000156,-0.000054,0.116651,-27.510349,-50.112368,0.188619,-1.005249,0.0420
0.189870,-1.010409,0.000000,0.000000,-0.000339,0.000008,0.116866,-27.510349,-50.112368,0.188695,-1.005650,0.0400
0.189870,-1.010409,0.000000,0.000000,0.000333,0.000738,0.117384,-27.510349,-50.112368,0.188767,-1.006005,0.0400
0.189870,-1.010409,0.000000,0.000000,-0.000513,0.000633,0.117555,-27.510349,-50.112368,0.188850,-1.006568,0.0400
0.189870,-1.010409,0.000000,0.000000,0.000146,-0.000099,0.117293,-27.510349,-50.112368,0.188895,-1.006781,0.0560
0.189870,-1.010409,0.000000,0.000000,-0.000243,-0.000109,0.116921,-27.510349,-50.112368,0.188928,-1.006908,0.0400
0.189870,-1.010409,0.000000,0.000000,-0.000355,-0.000407,0.116611,-27.510349,-50.112368,0.188943,-1.006964,0.0400
0.189870,-1.010409,0.000000,0.000000,-0.000380,-0.000437,0.116611,-27.510349,-50.112368,0.188943,-1.006964,0.0400
0.189870,-1.010409,0.000000,0.000000,0.002955,-0.031805,0.115609,-27.510349,-50.112368,0.188989,-1.007433,0.0500
0.189870,-1.010409,0.000000,0.000000,-0.004530,-0.003899,0.115399,-27.510349,-50.112368,0.189017,-1.007428,0.0400
0.189870,-1.010409,0.000000,0.000000,-0.001981,-0.000599,0.114902,-27.510349,-50.112368,0.189040,-1.007471,0.0400
0.189870,-1.010409,0.000000,0.000000,-0.002460,-0.000892,0.114902,-27.510349,-50.112368,0.189040,-1.007471,0.0400
0.189870,-1.010409,0.000000,0.000000,-0.002460,-0.000892,0.114902,-27.510349,-50.112368,0.189040,-1.007471,0.0400
0.189870,-1.010409,0.000000,0.000000,-0.069039,0.015082,0.119549,-27.510349,-50.112368,0.189029,-1.007705,0.0410
0.189870,-1.010409,0.000000,0.000000,-0.037981,0.012743,0.119327,-27.510349,-50.112368,0.189234,-1.007798,0.0410
0.189870,-1.010409,0.000000,0.000000,-0.020313,0.005093,0.119703,-27.510349,-50.112368,0.189350,-1.007888,0.0400
0.189870,-1.010409,0.000000,0.000000,-0.017273,-0.001019,0.119703,-27.510349,-50.112368,0.189350,-1.007888,0.0400
0.189870,-1.010409,0.000000,0.000000,-0.007616,-0.001777,0.120292,-27.510349,-50.112368,0.189220,-1.007880,0.0400
0.189870,-1.010409,0.000000,0.000000,0.001053,0.000020,0.120833,-27.510349,-50.112368,0.189190,-1.007950,0.0470
0.189870,-1.010409,0.000000,0.000000,-0.000374,0.000665,0.121649,-27.510349,-50.112368,0.189193,-1.008029,0.0400
0.189870,-1.010409,0.000000,0.000000,0.000342,-0.000540,0.121873,-27.510349,-50.112368,0.189195,-1.008041,0.0400
0.189870,-1.010409,0.000000,0.000000,-0.020507,0.015640,0.122334,-27.510349,-50.112368,0.189216,-1.008078,0.0690
0.189870,-1.010409,0.000000,0.000000,-0.000044,0.000015,0.122680,-27.510349,-50.112368,0.189272,-1.008157,0.0440
0.189870,-1.010409,0.000000,0.000000,-0.000032,0.000351,0.123014,-27.510349,-50.112368,0.189313,-1.008238,0.0400
0.189870,-1.010409,0.000000,0.000000,-0.000185,0.001050,0.121632,-27.510349,-50.112368,0.189281,-1.008197,0.0440
0.189870,-1.010409,0.000000,0.000000,0.001388,0.000795,0.120692,-27.510349,-50.112368,0.189310,-1.008320,0.0680
0.189870,-1.010409,0.000000,0.000000,-0.000108,-0.000196,0.120064,-27.510349,-50.112369,0.189329,-1.008402,0.0400
0.189870,-1.010409,0.000000,0.000000,0.003589,-0.001695,0.120142,-27.510349,-50.112369,0.189333,-1.008407,0.0400
0.189870,-1.010409,0.000000,0.000000,0.000508,0.000455,0.120366,-27.510349,-50.112369,0.189346,-1.008467,0.0560
0.189870,-1.010409,0.000000,0.000000,-0.000495,0.000416,0.119184,-27.510349,-50.112369,0.189363,-1.008534,0.0440
0.189870,-1.010409,0.000000,0.000000,0.001683,0.000469,0.119724,-27.510349,-50.112369,0.189376,-1.008583,0.0630
0.189870,-1.010409,0.000000,0.000000,-0.000139,-0.000109,0.120243,-27.510349,-50.112369,0.189386,-1.008623,0.0400
0.189870,-1.010409,0.000000,0.000000,-0.000115,-0.000954,0.120570,-27.510349,-50.112369,0.189389,-1.008635,0.0400
0.189870,-1.010409,0.000000,0.000000,-0.000115,-0.000954,0.120570,-27.510349,-50.112369,0.189389,-1.008635,0.0400
0.189870,-1.010409,0.000000,0.000000,-0.000115,-0.000954,0.120570,-27.510349,-50.112369,0.189389,-1.008635,0.0400
0.189870,-1.010409,0.000000,0.000000,-0.070661,0.048961,0.116939,-27.510349,-50.112369,0.189332,-1.008599,0.0420
0.189870,-1.010409,0.000000,0.000000,-0.039852,0.029867,0.116610,-27.510349,-50.112369,0.189518,-1.008753,0.0520
0.189870,-1.010409,0.000000,0.000000,-0.019262,0.012729,0.117956,-27.510349,-50.112369,0.189635,-1.008862,0.0400
0.189870,-1.010409,0.000000,0.000000,-0.007096,0.003754,0.117330,-27.510349,-50.112369,0.189541,-1.008806,0.0400
0.189870,-1.010409,0.000000,0.000000,0.000107,0.000257,0.117215,-27.510349,-50.112369,0.189590,-1.008861,0.0450
0.189870,-1.010409,0.000000,0.000000,0.000100,-0.000278,0.116515,-27.510349,-50.112369,0.189623,-1.008912,0.0400
0.189870,-1.010409,0.000000,0.000000,-0.001427,0.003796,0.116141,-27.510349,-50.112369,0.189629,-1.008925,0.0400
0.189870,-1.010409,0.000000,0.000000,-0.001427,0.003796,0.115487,-27.510349,-50.112369,0.189566,-1.008987,0.0440
0.189870,-1.010409,0.000000,0.000000,-0.000582,-0.006980,0.115032,-27.510349,-50.112369,0.189602,-1.008894,0.0680
0.189870,-1.010409,0.000000,0.000000,-0.000748,-0.001456,0.113945,-27.510349,-50.112369,0.189619,-1.008873,0.0400
0.189870,-1.010409,0.000000,0.000000,0.000739,0.000286,0.113476,-27.510350,-50.112369,0.189618,-1.008902,0.0440
0.189870,-1.010409,0.000000,0.000000,-0.000216,0.000345,0.113275,-27.510350,-50.112369,0.189627,-1.008914,0.0480
0.189870,-1.010409,0.000000,0.000000,-0.000191,0.000091,0.112819,-27.510350,-50.112369,0.189634,-1.008929,0.0410
0.189870,-1.010409,0.000000,0.000000,0.000501,-0.000098,0.112148,-27.510350,-50.112369,0.189636,-1.008957,0.0400
0.189870,-1.010409,0.000000,0.000000,0.000116,0.000076,0.110791,-27.510350,-50.112369,0.189637,-1.008976,0.0550
0.189870,-1.010409,0.000000,0.000000,-0.000014,-0.000539,0.110187,-27.510350,-50.112369,0.189639,-1.008995,0.0400
0.189870,-1.010409,0.000000,0.000000,-0.000051,-0.000049,0.109926,-27.510350,-50.112369,0.189640,-1.009003,0.0410
0.189870,-1.010409,0.000000,0.000000,0.021381,0.013454,0.106608,-27.510350,-50.112369,0.189675,-1.009006,0.0420
0.189870,-1.010409,0.000000,0.000000,0.001053,0.000016,0.105129,-27.510350,-50.112369,0.189649,-1.009051,0.0570
0.189870,-1.010409,0.000000,0.000000,-0.000353,-0.000240,0.105929,-27.510350,-50.112369,0.189640,-1.009081,0.0400
0.189870,-1.010409,0.000000,0.000000,-0.000322,-0.000808,0.107218,-27.510350,-50.112369,0.189639,-1.009114,0.0700
0.189870,-1.010409,0.000000,0.000000,0.000227,0.000337,0.107607,-27.510350,-50.112369,0.189640,-1.009137,0.0400
0.189870,-1.010409,0.000000,0.000000,0.000271,0.000258,0.107805,-27.510350,-50.112369,0.189640,-1.009146,0.0410
0.189870,-1.010409,0.000000,0.000000,-0.000074,0.000197,0.109371,-27.510350,-50.112369,0.189652,-1.009166,0.0670
0.189870,-1.010409,0.000000,0.000000,-0.000121,-0.000265,0.109389,-27.510350,-50.112369,0.189653,-1.009188,0.0400
0.189870,-1.010409,0.000000,0.000000,0.000158,-0.000001,0.109359,-27.510350,-50.112369,0.189653,-1.009192,0.0400
0.189870,-1.010409,0.000000,0.000000,0.000158,-0.000001,0.109359,-27.510350,-50.112369,0.189653,-1.009192,0.0400
0.189870,-1.010409,0.000000,0.000000,0.000180,0.000012,0.111379,-27.510350,-50.112369,0.189958,-1.009028,0.0410
0.189870,-1.010409,0.000000,0.000000,0.029210,0.021427,0.113495,-27.510350,-50.112369,0.189646,-1.009239,0.0560
0.189870,-1.010409,0.000000,0.000000,0.020161,0.015862,0.115690,-27.510350,-50.112369,0.189540,-1.009331,0.0400
0.189870,-1.010409,0.000000,0.000000,0.009536,0.005069,0.116053,-27.510350,-50.112369,0.189526,-1.009346,0.0400
0.189870,-1.010409,0.000000,0.000000,0.009536,0.005069,0.116053,-27.510350,-50.112369,0.189526,-1.009346,0.0400
0.189870,-1.010409,0.000000,0.000000,0.009536,0.005069,0.116053,-27.510350,-50.112369,0.189526,-1.009346,0.0400
0.189870,-1.010409,0.000000,0.000000,-0.060843,-0.034316,0.116606,-27.510350,-50.112369,0.189758,-1.009207,0.0490
0.189870,-1.010409,0.000000,0.000000,-0.038370,-0.021144,0.115669,-27.510350,-50.112369,0.189940,-1.009132,0.0400
0.189870,-1.010409,0.000000,0.000000,-0.013581,-0.009022,0.115191,-27.510350,-50.112369,0.190038,-1.009097,0.0400
0.189870,-1.010409,0.000000,0.000000,-0.011184,-0.007423,0.115191,-27.510350,-50.112369,0.190038,-1.009097,0.0400
0.189870,-1.010409,0.000000,0.000000,-0.011184,-0.007423,0.115191,-27.510350,-50.112369,0.190038,-1.009097,0.0400
0.189870,-1.010409,0.000000,0.000000,-0.011184,-0.007423,0.115191,-27.510350,-50.112369,0.190038,-1.009097,0.0400
0.189870,-1.010409,0.000000,0.000000,-0.011184,-0.007423,0.118548,-27.510350,-50.112369,0.190218,-1.009146,0.0410
0.189870,-1.010409,0.000000,0.000000,0.077814,0.018453,0.118253,-27.510350,-50.112369,0.189487,-1.009335,0.0670
0.189870,-1.010409,0.000000,0.000000,0.041929,0.011862,0.117631,-27.510350,-50.112369,0.189235,-1.009413,0.0400
0.189870,-1.010409,0.000000,0.000000,0.026408,0.007411,0.117704,-27.510350,-50.112369,0.189193,-1.009428,0.0400
0.189870,-1.010409,0.000000,0.000000,0.026408,0.007411,0.117704,-27.510350,-50.112369,0.189193,-1.009428,0.0400
0.189870,-1.010409,0.000000,0.000000,-0.043590,-0.010254,0.119497,-27.510350,-50.112369,0.189411,-1.009374,0.0490
0.189870,-1.010409,0.000000,0.000000,-0.008622,-0.000619,0.119943,-27.510350,-50.112369,0.189560,-1.009359,0.0600
0.189870,-1.010409,0.000000,0.000000,0.000741,0.000223,0.118980,-27.510350,-50.112369,0.189603,-1.009367,0.0400
0.189870,-1.010409,0.000000,0.000000,-0.000890,-0.000442,0.116527,-27.510350,-50.112369,0.189619,-1.009378,0.0490
0.189870,-1.010409,0.000000,0.000000,-0.000117,0.000113,0.115803,-27.510350,-50.112369,0.189630,-1.009389,0.0400
0.189870,-1.010409,0.000000,0.000000,0.000312,-0.000110,0.115662,-27.510350,-50.112369,0.189633,-1.009392,0.0400
0.189870,-1.010409,0.000000,0.000000,0.000312,-0.000110,0.115662,-27.510350,-50.112369,0.189633,-1.009392,0.0410
-0.000000,-1.010409,-0.025722,-0.000000,0.008222,0.005643,0.113488,-27.510351,-50.112368,0.184334,-1.009412,0.0670
-0.000000,-1.010409,-0.025722,-0.000000,-0.000902,-0.000491,0.113700,-27.510351,-50.112368,0.180493,-1.009425,0.0410
-0.000000,-1.010409,-0.025722,-0.000000,0.000585,-0.002686,0.114120,-27.510351,-50.112368,0.178033,-1.009433,0.0410
-0.000000,-1.010409,-0.025722,-0.000000,0.000177,-0.000075,0.114514,-27.510351,-50.112368,0.174314,-1.009442,0.0540
-0.000000,-1.010409,-0.025722,-0.000000,-0.000704,-0.000322,0.114077,-27.510351,-50.112368,0.170555,-1.009453,0.0400
-0.000000,-1.010409,-0.025722,-0.000000,0.000548,0.000764,0.113979,-27.510351,-50.112368,0.170269,-1.009454,0.0400
-0.000000,-1.010409,-0.025722,-0.000000,0.000548,0.000764,0.113979,-27.510351,-50.112368,0.170269,-1.009454,0.0400
-0.000000,-1.010409,-0.025722,-0.000000,0.008363,-0.006408,0.110072,-27.510351,-50.112368,0.162482,-1.009440,0.0870
-0.000000,-1.010409,-0.025722,-0.000000,0.003279,-0.001349,0.109537,-27.510351,-50.112368,0.159633,-1.009419,0.0500
-0.000000,-1.010409,-0.025722,-0.000000,0.000557,-0.000800,0.108465,-27.510351,-50.112368,0.155977,-1.009436,0.0540
-0.000000,-1.010409,-0.025722,-0.000000,0.000012,0.000024,0.108154,-27.510351,-50.112368,0.153106,-1.009436,0.0410
-0.000000,-1.010409,-0.025722,-0.000000,0.000026,0.000977,0.107684,-27.510351,-50.112368,0.151333,-1.009438,0.0410
-0.000000,-1.010409,-0.025722,-0.000000,0.000202,-0.000022,0.106719,-27.510351,-50.112368,0.147022,-1.009459,0.0670
-0.000000,-1.010409,-0.025722,-0.000000,-0.000322,0.001066,0.107341,-27.510351,-50.112368,0.144330,-1.009468,0.0400
-0.000000,-1.010409,-0.025722,-0.000000,-0.000288,-0.000789,0.107467,-27.510351,-50.112368,0.143379,-1.009471,0.0400
-0.000000,-1.010409,-0.025722,-0.000000,-0.000288,-0.000789,0.107467,-27.510351,-50.112368,0.143379,-1.009471,0.0400
-0.000000,-1.010409,-0.025722,-0.000000,-0.034182,0.016428,0.109236,-27.510351,-50.112368,0.139691,-1.009425,0.0400
-0.000000,-1.010409,-0.025722,-0.000000,-0.023305,0.007903,0.109573,-27.510351,-50.112368,0.136861,-1.009505,0.0540
-0.000000,-1.010409,-0.025722,-0.000000,-0.003923,0.001247,0.109870,-27.510351,-50.112368,0.134412,-1.009543,0.0400
0.189870,-1.010409,0.056589,0.000000,-0.000208,-0.000205,0.109567,-27.510350,-50.112368,0.134439,-1.009547,0.0400
0.189870,-1.010409,0.056589,0.000000,-0.000208,-0.000176,0.104791,-27.510350,-50.112368,0.133907,-1.009432,0.0400
0.189870,-1.010409,0.056589,0.000000,0.004349,0.006035,0.104862,-27.510350,-50.112368,0.139842,-1.009559,0.0630
0.189870,-1.010409,0.056589,0.000000,-0.000529,-0.001373,0.105559,-27.510350,-50.112368,0.143722,-1.009609,0.0400
0.189870,-1.010409,0.056589,0.000000,0.000746,0.000234,0.105688,-27.510350,-50.112368,0.144452,-1.009615,0.0400
0.189870,-1.010409,0.056589,0.000000,0.017461,0.023282,0.103724,-27.510350,-50.112368,0.148109,-1.009522,0.0400
0.189870,-1.010409,0.056589,0.000000,0.008403,0.008606,0.103538,-27.510350,-50.112368,0.151647,-1.009612,0.0500
0.189870,-1.010409,0.056589,0.000000,-0.000429,-0.000187,0.103642,-27.510350,-50.112368,0.154501,-1.009654,0.0400
0.189870,-1.010409,0.056589,0.000000,-0.000157,-0.000176,0.103242,-27.510350,-50.112368,0.155625,-1.009667,0.0400
0.189870,-1.010409,0.056589,0.000000,-0.000157,-0.000176,0.103242,-27.510350,-50.112368,0.155625,-1.009667,0.0400
0.189870,-1.010409,0.056589,0.000000,-0.011633,0.045772,0.100222,-27.510350,-50.112368,0.162875,-1.009549,0.0460
0.189870,-1.010409,0.056589,0.000000,-0.003596,0.025510,0.100171,-27.510350,-50.112368,0.165454,-1.009678,0.0440
0.189870,-1.010409,0.056589,0.000000,-0.000141,0.001814,0.099817,-27.510350,-50.112368,0.168693,-1.009770,0.0400
0.189870,-1.010409,0.056589,0.000000,0.004778,0.000893,0.099817,-27.510350,-50.112368,0.168693,-1.009770,0.0410
0.189870,-1.010409,0.056589,0.000000,0.004778,0.000893,0.099817,-27.510350,-50.112368,0.168693,-1.009770,0.0400
0.189870,-1.010409,0.056589,0.000000,0.004778,0.000893,0.099817,-27.510350,-50.112368,0.168693,-1.009770,0.0400
0.189870,-1.010409,0.056589,0.000000,0.004778,0.000893,0.099817,-27.510350,-50.112368,0.168693,-1.009770,0.0400
0.189870,-1.010409,0.056589,0.000000,0.031934,-0.005880,0.095145,-27.510350,-50.112368,0.183886,-1.009683,0.0400
0.189870,-1.010409,0.056589,0.000000,0.113766,-0.027851,0.094065,-27.510350,-50.112368,0.185928,-1.009413,0.0600
0.189870,-1.010409,0.056589,0.000000,0.096579,-0.017682,0.092449,-27.510350,-50.112368,0.187868,-1.009332,0.0400
0.189870,-1.010409,0.056589,0.000000,0.083683,-0.015244,0.092288,-27.510350,-50.112368,0.188262,-1.009321,0.0400
0.189870,-1.010409,0.056589,0.000000,0.083683,-0.015244,0.092288,-27.510350,-50.112368,0.188262,-1.009321,0.0400
0.189870,-1.010409,0.000000,0.000000,0.003197,-0.000476,0.090159,-27.510350,-50.112368,0.192112,-1.009423,0.0400
0.189870,-1.010409,0.000000,0.000000,0.000630,-0.000052,0.089327,-27.510350,-50.112368,0.191398,-1.009416,0.0580
0.189870,-1.010409,0.000000,0.000000,0.000997,0.000183,0.088666,-27.510350,-50.112368,0.191278,-1.009418,0.0400
0.189870,-1.010409,0.000000,0.000000,-0.008322,0.019384,0.086398,-27.510350,-50.112368,0.191469,-1.009422,0.0400
0.189870,-1.010409,0.000000,0.000000,0.000187,-0.000700,0.084820,-27.510350,-50.112368,0.191370,-1.009454,0.0540
0.189870,-1.010409,0.000000,0.000000,-0.000443,0.000918,0.082278,-27.510350,-50.112368,0.191306,-1.009479,0.0400
0.189870,-1.010409,0.000000,0.000000,0.000018,-0.000001,0.082278,-27.510350,-50.112368,0.191306,-1.009479,0.0400
0.189870,-1.010409,0.000000,0.000000,0.001048,0.023956,0.082982,-27.510350,-50.112368,0.191362,-1.009442,0.0490
0.189870,-1.010409,0.000000,0.000000,-0.002287,-0.001577,0.082569,-27.510350,-50.112368,0.191341,-1.009498,0.0460
0.189870,-1.010409,0.000000,0.000000,0.000171,-0.000770,0.082408,-27.510350,-50.112368,0.191323,-1.009533,0.0400
0.189870,-1.010409,0.000000,0.000000,0.000907,0.001020,0.082479,-27.510350,-50.112368,0.191320,-1.009537,0.0400
0.189870,-1.010409,0.000000,0.000000,0.000907,0.001020,0.082479,-27.510350,-50.112368,0.191320,-1.009537,0.0400
0.189870,-1.010409,0.000000,0.000000,-0.065952,0.021560,0.079270,-27.510350,-50.112368,0.191245,-1.009444,0.0400
0.189870,-1.010409,0.000000,0.000000,-0.032445,0.013941,0.078175,-27.510350,-50.112368,0.191403,-1.009525,0.0490
0.189870,-1.010409,0.000000,0.000000,-0.018715,0.007683,0.077338,-27.510350,-50.112368,0.191483,-1.009571,0.0410
0.189870,-1.010409,0.000000,0.000000,0.003876,0.003084,0.077121,-27.510350,-50.112368,0.191461,-1.009571,0.0450
0.189870,-1.010409,0.000000,0.000000,-0.000884,-0.000097,0.076537,-27.510350,-50.112368,0.191474,-1.009590,0.0410
0.189870,-1.010409,0.000000,0.000000,0.000164,0.000139,0.076755,-27.510350,-50.112368,0.191483,-1.009609,0.0410
0.189870,-1.010409,0.000000,0.000000,0.000221,0.001134,0.076230,-27.510350,-50.112368,0.191483,-1.009618,0.0400
0.189870,-1.010409,0.000000,0.000000,0.000244,0.001242,0.076230,-27.510350,-50.112367,0.191483,-1.009618,0.0400
0.189870,-1.010409,0.000000,0.000000,0.000244,0.001242,0.076230,-27.510350,-50.112367,0.191483,-1.009618,0.0400
0.189870,-1.010409,0.000000,0.000000,0.000244,0.001242,0.076230,-27.510350,-50.112367,0.191483,-1.009618,0.0400
0.189870,-1.010409,0.000000,0.000000,0.000244,0.001242,0.076230,-27.510350,-50.112367,0.191483,-1.009618,0.0400
0.189870,-0.673606,-0.000000,0.036011,-0.100244,0.087985,0.079823,-27.510350,-50.112367,0.191348,-1.002156,0.0440
0.189870,-0.673606,-0.000000,0.036011,-0.071404,0.064938,0.078649,-27.510350,-50.112367,0.191726,-0.998441,0.0510
0.189870,-0.673606,-0.000000,0.036011,-0.057427,0.052258,0.077521,-27.510350,-50.112367,0.191984,-0.994325,0.0400
0.189870,-0.673606,-0.000000,0.036011,-0.052977,0.047807,0.077521,-27.510350,-50.112367,0.191984,-0.994325,0.0400
0.189870,-0.673606,-0.000000,0.036011,-0.052977,0.047807,0.077521,-27.510350,-50.112367,0.191984,-0.994325,0.0400
0.189870,-0.673606,-0.000000,0.036011,-0.052977,0.047807,0.077521,-27.510350,-50.112367,0.191984,-0.994325,0.0400
0.189870,-0.673606,-0.000000,0.036011,-0.052977,0.047807,0.077521,-27.510350,-50.112367,0.191984,-0.994325,0.0400
0.189870,-0.673606,-0.000000,0.036011,-0.052977,0.047807,0.077521,-27.510350,-50.112367,0.191984,-0.994325,0.0400
0.189870,-0.673606,-0.000000,0.036011,-0.004638,0.006132,0.095532,-27.510350,-50.112367,0.191371,-0.982138,0.0410
0.189870,-0.673606,-0.000000,0.036011,0.044657,-0.041597,0.095241,-27.510350,-50.112367,0.190982,-0.977725,0.0450
0.189870,-0.673606,-0.000000,0.036011,0.035266,-0.029005,0.094476,-27.510350,-50.112367,0.190759,-0.973124,0.0400
0.189870,-0.673606,-0.000000,0.036011,0.027024,-0.018564,0.094583,-27.510350,-50.112367,0.190731,-0.972360,0.0400
0.189870,-0.673606,-0.000000,0.036011,0.027024,-0.018564,0.094583,-27.510350,-50.112367,0.190731,-0.972360,0.0400
0.189870,-0.673606,-0.000000,0.036011,0.027024,-0.018564,0.094583,-27.510350,-50.112367,0.190731,-0.972360,0.0400
0.189870,-0.673606,-0.000000,0.036011,-0.025932,0.019403,0.093366,-27.510350,-50.112367,0.191147,-0.960137,0.0800
0.189870,-0.673606,-0.000000,0.036011,-0.006268,0.004162,0.092085,-27.510350,-50.112367,0.191234,-0.956032,0.0400
0.189870,-0.673606,-0.000000,0.036011,0.000760,-0.000399,0.092085,-27.510350,-50.112366,0.191234,-0.956032,0.0400
0.189870,-0.673606,-0.000000,0.036011,0.000760,-0.000399,0.092085,-27.510350,-50.112366,0.191234,-0.956032,0.0400
0.189870,-0.673606,-0.000000,0.036011,0.000760,-0.000399,0.092085,-27.510350,-50.112366,0.191234,-0.956032,0.0400
0.189870,-0.673606,-0.000000,0.036011,0.000760,-0.000399,0.092085,-27.510350,-50.112366,0.191234,-0.956032,0.0400
0.189870,-0.673606,-0.000000,0.036011,0.000760,-0.000399,0.092085,-27.510350,-50.112366,0.191234,-0.956032,0.0400
0.189870,-0.673606,-0.000000,0.036011,0.000760,-0.000399,0.092085,-27.510350,-50.112366,0.191234,-0.956032,0.0400
0.189870,-0.673606,-0.000000,0.036011,0.000760,-0.000399,0.092085,-27.510350,-50.112366,0.191234,-0.956032,0.0400
0.189870,-0.673606,-0.000000,0.036011,0.000760,-0.000399,0.092085,-27.510350,-50.112366,0.191234,-0.956032,0.0400
0.189870,-0.673606,-0.000000,0.036011,0.000760,-0.000399,0.092085,-27.510350,-50.112366,0.191234,-0.956032,0.0400
0.189870,-0.673606,-0.000000,0.036011,0.000760,-0.000399,0.092085,-27.510350,-50.112366,0.191234,-0.956032,0.0400
0.189870,-0.673606,-0.000000,0.036011,0.000760,-0.000399,0.092085,-27.510350,-50.112366,0.191234,-0.956032,0.0400
0.189870,-0.673606,0.000000,0.000000,0.018654,-0.317334,0.084730,-27.510350,-50.112366,0.190563,-0.940372,0.0690
0.189870,-0.673606,0.000000,0.000000,0.020300,-0.291363,0.084672,-27.510350,-50.112366,0.190400,-0.935786,0.0400
0.189870,-0.673606,0.000000,0.000000,0.019799,-0.274469,0.084832,-27.510350,-50.112366,0.190352,-0.934332,0.0400
0.189870,-0.673606,0.000000,0.000000,0.019799,-0.274469,0.084832,-27.510350,-50.112366,0.190352,-0.934332,0.0410
0.189870,-0.673606,0.000000,0.000000,0.019799,-0.274469,0.084832,-27.510350,-50.112366,0.190352,-0.934332,0.0400
0.189870,-0.673606,0.000000,0.000000,0.019799,-0.274469,0.084832,-27.510350,-50.112366,0.190352,-0.934332,0.0400
0.189870,-0.673606,0.000000,0.000000,0.019799,-0.274469,0.084832,-27.510350,-50.112366,0.190352,-0.934332,0.0400
0.189870,-0.673606,0.000000,0.000000,0.019799,-0.274469,0.084832,-27.510350,-50.112366,0.190352,-0.934332,0.0400
0.189870,-0.673606,0.000000,0.000000,0.019799,-0.274469,0.084832,-27.510350,-50.112366,0.190352,-0.934332,0.0400
0.189870,-0.673606,0.000000,0.000000,0.019799,-0.274469,0.084832,-27.510349,-50.112364,0.190352,-0.934332,0.0400
0.189870,-0.673606,0.000000,0.000000,0.002471,0.001279,0.077487,-27.510349,-50.112364,0.190613,-0.935790,0.0500
0.189870,-0.673606,0.000000,0.000000,-0.000264,0.000679,0.076572,-27.510349,-50.112364,0.190598,-0.933152,0.0400
0.189870,-0.673606,0.000000,0.000000,0.000144,-0.000133,0.076640,-27.510349,-50.112364,0.190591,-0.931976,0.0400
0.189870,-0.673606,0.000000,0.000000,0.000127,-0.000112,0.076640,-27.510349,-50.112364,0.190591,-0.931976,0.0400
0.189870,-0.673606,0.000000,0.000000,0.000127,-0.000112,0.076640,-27.510349,-50.112364,0.190591,-0.931976,0.0400
0.189870,-0.673606,0.000000,0.000000,0.000127,-0.000112,0.076640,-27.510349,-50.112364,0.190591,-0.931976,0.0400
0.189870,-0.673606,0.000000,0.000000,0.000127,-0.000112,0.076640,-27.510349,-50.112364,0.190591,-0.931976,0.0400
0.189870,-0.673606,0.000000,0.000000,0.000127,-0.000112,0.076640,-27.510349,-50.112364,0.190591,-0.931976,0.0400
0.189870,-0.673606,0.000000,0.000000,0.000127,-0.000112,0.076640,-27.510349,-50.112364,0.190591,-0.931976,0.0400
0.189870,-0.673606,0.000000,0.000000,0.190284,-0.067937,0.080146,-27.510349,-50.112364,0.190615,-0.930837,0.0420
0.189870,-0.673606,0.000000,0.000000,0.173606,-0.060843,0.079660,-27.510349,-50.112364,0.189404,-0.928489,0.0410
0.189870,-0.673606,0.000000,0.000000,0.150147,-0.051072,0.078975,-27.510349,-50.112364,0.188498,-0.925808,0.0400
0.189870,-0.673606,0.000000,0.000000,0.141909,-0.052457,0.078962,-27.510349,-50.112364,0.188468,-0.925704,0.0400
0.189870,-0.673606,0.000000,0.000000,0.141909,-0.052457,0.078962,-27.510349,-50.112364,0.188468,-0.925704,0.0400
0.189870,-0.673606,0.000000,0.000000,0.141909,-0.052457,0.078962,-27.510349,-50.112364,0.188468,-0.925704,0.0400
0.189870,-0.673606,0.000000,0.000000,0.141909,-0.052457,0.078962,-27.510349,-50.112364,0.188468,-0.925704,0.0400
0.189870,-0.673606,0.000000,0.000000,0.141909,-0.052457,0.078962,-27.510349,-50.112364,0.188468,-0.925704,0.0400
0.189870,-0.673606,0.000000,0.000000,0.141909,-0.052457,0.078962,-27.510349,-50.112364,0.188468,-0.925704,0.0400
0.189870,-0.673606,0.000000,0.000000,0.141909,-0.052457,0.078962,-27.510349,-50.112364,0.188468,-0.925704,0.0400
0.189870,-0.673606,0.000000,0.000000,0.141909,-0.052457,0.078962,-27.510349,-50.112363,0.188468,-0.925704,0.0400
0.189870,-0.673606,0.000000,0.000000,0.141909,-0.052457,0.078962,-27.510349,-50.112363,0.188468,-0.925704,0.0400
0.189870,-0.673606,0.000000,0.000000,0.141909,-0.052457,0.078962,-27.510349,-50.112363,0.188468,-0.925704,0.0400
0.189870,-0.673606,0.000000,0.000000,0.141909,-0.052457,0.078962,-27.510349,-50.112363,0.188468,-0.925704,0.0400
0.189870,-0.673606,0.000000,0.000000,0.141909,-0.052457,0.078962,-27.510349,-50.112363,0.188468,-0.925704,0.0400
0.189870,-0.673606,0.000000,0.000000,0.141909,-0.052457,0.078962,-27.510349,-50.112363,0.188468,-0.925704,0.0400
0.189870,-0.673606,0.000000,0.000000,0.141909,-0.052457,0.078962,-27.510349,-50.112363,0.188468,-0.925704,0.0400
0.189870,-0.673606,0.000000,0.000000,0.141909,-0.052457,0.078962,-27.510349,-50.112363,0.188468,-0.925704,0.0400
0.189870,-0.673606,0.000000,0.000000,0.141909,-0.052457,0.078962,-27.510349,-50.112363,0.188468,-0.925704,0.0400
0.189870,-0.673606,0.000000,0.000000,0.141909,-0.052457,0.078962,-27.510349,-50.112363,0.188468,-0.925704,0.0400
0.189870,-0.673606,0.000000,0.000000,0.141909,-0.052457,0.078962,-27.510349,-50.112363,0.188468,-0.925704,0.0400
0.189870,-0.000000,-0.000000,0.015433,-0.321128,0.325860,0.070206,-27.510349,-50.112363,0.197073,-0.914109,0.0650
0.189870,-0.000000,-0.000000,0.015433,-0.270825,0.325471,0.066853,-27.510349,-50.112363,0.200922,-0.908509,0.0400
0.189870,-0.000000,-0.000000,0.015433,-0.411358,0.374462,0.066062,-27.510349,-50.112363,0.201830,-0.906902,0.0400
0.189870,-0.000000,-0.000000,0.015433,-0.411358,0.374462,0.066062,-27.510349,-50.112363,0.201830,-0.906902,0.0400
0.189870,-0.000000,-0.000000,0.015433,-0.411358,0.374462,0.066062,-27.510349,-50.112363,0.201830,-0.906902,0.0400
0.189870,-0.000000,-0.000000,0.015433,-0.411358,0.374462,0.066062,-27.510349,-50.112363,0.201830,-0.906902,0.0400
0.189870,-0.000000,-0.000000,0.015433,-0.175140,0.199514,0.046819,-27.510349,-50.112363,0.200362,-0.892664,0.0650
0.189870,-0.000000,-0.000000,0.015433,-0.340367,0.149724,0.046479,-27.510349,-50.112363,0.200853,-0.885443,0.0400
0.189870,-0.000000,-0.000000,0.015433,-0.122078,0.167982,0.042108,-27.510349,-50.112363,0.201115,-0.877669,0.0420
0.189870,-0.000000,0.000000,0.000000,-0.060306,0.024158,0.039839,-27.510349,-50.112363,0.201564,-0.870651,0.0620
0.189870,-0.000000,0.000000,0.000000,-0.072701,0.108822,0.039682,-27.510349,-50.112363,0.201879,-0.863174,0.0400
0.189870,-0.000000,0.000000,0.000000,-0.161464,0.127832,0.039073,-27.510349,-50.112363,0.201922,-0.862290,0.0400
0.189870,-0.000000,0.000000,0.000000,-0.161464,0.127832,0.039073,-27.510349,-50.112363,0.201922,-0.862290,0.0400
0.189870,-0.000000,0.000000,0.000000,-0.161464,0.127832,0.039073,-27.510349,-50.112363,0.201922,-0.862290,0.0400
0.189870,-0.000000,0.000000,0.000000,-0.161464,0.127832,0.039073,-27.510349,-50.112363,0.201922,-0.862290,0.0400
0.189870,-0.000000,0.000000,0.000000,-0.161464,0.127832,0.039073,-27.510349,-50.112363,0.201922,-0.862290,0.0400
0.189870,-0.000000,0.000000,0.000000,0.154294,0.067552,0.072462,-27.510349,-50.112363,0.199544,-0.853433,0.0510
0.189870,-0.000000,0.000000,0.000000,-0.015828,0.028189,0.075451,-27.510349,-50.112363,0.199600,-0.847688,0.0500
0.189870,-0.000000,0.000000,0.000000,0.051521,0.030685,0.076167,-27.510349,-50.112363,0.199587,-0.840096,0.0480
0.189870,-0.000000,0.000000,0.000000,0.028784,-0.013545,0.075871,-27.510349,-50.112363,0.199549,-0.829891,0.0740
0.189870,-0.000000,0.000000,0.000000,-0.066552,-0.037897,0.087092,-27.510349,-50.112363,0.199456,-0.819236,0.0780
0.189870,-0.000000,0.000000,0.000000,-0.002646,0.052447,0.089382,-27.510349,-50.112363,0.199402,-0.810568,0.0420
0.189870,-0.000000,0.000000,0.000000,0.075395,-0.057593,0.090195,-27.510349,-50.112363,0.199285,-0.803461,0.0650
0.189870,-0.000000,0.000000,0.000000,-0.179377,0.134966,0.094989,-27.510349,-50.112363,0.199186,-0.797580,0.0410
0.189870,-0.000000,0.000000,0.000000,-0.009729,0.005801,0.121170,-27.510349,-50.112363,0.199108,-0.791500,0.0570
0.189870,-0.000000,0.000000,0.000000,-0.010216,0.022602,0.158652,-27.510349,-50.112363,0.199030,-0.786342,0.0410
0.189870,-0.000000,0.000000,0.000000,0.042687,0.030081,0.195703,-27.510349,-50.112363,0.198899,-0.779384,0.0400
0.189870,-0.000000,0.000000,0.000000,0.093584,0.034738,0.270131,-27.510349,-50.112363,0.199026,-0.776190,0.0590
-0.000000,-0.673606,-0.108864,-0.386217,-0.057048,0.032299,0.725833,-27.510352,-50.112364,0.177429,-0.834267,0.1450
-0.000000,-0.673606,-0.108864,-0.386217,-0.475057,0.290075,1.965347,-27.510352,-50.112364,0.123526,-0.979368,0.4120
-0.000000,-0.673606,-0.108864,-0.386217,-0.494539,0.131623,-15.107685,-27.510352,-50.112364,0.076733,-1.105108,0.3770
0.189870,-0.673606,0.514444,0.000000,-0.225029,0.534392,-25.233021,-27.510349,-50.112367,0.145547,-1.116984,0.1920
0.189870,-0.673606,0.514444,0.000000,0.021131,0.176190,-28.009295,-27.510349,-50.112367,0.200726,-1.111185,0.1350
0.189870,-0.673606,0.514444,0.000000,1.014852,-0.942291,-31.209299,-27.510349,-50.112367,0.384655,-1.092398,0.3530
0.189870,-0.673606,0.514444,0.000000,0.267011,-0.330395,-36.923195,-27.510349,-50.112367,0.518465,-1.079496,0.2690
-0.189871,-1.347211,-0.409269,-0.725985,-0.405597,0.238700,-39.740662,-27.510353,-50.112374,0.530716,-1.122732,0.1740
-0.189871,-1.347211,-0.409269,-0.725985,-0.440540,-0.065630,-40.512871,-27.510353,-50.112374,0.506413,-1.160518,0.0500
-0.189871,-1.347211,-0.409269,-0.725985,0.020167,-0.328770,-41.155487,-27.510353,-50.112374,0.481307,-1.196185,0.0400
-0.189871,-1.347211,-0.409269,-0.725985,-0.714930,0.056056,-41.827744,-27.510353,-50.112374,0.472439,-1.232010,0.0420
-0.189871,-1.347211,-0.409269,-0.725985,-0.489116,-0.734844,-42.231068,-27.510353,-50.112374,0.440558,-1.278176,0.0660
-0.189871,-1.347211,-0.409269,-0.725985,0.080690,-0.852493,-42.602055,-27.510353,-50.112374,0.346709,-1.420839,0.1920
-0.189871,-1.347211,-0.409269,-0.725985,0.435259,-0.673737,-42.563633,-27.510353,-50.112374,0.322664,-1.457293,0.0610
-0.189871,-1.347211,-0.409269,-0.725985,0.722031,-0.690808,-42.340839,-27.510353,-50.112374,0.255353,-1.558785,0.0860
-0.189871,-1.347211,-0.409269,-0.725985,1.667101,-1.277088,-41.664101,-27.510353,-50.112374,0.124721,-1.762734,0.2990
0.189870,-1.684014,0.496489,-0.440350,0.697281,1.067101,-41.039665,-27.510350,-50.112377,0.191607,-1.851078,0.2380
0.189870,-1.684014,0.496489,-0.440350,-0.039956,0.654742,-40.679066,-27.510350,-50.112377,0.302321,-1.947655,0.2260
0.189870,-1.684014,0.496489,-0.440350,0.124976,1.466813,-39.644321,-27.510350,-50.112377,0.439127,-2.064293,0.2660
0.189870,-1.684014,0.496489,-0.440350,0.613392,2.416541,-39.492298,-27.510350,-50.112377,0.513296,-2.127313,0.1680
0.379741,-1.010409,0.233080,0.826901,0.114549,0.602829,-44.149857,-27.510348,-50.112370,0.630180,-2.038756,0.3540
0.379741,-1.010409,0.233080,0.826901,-0.032511,-1.018322,-53.091526,-27.510348,-50.112370,0.689595,-1.789813,0.2770
0.379741,-1.010409,0.233080,0.826901,-0.214204,-0.769508,-60.412273,-27.510348,-50.112370,0.752442,-1.515395,0.2640
-0.189871,-0.673606,-0.513678,0.303730,0.064221,-0.889572,-62.590008,-27.510354,-50.112367,0.751542,-1.281756,0.3650
-0.189871,-0.673606,-0.513678,0.303730,-0.116505,-0.696337,-62.665047,-27.510354,-50.112367,0.725021,-1.265112,0.0490
-0.189871,-0.673606,-0.513678,0.303730,0.093572,-0.467758,-62.727413,-27.510354,-50.112367,0.697469,-1.249024,0.0400
-0.189871,-0.673606,-0.513678,0.303730,-0.152626,0.615358,-62.974411,-27.510354,-50.112367,0.541233,-1.154211,0.2540
-0.189871,-0.673606,-0.513678,0.303730,0.216514,-0.021986,-62.965664,-27.510354,-50.112367,0.363530,-1.047106,0.3250
-0.189871,-0.673606,-0.513678,0.303730,0.289610,-0.717506,-62.904377,-27.510354,-50.112367,0.322679,-1.022639,0.0780
0.569611,0.673606,0.765486,1.357861,0.004854,0.741893,-62.679497,-27.510345,-50.112354,0.289958,-0.836673,0.2510
0.569611,0.673606,0.765486,1.357861,-0.355818,0.998934,-61.784580,-27.510345,-50.112354,0.442912,-0.544384,0.1850
0.569611,0.673606,0.765486,1.357861,0.105866,1.421573,-56.512951,-27.510345,-50.112354,0.565375,-0.312030,0.1910
0.569611,0.673606,0.765486,1.357861,0.114638,0.976021,-55.096737,-27.510345,-50.112354,0.602721,-0.243932,0.0400
0.569611,0.673606,0.765486,1.357861,0.020284,1.237272,-54.089977,-27.510345,-50.112354,0.661762,-0.127721,0.0570
0.569611,0.673606,0.765486,1.357861,0.193116,0.999701,-52.639755,-27.510345,-50.112354,0.786313,0.107039,0.1870
0.569611,0.673606,0.765486,1.357861,0.850051,0.179833,-49.207867,-27.510345,-50.112354,0.965365,0.443560,0.2030
0.949352,2.357620,0.401734,1.781544,0.795323,0.116835,-49.226364,-27.510341,-50.112334,0.997309,0.588106,0.1190
0.949352,2.357620,0.401734,1.781544,0.690276,0.250314,-50.709831,-27.510341,-50.112334,1.023470,0.728065,0.0430
0.949352,2.357620,0.401734,1.781544,0.284007,0.538231,-59.093384,-27.510341,-50.112334,1.139735,1.274487,0.2850
0.949352,2.357620,0.401734,1.781544,-0.297277,-0.344551,-60.252472,-27.510341,-50.112334,1.274308,1.920641,0.3750
0.949352,2.357620,0.401734,1.781544,-0.363515,0.112917,-60.325916,-27.510341,-50.112334,1.288992,1.991335,0.0440
0.949352,2.357620,0.401734,1.781544,-0.049761,-0.846439,-61.228130,-27.510341,-50.112334,1.337482,2.225389,0.1290
1.139223,4.041635,0.173490,1.538728,-0.104768,-0.419090,-63.559166,-27.510339,-50.112318,1.386003,2.637541,0.2320
1.139223,4.041635,0.173490,1.538728,-0.180793,-0.268210,-63.207500,-27.510339,-50.112318,1.418683,2.983179,0.2250
1.139223,4.041635,0.173490,1.538728,0.016421,-0.793835,-57.352264,-27.510339,-50.112318,1.448733,3.302391,0.1980
1.139223,4.041635,0.173490,1.538728,0.300126,-0.223709,-56.001877,-27.510339,-50.112318,1.500673,3.854015,0.2980
1.518964,5.725649,0.400602,1.776526,0.577751,-0.605106,-56.066559,-27.510337,-50.112301,1.561893,4.179739,0.2310
1.518964,5.725649,0.400602,1.776526,0.082614,0.513878,-56.388504,-27.510337,-50.112301,1.638642,4.544852,0.1740
1.518964,5.725649,0.400602,1.776526,0.302474,1.203688,-56.254410,-27.510337,-50.112301,1.753796,5.089075,0.3230
1.518964,5.725649,0.400602,1.776526,0.933096,1.169291,-55.844879,-27.510337,-50.112301,1.797929,5.297674,0.1080
1.518964,5.725649,0.400602,1.776526,1.397414,0.612159,-55.526863,-27.510337,-50.112301,1.828458,5.443426,0.0690
1.518964,5.725649,0.400602,1.776526,1.607297,1.596908,-55.140697,-27.510337,-50.112301,1.881446,5.692328,0.1590
4.367022,10.440891,2.306021,3.817846,0.919213,0.922223,-55.323982,-27.510312,-50.112254,2.182230,6.235606,0.1490
4.367022,10.440891,2.306021,3.817846,-0.660513,-0.369880,-55.791000,-27.510312,-50.112254,2.874783,7.395951,0.2740
4.367022,10.440891,2.306021,3.817846,-0.686672,0.129706,-55.838703,-27.510312,-50.112254,2.985651,7.581144,0.0620
4.367022,10.440891,2.306021,3.817846,-0.568173,-0.596570,-55.945671,-27.510312,-50.112254,3.160068,7.871882,0.0460
4.367022,10.440891,2.306021,3.817846,-0.700686,-0.984557,-56.061771,-27.510312,-50.112254,3.283294,8.078342,0.0550
4.367022,10.440891,2.306021,3.817846,-1.243345,-1.758323,-56.425179,-27.510312,-50.112254,3.607102,8.620084,0.1180
4.367022,10.440891,2.306021,3.817846,-1.904093,-0.338894,-57.580429,-27.510312,-50.112254,4.074825,9.402861,0.2120
4.367022,10.440891,2.671056,2.551267,-1.518834,0.530657,-58.191845,-27.510291,-50.112232,4.304208,9.756247,0.0890
6.835340,12.798512,2.671056,2.551267,-1.714129,0.623563,-58.331791,-27.510291,-50.112232,4.380418,9.826114,0.0420
6.835340,12.798512,2.671056,2.551267,-1.518039,0.650019,-58.632729,-27.510291,-50.112232,4.539717,9.984040,0.0420
6.835340,12.798512,2.671056,2.551267,-1.708182,0.481483,-59.015247,-27.510291,-50.112232,4.764614,10.203005,0.0810
6.835340,12.798512,2.671056,2.551267,-2.131305,0.950650,-59.258434,-27.510291,-50.112232,4.933675,10.365852,0.0400
6.835340,12.798512,2.671056,2.551267,-2.153912,0.842151,-59.449501,-27.510291,-50.112232,5.056314,10.485303,0.0500
6.835340,12.798512,2.671056,2.551267,-2.097795,1.161149,-59.608147,-27.510291,-50.112232,5.204327,10.624526,0.0400
6.835340,12.798512,2.671056,2.551267,-2.458228,1.393426,-59.706783,-27.510291,-50.112232,5.390441,10.808715,0.0710
6.835340,12.798512,2.671056,2.551267,-1.571774,0.454064,-59.704144,-27.510291,-50.112232,5.519928,10.931137,0.0400
6.835340,12.798512,2.671056,2.551267,-1.815439,0.575494,-59.664284,-27.510291,-50.112232,5.651132,11.067403,0.0490
6.835340,12.798512,2.671056,2.551267,-1.348069,-0.182146,-59.647053,-27.510291,-50.112232,5.785013,11.198079,0.0480
6.835340,12.798512,2.671056,2.551267,-1.645431,0.085257,-59.653431,-27.510291,-50.112232,5.915522,11.322288,0.0410
6.835340,12.798512,2.671056,2.551267,-2.048423,-0.129783,-59.622742,-27.510291,-50.112232,6.118935,11.520847,0.0780
6.835340,12.798512,2.671056,2.551267,-1.332005,-1.038518,-59.548923,-27.510291,-50.112232,6.299480,11.694416,0.0400
6.835340,12.798512,2.671056,2.551267,-0.812793,-1.478714,-59.518604,-27.510291,-50.112232,6.432898,11.825528,0.0550
6.835340,12.798512,2.671056,2.551267,-1.416505,-0.822647,-59.505455,-27.510291,-50.112232,6.558356,11.945865,0.0400
6.835340,12.798512,2.671056,2.551267,-0.975263,-1.557173,-59.493824,-27.510291,-50.112232,6.614856,12.000656,0.0410
6.835340,12.798512,2.671056,2.551267,-0.975263,-1.557173,-59.493824,-27.510291,-50.112232,6.614856,12.000656,0.0400
6.835340,12.798512,2.671056,2.551267,-0.415108,-1.620806,-59.202114,-27.510291,-50.112232,6.924247,12.323555,0.0580
8.923916,14.145725,1.340161,0.864456,-0.393476,-0.783569,-59.062714,-27.510272,-50.112216,7.009064,12.391633,0.0410
8.923916,14.145725,1.340161,0.864456,0.672021,-0.861788,-58.539371,-27.510272,-50.112216,7.218413,12.517985,0.1550
8.923916,14.145725,1.340161,0.864456,0.624416,0.497091,-57.612583,-27.510272,-50.112216,7.499078,12.705111,0.2030
8.923916,14.145725,1.340161,0.864456,1.245666,-0.556251,-56.830799,-27.510272,-50.112216,7.702208,12.841387,0.1130
8.923916,14.145725,1.340161,0.864456,1.022699,0.264944,-55.108780,-27.510272,-50.112216,8.194313,13.170233,0.3270
8.923916,16.166544,-0.000000,2.407600,0.655273,-0.062831,-54.623264,-27.510271,-50.112197,8.372670,13.545983,0.2820
8.923916,16.166544,-0.000000,2.407600,0.657869,0.083147,-54.599636,-27.510271,-50.112197,8.375723,13.662400,0.0470
8.923916,16.166544,-0.000000,2.407600,0.594954,0.079001,-54.582634,-27.510271,-50.112197,8.377864,13.975840,0.0410
8.923916,16.166544,-0.000000,2.407600,-0.320388,1.040336,-54.851322,-27.510271,-50.112197,8.394424,14.911478,0.4340
8.923916,16.166544,-0.000000,2.407600,-0.572704,0.828534,-55.099018,-27.510271,-50.112197,8.397748,15.136471,0.0830
8.923916,16.166544,-0.000000,2.407600,-0.462865,0.558383,-55.376415,-27.510271,-50.112197,8.401301,15.417189,0.1380
9.493527,18.524166,0.590789,2.445277,-0.131571,0.509573,-55.930725,-27.510265,-50.112170,8.530786,16.283524,0.3190
9.493527,18.524166,0.590789,2.445277,-0.304691,0.474936,-55.960930,-27.510265,-50.112170,8.666073,16.826273,0.2370
9.493527,18.524166,0.590789,2.445277,0.206863,0.021447,-55.856636,-27.510265,-50.112170,8.841604,17.527643,0.2310
9.303657,20.881788,-0.180055,2.235739,-0.540529,0.926391,-55.883335,-27.510266,-50.112147,9.018417,18.570483,0.3660
9.303657,20.881788,-0.180055,2.235739,-0.703302,0.813076,-56.883873,-27.510266,-50.112147,8.950930,19.577351,0.4660
9.303657,20.881788,-0.180055,2.235739,-0.378145,0.332078,-57.486404,-27.510266,-50.112147,8.911480,20.146525,0.2970
8.734045,22.565804,-0.507691,1.500951,0.060271,0.266082,-57.904274,-27.510273,-50.112132,8.851167,20.706576,0.2760
8.734045,22.565804,-0.507691,1.500951,-0.823455,0.875017,-57.587387,-27.510273,-50.112132,8.730104,21.091029,0.2490
8.734045,22.565804,-0.507691,1.500951,-0.365485,0.386065,-57.390652,-27.510273,-50.112132,8.698151,21.189845,0.0630
8.734045,22.565804,-0.507691,1.500951,-0.646452,0.685481,-57.182289,-27.510273,-50.112132,8.668899,21.281168,0.0590
8.734045,22.565804,-0.507691,1.500951,-0.188079,0.670300,-56.961945,-27.510273,-50.112132,8.633732,21.390788,0.0600
8.734045,22.565804,-0.507691,1.500951,-0.222097,-0.541850,-55.918873,-27.510273,-50.112132,8.434261,22.013658,0.3600
6.265727,23.239410,-1.667553,0.455077,-0.735918,-0.695324,-55.254421,-27.510294,-50.112123,8.342003,22.199387,0.1870
6.265727,23.239410,-1.667553,0.455077,0.053316,-0.456025,-53.874218,-27.510294,-50.112123,7.839300,22.348103,0.2550
6.265727,23.239410,-1.667553,0.455077,0.433482,-0.603606,-53.440975,-27.510294,-50.112123,7.289749,22.506863,0.3450
6.265727,23.239410,-1.667553,0.455077,0.384326,-0.307025,-53.432175,-27.510294,-50.112123,7.021931,22.583815,0.1020
3.417668,23.576214,-2.135497,0.252537,0.846101,-0.425270,-53.558773,-27.510321,-50.112122,6.512237,22.709933,0.3250
3.417668,23.576214,-2.135497,0.252537,0.786967,-0.342779,-53.579769,-27.510321,-50.112122,6.006816,22.775777,0.2290
3.417668,23.576214,-2.135497,0.252537,0.364721,-0.201061,-53.580585,-27.510321,-50.112122,5.811908,22.801081,0.0820
3.417668,23.576214,-2.135497,0.252537,0.763643,-0.655758,-53.564503,-27.510321,-50.112122,5.665001,22.820150,0.0700
3.417668,23.576214,-2.135497,0.252537,0.304348,-0.665249,-53.554955,-27.510321,-50.112122,5.525092,22.838448,0.0600
3.417668,23.576214,-2.135497,0.252537,-0.008555,-0.990775,-53.526791,-27.510321,-50.112122,5.338381,22.863008,0.0840
3.417668,23.576214,-2.135497,0.252537,0.342101,-1.164971,-53.451714,-27.510321,-50.112122,5.224478,22.877809,0.0500
3.417668,23.576214,-2.135497,0.252537,-0.183562,-1.413268,-53.333336,-27.510321,-50.112122,5.117367,22.891867,0.0470
3.417668,23.576214,-2.135497,0.252537,-0.200393,-1.064263,-53.216381,-27.510321,-50.112122,5.018428,22.905649,0.0400
3.417668,23.576214,-2.135497,0.252537,0.179677,-1.193000,-53.085606,-27.510321,-50.112122,4.921487,22.913204,0.0400
3.417668,23.576214,-2.135497,0.252537,-0.360867,-1.229259,-52.949932,-27.510321,-50.112122,4.830685,22.925315,0.0450
3.417668,23.576214,-2.135497,0.252537,-0.303707,-1.486897,-52.832809,-27.510321,-50.112122,4.728082,22.940487,0.0400
3.417668,23.576214,-2.135497,0.252537,0.063245,-1.074396,-52.793480,-27.510321,-50.112122,4.696980,22.945034,0.0410
3.417668,23.576214,-2.135497,0.252537,0.063245,-1.074396,-52.793480,-27.510321,-50.112122,4.696980,22.945034,0.0400
3.417668,23.576214,-2.135497,0.252537,0.063245,-1.074396,-52.793480,-27.510321,-50.112122,4.696980,22.945034,0.0400
3.417668,23.576214,-2.135497,0.252537,0.063245,-1.074396,-52.793480,-27.510340,-50.112120,4.696980,22.945034,0.0400
3.417668,23.576214,-2.135497,0.252537,0.063245,-1.074396,-52.793480,-27.510340,-50.112120,4.696980,22.945034,0.0400
1.139221,23.576214,-1.440444,-0.000000,0.063743,-1.074539,-51.813591,-27.510340,-50.112120,4.162421,22.939629,0.0430
1.139221,23.576214,-1.440444,-0.000000,1.510357,-0.903628,-51.694523,-27.510340,-50.112120,4.077105,22.949743,0.0730
1.139221,23.576214,-1.440444,-0.000000,0.844956,-0.481086,-51.584335,-27.510340,-50.112120,3.986123,22.955796,0.0420
1.139221,23.576214,-1.440444,-0.000000,1.432938,-0.893518,-51.484859,-27.510340,-50.112120,3.882074,22.962249,0.0690
1.139221,23.576214,-1.440444,-0.000000,1.098024,-0.254751,-51.416935,-27.510340,-50.112120,3.785481,22.967890,0.0590
1.139221,23.576214,-1.440444,-0.000000,1.626802,-1.331781,-51.386883,-27.510340,-50.112120,3.708972,22.972030,0.0450
1.139221,23.576214,-1.440444,-0.000000,1.216220,-0.625975,-51.424652,-27.510340,-50.112120,3.479321,22.983112,0.1340
1.139221,23.576214,-1.440444,-0.000000,1.171307,-0.568221,-51.508915,-27.510340,-50.112120,3.345803,22.988176,0.0790
1.139221,23.576214,-1.440444,-0.000000,0.874054,-0.483999,-51.780361,-27.510340,-50.112120,3.110423,22.995250,0.1580
0.189868,24.923426,-1.001609,1.421366,0.053235,1.534654,-52.157646,-27.510350,-50.112105,2.621428,23.284333,0.3170
0.189868,24.923426,-1.001609,1.421366,-0.385899,1.882086,-52.967052,-27.510350,-50.112105,2.456184,23.505534,0.1940
0.189868,24.923426,-1.001609,1.421366,-0.411635,1.805941,-53.668354,-27.510350,-50.112105,2.320063,23.687048,0.1270
0.189868,24.923426,-1.001609,1.421366,-0.711424,1.883941,-53.999676,-27.510350,-50.112105,2.200259,23.846982,0.1050
0.189868,24.923426,-1.001609,1.421366,-0.187700,1.000317,-54.153358,-27.510350,-50.112105,2.122978,23.950249,0.0700
0.189868,24.923426,-1.001609,1.421366,-0.325152,1.267650,-54.283756,-27.510350,-50.112105,2.070011,24.020081,0.0410
0.189868,24.923426,-1.001609,1.421366,-0.369595,0.997449,-54.469032,-27.510350,-50.112105,2.002961,24.115141,0.0400
0.189868,24.923426,-1.001609,1.421366,-0.920288,0.384815,-54.639366,-27.510350,-50.112105,1.942584,24.195437,0.0690
0.189868,24.923426,-1.001609,1.421366,-0.965249,0.699401,-54.754398,-27.510350,-50.112105,1.897354,24.255350,0.0400
0.189868,24.923426,-1.001609,1.421366,-0.602218,0.574474,-54.797832,-27.510350,-50.112105,1.877943,24.281118,0.0400
0.189868,24.923426,-1.001609,1.421366,-0.602218,0.574474,-54.797832,-27.510350,-50.112105,1.877943,24.281118,0.0400
0.189868,24.923426,-1.001609,1.421366,-0.602218,0.574474,-54.797832,-27.510350,-50.112105,1.877943,24.281118,0.0400
0.189868,24.923426,-1.001609,1.421366,-0.602218,0.574474,-54.797832,-27.510351,-50.112090,1.877943,24.281118,0.0400
-0.000003,26.607441,-0.168302,1.492720,-0.602218,0.574474,-54.808998,-27.510351,-50.112090,1.666968,24.663050,0.0400
-0.000003,26.607441,-0.168302,1.492720,-0.432128,0.085823,-54.803833,-27.510351,-50.112090,1.702354,24.757086,0.0730
-0.000003,26.607441,-0.168302,1.492720,-0.577512,0.246337,-54.779381,-27.510351,-50.112090,1.692874,24.844744,0.0400
-0.000003,26.607441,-0.168302,1.492720,-0.390030,-0.034002,-54.779381,-27.510351,-50.112090,1.692874,24.844744,0.0400
-0.000003,26.607441,-0.168302,1.492720,-0.392605,-0.025267,-54.726276,-27.510351,-50.112090,1.668011,25.012278,0.0410
-0.000003,26.607441,-0.168302,1.492720,-0.512072,0.467107,-54.685562,-27.510351,-50.112090,1.658937,25.089577,0.0580
-0.000003,26.607441,-0.168302,1.492720,-0.525485,0.778295,-54.633408,-27.510351,-50.112090,1.646566,25.172825,0.0400
-0.000003,26.607441,-0.168302,1.492720,-1.010098,1.159951,-54.624382,-27.510351,-50.112090,1.644693,25.185148,0.0400
-0.000003,26.607441,-0.168302,1.492720,-1.010098,1.159951,-54.624382,-27.510351,-50.112090,1.644693,25.185148,0.0400
-0.000003,26.607441,-0.168302,1.492720,-0.398811,1.074794,-54.314377,-27.510351,-50.112090,1.615764,25.392135,0.0540
-0.000003,26.607441,-0.168302,1.492720,-0.560408,0.966645,-54.228970,-27.510351,-50.112090,1.605622,25.460662,0.0400
-0.000003,26.607441,-0.168302,1.492720,-0.554944,1.154229,-54.194115,-27.510351,-50.112090,1.598567,25.505968,0.0400
-0.000003,26.607441,-0.168302,1.492720,-0.559799,1.186962,-54.194115,-27.510351,-50.112090,1.598567,25.505968,0.0400
-0.000003,26.607441,-0.168302,1.492720,-0.559799,1.186962,-54.194115,-27.510351,-50.112090,1.598567,25.505968,0.0400
-0.000003,26.607441,-0.168302,1.492720,-0.559799,1.186962,-54.194115,-27.510351,-50.112090,1.598567,25.505968,0.0400
-0.000003,26.607441,-0.168302,1.492720,-0.559799,1.186962,-54.194115,-27.510351,-50.112090,1.598567,25.505968,0.0400
-0.000003,26.607441,-0.168302,1.492720,-0.576393,1.070756,-54.427803,-27.510351,-50.112090,1.539594,25.943192,0.0400
-0.000003,26.607441,-0.168302,1.492720,-1.011533,0.979600,-54.449375,-27.510351,-50.112090,1.532283,26.019200,0.0540
-0.379744,27.281046,-0.318321,0.564655,-1.034080,0.338506,-54.448788,-27.510355,-50.112082,1.509249,26.012683,0.0400
-0.379744,27.281046,-0.318321,0.564655,-1.471796,0.805605,-54.422440,-27.510355,-50.112082,1.485637,26.058838,0.0410
-0.379744,27.281046,-0.318321,0.564655,-0.967004,0.218799,-54.399441,-27.510355,-50.112082,1.470625,26.069194,0.0610
-0.379744,27.281046,-0.318321,0.564655,-1.024668,0.056861,-54.342808,-27.510355,-50.112082,1.453934,26.088310,0.0400
-0.379744,27.281046,-0.318321,0.564655,-1.661493,0.519815,-54.302689,-27.510355,-50.112082,1.444236,26.101445,0.0400
-0.379744,27.281046,-0.318321,0.564655,-1.475007,0.251973,-54.201092,-27.510355,-50.112082,1.410470,26.158505,0.0690
-0.379744,27.281046,-0.318321,0.564655,-1.401544,0.079118,-54.156082,-27.510355,-50.112082,1.396277,26.181800,0.0410
-0.379744,27.281046,-0.318321,0.564655,-1.305539,0.185729,-54.117348,-27.510355,-50.112082,1.380921,26.206805,0.0400
-0.379744,27.281046,-0.318321,0.564655,-1.309271,0.198612,-54.117348,-27.510355,-50.112082,1.380921,26.206805,0.0400
-0.379744,27.281046,-0.318321,0.564655,-1.309271,0.198612,-54.117348,-27.510355,-50.112082,1.380921,26.206805,0.0400
-0.379744,27.281046,-0.318321,0.564655,-1.752099,0.989162,-54.005569,-27.510355,-50.112082,1.312345,26.310882,0.0690
-0.379744,27.281046,-0.318321,0.564655,-1.257132,0.719743,-53.978001,-27.510355,-50.112082,1.299804,26.333297,0.0400
-0.379744,27.281046,-0.318321,0.564655,-1.067925,0.723037,-53.951366,-27.510355,-50.112082,1.290077,26.349494,0.0400
-0.379744,27.281046,-0.318321,0.564655,-0.798354,0.929166,-53.743099,-27.510355,-50.112082,1.255760,26.403927,0.0720
-0.379744,27.281046,-0.318321,0.564655,-0.800528,1.373253,-53.615124,-27.510355,-50.112082,1.240182,26.428583,0.0400
-0.379744,27.281046,-0.318321,0.564655,-0.604445,0.941167,-53.575871,-27.510355,-50.112082,1.235514,26.435780,0.0400
-0.379744,27.281046,-0.318321,0.564655,-0.604445,0.941167,-53.575871,-27.510355,-50.112082,1.235514,26.435780,0.0410
-0.379744,27.281046,-0.318321,0.564655,0.502543,1.793321,-53.262409,-27.510355,-50.112082,1.173240,26.531821,0.0730
-0.379744,27.281046,-0.318321,0.564655,0.773973,2.064766,-53.179874,-27.510355,-50.112082,1.151652,26.558518,0.0410
-0.379744,27.281046,-0.318321,0.564655,0.713558,2.056214,-53.169708,-27.510368,-50.112085,1.148262,26.562745,0.0400
-0.379744,27.281046,-0.318321,0.564655,0.713558,2.056214,-53.169708,-27.510368,-50.112085,1.148262,26.562745,0.0410
-1.898709,27.281046,-1.327267,-0.000000,1.029219,2.091034,-53.069721,-27.510368,-50.112085,1.061374,26.625461,0.0410
-1.898709,27.281046,-1.327267,-0.000000,1.488069,1.870190,-53.061592,-27.510368,-50.112085,0.940207,26.602386,0.0620
-1.898709,27.281046,-1.327267,-0.000000,1.165208,2.737781,-53.103397,-27.510368,-50.112085,0.854191,26.596643,0.0510
-1.898709,27.281046,-1.327267,-0.000000,1.357093,1.146024,-53.200443,-27.510368,-50.112085,0.767777,26.593590,0.0590
-1.898709,27.281046,-1.327267,-0.000000,0.469631,0.603642,-53.681072,-27.510368,-50.112085,0.558843,26.590954,0.1310
-1.898709,27.281046,-1.327267,-0.000000,-1.060952,0.936688,-54.123318,-27.510368,-50.112085,0.375519,26.592471,0.1320
-1.898709,27.281046,-1.327267,-0.000000,-0.112697,-0.585452,-54.253174,-27.510368,-50.112085,0.301395,26.593418,0.0510
-1.898709,27.281046,-1.327267,-0.000000,-1.304851,0.433228,-54.354519,-27.510368,-50.112085,0.235465,26.593752,0.0400
-1.898709,27.281046,-1.327267,-0.000000,-0.537862,-0.092065,-54.368271,-27.510368,-50.112085,0.226735,26.593852,0.0400
-1.898709,27.281046,-1.327267,-0.000000,-0.537862,-0.092065,-54.368271,-27.510368,-50.112085,0.226735,26.593852,0.0400
-1.898709,27.281046,-1.327267,-0.000000,-1.726659,0.910424,-54.810711,-27.510368,-50.112085,0.026839,26.606178,0.0530
-1.898709,27.281046,-1.327267,-0.000000,-1.133529,-0.303051,-54.914246,-27.510368,-50.112085,-0.029563,26.606876,0.0410
-1.898709,27.281046,-1.327267,-0.000000,-1.032262,-0.310617,-54.957272,-27.510368,-50.112085,-0.093455,26.608579,0.0400
-1.898709,27.281046,-1.327267,-0.000000,-2.091083,1.032665,-54.957115,-27.510368,-50.112085,-0.096236,26.608655,0.0400
-1.898709,27.281046,-1.327267,-0.000000,-2.091083,1.032665,-54.957115,-27.510368,-50.112085,-0.096236,26.608655,0.0400
-3.987285,24.249821,-2.016924,-2.927234,0.289629,-1.072288,-54.426582,-27.510387,-50.112114,-0.359440,26.379075,0.0500
-3.987285,24.249821,-2.016924,-2.927234,0.491576,-0.925220,-54.371155,-27.510387,-50.112114,-0.473545,26.201570,0.0460
-3.987285,24.249821,-2.016924,-2.927234,1.076730,-1.466235,-54.362171,-27.510387,-50.112114,-0.567594,26.068655,0.0400
-3.987285,24.249821,-2.016924,-2.927234,1.485980,-2.366834,-54.363403,-27.510387,-50.112114,-0.585902,26.043495,0.0430
-3.987285,24.249821,-2.016924,-2.927234,1.605737,-2.299469,-54.385670,-27.510387,-50.112114,-0.826036,25.714798,0.0780
-3.987285,24.249821,-2.016924,-2.927234,1.886209,-2.556884,-54.404911,-27.510387,-50.112114,-0.937843,25.569803,0.0400
-3.987285,24.249821,-2.016924,-2.927234,1.286994,-1.329251,-54.407734,-27.510387,-50.112114,-1.031554,25.445604,0.0480
-3.987285,24.249821,-2.016924,-2.927234,1.589221,-1.769133,-54.418980,-27.510387,-50.112114,-1.122915,25.324652,0.0420
-3.987285,24.249821,-2.016924,-2.927234,1.189870,-1.009783,-54.452763,-27.510387,-50.112114,-1.206503,25.216236,0.0400
-3.987285,24.249821,-2.016924,-2.927234,1.077092,-0.757779,-54.452763,-27.510387,-50.112114,-1.206503,25.216236,0.0400
-3.987285,24.249821,-2.016924,-2.927234,1.077092,-0.757779,-54.452763,-27.510387,-50.112114,-1.206503,25.216236,0.0400
-3.987285,24.249821,-2.016924,-2.927234,0.502857,-1.166358,-54.745785,-27.510387,-50.112114,-1.495692,24.733162,0.0480
-3.987285,24.249821,-2.016924,-2.927234,0.720722,-1.282495,-54.911827,-27.510387,-50.112114,-1.660306,24.536661,0.0710
-3.987285,24.249821,-2.016924,-2.927234,0.518105,-0.480429,-55.138573,-27.510387,-50.112114,-1.841748,24.297692,0.0820
-3.987285,24.249821,-2.016924,-2.927234,-0.144764,-2.327316,-56.170151,-27.510387,-50.112114,-2.331658,23.635326,0.1910
-6.075862,20.544991,-1.965506,-3.486519,-1.312335,-2.007635,-56.444542,-27.510405,-50.112152,-2.451894,23.463058,0.0980
-6.075862,20.544991,-1.965506,-3.486519,-0.922812,-2.192773,-56.638783,-27.510405,-50.112152,-2.553346,23.289108,0.0400
-6.075862,20.544991,-1.965506,-3.486519,-1.321660,-2.537549,-56.769508,-27.510405,-50.112152,-2.645059,23.135174,0.0410
-6.075862,20.544991,-1.965506,-3.486519,-2.144027,-1.781425,-56.872318,-27.510405,-50.112152,-2.760050,22.940189,0.0530
-6.075862,20.544991,-1.965506,-3.486519,-1.232741,-2.619246,-56.855816,-27.510405,-50.112152,-2.853348,22.781988,0.0400
-6.075862,20.544991,-1.965506,-3.486519,-1.904125,-1.333904,-56.666782,-27.510405,-50.112152,-2.996842,22.539679,0.0510
-6.075862,20.544991,-1.965506,-3.486519,0.434286,-0.904279,-55.468422,-27.510405,-50.112152,-3.316575,21.997967,0.1640
-6.075862,20.544991,-1.965506,-3.486519,0.786256,-0.305419,-54.335350,-27.510405,-50.112152,-3.932068,20.959440,0.2930
-6.075862,20.544991,-1.965506,-3.486519,0.915327,-0.608696,-54.371292,-27.510405,-50.112152,-4.108699,20.662242,0.0650
-7.594828,17.176964,-1.584121,-3.512496,-0.052158,0.108142,-53.944763,-27.510421,-50.112187,-4.918037,19.134230,0.3830
-7.594828,17.176964,-1.584121,-3.512496,0.650900,-0.260543,-53.829071,-27.510421,-50.112187,-5.146569,18.654942,0.1940
-7.594828,17.176964,-1.584121,-3.512496,-0.022872,0.261847,-53.911877,-27.510421,-50.112187,-5.395462,18.132700,0.1430
-7.594828,17.176964,-1.584121,-3.512496,0.404490,-2.682503,-53.232372,-27.510421,-50.112187,-5.951450,16.967658,0.2560
-9.303664,13.808938,-1.706186,-3.362803,1.458391,-2.381748,-52.161594,-27.510436,-50.112222,-6.335027,16.182688,0.2990
-9.303664,13.808938,-1.706186,-3.362803,0.202989,-2.028204,-52.573662,-27.510436,-50.112222,-6.680431,15.532596,0.1590
-9.303664,13.808938,-1.706186,-3.362803,0.259870,-1.758815,-52.579918,-27.510436,-50.112222,-7.342392,14.283347,0.3660
-9.303664,13.808938,-1.706186,-3.362803,-0.174536,-0.965173,-52.648514,-27.510436,-50.112222,-7.439807,14.100687,0.0850
-9.303664,13.808938,-1.706186,-3.362803,0.120458,-1.066822,-52.725975,-27.510436,-50.112222,-7.525320,13.945930,0.0400
-9.303664,13.808938,-1.706186,-3.362803,-0.192164,0.131373,-52.669899,-27.510436,-50.112222,-8.012784,13.022735,0.2730
-10.632758,11.451320,-1.098965,-1.949403,-0.044481,0.500188,-52.207249,-27.510447,-50.112245,-8.405488,12.365950,0.2700
-10.632758,11.451320,-1.098965,-1.949403,0.767541,-0.291120,-52.033970,-27.510447,-50.112245,-8.503604,12.204192,0.1230
-10.632758,11.451320,-1.098965,-1.949403,1.463857,-1.365269,-51.439342,-27.510447,-50.112245,-8.913901,11.523385,0.3460
-11.961853,9.767307,-1.179246,-1.494149,0.945255,0.563283,-50.799168,-27.510458,-50.112262,-9.380144,10.818593,0.3730
-11.961853,9.767307,-1.179246,-1.494149,0.496348,-0.112550,-51.582241,-27.510458,-50.112262,-9.706646,10.426720,0.2420
-11.961853,9.767307,-1.179246,-1.494149,0.427841,-0.461007,-52.546146,-27.510458,-50.112262,-10.060928,10.004844,0.3010
-11.961853,9.767307,-1.179246,-1.494149,0.408123,-0.301922,-52.660656,-27.510458,-50.112262,-10.154318,9.893415,0.0770
-11.961853,9.767307,-1.179246,-1.494149,0.987744,0.006866,-53.020119,-27.510458,-50.112262,-10.500707,9.479820,0.2560
-12.151724,8.420097,-0.162973,-1.156361,0.475706,-0.589080,-53.667667,-27.510461,-50.112273,-10.562538,9.203341,0.2350
-12.151724,8.420097,-0.162973,-1.156361,-0.021736,-0.728271,-53.873863,-27.510461,-50.112273,-10.583372,9.098677,0.0980
-12.151724,8.420097,-0.162973,-1.156361,-0.024600,-0.553484,-53.975105,-27.510461,-50.112273,-10.595396,9.036355,0.0400
-12.151724,8.420097,-0.162973,-1.156361,0.008368,-0.546678,-54.178329,-27.510461,-50.112273,-10.639675,8.815763,0.1940
-12.151724,8.420097,-0.162973,-1.156361,-1.459760,0.811252,-54.440960,-27.510461,-50.112273,-10.701571,8.503290,0.2620
-11.771983,7.746492,0.495166,-0.878352,-1.284259,0.643639,-54.632317,-27.510455,-50.112282,-10.731886,8.276888,0.1610
-11.771983,7.746492,0.495166,-0.878352,-0.761021,0.323217,-54.798035,-27.510455,-50.112282,-10.616932,8.035864,0.2820
-11.771983,7.746492,0.495166,-0.878352,-0.750206,0.538766,-54.834461,-27.510455,-50.112282,-10.500344,7.797770,0.2990
-11.771983,7.746492,0.495166,-0.878352,-0.927205,-0.046009,-54.795486,-27.510455,-50.112282,-10.426218,7.648544,0.1370
-11.771983,7.746492,0.495166,-0.878352,-0.219135,0.821773,-54.782330,-27.510455,-50.112282,-10.314935,7.422962,0.2680
-10.632760,7.072887,0.969789,-0.573421,-0.045387,1.041887,-54.915012,-27.510447,-50.112289,-10.088013,7.273886,0.2700
-10.632760,7.072887,0.969789,-0.573421,0.198960,0.327322,-55.043228,-27.510447,-50.112289,-9.934844,7.179265,0.1310
-10.632760,7.072887,0.969789,-0.573421,-0.116971,0.503589,-55.293377,-27.510447,-50.112289,-9.645313,7.000673,0.3250
-10.632760,7.072887,0.969789,-0.573421,-0.397728,0.230029,-55.556252,-27.510447,-50.112289,-9.466882,6.890459,0.2170
-10.632760,7.072887,0.969789,-0.573421,-0.755342,0.251621,-55.622921,-27.510447,-50.112289,-9.413853,6.857620,0.0530
-9.873278,6.399282,0.892911,-0.791946,-0.334463,0.105264,-55.806435,-27.510440,-50.112297,-9.155516,6.625652,0.2510
-9.873278,6.399282,0.892911,-0.791946,0.207613,-0.720632,-55.965832,-27.510440,-50.112297,-8.898183,6.385328,0.3510
-9.873278,6.399282,0.892911,-0.791946,0.820172,-1.537647,-56.145992,-27.510440,-50.112297,-8.737392,6.235079,0.1440
-9.113795,5.052071,0.677064,-1.201012,0.120097,-0.269050,-55.838200,-27.510433,-50.112307,-8.406447,5.806239,0.4290
-9.113795,5.052071,0.677064,-1.201012,-0.305565,-0.031778,-55.765095,-27.510433,-50.112307,-8.375841,5.746863,0.1050
-9.113795,5.052071,0.677064,-1.201012,-0.051467,-0.034922,-55.705700,-27.510433,-50.112307,-8.347314,5.689842,0.0400
-9.113795,5.052071,0.677064,-1.201012,0.338249,-0.824350,-55.566513,-27.510433,-50.112307,-8.259287,5.524777,0.1360
-9.113795,5.052071,0.677064,-1.201012,-0.298055,0.281860,-55.049797,-27.510433,-50.112307,-7.988152,5.004801,0.4280
-9.113795,5.052071,0.677064,-1.201012,-0.504268,0.638677,-54.797276,-27.510433,-50.112307,-7.928324,4.889891,0.0740
-7.594831,4.378466,1.627156,-0.721584,-0.508139,0.694821,-54.010620,-27.510420,-50.112315,-7.337526,4.570743,0.3930
-7.594831,4.378466,1.627156,-0.721584,0.270552,-0.117774,-53.865135,-27.510420,-50.112315,-6.931041,4.386216,0.2840
-7.594831,4.378466,1.627156,-0.721584,0.021379,-0.130981,-53.882397,-27.510420,-50.112315,-6.642110,4.255433,0.1440
-6.645478,4.041663,1.279970,-0.454096,0.693649,-0.376516,-53.686768,-27.510410,-50.112322,-6.135115,4.040716,0.3690
-6.645478,4.041663,1.279970,-0.454096,0.673286,0.418767,-53.515144,-27.510410,-50.112322,-5.979539,3.984295,0.1300
-6.645478,4.041663,1.279970,-0.454096,0.761372,0.389658,-53.417210,-27.510410,-50.112322,-5.681132,3.876400,0.2170
-6.645478,4.041663,1.279970,-0.454096,-0.401467,0.289734,-53.631409,-27.510410,-50.112322,-5.199886,3.702810,0.4120
-6.645478,4.041663,1.279970,-0.454096,-0.199359,-0.118710,-53.699448,-27.510410,-50.112322,-5.081425,3.659967,0.0820
-5.316383,3.368057,1.408747,-0.713975,-0.068956,0.058714,-54.076862,-27.510399,-50.112328,-4.650186,3.439425,0.3030
-5.316383,3.368057,1.408747,-0.713975,0.164115,-0.196721,-54.340874,-27.510399,-50.112328,-4.339045,3.277647,0.2620
-5.316383,3.368057,1.408747,-0.713975,0.134458,-0.107624,-54.900543,-27.510399,-50.112328,-4.125695,3.166595,0.1030
-3.987289,2.357649,1.306424,-0.993173,0.381788,-0.160339,-56.085503,-27.510388,-50.112336,-3.635049,2.893159,0.3880
-3.987289,2.357649,1.306424,-0.993173,0.762857,-0.896198,-57.685188,-27.510388,-50.112336,-3.386841,2.698855,0.2210
-3.987289,2.357649,1.306424,-0.993173,0.908578,-1.080287,-58.883240,-27.510388,-50.112336,-3.135994,2.501120,0.1710
-3.987289,2.357649,1.306424,-0.993173,0.437261,-0.833596,-59.264881,-27.510388,-50.112336,-2.644497,2.113478,0.4190
-3.987289,2.357649,1.306424,-0.993173,0.437465,-0.429135,-59.288830,-27.510388,-50.112336,-2.599148,2.077834,0.0400
-3.987289,2.357649,1.306424,-0.993173,0.403240,-0.190733,-59.307384,-27.510388,-50.112336,-2.515274,2.011728,0.0450
-2.848066,1.684044,1.350619,-0.798600,0.032800,-0.236484,-59.310638,-27.510376,-50.112342,-2.432706,1.947581,0.0670
-2.848066,1.684044,1.350619,-0.798600,-0.675969,1.044828,-59.100971,-27.510376,-50.112342,-2.034286,1.703919,0.3090
-2.848066,1.684044,1.350619,-0.798600,0.063399,0.672651,-59.235077,-27.510376,-50.112342,-1.718245,1.511702,0.2510
-2.848066,1.684044,1.350619,-0.798600,-0.336317,0.478614,-59.335651,-27.510376,-50.112342,-1.644218,1.466370,0.0570
-1.518971,1.347241,1.461138,-0.370264,0.228006,0.246279,-60.325706,-27.510364,-50.112347,-1.018767,1.127986,0.4750
-1.518971,1.347241,1.461138,-0.370264,0.252636,0.618076,-60.389488,-27.510364,-50.112347,-0.701140,1.047696,0.1470
-1.518971,1.347241,1.461138,-0.370264,-0.071856,0.151000,-63.093491,-27.510364,-50.112347,-0.132042,0.905259,0.4210
-1.518971,1.347241,1.461138,-0.370264,-0.108823,-0.084732,-63.996666,-27.510364,-50.112347,0.105002,0.845912,0.2200
-0.189877,0.673635,1.459224,-0.739557,-0.308864,0.560630,-64.148926,-27.510352,-50.112356,0.351524,0.764301,0.1680
-0.189877,0.673635,1.459224,-0.739557,-0.842479,0.166046,-64.601654,-27.510352,-50.112356,0.971333,0.444787,0.4410
-0.189877,0.673635,1.459224,-0.739557,-0.880706,-0.312088,-64.760384,-27.510352,-50.112356,1.029045,0.414791,0.0460
-0.189877,0.673635,1.459224,-0.739557,-1.465799,-0.639276,-65.093613,-27.510352,-50.112356,1.149710,0.352153,0.0870
0.569605,-0.673576,0.664431,-1.178605,0.358165,-1.502618,-64.730751,-27.510346,-50.112367,1.699136,0.041929,0.3900
0.569605,-0.673576,0.664431,-1.178605,0.591062,-2.504074,-64.278946,-27.510346,-50.112367,1.893305,-0.335884,0.3240
0.569605,-0.673576,0.664431,-1.178605,-0.332356,0.586865,-63.665279,-27.510346,-50.112367,2.168809,-0.876089,0.4510
0.569605,-1.347182,0.000000,-0.241789,0.246057,0.070764,-63.515255,-27.510345,-50.112372,2.277954,-1.151148,0.3330
0.569605,-1.347182,0.000000,-0.241789,0.243345,0.078892,-63.632637,-27.510345,-50.112372,2.261614,-1.214675,0.2620
0.569605,-1.347182,0.000000,-0.241789,0.469259,-0.832337,-63.682213,-27.510345,-50.112372,2.257570,-1.223391,0.0670
0.569605,-1.347182,0.000000,-0.241789,0.245620,-0.206492,-63.743416,-27.510345,-50.112372,2.252306,-1.235451,0.0430
0.569605,-1.347182,0.000000,-0.241789,0.346875,-0.467702,-63.821587,-27.510345,-50.112372,2.248027,-1.251299,0.0630
0.569605,-1.347182,0.000000,-0.241789,0.181854,-0.089453,-63.881680,-27.510345,-50.112372,2.242977,-1.263252,0.0400
0.569605,-1.347182,0.000000,-0.241789,0.240861,0.258302,-63.881680,-27.510345,-50.112372,2.242977,-1.263252,0.0400
0.569605,-1.347182,0.000000,-0.241789,0.243650,0.221851,-63.968185,-27.510345,-50.112372,2.255128,-1.300987,0.0410
0.569605,-1.347182,0.000000,-0.241789,0.786027,-1.139637,-64.016090,-27.510345,-50.112372,2.246063,-1.311428,0.0650
0.569605,-1.347182,0.000000,-0.241789,0.646717,-1.103748,-64.043526,-27.510345,-50.112372,2.237709,-1.328844,0.0820
0.569605,-1.347182,0.000000,-0.241789,0.460811,-0.515634,-64.055016,-27.510345,-50.112372,2.233877,-1.337883,0.0420
0.569605,-1.347182,0.000000,-0.241789,0.650453,-0.890569,-64.084663,-27.510345,-50.112372,2.226780,-1.357327,0.0840
0.759476,-1.347182,0.123467,0.000000,0.312820,-0.468540,-64.101250,-27.510344,-50.112373,2.228846,-1.359977,0.0690
0.759476,-1.347182,0.123467,0.000000,0.083328,0.062588,-64.091278,-27.510344,-50.112373,2.232908,-1.358366,0.0720
0.759476,-1.347182,0.123467,0.000000,-0.029707,0.458766,-64.071686,-27.510344,-50.112373,2.234671,-1.357178,0.0410
0.759476,-1.347182,0.123467,0.000000,0.306696,-0.449225,-64.045944,-27.510344,-50.112373,2.237152,-1.355540,0.0400
0.759476,-1.347182,0.123467,0.000000,0.103841,-0.060855,-63.962063,-27.510344,-50.112373,2.243202,-1.357363,0.0770
0.759476,-1.347182,0.123467,0.000000,-0.241638,0.668288,-63.794460,-27.510344,-50.112373,2.251035,-1.357141,0.1350
0.759476,-1.347182,0.123467,0.000000,-0.262588,1.162774,-63.550076,-27.510344,-50.112373,2.262770,-1.357148,0.1890
0.759476,-1.347182,0.123467,0.000000,-0.202822,0.654303,-63.452534,-27.510344,-50.112373,2.269098,-1.357324,0.1200
0.759476,-1.347182,0.123467,0.000000,-0.381297,1.316885,-63.421604,-27.510344,-50.112373,2.271739,-1.357508,0.0420
0.759476,-1.347182,0.123467,0.000000,-0.251349,1.340526,-63.391068,-27.510344,-50.112373,2.274476,-1.357749,0.0500
0.759476,-1.347182,0.123467,0.000000,-0.300028,1.176620,-63.363148,-27.510344,-50.112373,2.277556,-1.358295,0.0430
0.949346,-1.347182,0.370400,0.000000,-0.193881,0.117627,-63.425144,-27.510342,-50.112372,2.370246,-1.355374,0.3630
0.949346,-1.347182,0.370400,0.000000,-0.427100,0.598223,-63.706436,-27.510342,-50.112372,2.468097,-1.353723,0.3540
0.949346,-1.347182,0.370400,0.000000,-0.444501,-0.483528,-63.820053,-27.510342,-50.112372,2.499481,-1.353681,0.1130
0.949346,-1.347182,0.370400,0.000000,-0.449577,-1.130841,-63.826969,-27.510342,-50.112372,2.525856,-1.353589,0.0870
0.949346,-1.347182,0.370400,0.000000,-0.644129,-1.269044,-63.690536,-27.510342,-50.112372,2.549992,-1.353500,0.0800
0.949346,-1.347182,0.370400,0.000000,-0.829551,-1.994591,-63.423061,-27.510342,-50.112372,2.574602,-1.353391,0.0800
0.949346,-1.347182,0.370400,0.000000,-0.460958,-2.004936,-63.250740,-27.510342,-50.112372,2.587163,-1.352726,0.0430
0.949346,-1.683985,0.000000,-0.432133,0.188368,-2.261714,-62.975109,-27.510341,-50.112375,2.591737,-1.368962,0.0600
0.949346,-1.683985,0.000000,-0.432133,0.027018,-2.116906,-62.772881,-27.510341,-50.112375,2.587062,-1.391247,0.0410
0.949346,-1.683985,0.000000,-0.432133,0.637009,-2.486017,-62.556004,-27.510341,-50.112375,2.583578,-1.421735,0.0690
0.949346,-1.683985,0.000000,-0.432133,0.918221,-2.440118,-62.432510,-27.510341,-50.112375,2.579412,-1.441755,0.0400
0.949346,-1.683985,0.000000,-0.432133,0.635360,-2.165388,-62.379112,-27.510341,-50.112375,2.577540,-1.451698,0.0400
0.949346,-1.683985,0.000000,-0.432133,0.635360,-2.165388,-62.379112,-27.510341,-50.112375,2.577540,-1.451698,0.0400
0.949346,-1.683985,0.000000,-0.432133,0.635360,-2.165388,-62.379112,-27.510341,-50.112375,2.577540,-1.451698,0.0400
0.949346,-1.683985,0.000000,-0.432133,0.635360,-2.165388,-62.379112,-27.510341,-50.112375,2.577540,-1.451698,0.0400
0.949346,-1.683985,0.000000,-0.432133,0.635360,-2.165388,-62.379112,-27.510341,-50.112375,2.577540,-1.451698,0.0400
0.949346,-1.683985,0.000000,-0.432133,0.200380,-0.494831,-62.523136,-27.510341,-50.112375,2.596739,-1.611020,0.0500
0.949346,-1.683985,0.000000,-0.432133,0.488710,-0.693882,-62.546795,-27.510341,-50.112375,2.590849,-1.627520,0.0460
0.949346,-1.683985,0.000000,-0.432133,0.058377,-0.033166,-62.562107,-27.510341,-50.112375,2.586454,-1.642709,0.0400
0.949346,-1.683985,0.000000,-0.432133,-0.331841,1.141255,-62.551964,-27.510341,-50.112375,2.581140,-1.682006,0.0820
0.949346,-1.683985,0.000000,-0.432133,-0.223397,1.189551,-62.491745,-27.510341,-50.112375,2.576681,-1.711301,0.0430
0.949346,-1.010379,-0.000000,0.725367,-0.101242,1.356288,-60.827316,-27.510342,-50.112370,2.551985,-1.667809,0.3570
0.949346,-1.010379,-0.000000,0.725367,-0.065276,1.218810,-59.927410,-27.510342,-50.112370,2.541372,-1.543931,0.2340
0.949346,-1.010379,-0.000000,0.725367,-0.132071,1.405336,-59.720318,-27.510342,-50.112370,2.538689,-1.513109,0.0460
0.949346,-1.010379,-0.000000,0.725367,-0.100518,1.589690,-59.523392,-27.510342,-50.112370,2.535638,-1.479358,0.0440
0.949346,-1.010379,-0.000000,0.725367,-0.219198,0.648529,-58.843842,-27.510342,-50.112370,2.526834,-1.384391,0.1310
0.949346,-1.010379,-0.000000,0.725367,0.038340,0.118730,-58.580799,-27.510342,-50.112370,2.523730,-1.352354,0.0440
0.949346,-1.010379,-0.000000,0.725367,0.484058,0.480912,-58.270084,-27.510342,-50.112370,2.520607,-1.318968,0.0410
0.949346,-1.010379,-0.000000,0.725367,0.329715,-0.038279,-57.916725,-27.510342,-50.112370,2.516848,-1.283771,0.0400
0.949346,-1.010379,-0.000000,0.725367,0.470631,-0.397026,-57.829765,-27.510342,-50.112370,2.515928,-1.275063,0.0400
0.949346,-1.010379,-0.000000,0.725367,0.469358,-0.378237,-57.074200,-27.510342,-50.112370,2.515289,-1.200003,0.0400
0.949346,-1.010379,-0.000000,0.725367,0.081479,0.257971,-56.638702,-27.510342,-50.112370,2.511357,-1.165962,0.0550
0.949346,-1.010379,-0.000000,0.725367,0.205611,0.024469,-56.217941,-27.510342,-50.112370,2.507303,-1.132541,0.0400
0.949346,-1.010379,-0.000000,0.725367,0.104075,0.133208,-55.685509,-27.510342,-50.112370,2.505082,-1.081599,0.0400
1.139217,-1.010379,0.072022,0.000000,0.369478,-0.048939,-55.345016,-27.510341,-50.112369,2.503797,-1.068237,0.0700
1.139217,-1.010379,0.072022,0.000000,0.306309,-0.124402,-55.060894,-27.510341,-50.112369,2.504256,-1.076665,0.0400
1.139217,-1.010379,0.072022,0.000000,0.156361,0.301008,-54.785870,-27.510341,-50.112369,2.506720,-1.064608,0.0410
1.139217,-1.010379,0.072022,0.000000,0.243623,-0.057477,-54.550472,-27.510341,-50.112369,2.507302,-1.070264,0.0660
1.139217,-1.010379,0.072022,0.000000,-0.155799,0.215425,-54.441353,-27.510341,-50.112369,2.507347,-1.073251,0.0400
1.139217,-1.010379,0.072022,0.000000,-0.465653,0.107250,-54.373577,-27.510341,-50.112369,2.508212,-1.074572,0.0770
1.139217,-1.010379,0.072022,0.000000,-0.298784,-0.218766,-54.374447,-27.510341,-50.112369,2.508563,-1.075637,0.0400
1.139217,-1.010379,0.072022,0.000000,-0.473570,-0.264045,-54.378471,-27.510341,-50.112369,2.509937,-1.073210,0.0420
1.139217,-1.010379,0.072022,0.000000,-1.169894,-0.308795,-54.388737,-27.510341,-50.112369,2.511166,-1.073644,0.0610
1.139217,-1.010379,0.072022,0.000000,-1.071262,-0.576561,-54.382835,-27.510341,-50.112369,2.512295,-1.073900,0.0400
1.139217,-1.010379,0.072022,0.000000,-1.053568,-0.319540,-54.379963,-27.510341,-50.112369,2.512732,-1.073928,0.0400
1.139217,-1.010379,0.072022,0.000000,-0.711209,0.044518,-54.303452,-27.510341,-50.112369,2.511956,-1.072589,0.0610
1.139217,-1.010379,0.072022,0.000000,-0.287408,0.771520,-54.252720,-27.510341,-50.112369,2.514155,-1.073035,0.0420
1.139217,-1.010379,0.072022,0.000000,-0.591348,0.421586,-54.187389,-27.510341,-50.112369,2.515846,-1.073667,0.0400
1.139217,-1.010379,0.072022,0.000000,-0.400226,0.343155,-54.187389,-27.510341,-50.112369,2.515846,-1.073667,0.0400
1.139217,-1.010379,0.072022,0.000000,-0.400226,0.343155,-54.187389,-27.510341,-50.112369,2.515846,-1.073667,0.0400
1.139217,-1.010379,0.072022,0.000000,-0.400226,0.343155,-54.187389,-27.510341,-50.112369,2.515846,-1.073667,0.0400
1.139217,-1.010379,0.072022,0.000000,-0.400226,0.343155,-54.187389,-27.510341,-50.112369,2.515846,-1.073667,0.0400
1.139217,-1.010379,0.072022,0.000000,-0.400226,0.343155,-54.187389,-27.510341,-50.112369,2.515846,-1.073667,0.0400
1.139217,-1.010379,0.072022,0.000000,-0.400226,0.343155,-54.187389,-27.510341,-50.112369,2.515846,-1.073667,0.0400
1.139217,-1.010379,0.072022,0.000000,-0.400226,0.343155,-54.187389,-27.510341,-50.112366,2.515846,-1.073667,0.0400
1.139217,-0.673576,-0.000000,0.324100,0.278648,3.859752,-67.542641,-27.510341,-50.112366,2.510995,-0.997069,0.0410
1.139217,-0.673576,-0.000000,0.324100,0.236941,3.942980,-69.663445,-27.510341,-50.112366,2.506129,-1.005542,0.0500
1.139217,-0.673576,-0.000000,0.324100,0.379164,3.679739,-71.692429,-27.510341,-50.112366,2.501931,-1.008325,0.0400
1.139217,-0.673576,-0.000000,0.324100,0.481107,3.703206,-71.692429,-27.510341,-50.112366,2.501931,-1.008325,0.0400
1.139217,-0.673576,-0.000000,0.324100,0.481107,3.703206,-71.692429,-27.510341,-50.112366,2.501931,-1.008325,0.0400
1.139217,-0.673576,-0.000000,0.324100,0.481107,3.703206,-71.692429,-27.510341,-50.112366,2.501931,-1.008325,0.0400
1.139217,-0.673576,-0.000000,0.324100,0.481107,3.703206,-71.692429,-27.510341,-50.112366,2.501931,-1.008325,0.0400
1.139217,-0.673576,-0.000000,0.324100,0.481107,3.703206,-71.692429,-27.510341,-50.112366,2.501931,-1.008325,0.0410
1.139217,-0.673576,-0.000000,0.324100,0.481107,3.703206,-71.692429,-27.510341,-50.112366,2.501931,-1.008325,0.0400
1.139217,-0.673576,-0.000000,0.324100,-0.248489,3.359154,-115.952484,-27.510341,-50.112366,2.456352,-0.835490,0.0400
1.139217,-0.673576,-0.000000,0.324100,-2.123180,-3.093870,-127.390060,-27.510341,-50.112366,2.523992,-0.831235,0.0690
1.139217,-0.673576,-0.000000,0.324100,-0.816075,-1.596079,-133.153015,-27.510341,-50.112366,2.533470,-0.801541,0.0400
1.139217,-0.673576,-0.000000,0.324100,0.296769,1.336677,-135.828583,-27.510341,-50.112366,2.535068,-0.779831,0.0640
1.139217,-0.673576,-0.000000,0.324100,0.308726,2.253917,-136.711914,-27.510341,-50.112366,2.534207,-0.764797,0.0400
1.139217,-0.673576,-0.000000,0.324100,-0.362378,2.042413,-136.828522,-27.510341,-50.112366,2.533589,-0.761082,0.0410
1.139217,-0.673576,-0.000000,0.324100,-0.501511,2.525958,-134.488724,-27.510341,-50.112366,2.530147,-0.727573,0.0630
1.139217,-0.673576,-0.000000,0.324100,-0.000177,2.466846,-132.669037,-27.510341,-50.112366,2.528591,-0.718722,0.0410
1.139217,-0.673576,-0.000000,0.324100,0.597020,2.883426,-129.078568,-27.510341,-50.112366,2.525481,-0.705779,0.0440
0.949346,-1.010379,-0.285478,-0.506397,-0.502491,-0.599156,-125.148788,-27.510342,-50.112370,2.515060,-0.711069,0.0710
0.949346,-1.010379,-0.285478,-0.506397,-0.690974,2.088527,-123.245926,-27.510342,-50.112370,2.495659,-0.747989,0.0400
0.949346,-1.010379,-0.285478,-0.506397,1.034459,4.436144,-119.860886,-27.510342,-50.112370,2.485588,-0.749461,0.0400
0.949346,-1.010379,-0.285478,-0.506397,-0.100413,3.625700,-112.640709,-27.510342,-50.112370,2.462780,-0.791393,0.0590
0.949346,-1.010379,-0.285478,-0.506397,-1.270023,4.069288,-104.639130,-27.510342,-50.112370,2.442460,-0.830394,0.0400
0.949346,-1.010379,-0.285478,-0.506397,-2.051999,3.854182,-103.635475,-27.510342,-50.112370,2.440244,-0.834693,0.0410
0.949346,-1.010379,-0.285478,-0.506397,-7.719608,-2.484974,-88.922348,-27.510342,-50.112370,2.406588,-0.872323,0.0780
0.949346,-1.010379,-0.285478,-0.506397,-5.451988,1.294964,-94.089386,-27.510342,-50.112370,2.394130,-0.906495,0.0550
0.949346,-1.010379,-0.285478,-0.506397,-4.393503,0.535817,-130.951904,-27.510342,-50.112370,2.372500,-0.951124,0.0890
0.949346,-1.010379,-0.285478,-0.506397,-1.508132,3.932565,125.659882,-27.510342,-50.112370,2.307542,-1.061190,0.2090
0.949346,-1.010379,-0.285478,-0.506397,-1.986214,3.077502,120.730888,-27.510342,-50.112370,2.294280,-1.084132,0.0400
0.949346,-1.010379,-0.285478,-0.506397,-1.169418,2.760184,116.645454,-27.510342,-50.112370,2.283359,-1.108509,0.0400
0.949346,-1.010379,-0.285478,-0.506397,1.958841,-0.009578,111.691429,-27.510342,-50.112370,2.253756,-1.140272,0.0650
0.379735,-1.347182,-0.540248,-0.319440,0.358046,0.036033,104.718330,-27.510347,-50.112373,2.200183,-1.214453,0.1590
0.379735,-1.347182,-0.540248,-0.319440,-2.509030,-2.115724,102.383797,-27.510347,-50.112373,2.123633,-1.251723,0.1190
0.379735,-1.347182,-0.540248,-0.319440,-0.350812,-3.309999,102.213181,-27.510347,-50.112373,2.082544,-1.270816,0.0690
0.379735,-1.347182,-0.540248,-0.319440,-0.827393,-2.826805,102.209770,-27.510347,-50.112373,1.992409,-1.318481,0.1460
0.379735,-1.347182,-0.540248,-0.319440,-0.493309,-3.007653,102.198265,-27.510347,-50.112373,1.966574,-1.329383,0.0410
0.379735,-1.347182,-0.540248,-0.319440,-0.509567,-2.955466,102.187035,-27.510347,-50.112373,1.924237,-1.349416,0.0680
0.379735,-1.347182,-0.540248,-0.319440,-0.482360,-2.920248,102.170113,-27.510347,-50.112373,1.878276,-1.371729,0.0680
0.379735,-1.347182,-0.540248,-0.319440,-0.530718,-2.780151,102.140312,-27.510347,-50.112373,1.767610,-1.433630,0.1710
0.379735,-1.347182,-0.540248,-0.319440,-0.491837,-2.604469,102.103081,-27.510347,-50.112373,1.601422,-1.526405,0.2560
0.569605,-1.010379,0.048001,0.085146,-0.472387,-2.514780,102.087799,-27.510346,-50.112371,1.592483,-1.522086,0.1440
0.569605,-1.010379,0.048001,0.085146,-0.467980,-2.487357,102.081909,-27.510346,-50.112371,1.591643,-1.519024,0.0410
0.569605,-1.010379,0.048001,0.085146,-0.468419,-2.463493,102.075775,-27.510346,-50.112371,1.593373,-1.509638,0.0400
0.569605,-1.010379,0.048001,0.085146,-0.455501,-2.439691,102.073563,-27.510346,-50.112371,1.593980,-1.506286,0.0400
0.569605,-1.010379,0.048001,0.085146,-0.444999,-2.397085,102.066788,-27.510346,-50.112371,1.579222,-1.537728,0.0410
0.569605,-1.010379,0.048001,0.085146,-0.447871,-2.360374,102.061234,-27.510346,-50.112371,1.582461,-1.523406,0.0540
0.569605,-1.010379,0.048001,0.085146,-0.442148,-2.338340,102.056702,-27.510346,-50.112371,1.584254,-1.513114,0.0400
0.569605,-1.010379,0.048001,0.085146,-0.427626,-2.275617,102.050110,-27.510346,-50.112371,1.583071,-1.510760,0.0690
0.569605,-1.010379,0.048001,0.085146,-0.424169,-2.251929,102.046677,-27.510346,-50.112371,1.584412,-1.500242,0.0400
0.569605,-1.010379,0.048001,0.085146,-0.408703,-2.185061,102.039551,-27.510346,-50.112371,1.585368,-1.487318,0.0840
0.569605,-1.010379,0.048001,0.085146,-0.404795,-2.154184,102.036377,-27.510346,-50.112371,1.585743,-1.480160,0.0500
0.569605,-1.010379,0.048001,0.085146,-0.402398,-2.129586,102.034233,-27.510346,-50.112371,1.585976,-1.474323,0.0400
0.569605,-1.010379,0.048001,0.085146,-0.390616,-2.098853,102.031548,-27.510346,-50.112371,1.586610,-1.464399,0.0400
0.569605,-1.010379,0.048001,0.085146,-0.389184,-2.092860,102.031548,-27.510346,-50.112371,1.586610,-1.464399,0.0400
0.569605,-1.010379,0.048001,0.085146,-0.389184,-2.092860,102.031548,-27.510346,-50.112371,1.586610,-1.464399,0.0400
0.569605,-1.010379,0.048001,0.085146,-0.389184,-2.092860,102.031548,-27.510346,-50.112371,1.586610,-1.464399,0.0400
0.569605,-1.010379,0.048001,0.085146,-0.389184,-2.092860,102.031548,-27.510346,-50.112371,1.586610,-1.464399,0.0400
0.569605,-1.010379,0.048001,0.085146,-0.360810,-1.927079,102.014442,-27.510346,-50.112371,1.583176,-1.501529,0.0630
0.949346,-1.010379,0.370400,0.000000,-0.354863,-1.900966,102.011948,-27.510342,-50.112369,1.594110,-1.489317,0.0460
0.949346,-1.010379,0.370400,0.000000,-0.344919,-1.876226,102.009285,-27.510342,-50.112369,1.617685,-1.485193,0.0400
0.949346,-1.010379,0.370400,0.000000,-0.345328,-1.833804,102.006981,-27.510342,-50.112369,1.644521,-1.478963,0.0600
0.949346,-1.010379,0.370400,0.000000,-0.341230,-1.805430,102.006660,-27.510342,-50.112369,1.663929,-1.473237,0.0400
0.949346,-1.010379,0.370400,0.000000,-0.328649,-1.750054,102.005112,-27.510342,-50.112369,1.689732,-1.467799,0.0700
0.949346,-1.010379,0.370400,0.000000,-0.326453,-1.726063,102.003845,-27.510342,-50.112369,1.707179,-1.462402,0.0410
0.949346,-1.010379,0.370400,0.000000,-0.319740,-1.711412,102.003441,-27.510342,-50.112369,1.728029,-1.467626,0.0400
0.949346,-1.010379,0.370400,0.000000,-0.308271,-1.631764,102.003319,-27.510342,-50.112369,1.746950,-1.462663,0.0620
0.949346,-1.010379,0.370400,0.000000,-0.297029,-1.606492,102.004616,-27.510342,-50.112369,1.764699,-1.456706,0.0400
0.949346,-1.010379,0.370400,0.000000,-0.290695,-1.600662,102.004715,-27.510342,-50.112369,1.766790,-1.456094,0.0400
0.949346,-1.010379,0.370400,0.000000,-0.290695,-1.600662,102.002739,-27.510342,-50.112369,1.806328,-1.476826,0.0410
0.949346,-1.010379,0.370400,0.000000,-0.275563,-1.471522,102.004097,-27.510342,-50.112369,1.826566,-1.467155,0.0810
0.949346,-1.010379,0.370400,0.000000,-0.259265,-1.389480,102.005440,-27.510342,-50.112369,1.870566,-1.457546,0.1270
0.949346,-1.010379,0.370400,0.000000,-0.247208,-1.317659,102.009071,-27.510342,-50.112369,1.906150,-1.451432,0.1080
0.949346,-1.010379,0.370400,0.000000,-0.238604,-1.290981,102.011276,-27.510342,-50.112369,1.927228,-1.447666,0.0410
0.949346,-1.010379,0.370400,0.000000,-0.225169,-1.237362,102.013214,-27.510342,-50.112369,1.947529,-1.444934,0.0780
1.139217,-1.010379,0.087456,0.000000,-0.227008,-1.215898,102.015656,-27.510340,-50.112369,1.948083,-1.441572,0.0400
1.139217,-1.010379,0.087456,0.000000,-0.226408,-1.211506,102.015656,-27.510340,-50.112369,1.948083,-1.441572,0.0410
1.139217,-1.010379,0.087456,0.000000,-0.204773,-1.119414,102.023010,-27.510340,-50.112369,1.965685,-1.454528,0.0650
1.139217,-1.010379,0.087456,0.000000,-0.203698,-1.088719,102.027283,-27.510340,-50.112369,1.966819,-1.449292,0.0400
1.139217,-1.010379,0.087456,0.000000,-0.194796,-1.045840,102.031227,-27.510340,-50.112369,1.968814,-1.446178,0.0490
1.139217,-1.010379,0.087456,0.000000,-0.191994,-1.022889,102.034058,-27.510340,-50.112369,1.970861,-1.444043,0.0450
1.139217,-1.010379,0.087456,0.000000,-0.182396,-0.993426,102.037018,-27.510340,-50.112369,1.972787,-1.441860,0.0400
1.139217,-1.010379,0.087456,0.000000,-0.182569,-0.975833,102.040924,-27.510340,-50.112369,1.975630,-1.443833,0.0410
1.139217,-1.010379,0.087456,0.000000,-0.169737,-0.920123,102.045441,-27.510340,-50.112369,1.978432,-1.441229,0.0570
1.139217,-1.010379,0.087456,0.000000,-0.161073,-0.898244,102.048615,-27.510340,-50.112369,1.980557,-1.437868,0.0400
1.139217,-1.010379,0.087456,0.000000,-0.174763,-0.882861,102.049141,-27.510340,-50.112369,1.980837,-1.437533,0.0400
1.139217,-1.010379,0.087456,0.000000,-0.174763,-0.882861,102.049141,-27.510340,-50.112369,1.980837,-1.437533,0.0400
1.139217,-1.010379,0.087456,0.000000,-0.148022,-0.802547,102.059067,-27.510340,-50.112369,1.988962,-1.456126,0.0410
1.139217,-1.010379,0.087456,0.000000,-0.138816,-0.758685,102.065269,-27.510340,-50.112369,1.992889,-1.446494,0.0600
1.139217,-1.010379,0.087456,0.000000,-0.134126,-0.739016,102.070190,-27.510340,-50.112369,1.994918,-1.442468,0.0420
1.139217,-1.010379,0.087456,0.000000,-0.130333,-0.703269,102.076302,-27.510340,-50.112369,1.996948,-1.438774,0.0400
1.139217,-1.010379,0.087456,0.000000,-0.121799,-0.668772,102.082420,-27.510340,-50.112369,1.998897,-1.435620,0.0400
1.139217,-1.010379,0.087456,0.000000,-0.113542,-0.631563,102.089455,-27.510340,-50.112369,2.000833,-1.433245,0.0400
1.139217,-1.010379,0.087456,0.000000,-0.110359,-0.599832,102.097328,-27.510340,-50.112369,2.002622,-1.430598,0.0400
1.139217,-1.010379,0.087456,0.000000,-0.101854,-0.567194,102.105019,-27.510340,-50.112369,2.004277,-1.428343,0.0400
1.139217,-1.010379,0.000000,0.000000,-0.104942,-0.535945,102.112671,-27.510340,-50.112371,2.002668,-1.426352,0.0400
1.139217,-1.010379,0.000000,0.000000,-0.094678,-0.502636,102.119781,-27.510340,-50.112371,1.999615,-1.424224,0.0400
1.139217,-1.010379,0.000000,0.000000,-0.091587,-0.470623,102.125771,-27.510340,-50.112371,1.996829,-1.422377,0.0400
1.139217,-1.010379,0.000000,0.000000,-0.083763,-0.439242,102.131744,-27.510340,-50.112371,1.994128,-1.420639,0.0400
1.139217,-1.010379,0.000000,0.000000,-0.071435,-0.401151,102.139030,-27.510340,-50.112371,1.991114,-1.418711,0.0400
1.139217,-1.010379,0.000000,0.000000,-0.067198,-0.365455,102.146233,-27.510340,-50.112371,1.988783,-1.417333,0.0400
1.139217,-1.010379,0.000000,0.000000,-0.065760,-0.340659,102.154022,-27.510340,-50.112371,1.986023,-1.415642,0.0400
1.139217,-1.010379,0.000000,0.000000,-0.056283,-0.306288,102.161018,-27.510340,-50.112371,1.983295,-1.414035,0.0400
1.139217,-1.010379,0.000000,0.000000,0.309384,0.040028,102.141525,-27.510340,-50.112371,1.980574,-1.412629,0.0400
1.139217,-1.010379,0.000000,0.000000,-0.388253,-0.315214,102.113701,-27.510340,-50.112371,1.978151,-1.411381,0.0400
1.139217,-1.010379,0.000000,0.000000,-0.122621,-0.500116,102.078484,-27.510340,-50.112371,1.975477,-1.410039,0.0400
1.139217,-1.010379,0.000000,0.000000,-0.193270,-0.093033,102.151398,-27.510340,-50.112371,1.972977,-1.408848,0.0400
1.139217,-1.010379,0.000000,0.000000,0.009957,-0.263329,102.157486,-27.510340,-50.112371,1.970751,-1.407708,0.0410
1.139217,-1.010379,0.000000,0.000000,-0.201674,-0.167372,102.002052,-27.510340,-50.112371,1.968021,-1.406446,0.0400
1.139217,-1.010379,0.000000,0.000000,-0.269257,0.122352,101.899124,-27.510340,-50.112371,1.965317,-1.405128,0.0400
1.139217,-1.010379,0.000000,0.000000,0.443968,-0.545241,102.062134,-27.510340,-50.112371,1.962767,-1.403915,0.0400
1.139217,-1.010379,0.000000,0.000000,-0.031916,-0.151744,102.063957,-27.510340,-50.112371,1.960162,-1.402711,0.0400
1.139217,-1.010379,0.000000,0.000000,-0.139574,-0.641810,101.971954,-27.510340,-50.112371,1.957566,-1.401510,0.0400
1.139217,-1.010379,0.000000,0.000000,0.047683,0.224070,101.678413,-27.510340,-50.112371,1.954564,-1.400133,0.0400
1.139217,-1.010379,0.000000,0.000000,0.017394,0.059885,101.705544,-27.510340,-50.112371,1.951832,-1.398864,0.0400
1.139217,-1.347182,0.000000,-0.195489,-0.214101,-0.125511,101.848045,-27.510339,-50.112373,1.949190,-1.406470,0.0400
1.139217,-1.347182,0.000000,-0.195489,0.164763,-0.279948,101.638168,-27.510339,-50.112373,1.946975,-1.414863,0.0410
1.139217,-1.347182,0.000000,-0.195489,0.073024,-0.272605,101.332993,-27.510339,-50.112373,1.944746,-1.423440,0.0400
1.139217,-1.347182,0.000000,-0.195489,0.044366,-0.065060,101.142807,-27.510339,-50.112373,1.942233,-1.432979,0.0400
1.139217,-1.347182,0.000000,-0.195489,0.071242,-0.007108,101.070335,-27.510339,-50.112373,1.939966,-1.441675,0.0400
1.139217,-1.347182,0.000000,-0.195489,-0.048050,-0.019257,100.945786,-27.510339,-50.112373,1.937392,-1.451652,0.0400
1.139217,-1.347182,0.000000,-0.195489,-0.263333,-0.090270,100.892853,-27.510339,-50.112373,1.934844,-1.461447,0.0400
1.139217,-1.347182,0.000000,-0.195489,0.059253,0.041198,101.004677,-27.510339,-50.112373,1.932347,-1.471182,0.0400
1.139217,-1.347182,0.000000,-0.195489,-0.034696,-0.008478,101.074715,-27.510339,-50.112373,1.930048,-1.479993,0.0400
1.139217,-1.347182,0.000000,-0.195489,0.178713,-0.180077,101.012856,-27.510339,-50.112373,1.927508,-1.489879,0.0400
1.139217,-1.347182,0.000000,-0.195489,-0.288656,-0.210651,101.592369,-27.510339,-50.112373,1.924841,-1.500307,0.0400
1.139217,-1.347182,0.000000,-0.195489,0.183910,0.137925,101.426636,-27.510339,-50.112373,1.922571,-1.509043,0.0400
1.139217,-1.347182,0.000000,-0.195489,-0.444187,0.123973,101.585327,-27.510339,-50.112373,1.920327,-1.517946,0.0400
