-1.518965,-0.336803,-0.037895,-0.067221,-0.000676,0.000284,-0.250600,-27.510309,-50.112318,-1.294264,-0.045349,0.2260
-1.518965,-0.336803,-0.037895,-0.067221,0.001122,-0.000083,-0.250497,-27.510309,-50.112318,-1.334646,-0.098298,0.0400
-1.518965,-0.336803,-0.037895,-0.067221,-0.000163,-0.000170,-0.250417,-27.510309,-50.112318,-1.362480,-0.134927,0.0400
-1.518965,-0.336803,-0.037895,-0.067221,-0.000542,0.000549,-0.249461,-27.510309,-50.112318,-1.387421,-0.167894,0.0400
-1.518965,-0.336803,-0.037895,-0.067221,-0.000308,0.000027,-0.249251,-27.510309,-50.112318,-1.401704,-0.186872,0.0400
-1.518965,-0.336803,-0.037895,-0.067221,-0.001203,-0.000569,-0.249949,-27.510309,-50.112318,-1.414849,-0.204410,0.0400
-1.518965,-0.336803,-0.037895,-0.067221,-0.000142,0.000140,-0.250384,-27.510309,-50.112318,-1.427602,-0.221542,0.0400
-1.518965,-0.336803,-0.037895,-0.067221,0.000017,0.000330,-0.250494,-27.510309,-50.112318,-1.438190,-0.235875,0.0400
-1.518965,-0.336803,-0.037895,-0.067221,-0.000082,0.000201,-0.250996,-27.510309,-50.112318,-1.446635,-0.247384,0.0400
-1.518965,-0.336803,-0.037895,-0.067221,-0.000038,0.000933,-0.251512,-27.510309,-50.112318,-1.452845,-0.255898,0.0400
-1.518965,-0.336803,-0.037895,-0.067221,-0.001471,-0.000842,-0.252251,-27.510309,-50.112318,-1.459404,-0.264940,0.0400
-1.518965,-0.336803,-0.037895,-0.067221,0.000181,-0.000005,-0.252512,-27.510309,-50.112318,-1.464703,-0.272297,0.0400
-1.518965,-0.336803,-0.037895,-0.067221,-0.000472,-0.000728,-0.253718,-27.510309,-50.112318,-1.470166,-0.279935,0.0400
-1.518965,-0.336803,-0.037895,-0.067221,-0.000322,0.000686,-0.254121,-27.510309,-50.112318,-1.474663,-0.286269,0.0400
-1.518965,-0.336803,-0.037895,-0.067221,0.000234,-0.001155,-0.254036,-27.510309,-50.112318,-1.479197,-0.292696,0.0400
-1.518965,-0.336803,-0.037895,-0.067221,-0.000089,0.000059,-0.254177,-27.510309,-50.112318,-1.483456,-0.298769,0.0400
-1.518965,-0.336803,-0.037895,-0.067221,0.000168,0.000258,-0.254698,-27.510309,-50.112318,-1.487504,-0.304588,0.0400
-1.518965,-0.336803,-0.037895,-0.067221,0.000868,0.000274,-0.255894,-27.510309,-50.112318,-1.491170,-0.309904,0.0400
-1.518965,-0.336803,-0.037895,-0.067221,0.000593,0.000734,-0.256711,-27.510309,-50.112318,-1.494186,-0.314305,0.0400
-1.518965,-0.336803,0.000000,0.000000,0.000266,-0.000069,-0.257506,-27.510310,-50.112321,-1.496260,-0.317198,0.0400
-1.518965,-0.336803,0.000000,0.000000,-0.000249,-0.000089,-0.257510,-27.510310,-50.112321,-1.497524,-0.318631,0.0400
-1.518965,-0.336803,0.000000,0.000000,0.000703,-0.001167,-0.257926,-27.510310,-50.112321,-1.498616,-0.319818,0.0400
-1.518965,-0.336803,0.000000,0.000000,0.000087,0.001241,-0.258586,-27.510310,-50.112321,-1.499631,-0.320924,0.0400
-1.518965,-0.336803,0.000000,0.000000,0.000537,-0.000210,-0.259925,-27.510310,-50.112321,-1.500565,-0.321892,0.0400
-1.518965,-0.336803,0.000000,0.000000,-0.000182,-0.000085,-0.260846,-27.510310,-50.112321,-1.501325,-0.322661,0.0400
-1.518965,-0.336803,0.000000,0.000000,-0.000256,0.000318,-0.262203,-27.510310,-50.112321,-1.502030,-0.323349,0.0400
-1.518965,-0.336803,0.000000,0.000000,-0.000537,0.000075,-0.263908,-27.510310,-50.112321,-1.502673,-0.323963,0.0400
-1.518965,-0.336803,0.000000,0.000000,-0.000170,0.000236,-0.266212,-27.510310,-50.112321,-1.503363,-0.324612,0.0400
-1.518965,-0.336803,0.000000,0.000000,-0.000094,-0.000060,-0.266630,-27.510310,-50.112321,-1.503964,-0.325171,0.0400
-1.518965,-0.336803,0.000000,0.000000,0.000025,0.000090,-0.267374,-27.510310,-50.112321,-1.504450,-0.325604,0.0400
-1.518965,-0.336803,0.000000,0.000000,-0.000021,0.000224,-0.267219,-27.510310,-50.112321,-1.504880,-0.325987,0.0400
-1.518965,-0.336803,0.000000,0.000000,0.000184,-0.000666,-0.267428,-27.510310,-50.112321,-1.505265,-0.326322,0.0400
-1.518965,-0.336803,0.000000,0.000000,0.000068,0.000054,-0.268535,-27.510310,-50.112321,-1.505676,-0.326671,0.0400
-1.518965,-0.336803,0.000000,0.000000,0.000705,0.002427,-0.269042,-27.510310,-50.112321,-1.506036,-0.326974,0.0400
-1.518965,-0.336803,0.000000,0.000000,0.001526,0.001017,-0.269197,-27.510310,-50.112321,-1.506388,-0.327266,0.0490
-1.518965,-0.336803,0.000000,0.000000,-0.010222,-0.008695,-0.270367,-27.510310,-50.112321,-1.506683,-0.327506,0.0450
-1.518965,-0.336803,0.000000,0.000000,0.002420,-0.000323,-0.271354,-27.510310,-50.112321,-1.506998,-0.327762,0.0400
-1.518965,-0.336803,0.000000,0.000000,0.000417,0.000102,-0.271368,-27.510310,-50.112321,-1.507284,-0.327992,0.0400
-1.518965,-0.336803,0.000000,0.000000,0.000427,-0.001026,-0.271328,-27.510310,-50.112321,-1.507545,-0.328200,0.0400
-1.518965,-0.336803,0.000000,0.000000,-0.000058,0.000107,-0.272159,-27.510310,-50.112322,-1.507780,-0.328389,0.0400
-1.518965,-0.336803,0.000000,0.000000,0.000836,0.000433,-0.273302,-27.510310,-50.112322,-1.507992,-0.328555,0.0400
-1.518965,-0.336803,0.000000,0.000000,-0.000261,-0.000241,-0.273872,-27.510310,-50.112322,-1.508229,-0.328741,0.0400
-1.518965,-0.336803,0.000000,0.000000,0.000429,-0.000284,-0.274878,-27.510310,-50.112322,-1.508425,-0.328893,0.0400
-1.518965,-0.336803,0.000000,0.000000,-0.001008,0.000527,-0.275729,-27.510310,-50.112322,-1.508635,-0.329055,0.0400
-1.518965,-0.336803,0.000000,0.000000,0.000048,0.000074,-0.276388,-27.510310,-50.112322,-1.508852,-0.329222,0.0400
-1.518965,-0.336803,0.000000,0.000000,0.000287,0.000312,-0.277696,-27.510310,-50.112322,-1.509044,-0.329370,0.0400
-1.518965,-0.336803,0.000000,0.000000,0.000572,0.000067,-0.279279,-27.510310,-50.112322,-1.509217,-0.329501,0.0400
-1.518965,-0.336803,0.000000,0.000000,-0.000049,0.000168,-0.280336,-27.510310,-50.112322,-1.509428,-0.329662,0.0400
-1.518965,-0.336803,0.000000,0.000000,0.000580,-0.000370,-0.281563,-27.510310,-50.112322,-1.509593,-0.329787,0.0400
-1.518965,-0.336803,0.000000,0.000000,0.000026,0.000280,-0.282189,-27.510310,-50.112322,-1.509752,-0.329909,0.0400
-1.518965,-0.336803,0.000000,0.000000,-0.000337,0.000271,-0.283051,-27.510310,-50.112322,-1.509929,-0.330042,0.0400
-1.518965,-0.336803,0.000000,0.000000,-0.000120,-0.000014,-0.283364,-27.510310,-50.112322,-1.510077,-0.330154,0.0400
-1.518965,-0.336803,0.000000,0.000000,-0.000102,0.000186,-0.284071,-27.510310,-50.112322,-1.510231,-0.330270,0.0400
-1.518965,-0.336803,0.000000,0.000000,-0.000952,0.001038,-0.285572,-27.510310,-50.112322,-1.510379,-0.330382,0.0400
-1.518965,-0.336803,0.000000,0.000000,0.000161,0.000443,-0.286671,-27.510310,-50.112322,-1.510508,-0.330478,0.0400
-1.518965,-0.336803,0.000000,0.000000,-0.000476,-0.000367,-0.286610,-27.510310,-50.112322,-1.510637,-0.330575,0.0400
-1.518965,-0.336803,0.000000,0.000000,0.000481,-0.000167,-0.287517,-27.510310,-50.112322,-1.510781,-0.330684,0.0400
-1.518965,-0.336803,0.000000,0.000000,0.001114,0.001391,-0.288089,-27.510310,-50.112322,-1.510893,-0.330768,0.0400
-1.518965,-0.336803,0.000000,0.000000,-0.000180,-0.000053,-0.289619,-27.510310,-50.112322,-1.511033,-0.330873,0.0400
-1.518965,-0.336803,0.000000,0.000000,-0.000726,-0.000156,-0.290418,-27.510310,-50.112322,-1.511164,-0.330971,0.0400
-1.518965,-0.336803,0.000000,0.000000,0.001666,-0.001172,-0.290864,-27.510310,-50.112322,-1.511279,-0.331056,0.0400
-1.708835,-0.336803,-0.077167,-0.000000,-0.000711,0.000031,-0.292046,-27.510310,-50.112321,-1.516464,-0.331140,0.0400
-1.708835,-0.336803,-0.077167,-0.000000,-0.000007,0.001053,-0.293872,-27.510310,-50.112321,-1.522682,-0.331223,0.0400
-1.708835,-0.336803,-0.077167,-0.000000,-0.001310,0.000059,-0.295297,-27.510310,-50.112321,-1.528843,-0.331304,0.0400
-1.708835,-0.336803,-0.077167,-0.000000,0.000023,0.000106,-0.296853,-27.510310,-50.112321,-1.536208,-0.331400,0.0400
-1.708835,-0.336803,-0.077167,-0.000000,-0.000402,-0.000560,-0.297298,-27.510310,-50.112321,-1.542156,-0.331476,0.0400
-1.708835,-0.336803,-0.077167,-0.000000,-0.000017,0.000189,-0.298627,-27.510310,-50.112321,-1.549022,-0.331563,0.0400
-1.708835,-0.336803,-0.077167,-0.000000,0.000186,0.000230,-0.300321,-27.510310,-50.112321,-1.554167,-0.331627,0.0400
-1.708835,-0.336803,-0.077167,-0.000000,-0.001330,0.000084,-0.301307,-27.510310,-50.112321,-1.559024,-0.331687,0.0400
-1.708835,-0.336803,-0.077167,-0.000000,0.000083,-0.000522,-0.301911,-27.510310,-50.112321,-1.565693,-0.331767,0.0560
-1.708835,-0.336803,-0.077167,-0.000000,0.000025,0.000184,-0.302903,-27.510310,-50.112321,-1.570976,-0.331831,0.0440
-1.708835,-0.336803,-0.077167,-0.000000,-0.000013,-0.000175,-0.304041,-27.510310,-50.112321,-1.576179,-0.331894,0.0400
-1.708835,-0.336803,-0.077167,-0.000000,-0.000269,-0.000303,-0.304898,-27.510310,-50.112321,-1.581578,-0.331957,0.0400
-1.708835,-0.336803,-0.077167,-0.000000,-0.000253,0.000201,-0.306354,-27.510310,-50.112321,-1.587241,-0.332022,0.0400
-1.708835,-0.336803,-0.077167,-0.000000,-0.000023,0.000276,-0.308175,-27.510310,-50.112321,-1.591668,-0.332071,0.0400
-1.708835,-0.336803,-0.077167,-0.000000,0.000193,0.000013,-0.309114,-27.510310,-50.112321,-1.596983,-0.332130,0.0400
-1.708835,-0.336803,-0.077167,-0.000000,0.000683,-0.000018,-0.310201,-27.510310,-50.112321,-1.602947,-0.332195,0.0400
-1.708835,-0.336803,-0.077167,-0.000000,-0.001000,0.000037,-0.311087,-27.510310,-50.112321,-1.608427,-0.332254,0.0400
-1.708835,-0.336803,-0.077167,-0.000000,0.000142,0.000116,-0.312319,-27.510310,-50.112321,-1.613439,-0.332308,0.0400
-1.708835,-0.336803,-0.077167,-0.000000,-0.000246,-0.000007,-0.313538,-27.510310,-50.112321,-1.617881,-0.332355,0.0400
-1.708835,-0.336803,-0.077167,-0.000000,0.000095,0.000039,-0.315365,-27.510310,-50.112321,-1.622344,-0.332401,0.0400
-1.708835,-0.336803,0.000000,0.000000,-0.000111,0.000121,-0.316099,-27.510311,-50.112321,-1.624808,-0.332452,0.0400
-1.708835,-0.336803,0.000000,0.000000,-0.000491,-0.001017,-0.318150,-27.510311,-50.112321,-1.625980,-0.332501,0.0400
-1.708835,-0.336803,0.000000,0.000000,-0.000580,-0.000441,-0.319847,-27.510311,-50.112321,-1.627058,-0.332557,0.0400
-1.708835,-0.336803,0.000000,0.000000,0.000301,0.000639,-0.320024,-27.510311,-50.112321,-1.628079,-0.332608,0.0400
-1.708835,-0.336803,0.000000,0.000000,-0.000002,0.000059,-0.320261,-27.510311,-50.112321,-1.629029,-0.332654,0.0400
-1.708835,-0.336803,0.000000,0.000000,-0.000577,-0.000949,-0.321336,-27.510311,-50.112321,-1.629971,-0.332700,0.0400
-1.708835,-0.336803,0.000000,0.000000,-0.001812,0.001329,-0.321398,-27.510311,-50.112321,-1.630839,-0.332743,0.0400
-1.708835,-0.336803,0.000000,0.000000,0.000325,0.001075,-0.320588,-27.510311,-50.112321,-1.631816,-0.332793,0.0400
-1.708835,-0.336803,0.000000,0.000000,-0.000178,-0.000096,-0.320209,-27.510311,-50.112321,-1.632862,-0.332844,0.0400
-1.708835,-0.336803,0.000000,0.000000,0.000162,-0.000451,-0.322596,-27.510311,-50.112321,-1.633914,-0.332897,0.0400
-1.708835,-0.336803,0.000000,0.000000,0.000204,0.000265,-0.324353,-27.510311,-50.112321,-1.634830,-0.332942,0.0400
-1.708835,-0.336803,0.000000,0.000000,-0.000161,-0.000682,-0.324767,-27.510311,-50.112321,-1.635690,-0.332986,0.0400
-1.708835,-0.336803,0.000000,0.000000,-0.000020,0.000151,-0.325225,-27.510311,-50.112321,-1.636600,-0.333032,0.0400
-1.708835,-0.336803,0.000000,0.000000,-0.000829,-0.000134,-0.325744,-27.510311,-50.112321,-1.637367,-0.333071,0.0400
-1.708835,-0.336803,0.000000,0.000000,0.000647,-0.000442,-0.325012,-27.510311,-50.112321,-1.638050,-0.333106,0.0400
-1.708835,-0.336803,0.000000,0.000000,0.001255,0.001586,-0.325456,-27.510311,-50.112321,-1.638752,-0.333141,0.0420
-1.708835,-0.336803,0.000000,0.000000,0.000026,-0.000158,-0.327752,-27.510311,-50.112321,-1.639474,-0.333175,0.0560
-1.708835,-0.336803,0.000000,0.000000,0.002089,0.002881,-0.328017,-27.510311,-50.112321,-1.640014,-0.333201,0.0480
-1.708835,-0.336803,0.000000,0.000000,-0.001787,-0.001204,-0.328779,-27.510311,-50.112321,-1.640692,-0.333235,0.0400
-1.708835,-0.336803,0.000000,0.000000,0.000030,-0.000012,-0.328832,-27.510311,-50.112321,-1.640785,-0.333240,0.0400
-1.708835,-0.336803,0.000000,0.000000,0.000030,-0.000012,-0.328832,-27.510311,-50.112321,-1.640785,-0.333240,0.0400
-1.708835,-0.336803,0.000000,0.000000,0.000030,-0.000012,-0.328832,-27.510311,-50.112321,-1.640785,-0.333240,0.0400
-1.708835,-0.336803,0.000000,0.000000,0.000030,-0.000012,-0.328832,-27.510311,-50.112321,-1.640785,-0.333240,0.0510
-1.708835,-0.336803,0.000000,0.000000,0.000030,-0.000012,-0.328832,-27.510311,-50.112321,-1.640785,-0.333240,0.0410
-1.708835,-0.336803,0.000000,0.000000,0.000030,-0.000012,-0.328832,-27.510311,-50.112321,-1.640785,-0.333240,0.0400
-1.708835,-0.336803,0.000000,0.000000,0.000030,-0.000012,-0.328832,-27.510311,-50.112321,-1.640785,-0.333240,0.0400
-1.708835,-0.336803,0.000000,0.000000,0.000030,-0.000012,-0.328832,-27.510311,-50.112321,-1.640785,-0.333240,0.0400
-1.708835,-0.336803,0.000000,0.000000,0.000030,-0.000012,-0.328832,-27.510311,-50.112321,-1.640785,-0.333240,0.0400
-1.708835,-0.336803,0.000000,0.000000,-0.024373,-0.277573,-0.338232,-27.510311,-50.112321,-1.641910,-0.332752,0.0590
-1.708835,-0.336803,0.000000,0.000000,-0.021538,-0.247238,-0.338680,-27.510311,-50.112321,-1.642214,-0.330991,0.0400
-1.708835,-0.336803,0.000000,0.000000,-0.024335,-0.224158,-0.339407,-27.510311,-50.112321,-1.642529,-0.329826,0.0420
-1.708835,-0.336803,0.000000,0.000000,-0.023788,-0.188417,-0.339187,-27.510311,-50.112321,-1.642754,-0.329416,0.0440
-1.708835,-0.336803,0.000000,0.000000,-0.019325,-0.165869,-0.339132,-27.510311,-50.112321,-1.643099,-0.328314,0.0410
-1.708835,-0.336803,0.000000,0.000000,-0.011837,-0.140427,-0.339040,-27.510311,-50.112321,-1.643535,-0.327354,0.0400
-1.708835,-0.336803,0.000000,0.000000,-0.008250,-0.134346,-0.339040,-27.510311,-50.112321,-1.643535,-0.327354,0.0400
-1.708835,-0.336803,0.000000,0.000000,-0.008250,-0.134346,-0.339040,-27.510311,-50.112321,-1.643535,-0.327354,0.0400
-1.708835,-0.336803,0.000000,0.000000,-0.008250,-0.134346,-0.339040,-27.510311,-50.112321,-1.643535,-0.327354,0.0400
-1.708835,-0.336803,0.000000,0.000000,-0.008250,-0.134346,-0.339040,-27.510311,-50.112321,-1.643535,-0.327354,0.0400
-1.708835,-0.336803,0.000000,0.000000,-0.008250,-0.134346,-0.339040,-27.510311,-50.112321,-1.643535,-0.327354,0.0400
-1.708835,-0.336803,0.000000,0.000000,-0.008244,-0.134278,-0.343069,-27.510311,-50.112320,-1.643970,-0.330611,0.0450
-1.708835,-0.336803,0.000000,0.000000,0.004516,0.018776,-0.343183,-27.510311,-50.112320,-1.644537,-0.330826,0.0610
-1.708835,-0.336803,0.000000,0.000000,0.001724,0.004051,-0.342995,-27.510311,-50.112320,-1.645016,-0.330954,0.0410
-1.708835,-0.336803,0.000000,0.000000,-0.000763,0.000037,-0.342954,-27.510311,-50.112320,-1.645269,-0.330985,0.0400
-1.708835,-0.336803,0.000000,0.000000,-0.001117,0.000882,-0.343219,-27.510311,-50.112320,-1.645688,-0.331048,0.0440
-1.708835,-0.336803,0.000000,0.000000,-0.002137,-0.000238,-0.344220,-27.510311,-50.112320,-1.646140,-0.331106,0.0400
-1.708835,-0.336803,0.000000,0.000000,-0.000913,0.000317,-0.344933,-27.510311,-50.112320,-1.646384,-0.331133,0.0400
-1.708835,-0.336803,0.000000,0.000000,-0.000913,0.000317,-0.344933,-27.510311,-50.112320,-1.646384,-0.331133,0.0400
-1.708835,-0.336803,0.000000,0.000000,-0.000913,0.000317,-0.344933,-27.510311,-50.112320,-1.646384,-0.331133,0.0400
-1.708835,-0.336803,0.000000,0.000000,-0.000913,0.000317,-0.344933,-27.510311,-50.112320,-1.646384,-0.331133,0.0400
-1.708835,-0.336803,0.000000,0.000000,-0.000913,0.000317,-0.344933,-27.510311,-50.112320,-1.646384,-0.331133,0.0400
-1.708835,-0.336803,0.000000,0.000000,-0.000913,0.000317,-0.344933,-27.510311,-50.112320,-1.646384,-0.331133,0.0400
-1.708835,-0.336803,0.000000,0.000000,-0.000913,0.000317,-0.344933,-27.510311,-50.112320,-1.646384,-0.331133,0.0400
-1.708835,-0.336803,0.000000,0.000000,-0.000913,0.000317,-0.344933,-27.510311,-50.112320,-1.646384,-0.331133,0.0400
-1.708835,-0.336803,0.000000,0.000000,-0.000913,0.000317,-0.344933,-27.510311,-50.112320,-1.646384,-0.331133,0.0400
-1.708835,-0.336803,0.000000,0.000000,-0.000913,0.000317,-0.337386,-27.510311,-50.112320,-1.646053,-0.331886,0.0410
-1.708835,-0.336803,0.000000,0.000000,0.131677,-0.225449,-0.339316,-27.510311,-50.112320,-1.648020,-0.329345,0.0690
-1.708835,-0.336803,0.000000,0.000000,0.124382,-0.215861,-0.342860,-27.510311,-50.112320,-1.649729,-0.327519,0.0400
-1.708835,-0.336803,0.000000,0.000000,0.082004,-0.141157,-0.347579,-27.510311,-50.112320,-1.652011,-0.325377,0.1090
-1.708835,-0.336803,0.000000,0.000000,0.057356,-0.106344,-0.350870,-27.510311,-50.112319,-1.653146,-0.324484,0.0670
-1.708835,-0.336803,0.000000,0.000000,0.044428,-0.084271,-0.351652,-27.510311,-50.112319,-1.653884,-0.323951,0.0410
-1.708835,-0.336803,0.000000,0.000000,0.042312,-0.076320,-0.351768,-27.510311,-50.112319,-1.653976,-0.323891,0.0400
-1.708835,-0.336803,0.000000,0.000000,0.042312,-0.076320,-0.351768,-27.510311,-50.112319,-1.653976,-0.323891,0.0400
-1.708835,-0.336803,0.000000,0.000000,0.042312,-0.076320,-0.351768,-27.510311,-50.112319,-1.653976,-0.323891,0.0400
-1.708835,-0.336803,0.000000,0.000000,0.042312,-0.076320,-0.351768,-27.510311,-50.112319,-1.653976,-0.323891,0.0400
-1.708835,-0.336803,0.000000,0.000000,0.042312,-0.076320,-0.351768,-27.510311,-50.112319,-1.653976,-0.323891,0.0400
-1.708835,-0.336803,0.000000,0.000000,0.042312,-0.076320,-0.351768,-27.510311,-50.112319,-1.653976,-0.323891,0.0400
-1.708835,-0.336803,0.000000,0.000000,0.042312,-0.076320,-0.351768,-27.510311,-50.112319,-1.653976,-0.323891,0.0400
-1.708835,-0.336803,0.000000,0.000000,0.042312,-0.076320,-0.351768,-27.510311,-50.112319,-1.653976,-0.323891,0.0400
-1.708835,-0.336803,0.000000,0.000000,-0.006429,0.001403,-0.350302,-27.510311,-50.112319,-1.651667,-0.328297,0.0400
-1.708835,-0.336803,0.000000,0.000000,-0.092114,0.133758,-0.351620,-27.510311,-50.112319,-1.651140,-0.329668,0.0430
-1.708835,-0.336803,0.000000,0.000000,-0.078959,0.114914,-0.353810,-27.510311,-50.112319,-1.650996,-0.330594,0.0400
-1.708835,-0.336803,0.000000,0.000000,-0.069211,0.105691,-0.354405,-27.510311,-50.112319,-1.650985,-0.330780,0.0400
-1.708835,-0.336803,0.000000,0.000000,-0.069211,0.105691,-0.354405,-27.510311,-50.112319,-1.650985,-0.330780,0.0400
-1.708835,-0.336803,0.000000,0.000000,-0.069211,0.105691,-0.354405,-27.510311,-50.112319,-1.650985,-0.330780,0.0400
-1.708835,-0.336803,0.000000,0.000000,-0.069211,0.105691,-0.354405,-27.510311,-50.112319,-1.650985,-0.330780,0.0400
-1.708835,-0.336803,0.000000,0.000000,-0.069211,0.105691,-0.354405,-27.510311,-50.112319,-1.650985,-0.330780,0.0400
-1.708835,-0.336803,0.000000,0.000000,-0.069211,0.105691,-0.354405,-27.510311,-50.112319,-1.650985,-0.330780,0.0400
-1.708835,-0.336803,0.000000,0.000000,-0.069211,0.105691,-0.354405,-27.510311,-50.112319,-1.650985,-0.330780,0.0400
-1.708835,-0.336803,0.000000,0.000000,-0.047578,0.074183,-0.365999,-27.510310,-50.112318,-1.651767,-0.329768,0.0400
-1.708835,-0.336803,0.000000,0.000000,0.054178,-0.068886,-0.366723,-27.510310,-50.112318,-1.652847,-0.328940,0.0480
-1.708835,-0.336803,0.000000,0.000000,0.041041,-0.053558,-0.367305,-27.510310,-50.112318,-1.653543,-0.328618,0.0400
-1.708835,-0.336803,0.000000,0.000000,0.033456,-0.037355,-0.367425,-27.510310,-50.112318,-1.653735,-0.328545,0.0400
-1.708835,-0.336803,0.000000,0.000000,0.033456,-0.037355,-0.367425,-27.510310,-50.112318,-1.653735,-0.328545,0.0400
-1.708835,-0.336803,0.000000,0.000000,0.033456,-0.037355,-0.367425,-27.510310,-50.112318,-1.653735,-0.328545,0.0400
-1.708835,-0.336803,0.000000,0.000000,0.033456,-0.037355,-0.367425,-27.510310,-50.112318,-1.653735,-0.328545,0.0400
-1.708835,-0.336803,0.000000,0.000000,0.033456,-0.037355,-0.367425,-27.510310,-50.112318,-1.653735,-0.328545,0.0400
-1.708835,-0.336803,0.000000,0.000000,0.033456,-0.037355,-0.367425,-27.510310,-50.112318,-1.653735,-0.328545,0.0400
-1.708835,-0.336803,0.000000,0.000000,0.033456,-0.037355,-0.367425,-27.510310,-50.112318,-1.653735,-0.328545,0.0400
-1.708835,-0.336803,0.000000,0.000000,0.033456,-0.037355,-0.367425,-27.510310,-50.112318,-1.653735,-0.328545,0.0400
-1.708835,-0.336803,0.000000,0.000000,0.033456,-0.037355,-0.367425,-27.510310,-50.112318,-1.653735,-0.328545,0.0400
-1.708835,-0.336803,0.000000,0.000000,0.033456,-0.037355,-0.367425,-27.510310,-50.112318,-1.653735,-0.328545,0.0400
-1.708835,-0.336803,0.000000,0.000000,-0.181368,0.282287,-0.352340,-27.510310,-50.112318,-1.654165,-0.327931,0.1140
-1.708835,-0.336803,0.000000,0.000000,-0.165693,0.252322,-0.354410,-27.510310,-50.112318,-1.651765,-0.332271,0.0540
-1.708835,-0.336803,0.000000,0.000000,-0.142668,0.234569,-0.356833,-27.510310,-50.112318,-1.650973,-0.334088,0.0410
-1.708835,-0.336803,0.000000,0.000000,-0.137830,0.226889,-0.357643,-27.510310,-50.112318,-1.650762,-0.334623,0.0400
-1.708835,-0.336803,0.000000,0.000000,-0.137830,0.226889,-0.357643,-27.510310,-50.112318,-1.650762,-0.334623,0.0400
-1.708835,-0.336803,0.000000,0.000000,-0.137830,0.226889,-0.357643,-27.510311,-50.112318,-1.650762,-0.334623,0.0400
-1.708835,-0.336803,0.000000,0.000000,-0.137830,0.226889,-0.357643,-27.510311,-50.112318,-1.650762,-0.334623,0.0400
-1.708835,-0.336803,0.000000,0.000000,-0.137830,0.226889,-0.357643,-27.510311,-50.112318,-1.650762,-0.334623,0.0400
-1.708835,-0.000000,-0.000000,0.113178,-0.137654,0.226583,-0.375307,-27.510311,-50.112318,-1.652736,-0.317038,0.0400
-1.708835,-0.000000,-0.000000,0.113178,-0.018251,0.032314,-0.376830,-27.510311,-50.112318,-1.652429,-0.306099,0.0620
-1.708835,-0.000000,-0.000000,0.113178,-0.009810,0.009559,-0.377850,-27.510311,-50.112318,-1.652747,-0.298062,0.0400
-1.708835,-0.000000,-0.000000,0.113178,-0.000396,0.000872,-0.378659,-27.510311,-50.112318,-1.652917,-0.291666,0.0410
-1.708835,-0.000000,-0.000000,0.113178,0.000748,0.000925,-0.378927,-27.510311,-50.112318,-1.653207,-0.285288,0.0440
-1.708835,-0.000000,-0.000000,0.113178,0.003453,-0.003368,-0.379066,-27.510311,-50.112318,-1.653579,-0.278149,0.0410
-1.708835,-0.000000,-0.000000,0.113178,-0.000054,-0.000597,-0.378983,-27.510311,-50.112318,-1.653761,-0.274815,0.0400
-1.708835,-0.000000,-0.000000,0.113178,0.000062,-0.000160,-0.382568,-27.510311,-50.112318,-1.654286,-0.260332,0.0780
-1.708835,-0.000000,-0.000000,0.113178,-0.001687,-0.000205,-0.382579,-27.510311,-50.112318,-1.654660,-0.253278,0.0400
-1.708835,-0.000000,-0.000000,0.113178,0.000229,-0.000170,-0.381334,-27.510311,-50.112318,-1.655104,-0.244743,0.0570
-1.708835,-0.000000,-0.000000,0.113178,-0.000575,0.001056,-0.380786,-27.510311,-50.112318,-1.655558,-0.236561,0.0400
-1.708835,-0.000000,-0.000000,0.113178,0.000001,0.000115,-0.380803,-27.510311,-50.112318,-1.655574,-0.236262,0.0400
-1.708835,-0.000000,-0.000000,0.113178,0.000001,0.000115,-0.382754,-27.510311,-50.112318,-1.655807,-0.224016,0.0440
-1.708835,-0.000000,-0.000000,0.113178,-0.013554,0.008947,-0.383180,-27.510311,-50.112318,-1.656068,-0.215915,0.0640
-1.708835,-0.000000,-0.000000,0.113178,-0.000193,0.000616,-0.383961,-27.510311,-50.112318,-1.656440,-0.208446,0.0400
-1.708835,-0.000000,-0.000000,0.113178,0.000027,0.000157,-0.384618,-27.510311,-50.112318,-1.656650,-0.202998,0.0400
-1.708835,-0.000000,-0.000000,0.113178,0.000098,-0.000595,-0.385263,-27.510311,-50.112318,-1.656949,-0.197052,0.0430
-1.708835,-0.336803,0.000000,-0.113178,-0.000166,-0.000004,-0.385869,-27.510311,-50.112318,-1.657308,-0.201546,0.0400
-1.708835,-0.336803,0.000000,-0.113178,0.000731,0.000266,-0.386140,-27.510311,-50.112318,-1.657353,-0.202599,0.0400
-1.708835,-0.336803,0.000000,-0.113178,0.000731,0.000266,-0.386140,-27.510311,-50.112318,-1.657353,-0.202599,0.0400
-1.708835,-0.336803,0.000000,-0.113178,0.000731,0.000266,-0.386140,-27.510311,-50.112318,-1.657353,-0.202599,0.0400
-1.708835,-0.336803,0.000000,-0.113178,0.000711,0.000269,-0.381996,-27.510311,-50.112318,-1.657920,-0.205892,0.0460
-1.708835,-0.336803,0.000000,-0.113178,-0.082315,0.014672,-0.382842,-27.510311,-50.112318,-1.657657,-0.214507,0.0620
-1.708835,-0.336803,0.000000,-0.113178,-0.055837,0.011474,-0.382664,-27.510311,-50.112318,-1.657745,-0.221553,0.0400
-1.708835,-0.336803,0.000000,-0.113178,-0.044473,0.008253,-0.382635,-27.510311,-50.112318,-1.657764,-0.222373,0.0400
-1.708835,-0.336803,0.000000,-0.113178,0.000295,-0.000731,-0.385957,-27.510311,-50.112318,-1.658182,-0.233954,0.0580
-1.708835,-0.336803,0.000000,-0.113178,-0.000978,-0.000631,-0.386429,-27.510311,-50.112318,-1.658454,-0.240043,0.0400
-1.708835,-0.336803,0.000000,-0.113178,0.000033,0.000049,-0.387055,-27.510311,-50.112318,-1.658677,-0.244282,0.0400
-1.708835,-0.336803,0.000000,-0.113178,0.000198,-0.000222,-0.387055,-27.510311,-50.112318,-1.658677,-0.244282,0.0400
-1.708835,-0.336803,0.000000,-0.113178,-0.009753,0.053215,-0.392055,-27.510311,-50.112318,-1.658905,-0.257582,0.0540
-1.708835,-0.336803,0.000000,-0.113178,-0.010152,0.025637,-0.392843,-27.510311,-50.112318,-1.659183,-0.263845,0.0510
-1.708835,-0.336803,0.000000,-0.113178,-0.003098,0.005954,-0.393225,-27.510311,-50.112318,-1.659541,-0.270479,0.0400
-1.708835,-0.336803,0.000000,-0.113178,0.001173,0.000051,-0.393224,-27.510311,-50.112318,-1.659554,-0.270726,0.0400
-1.708835,-0.336803,0.000000,-0.113178,0.000950,-0.000271,-0.394409,-27.510311,-50.112318,-1.659740,-0.282177,0.0410
-1.708835,-0.336803,0.000000,-0.113178,-0.011377,-0.017089,-0.395404,-27.510311,-50.112318,-1.659996,-0.289259,0.0620
-1.708835,-0.336803,0.000000,-0.113178,-0.000414,-0.000282,-0.394906,-27.510311,-50.112318,-1.660325,-0.295325,0.0400
-1.708835,-0.336803,0.000000,-0.113178,0.000510,0.000474,-0.394906,-27.510311,-50.112318,-1.660325,-0.295325,0.0400
-1.708835,-0.336803,0.000000,-0.113178,0.000510,0.000474,-0.394906,-27.510311,-50.112318,-1.660325,-0.295325,0.0400
-1.708835,-0.336803,0.000000,-0.113178,0.000510,0.000474,-0.394906,-27.510311,-50.112318,-1.660325,-0.295325,0.0400
-1.708835,-0.336803,0.000000,0.000000,-0.084994,0.013170,-0.397805,-27.510311,-50.112318,-1.660648,-0.306348,0.0500
-1.708835,-0.336803,0.000000,0.000000,-0.051059,0.008263,-0.399023,-27.510311,-50.112318,-1.660687,-0.305827,0.0660
-1.708835,-0.336803,0.000000,0.000000,-0.036167,0.008325,-0.399210,-27.510311,-50.112318,-1.660725,-0.305827,0.0400
-1.708835,-0.336803,0.000000,0.000000,-0.036167,0.008325,-0.399210,-27.510311,-50.112318,-1.660725,-0.305827,0.0400
-1.708835,-0.336803,0.000000,0.000000,-0.036167,0.008325,-0.399210,-27.510311,-50.112318,-1.660725,-0.305827,0.0400
-1.708835,-0.336803,0.000000,0.000000,0.033137,-0.002888,-0.399258,-27.510311,-50.112318,-1.661401,-0.306367,0.0550
-1.708835,-0.336803,0.000000,0.000000,0.008030,0.001773,-0.400784,-27.510311,-50.112318,-1.661784,-0.306510,0.0400
-1.708835,-0.336803,0.000000,0.000000,-0.000473,-0.000059,-0.402100,-27.510311,-50.112318,-1.662046,-0.306643,0.0400
-1.708835,-0.336803,0.000000,0.000000,-0.001248,-0.000029,-0.402100,-27.510311,-50.112318,-1.662046,-0.306643,0.0400
-1.708835,-0.336803,0.000000,0.000000,-0.001248,-0.000029,-0.402100,-27.510311,-50.112318,-1.662046,-0.306643,0.0400
-1.708835,-0.336803,0.000000,0.000000,-0.001248,-0.000029,-0.402100,-27.510311,-50.112318,-1.662046,-0.306643,0.0400
-1.708835,-0.336803,0.000000,0.000000,0.220571,0.150314,-0.393773,-27.510311,-50.112318,-1.662093,-0.306852,0.0420
-1.708835,-0.336803,0.000000,0.000000,0.023875,-0.148198,-0.394081,-27.510311,-50.112318,-1.662973,-0.307180,0.0550
-1.708835,-0.336803,0.000000,0.000000,0.064165,0.023912,-0.394882,-27.510311,-50.112318,-1.663609,-0.307366,0.0400
-1.708835,-0.336803,0.000000,0.000000,-0.028125,-0.052979,-0.394882,-27.510311,-50.112318,-1.663609,-0.307366,0.0400
-1.708835,-0.336803,0.000000,0.000000,0.008580,-0.086489,-0.400967,-27.510311,-50.112318,-1.663410,-0.307442,0.0410
-1.708835,-0.336803,0.000000,0.000000,0.013883,0.072823,-0.398237,-27.510311,-50.112318,-1.663952,-0.307591,0.0430
-1.708835,-0.336803,0.000000,0.000000,0.055691,0.024814,-0.399704,-27.510311,-50.112318,-1.664363,-0.307795,0.0400
-1.708835,-0.336803,0.000000,0.000000,0.020253,-0.069441,-0.399696,-27.510311,-50.112318,-1.664448,-0.307841,0.0400
-1.708835,-0.336803,0.000000,0.000000,0.010169,-0.064521,-0.403664,-27.510311,-50.112318,-1.664101,-0.307934,0.0400
-1.708835,-0.336803,0.000000,0.000000,-0.014164,-0.100535,-0.405741,-27.510311,-50.112318,-1.664565,-0.308041,0.0570
-1.708835,-0.336803,0.000000,0.000000,0.079706,0.091275,-0.406606,-27.510311,-50.112318,-1.664911,-0.308202,0.0410
-1.708835,-0.336803,0.000000,0.000000,0.032322,0.055752,-0.406315,-27.510311,-50.112318,-1.664956,-0.308229,0.0400
-1.708835,-0.336803,0.000000,0.000000,0.032322,0.055752,-0.406315,-27.510311,-50.112318,-1.664956,-0.308229,0.0400
-1.708835,-0.336803,0.000000,0.000000,-0.007385,-0.039468,-0.409849,-27.510311,-50.112318,-1.665096,-0.308396,0.0710
-1.708835,-0.336803,0.000000,0.000000,-0.056443,-0.002340,-0.408397,-27.510311,-50.112318,-1.665401,-0.308517,0.0440
-1.708835,-0.336803,0.000000,0.000000,-0.048388,-0.001700,-0.408982,-27.510311,-50.112318,-1.665499,-0.308544,0.0400
-1.708835,-0.336803,0.000000,0.000000,-0.034437,-0.000267,-0.412900,-27.510311,-50.112318,-1.665496,-0.308759,0.0400
-1.708835,-0.336803,0.000000,0.000000,0.035883,0.001191,-0.414765,-27.510311,-50.112318,-1.665696,-0.308866,0.0430
-1.708835,-0.336803,0.000000,0.000000,0.219703,-0.050684,-0.413675,-27.510311,-50.112318,-1.665945,-0.308982,0.0400
-1.708835,-0.336803,0.000000,0.000000,-0.229825,-0.057127,-0.417116,-27.510311,-50.112318,-1.666075,-0.309021,0.0400
-1.708835,-0.336803,0.000000,0.000000,-0.121608,-0.020029,-0.414229,-27.510311,-50.112318,-1.666128,-0.309266,0.0430
-1.708835,-0.336803,0.000000,0.000000,-0.088836,-0.137974,-0.411972,-27.510311,-50.112318,-1.666492,-0.309357,0.0520
-1.708835,-0.336803,0.000000,0.000000,0.077436,0.053585,-0.413637,-27.510311,-50.112318,-1.666750,-0.309493,0.0400
-1.708835,-0.336803,0.000000,0.000000,-0.060356,-0.023550,-0.415638,-27.510311,-50.112318,-1.667025,-0.309647,0.0490
-1.708835,-0.336803,0.000000,0.000000,-0.006416,0.047904,-0.413769,-27.510311,-50.112318,-1.667323,-0.309812,0.0400
-1.708835,-0.336803,0.000000,0.000000,0.038366,0.121018,-0.413615,-27.510311,-50.112318,-1.667345,-0.309826,0.0400
-1.708835,-0.336803,0.000000,0.000000,0.038366,0.121018,-0.413615,-27.510312,-50.112318,-1.667345,-0.309826,0.0400
-1.708835,-0.336803,0.000000,0.000000,-0.009832,0.056931,-0.423975,-27.510312,-50.112318,-1.667595,-0.309939,0.0400
-1.708835,-0.336803,0.000000,0.000000,0.023511,0.028494,-0.429690,-27.510312,-50.112318,-1.667618,-0.309954,0.0420
-1.708835,-0.336803,0.000000,0.000000,-0.133075,-0.060620,-0.428219,-27.510312,-50.112318,-1.667753,-0.310089,0.0400
-1.708835,-0.336803,0.000000,0.000000,0.059020,0.038941,-0.428413,-27.510312,-50.112318,-1.667776,-0.310115,0.0400
-1.708835,-0.336803,0.000000,0.000000,0.059020,0.038941,-0.428413,-27.510312,-50.112318,-1.667776,-0.310115,0.0400
-1.708835,-0.336803,0.000000,0.000000,-0.153475,0.098889,-0.437167,-27.510312,-50.112318,-1.668351,-0.310495,0.0930
-1.708835,-0.336803,0.000000,0.000000,0.052695,0.020414,-0.436769,-27.510312,-50.112318,-1.668460,-0.310750,0.0400
-1.708835,-0.336803,0.000000,0.000000,0.010695,-0.018910,-0.432977,-27.510312,-50.112318,-1.668627,-0.310914,0.0400
-1.708835,-0.336803,0.000000,0.000000,0.009834,-0.017477,-0.432977,-27.510312,-50.112318,-1.668627,-0.310914,0.0400
-1.708835,-0.336803,0.000000,0.000000,-0.084410,0.052214,-0.445234,-27.510312,-50.112318,-1.668749,-0.310939,0.0400
-1.708835,-0.336803,0.000000,0.000000,-0.005162,0.090815,-0.444737,-27.510312,-50.112318,-1.668875,-0.311172,0.0410
-1.708835,-0.336803,0.000000,0.000000,0.015518,0.012232,-0.447315,-27.510312,-50.112318,-1.668988,-0.311401,0.0400
-1.708835,-0.336803,0.000000,0.000000,0.018049,0.008629,-0.447315,-27.510312,-50.112318,-1.668988,-0.311401,0.0400
-1.708835,-0.336803,0.000000,0.000000,0.018049,0.008629,-0.447315,-27.510312,-50.112318,-1.668988,-0.311401,0.0400
-1.708835,-0.336803,0.000000,0.000000,-0.032220,0.164982,-0.445197,-27.510312,-50.112318,-1.669447,-0.311431,0.0630
-1.708835,-0.336803,0.000000,0.000000,-0.186927,0.073529,-0.449290,-27.510312,-50.112318,-1.669573,-0.311713,0.0400
-1.708835,-0.336803,0.000000,0.000000,0.094809,0.049185,-0.447220,-27.510312,-50.112318,-1.669588,-0.311768,0.0400
-1.708835,-0.336803,0.000000,0.000000,0.015050,0.010606,-0.434661,-27.510312,-50.112318,-1.669951,-0.311551,0.0400
-1.898706,-0.336803,-0.128611,-0.000000,-0.148618,0.029452,-0.444230,-27.510314,-50.112318,-1.672865,-0.311727,0.0500
-1.898706,-0.336803,-0.128611,-0.000000,0.024793,-0.004406,-0.446293,-27.510314,-50.112318,-1.682954,-0.311906,0.0400
-1.898706,-0.336803,-0.128611,-0.000000,0.032802,-0.021585,-0.448646,-27.510314,-50.112318,-1.689821,-0.311985,0.0420
-1.898706,-0.336803,-0.128611,-0.000000,-0.068807,0.240652,-0.444590,-27.510314,-50.112318,-1.697591,-0.312164,0.0540
-1.898706,-0.336803,-0.128611,-0.000000,-0.209659,0.098043,-0.461783,-27.510314,-50.112318,-1.707091,-0.312442,0.0590
-1.898706,-0.336803,-0.128611,-0.000000,-0.063008,-0.024649,-0.452474,-27.510314,-50.112318,-1.716498,-0.312717,0.0620
-1.898706,-0.336803,-0.128611,-0.000000,-0.283502,0.148686,-0.446620,-27.510314,-50.112318,-1.724915,-0.313018,0.0440
-1.898706,-0.336803,-0.128611,-0.000000,-0.321870,-0.060056,-0.466409,-27.510314,-50.112318,-1.731775,-0.313161,0.0460
-1.898706,-0.336803,-0.128611,-0.000000,-0.527227,-0.031110,-0.535895,-27.510314,-50.112318,-1.738791,-0.313412,0.0410
-1.898706,-0.336803,-0.128611,-0.000000,-0.726065,0.058567,-0.631944,-27.510314,-50.112318,-1.747047,-0.313477,0.0470
-1.898706,-0.336803,-0.128611,-0.000000,-0.324205,-0.153481,-0.601630,-27.510314,-50.112318,-1.759541,-0.313728,0.0880
-1.898706,-0.336803,-0.128611,-0.000000,0.545217,-0.187833,-0.517494,-27.510314,-50.112318,-1.765548,-0.313845,0.0530
-1.898706,-0.336803,-0.128611,-0.000000,0.553987,-0.456880,-0.399724,-27.510314,-50.112318,-1.774214,-0.313987,0.0550
-1.898706,-0.336803,-0.128611,-0.000000,1.375452,-0.265710,0.092084,-27.510314,-50.112318,-1.795578,-0.314419,0.1570
-1.898706,-0.336803,-0.128611,-0.000000,1.244718,-0.495144,0.293616,-27.510314,-50.112318,-1.803521,-0.314277,0.0410
-2.468318,-0.336803,-0.072022,-0.000000,-0.525814,-0.351789,1.211444,-27.510319,-50.112320,-1.835683,-0.315444,0.2320
-2.468318,-0.336803,-0.072022,-0.000000,-0.865356,-0.197794,1.227815,-27.510319,-50.112320,-1.841455,-0.315587,0.0500
-2.468318,-0.336803,-0.072022,-0.000000,-0.559478,-0.451312,0.883413,-27.510319,-50.112320,-1.856188,-0.316033,0.0610
-2.468318,-0.336803,-0.072022,-0.000000,0.408576,0.852119,-4.109939,-27.510319,-50.112320,-1.923848,-0.318630,0.5460
-2.468318,-0.336803,0.000000,0.000000,0.205542,1.132354,-17.088272,-27.510319,-50.112318,-1.954781,-0.315479,0.3400
-2.468318,-0.336803,0.000000,0.000000,0.206635,0.720697,-18.904486,-27.510319,-50.112318,-1.956963,-0.315359,0.0540
-2.468318,-0.336803,0.000000,0.000000,0.463009,0.175250,-21.011311,-27.510319,-50.112318,-1.959584,-0.315653,0.0510
-2.468318,-0.336803,0.000000,0.000000,0.247364,-0.109499,-29.957800,-27.510319,-50.112318,-1.969210,-0.313281,0.2050
-2.468318,-0.336803,0.000000,0.000000,0.278463,-0.404017,-32.504314,-27.510319,-50.112318,-1.972031,-0.313173,0.0800
-2.468318,-0.336803,0.000000,0.000000,0.534621,-0.044829,-37.097927,-27.510319,-50.112318,-1.976878,-0.313041,0.1110
-2.468318,-0.336803,0.000000,0.000000,1.098215,-0.629684,-47.166492,-27.510319,-50.112318,-1.986290,-0.313289,0.2490
-2.278447,-0.673606,0.265267,-0.470546,0.674153,-0.218790,-52.251602,-27.510317,-50.112325,-1.985597,-0.325551,0.1590
-2.278447,-0.673606,0.265267,-0.470546,0.805177,-0.437906,-52.916294,-27.510317,-50.112325,-1.974662,-0.348203,0.0460
-2.278447,-0.673606,0.265267,-0.470546,0.454530,-0.602192,-53.509384,-27.510317,-50.112325,-1.959451,-0.381315,0.0650
-2.278447,-0.673606,0.265267,-0.470546,0.508617,-0.671644,-53.859154,-27.510317,-50.112325,-1.944179,-0.403625,0.0410
-2.278447,-0.673606,0.265267,-0.470546,0.506530,-0.288251,-54.157017,-27.510317,-50.112325,-1.930119,-0.434172,0.0620
-2.278447,-0.673606,0.265267,-0.470546,0.383340,-0.665012,-54.439266,-27.510317,-50.112325,-1.912135,-0.472579,0.0790
-2.278447,-0.673606,0.265267,-0.470546,0.359138,-0.421827,-54.667393,-27.510317,-50.112325,-1.891751,-0.515310,0.0800
-2.278447,-0.673606,0.265267,-0.470546,0.222748,-0.110166,-54.742748,-27.510317,-50.112325,-1.879928,-0.539911,0.0620
-2.278447,-0.673606,0.265267,-0.470546,0.121547,-0.323223,-54.776009,-27.510317,-50.112325,-1.869125,-0.562918,0.0480
-2.278447,-0.673606,0.265267,-0.470546,0.055564,-0.570295,-54.758244,-27.510317,-50.112325,-1.853216,-0.596358,0.0430
-2.278447,-0.673606,0.265267,-0.470546,-0.171705,0.243264,-54.665577,-27.510317,-50.112325,-1.843398,-0.616838,0.0610
-2.278447,-0.673606,0.265267,-0.470546,-0.307617,1.018215,-54.151299,-27.510317,-50.112325,-1.811050,-0.683920,0.1220
-1.518965,-0.000000,0.715868,0.634923,-0.508117,1.146644,-53.782551,-27.510308,-50.112316,-1.755039,-0.780442,0.2400
-1.518965,-0.000000,0.715868,0.634923,-0.462701,0.332985,-52.958607,-27.510308,-50.112316,-1.437053,-0.480224,0.4340
-1.518965,-0.000000,0.715868,0.634923,-0.306959,1.024557,-52.192604,-27.510308,-50.112316,-1.217113,-0.270992,0.3360
-1.518965,-0.000000,0.715868,0.634923,-0.233411,1.136971,-52.148514,-27.510308,-50.112316,-1.192181,-0.247502,0.0410
-1.518965,-0.000000,0.715868,0.634923,-0.182906,1.036846,-52.088970,-27.510308,-50.112316,-1.121944,-0.181285,0.0450
-0.189871,1.010409,1.060701,0.806370,0.069677,1.050684,-52.179161,-27.510297,-50.112304,-0.928561,-0.015474,0.2590
-0.189871,1.010409,1.060701,0.806370,0.117034,0.210143,-52.571442,-27.510297,-50.112304,-0.557170,0.280839,0.2750
-0.189871,1.010409,1.060701,0.806370,-0.021252,0.088535,-52.482601,-27.510297,-50.112304,-0.102342,0.641624,0.4670
0.759482,2.020818,0.841909,0.896055,-0.540796,-0.363484,-52.662762,-27.510290,-50.112297,0.132449,0.863340,0.2630
0.759482,2.020818,0.841909,0.896055,-0.394377,-0.422085,-52.651867,-27.510290,-50.112297,0.169755,0.905050,0.0410
0.759482,2.020818,0.841909,0.896055,-0.100007,-0.244871,-52.580654,-27.510290,-50.112297,0.270207,1.015746,0.0910
0.759482,2.020818,0.841909,0.896055,-0.047364,0.017815,-52.467918,-27.510290,-50.112297,0.394106,1.152382,0.1670
0.759482,2.020818,0.841909,0.896055,0.155133,-0.074870,-52.369999,-27.510290,-50.112297,0.530448,1.302917,0.0890
0.759482,2.020818,0.841909,0.896055,0.049112,0.197325,-52.452724,-27.510290,-50.112297,0.868026,1.675304,0.4040
2.658188,2.694424,1.633901,0.579661,-0.065552,0.107502,-52.489075,-27.510272,-50.112288,1.481794,1.916602,0.4300
2.658188,2.694424,1.633901,0.579661,-0.324433,0.029004,-52.592659,-27.510272,-50.112288,1.720114,2.004919,0.1400
2.658188,2.694424,1.633901,0.579661,-0.179425,-0.088877,-52.733826,-27.510272,-50.112288,1.944900,2.087950,0.1030
2.658188,2.694424,1.633901,0.579661,-0.058836,-0.205167,-52.814991,-27.510272,-50.112288,2.169062,2.170839,0.1610
2.658188,2.694424,1.633901,0.579661,-0.081800,0.158434,-52.831905,-27.510272,-50.112288,2.249141,2.200388,0.0500
2.658188,2.694424,1.633901,0.579661,-0.316639,-0.218648,-52.921944,-27.510272,-50.112288,2.572385,2.319765,0.0840
5.506247,3.704834,2.113889,0.749947,-0.239377,-0.028542,-53.254730,-27.510247,-50.112280,3.494136,2.656245,0.4780
5.506247,3.704834,2.113889,0.749947,-0.486314,-0.290090,-53.476219,-27.510247,-50.112280,4.284865,2.944721,0.3930
5.506247,3.704834,2.113889,0.749947,-0.360935,-0.222473,-53.470406,-27.510247,-50.112280,4.381130,2.979828,0.0470
5.506247,3.704834,2.113889,0.749947,-0.377730,-0.633341,-53.441265,-27.510247,-50.112280,4.477950,3.015150,0.0410
7.215082,4.378440,2.053205,0.809353,0.297155,-0.510543,-53.097839,-27.510231,-50.112270,4.937653,3.188151,0.2120
7.215082,4.378440,2.053205,0.809353,0.648209,-0.515167,-53.009064,-27.510231,-50.112270,5.032531,3.226768,0.0430
7.215082,4.378440,2.053205,0.809353,0.538936,-0.343234,-52.835033,-27.510231,-50.112270,5.281549,3.326484,0.1080
7.215082,4.378440,2.053205,0.809353,0.039489,0.186240,-52.651558,-27.510231,-50.112270,6.400530,3.775511,0.4430
11.961847,6.062458,3.112653,1.104281,-0.160575,-0.881408,-52.676655,-27.510189,-50.112254,7.306796,4.124271,0.4510
11.961847,6.062458,3.112653,1.104281,-0.125381,-0.779555,-52.692451,-27.510189,-50.112254,7.775695,4.292948,0.1410
11.961847,6.062458,3.112653,1.104281,-0.056596,-0.558462,-52.739540,-27.510189,-50.112254,8.276338,4.472518,0.1510
11.961847,6.062458,3.112653,1.104281,-0.234668,-0.494656,-52.708694,-27.510189,-50.112254,8.618804,4.595686,0.0560
11.961847,6.062458,3.112653,1.104281,0.193121,0.036062,-52.170975,-27.510189,-50.112254,9.596145,4.946828,0.3080
17.278223,8.420082,3.973833,1.762254,0.671474,0.477820,-51.094112,-27.510140,-50.112233,11.288773,5.644860,0.4520
17.278223,8.420082,3.973833,1.762254,0.671967,0.124871,-50.948956,-27.510140,-50.112233,12.191037,6.046222,0.2370
17.278223,8.420082,3.973833,1.762254,0.308377,-0.180919,-50.640537,-27.510140,-50.112233,13.166091,6.480000,0.2260
17.278223,8.420082,3.973833,1.762254,-0.251011,-0.007645,-49.822453,-27.510140,-50.112233,14.517876,7.081268,0.2510
17.847836,9.430492,1.586549,2.814313,0.736742,0.077919,-55.585468,-27.510135,-50.112221,15.268377,8.238102,0.4410
17.847836,9.430492,1.586549,2.814313,0.009269,0.202729,-59.600666,-27.510135,-50.112221,15.787035,9.097617,0.3400
17.847836,9.430492,1.586549,2.814313,-0.097720,0.060411,-59.855515,-27.510135,-50.112221,15.873361,9.241871,0.0410
17.847836,9.430492,1.586549,2.814313,-0.498905,-0.107018,-60.544025,-27.510135,-50.112221,16.248785,9.865128,0.2210
20.885765,10.440904,3.090004,1.027731,-0.527776,-0.237661,-60.870510,-27.510110,-50.112210,17.091450,10.206824,0.2490
20.885765,10.440904,3.090004,1.027731,0.507769,0.096101,-60.474113,-27.510110,-50.112210,18.622335,10.697398,0.4660
20.126282,12.798529,-0.845486,2.624601,0.435150,-0.038200,-60.372417,-27.510116,-50.112186,19.447398,11.030817,0.3200
20.126282,12.798529,-0.845486,2.624601,0.322228,-0.082183,-60.720791,-27.510116,-50.112186,19.295158,11.570953,0.1830
20.126282,12.798529,-0.845486,2.624601,0.071523,0.019523,-61.133808,-27.510116,-50.112186,19.131593,12.133790,0.1900
20.126282,12.798529,-0.845486,2.624601,-0.094040,-0.688730,-61.425129,-27.510116,-50.112186,18.866812,13.036248,0.3600
19.746540,14.482547,-0.540925,2.398812,-0.131627,0.011871,-61.153805,-27.510118,-50.112166,18.687682,13.653703,0.2480
19.746540,14.482547,-0.540925,2.398812,0.318670,-0.000960,-61.052532,-27.510118,-50.112166,18.651355,13.836603,0.0870
19.746540,14.482547,-0.540925,2.398812,0.023662,0.342411,-60.993431,-27.510118,-50.112166,18.591810,14.134992,0.1220
19.746540,14.482547,-0.540925,2.398812,0.346819,0.624543,-61.048260,-27.510118,-50.112166,18.544402,14.373623,0.1010
19.746540,14.482547,-0.540925,2.398812,0.152174,0.548899,-61.117836,-27.510118,-50.112166,18.521979,14.488593,0.0400
19.746540,14.482547,-0.540925,2.398812,0.350979,0.731352,-61.233315,-27.510118,-50.112166,18.488854,14.643312,0.0400
19.746540,14.482547,-0.540925,2.398812,0.319251,0.640629,-61.318775,-27.510118,-50.112166,18.462011,14.775953,0.0750
19.746540,14.482547,-0.540925,2.398812,0.430674,0.500765,-61.349365,-27.510118,-50.112166,18.408702,15.040761,0.1110
19.746540,14.482547,-0.540925,2.398812,0.575049,0.414630,-61.313297,-27.510118,-50.112166,18.385018,15.158717,0.0500
19.746540,14.482547,-0.540925,2.398812,0.255047,0.187626,-61.237278,-27.510118,-50.112166,18.326780,15.450280,0.0980
19.176928,16.503368,-0.590376,2.094485,0.067887,-0.170966,-60.741570,-27.510124,-50.112147,18.097323,16.468563,0.4310
19.176928,16.503368,-0.590376,2.094485,0.097052,-0.551885,-61.039017,-27.510124,-50.112147,17.910324,17.202482,0.3740
19.176928,16.503368,-0.590376,2.094485,0.440989,-0.613583,-61.274937,-27.510124,-50.112147,17.853225,17.426306,0.1360
19.176928,16.503368,-0.590376,2.094485,0.065798,-0.480474,-61.398388,-27.510124,-50.112147,17.833099,17.505886,0.0400
19.176928,16.503368,-0.590376,2.094485,0.111844,0.088289,-62.357689,-27.510124,-50.112147,17.726855,17.922257,0.2050
19.176928,16.503368,-0.590376,2.094485,0.226873,0.301241,-62.663094,-27.510124,-50.112147,17.699372,18.031051,0.0410
18.417446,17.513779,-0.961309,1.278920,0.150640,0.397827,-63.000641,-27.510129,-50.112138,17.649473,18.110388,0.0450
18.417446,17.513779,-0.961309,1.278920,0.121770,0.526470,-63.377544,-27.510129,-50.112138,17.591373,18.188341,0.0440
18.417446,17.513779,-0.961309,1.278920,-0.010505,0.994407,-64.490013,-27.510129,-50.112138,17.312177,18.576081,0.3090
18.417446,17.513779,-0.961309,1.278920,-0.696274,-0.539981,-64.263412,-27.510129,-50.112138,17.040372,18.947806,0.3060
18.607317,17.513779,1.013456,0.000000,-1.542059,-0.944965,-62.846840,-27.510128,-50.112138,16.822637,19.270344,0.3070
18.607317,17.513779,1.013456,0.000000,-1.348834,-0.775587,-62.593369,-27.510128,-50.112138,16.873620,19.263843,0.0400
18.607317,17.513779,1.013456,0.000000,-1.055590,-0.853881,-62.097977,-27.510128,-50.112138,16.954627,19.257375,0.0400
18.607317,17.513779,1.013456,0.000000,-0.326754,-0.991142,-61.004154,-27.510128,-50.112138,17.129346,19.244982,0.1930
18.607317,17.513779,1.013456,0.000000,0.449751,-0.320170,-59.459084,-27.510128,-50.112138,17.389698,19.224332,0.1790
18.607317,17.513779,1.013456,0.000000,1.897040,0.330713,-57.742687,-27.510128,-50.112138,17.776807,19.194535,0.4090
17.657965,17.176975,-0.484837,-0.172006,-0.568000,0.582626,-56.665359,-27.510137,-50.112139,17.796747,19.143066,0.2320
17.657965,17.176975,-0.484837,-0.172006,0.330607,0.007413,-56.561966,-27.510137,-50.112139,17.697151,19.088290,0.2570
17.657965,17.176975,-0.484837,-0.172006,0.520649,-0.171315,-56.379963,-27.510137,-50.112139,17.599935,19.035168,0.1650
17.657965,17.176975,-0.484837,-0.172006,-0.003871,-0.235433,-56.393921,-27.510137,-50.112139,17.568239,19.017835,0.1040
17.657965,17.176975,-0.484837,-0.172006,0.272672,-0.179036,-57.001514,-27.510137,-50.112139,17.476517,18.967572,0.1280
17.468094,16.503368,-0.136777,-0.485247,-0.321325,-0.067113,-58.209126,-27.510140,-50.112149,17.385463,18.864192,0.3310
17.468094,16.503368,-0.136777,-0.485247,-1.163736,-0.380428,-59.653690,-27.510140,-50.112149,17.344819,18.688268,0.2930
17.468094,16.503368,-0.136777,-0.485247,-2.033334,-1.001164,-60.741386,-27.510140,-50.112149,17.309106,18.529055,0.2740
17.468094,16.503368,-0.136777,-0.485247,-1.940354,-0.713608,-60.837254,-27.510140,-50.112149,17.306049,18.506248,0.0400
17.468094,16.503368,-0.136777,-0.485247,-1.788037,-0.769306,-60.875221,-27.510140,-50.112149,17.303387,18.489907,0.0400
17.468094,16.503368,-0.136777,-0.485247,-0.313584,-0.547547,-60.755196,-27.510140,-50.112149,17.271063,18.382360,0.1670
17.468094,16.503368,-0.136777,-0.485247,0.178430,-0.394791,-60.677994,-27.510140,-50.112149,17.266494,18.359000,0.0410
16.139000,15.492958,-0.577447,-0.438989,0.159359,-0.385614,-60.569229,-27.510151,-50.112161,17.252322,18.329360,0.0400
16.139000,15.492958,-0.577447,-0.438989,0.129955,-0.539142,-60.391426,-27.510151,-50.112161,17.195510,18.275133,0.0630
16.139000,15.492958,-0.577447,-0.438989,-0.414720,-0.420389,-60.569252,-27.510151,-50.112161,16.904487,18.011411,0.4160
16.139000,15.492958,-0.577447,-0.438989,-0.396594,-0.778774,-60.457489,-27.510151,-50.112161,16.735251,17.857048,0.3590
14.809906,13.472137,-0.686934,-1.044448,0.510331,-0.184027,-59.269951,-27.510163,-50.112180,16.604487,17.707842,0.2060
14.809906,13.472137,-0.686934,-1.044448,0.258546,-0.139430,-58.311512,-27.510163,-50.112180,16.470576,17.491901,0.1620
14.809906,13.472137,-0.686934,-1.044448,0.347406,0.081931,-57.994507,-27.510163,-50.112180,16.405880,17.387649,0.0960
14.809906,13.472137,-0.686934,-1.044448,0.244036,0.127530,-57.830318,-27.510163,-50.112180,16.357757,17.310026,0.0500
14.809906,13.472137,-0.686934,-1.044448,-0.192399,-0.005204,-58.106770,-27.510163,-50.112180,16.132011,16.945877,0.3020
14.809906,13.472137,-0.686934,-1.044448,-0.067969,0.127070,-58.285500,-27.510163,-50.112180,16.101238,16.896207,0.0490
14.809906,13.472137,-0.686934,-1.044448,-0.334473,0.031643,-59.459324,-27.510163,-50.112180,15.927395,16.615921,0.2340
14.050424,12.798531,-0.708170,-0.628096,-0.158729,0.105400,-60.580402,-27.510171,-50.112188,15.625395,16.289947,0.3640
14.050424,12.798531,-0.708170,-0.628096,-0.094073,-0.089043,-60.579952,-27.510171,-50.112188,15.580870,16.244901,0.0820
14.050424,12.798531,-0.708170,-0.628096,0.307204,0.017594,-60.561295,-27.510171,-50.112188,15.431810,16.094015,0.1870
14.050424,12.798531,-0.708170,-0.628096,0.251657,0.196689,-60.549164,-27.510171,-50.112188,15.400102,16.061883,0.0450
14.050424,12.798531,-0.708170,-0.628096,0.096324,0.127994,-60.566067,-27.510171,-50.112188,15.354499,16.015583,0.0420
12.911200,12.124924,-0.602243,-0.356098,-0.215661,-0.117205,-61.035164,-27.510180,-50.112194,15.026545,15.707518,0.3550
12.911200,12.124924,-0.602243,-0.356098,0.257747,0.053936,-61.006046,-27.510180,-50.112194,14.803420,15.541128,0.3760
12.911200,12.124924,-0.602243,-0.356098,0.451998,0.273093,-61.301018,-27.510180,-50.112194,14.554421,15.355474,0.2920
12.151717,11.788120,-0.526709,-0.233577,-0.519453,0.066760,-61.697235,-27.510187,-50.112199,14.385393,15.235759,0.3580
12.151717,11.788120,-0.526709,-0.233577,0.154287,-0.103495,-61.314587,-27.510187,-50.112199,13.999934,14.997215,0.6220
11.012493,10.777710,-0.396421,-0.351597,0.011612,0.332319,-60.553970,-27.510197,-50.112207,13.728785,14.795322,0.3500
11.012493,10.777710,-0.396421,-0.351597,0.164125,0.469407,-60.578735,-27.510197,-50.112207,13.672299,14.737606,0.2290
11.012493,10.777710,-0.396421,-0.351597,-0.250940,0.080680,-60.598656,-27.510197,-50.112207,13.651912,14.716118,0.0410
11.012493,10.777710,-0.396421,-0.351597,-0.041343,-0.646267,-60.850250,-27.510197,-50.112207,13.467419,14.527613,0.3590
11.012493,10.777710,-0.396421,-0.351597,-0.077469,-0.661792,-60.973106,-27.510197,-50.112207,13.359076,14.416396,0.1320
9.493528,9.767301,-0.582534,-0.387500,0.387649,-0.545720,-60.793415,-27.510209,-50.112217,13.123420,14.216115,0.3760
9.493528,9.767301,-0.582534,-0.387500,-0.635948,-0.678674,-60.748516,-27.510209,-50.112217,12.992124,14.112644,0.2020
9.493528,9.767301,-0.582534,-0.387500,0.456261,-0.158654,-60.152184,-27.510209,-50.112217,12.771744,13.938875,0.2170
8.734046,9.093694,-0.473396,-0.419869,0.382059,0.525910,-59.706215,-27.510218,-50.112223,12.506870,13.718498,0.4760
8.734046,9.093694,-0.473396,-0.419869,0.180637,0.155267,-59.859875,-27.510218,-50.112223,12.243969,13.462551,0.3810
8.734046,9.093694,-0.473396,-0.419869,0.274903,-0.140455,-59.921120,-27.510218,-50.112223,12.199840,13.419530,0.1280
8.734046,9.093694,-0.473396,-0.419869,0.120694,-0.026787,-60.098068,-27.510218,-50.112223,12.047697,13.270832,0.1980
8.734046,9.093694,-0.473396,-0.419869,0.221787,0.113615,-60.200413,-27.510218,-50.112223,11.990655,13.215159,0.1370
8.734046,9.093694,-0.473396,-0.419869,-0.055847,0.097733,-60.241230,-27.510218,-50.112223,11.959639,13.185012,0.0400
7.025211,8.420087,-0.631755,-0.249032,-0.222586,0.007040,-60.561230,-27.510233,-50.112233,11.708104,13.039382,0.2590
7.025211,8.420087,-0.631755,-0.249032,-0.154215,0.261775,-60.780235,-27.510233,-50.112233,11.362958,12.852622,0.4520
7.025211,8.420087,-0.631755,-0.249032,0.125966,-0.292545,-60.500866,-27.510233,-50.112233,11.185413,12.756846,0.2300
5.126504,7.072875,-0.675491,-0.479290,-0.205689,-0.082595,-60.881016,-27.510251,-50.112245,11.026752,12.651371,0.1260
5.126504,7.072875,-0.675491,-0.479290,0.028307,-0.148479,-61.330578,-27.510251,-50.112245,10.913222,12.563770,0.1800
5.126504,7.072875,-0.675491,-0.479290,0.245817,-0.209673,-61.498962,-27.510251,-50.112245,10.873687,12.532977,0.0440
5.126504,7.072875,-0.675491,-0.479290,0.143122,-0.418877,-61.738338,-27.510251,-50.112245,10.821459,12.492492,0.0530
5.126504,7.072875,-0.675491,-0.479290,-0.075427,0.061827,-62.674416,-27.510251,-50.112245,10.587409,12.310990,0.2560
5.126504,7.072875,-0.896865,-0.707071,-0.046180,0.086336,-63.337360,-27.510266,-50.112258,10.183607,11.997822,0.3390
3.417669,5.725662,-0.896865,-0.707071,-0.297782,0.130175,-63.089424,-27.510266,-50.112258,9.951413,11.807174,0.2980
3.417669,5.725662,-0.896865,-0.707071,-0.143836,0.138215,-62.604115,-27.510266,-50.112258,9.644398,11.554822,0.2380
3.417669,5.725662,-0.896865,-0.707071,-0.235669,0.073033,-62.489517,-27.510266,-50.112258,9.564127,11.488872,0.0970
3.417669,5.725662,-0.896865,-0.707071,-0.438022,0.371120,-62.327465,-27.510266,-50.112258,9.440894,11.387000,0.0580
3.417669,5.725662,-0.896865,-0.707071,-0.068216,0.465119,-62.970287,-27.510250,-50.112276,9.037236,11.056188,0.3880
5.126504,4.041646,1.619569,-1.596046,0.196473,0.020439,-63.889946,-27.510250,-50.112276,9.426419,10.535940,0.2720
5.126504,4.041646,1.619569,-1.596046,0.092117,0.182289,-63.903400,-27.510250,-50.112276,9.750833,10.111328,0.2450
5.126504,4.041646,1.619569,-1.596046,0.061493,0.091206,-63.860577,-27.510250,-50.112276,9.829792,10.007160,0.0410
5.126504,4.041646,1.619569,-1.596046,0.026693,0.124207,-63.538429,-27.510250,-50.112276,10.097138,9.657565,0.1650
5.126504,4.041646,1.619569,-1.596046,-0.009049,-0.195545,-63.475857,-27.510250,-50.112276,10.158823,9.576741,0.0750
5.126504,4.041646,1.619569,-1.596046,-0.154789,0.037444,-63.421120,-27.510250,-50.112276,10.225806,9.487945,0.0480
5.126504,4.041646,1.619569,-1.596046,0.017651,-0.092908,-63.370018,-27.510250,-50.112276,10.336989,9.340720,0.0820
5.126504,4.041646,1.619569,-1.596046,0.131546,-0.120368,-63.357769,-27.510250,-50.112276,10.395106,9.263668,0.0410
6.835340,2.020827,1.757222,-2.078040,0.258250,-0.416699,-63.381683,-27.510235,-50.112296,10.697647,8.822449,0.1920
6.835340,2.020827,1.757222,-2.078040,-0.019542,-0.009346,-63.446770,-27.510235,-50.112296,10.834225,8.620385,0.0870
6.835340,2.020827,1.757222,-2.078040,-0.867123,-1.211123,-63.669792,-27.510235,-50.112296,11.068260,8.273162,0.1470
6.835340,2.020827,1.757222,-2.078040,-0.446436,-0.450824,-63.844257,-27.510235,-50.112296,11.545361,7.562282,0.2960
6.835340,2.020827,1.757222,-2.078040,-0.319313,0.026248,-63.785847,-27.510235,-50.112296,11.701990,7.329000,0.1120
6.835340,2.020827,1.757222,-2.078040,-0.012066,0.095335,-63.712666,-27.510235,-50.112296,11.777306,7.215146,0.0400
6.835340,2.020827,1.757222,-2.078040,-0.109203,0.226107,-63.689671,-27.510235,-50.112296,11.801832,7.178051,0.0400
6.835340,2.020827,1.757222,-2.078040,-0.109203,0.226107,-63.615425,-27.510235,-50.112296,11.982287,6.937488,0.0400
8.164434,0.673615,1.824546,-1.849418,-0.427531,-0.640606,-63.613808,-27.510224,-50.112308,12.056279,6.841802,0.0710
8.164434,0.673615,1.824546,-1.849418,-0.476320,-0.927291,-63.608471,-27.510224,-50.112308,12.150152,6.726467,0.0400
8.164434,0.673615,1.824546,-1.849418,-0.398037,-0.766022,-63.564827,-27.510224,-50.112308,12.316268,6.518713,0.1070
8.164434,0.673615,1.824546,-1.849418,-0.192260,-0.863386,-63.520233,-27.510224,-50.112308,12.383614,6.433098,0.0400
8.164434,0.673615,1.824546,-1.849418,-0.404736,-0.577382,-63.352325,-27.510224,-50.112308,12.565507,6.201740,0.0680
8.164434,0.673615,1.824546,-1.849418,0.249471,-0.705427,-63.090172,-27.510224,-50.112308,13.122557,5.492950,0.3560
8.544175,0.000008,1.061068,-1.882184,-0.004194,0.498421,-62.804245,-27.510219,-50.112316,13.648646,4.814806,0.3540
8.544175,0.000008,1.061068,-1.882184,-0.228213,0.679093,-62.693718,-27.510219,-50.112316,13.817704,4.394363,0.1970
8.544175,0.000008,1.061068,-1.882184,0.350544,0.106116,-62.393970,-27.510219,-50.112316,14.077952,3.758218,0.3240
8.544175,0.000008,1.061068,-1.882184,0.093759,0.276942,-62.312996,-27.510219,-50.112316,14.109354,3.675755,0.0400
8.544175,0.000008,1.061068,-1.882184,0.230484,-0.150597,-60.813320,-27.510219,-50.112316,14.430688,2.879075,0.3950
8.734046,-0.336795,0.881697,-1.564005,-0.242211,-0.732381,-59.381413,-27.510217,-50.112321,14.695934,2.190426,0.3740
8.734046,-0.336795,0.881697,-1.564005,-0.319662,0.112584,-59.260204,-27.510217,-50.112321,14.794906,1.928634,0.1820
8.734046,-0.336795,0.881697,-1.564005,-0.082691,0.809643,-59.401924,-27.510217,-50.112321,14.944904,1.528805,0.2330
8.734046,-0.336795,0.881697,-1.564005,-0.640728,-0.374885,-59.605625,-27.510217,-50.112321,15.016655,1.338832,0.1250
10.253011,-0.673599,1.898490,-0.420956,-0.743613,-0.947662,-59.661594,-27.510204,-50.112326,15.213276,1.093158,0.1750
10.253011,-0.673599,1.898490,-0.420956,0.023931,-0.067921,-59.628452,-27.510204,-50.112326,16.019579,0.849116,0.4910
10.253011,-0.673599,1.898490,-0.420956,0.065726,-1.332002,-60.372608,-27.510204,-50.112326,16.467076,0.717640,0.2890
10.253011,-0.673599,1.898490,-0.420956,0.310710,-1.123002,-60.430958,-27.510204,-50.112326,16.550758,0.693798,0.0410
10.632752,-1.010402,1.177717,-1.044551,0.413061,-0.077429,-60.309437,-27.510201,-50.112329,16.895647,0.450698,0.2800
10.632752,-1.010402,1.177717,-1.044551,0.123711,0.343143,-60.051502,-27.510201,-50.112329,17.109951,0.198118,0.2310
10.632752,-1.010402,1.177717,-1.044551,0.367523,1.131374,-59.857857,-27.510201,-50.112329,17.302885,-0.032225,0.2190
10.632752,-1.010402,1.177717,-1.044551,0.252542,0.736489,-59.890068,-27.510201,-50.112329,17.344304,-0.083620,0.0450
10.632752,-1.010402,1.177717,-1.044551,0.205022,0.810513,-59.952961,-27.510201,-50.112329,17.397249,-0.148903,0.0570
10.632752,-1.010402,1.177717,-1.044551,0.040942,0.925764,-60.010799,-27.510201,-50.112329,17.433925,-0.194722,0.0480
10.632752,-1.010402,1.177717,-1.044551,0.177032,0.624285,-60.137581,-27.510201,-50.112329,17.514389,-0.292770,0.0900
11.012493,-1.684009,0.679589,-1.205494,0.207343,-0.232208,-60.735062,-27.510197,-50.112330,17.689567,-0.575382,0.2440
11.012493,-1.684009,0.679589,-1.205494,0.345863,-0.412377,-60.839119,-27.510197,-50.112330,17.705137,-0.622673,0.0440
11.012493,-1.684009,0.679589,-1.205494,0.334446,-0.392521,-60.919426,-27.510197,-50.112330,17.719425,-0.681721,0.0400
11.012493,-1.684009,0.679589,-1.205494,0.176426,-0.530030,-60.989819,-27.510197,-50.112330,17.744886,-0.744713,0.0530
11.012493,-1.684009,0.679589,-1.205494,0.153705,-0.799026,-61.035675,-27.510197,-50.112330,17.762957,-0.801869,0.0450
11.012493,-1.684009,0.679589,-1.205494,0.206774,-0.620606,-61.043274,-27.510197,-50.112330,17.780047,-0.865660,0.0400
11.012493,-1.684009,0.679589,-1.205494,0.170532,-0.653006,-61.043274,-27.510197,-50.112330,17.780047,-0.865660,0.0400
11.012493,-1.684009,0.679589,-1.205494,0.056015,0.045442,-60.899300,-27.510197,-50.112330,17.849350,-0.992129,0.0520
11.012493,-1.684009,0.679589,-1.205494,-0.021058,0.101565,-60.834965,-27.510197,-50.112330,17.861686,-1.036634,0.0410
11.012493,-1.684009,0.679589,-1.205494,-0.141407,0.275406,-60.730934,-27.510197,-50.112330,17.876664,-1.091094,0.0400
11.012493,-1.684009,0.679589,-1.205494,-0.248406,0.271488,-60.730934,-27.510197,-50.112330,17.876664,-1.091094,0.0400
11.012493,-1.684009,0.679589,-1.205494,-0.248406,0.271488,-60.730934,-27.510197,-50.112330,17.876664,-1.091094,0.0400
11.012493,-1.684009,0.679589,-1.205494,0.037860,0.876062,-60.230679,-27.510197,-50.112330,17.985865,-1.302012,0.0610
11.012493,-1.684009,0.679589,-1.205494,-0.299868,0.681664,-60.170933,-27.510197,-50.112330,17.997532,-1.344127,0.0410
11.012493,-1.684009,0.679589,-1.205494,-0.718932,-0.042708,-60.090195,-27.510197,-50.112330,18.018743,-1.414180,0.0520
11.012493,-1.684009,0.679589,-1.205494,-1.064562,-0.374539,-60.016899,-27.510197,-50.112330,18.038493,-1.477022,0.0560
11.012493,-1.684009,0.679589,-1.205494,-1.533314,-0.790511,-59.135937,-27.510197,-50.112330,18.073764,-1.582588,0.0860
11.012493,-1.684009,0.679589,-1.205494,-1.951994,-1.449478,-57.506252,-27.510197,-50.112330,18.105730,-1.677335,0.0800
11.771976,-1.684009,1.352989,0.000000,-1.917616,-1.830320,-54.103031,-27.510191,-50.112332,18.288977,-1.664051,0.1250
11.771976,-1.684009,1.352989,0.000000,0.267806,-1.561656,-52.447422,-27.510191,-50.112332,18.600572,-1.656846,0.3150
11.771976,-1.684009,1.352989,0.000000,0.725719,-1.512479,-52.354431,-27.510191,-50.112332,18.663569,-1.655899,0.0610
11.771976,-1.684009,1.352989,0.000000,0.213021,0.024210,-52.519478,-27.510191,-50.112332,18.936679,-1.655026,0.2560
11.771976,-1.684009,1.352989,0.000000,0.192221,0.580101,-50.036137,-27.510191,-50.112332,19.068608,-1.654739,0.0770
11.392234,-2.020812,-0.704321,-0.624683,-0.345578,0.005863,-35.020668,-27.510194,-50.112333,18.988440,-1.780678,0.3340
11.392234,-2.020812,-0.704321,-0.624683,0.449235,-0.189898,-30.542847,-27.510194,-50.112333,18.574272,-2.038566,0.4400
11.392234,-2.020812,-0.704321,-0.624683,0.371688,-0.986170,-30.152632,-27.510194,-50.112333,18.383581,-2.157203,0.1870
11.392234,-2.020812,-0.704321,-0.624683,0.533523,-0.883092,-30.098595,-27.510194,-50.112333,18.302561,-2.207234,0.0850
11.392234,-2.020812,-0.704321,-0.624683,0.594796,-1.553234,-30.027147,-27.510194,-50.112333,18.226001,-2.254688,0.0710
11.012492,-2.357616,-0.515732,-0.457418,0.590531,-1.476968,-29.968483,-27.510197,-50.112338,18.183141,-2.281156,0.0520
11.012492,-2.357616,-0.515732,-0.457418,0.553063,-1.658448,-29.888317,-27.510197,-50.112338,18.145380,-2.302352,0.0470
11.012492,-2.357616,-0.515732,-0.457418,0.701201,-1.706660,-29.775167,-27.510197,-50.112338,18.099977,-2.324534,0.0400
11.012492,-2.357616,-0.515732,-0.457418,0.769301,-1.846112,-29.755726,-27.510197,-50.112338,18.093182,-2.327975,0.0400
11.012492,-2.357616,-0.515732,-0.457418,0.828396,-1.936518,-29.420309,-27.510197,-50.112338,18.038013,-2.407191,0.0400
11.012492,-2.357616,-0.515732,-0.457418,1.453715,-1.745393,-29.264338,-27.510197,-50.112338,17.987768,-2.421889,0.0580
11.012492,-2.357616,-0.515732,-0.457418,0.986171,-1.428349,-29.172680,-27.510197,-50.112338,17.949042,-2.437622,0.0400
11.012492,-2.357616,-0.515732,-0.457418,1.029933,-1.239904,-29.172680,-27.510197,-50.112338,17.949042,-2.437622,0.0400
11.012492,-2.357616,-0.515732,-0.457418,1.007129,-1.217479,-29.043314,-27.510197,-50.112338,17.894352,-2.505176,0.0410
11.012492,-2.357616,-0.515732,-0.457418,-0.110118,0.168867,-28.908291,-27.510197,-50.112338,17.845855,-2.525193,0.0650
11.012492,-2.357616,-0.515732,-0.457418,-0.232017,0.303987,-28.748875,-27.510197,-50.112338,17.788413,-2.555576,0.0400
11.012492,-2.357616,-0.515732,-0.457418,-0.410991,0.609921,-28.626770,-27.510197,-50.112338,17.727144,-2.590467,0.0970
11.012492,-2.357616,-0.515732,-0.457418,-0.689958,1.009211,-29.043146,-27.510197,-50.112338,17.443533,-2.754890,0.3320
11.392233,-2.357616,0.941433,0.000000,-0.463289,0.727987,-29.255861,-27.510192,-50.112339,17.488527,-2.758322,0.1150
11.392233,-2.357616,0.941433,0.000000,-0.589264,1.020461,-29.435215,-27.510192,-50.112339,17.534828,-2.756700,0.0430
11.392233,-2.357616,0.941433,0.000000,-0.119300,1.062162,-30.167423,-27.510192,-50.112339,17.681969,-2.753217,0.2350
11.392233,-2.357616,0.941433,0.000000,-0.156229,0.936942,-30.368988,-27.510192,-50.112339,17.729709,-2.752471,0.0480
11.392233,-2.357616,0.941433,0.000000,-1.497372,-1.435209,-31.753641,-27.510192,-50.112339,17.964528,-2.746335,0.3460
11.961844,-3.031222,0.767331,-0.907424,0.278348,0.723055,-32.629391,-27.510189,-50.112347,18.243922,-2.984341,0.4800
11.961844,-3.031222,0.767331,-0.907424,-0.068723,-0.107134,-32.761311,-27.510189,-50.112347,18.304900,-3.094570,0.1550
11.961844,-3.031222,0.767331,-0.907424,0.207375,-0.485531,-32.860126,-27.510189,-50.112347,18.371470,-3.216323,0.0750
11.961844,-3.031222,0.767331,-0.907424,0.515903,-1.163416,-33.127113,-27.510189,-50.112347,18.450941,-3.360469,0.2230
11.961844,-3.031222,0.767331,-0.907424,0.500632,-1.320837,-33.201534,-27.510189,-50.112347,18.470007,-3.395973,0.0400
11.961844,-3.031222,0.767331,-0.907424,0.545364,-1.026308,-33.162098,-27.510189,-50.112347,18.587773,-3.610967,0.1930
11.771974,-3.704829,-0.294490,-1.044767,0.237050,0.388104,-32.316856,-27.510191,-50.112353,18.451392,-3.926900,0.3150
11.771974,-3.704829,-0.294490,-1.044767,-0.195654,0.724026,-31.289581,-27.510191,-50.112353,18.266316,-4.266108,0.3590
11.771974,-3.704829,-0.294490,-1.044767,-0.217028,0.629458,-31.100666,-27.510191,-50.112353,18.219999,-4.349714,0.0920
11.771974,-3.704829,-0.294490,-1.044767,-0.373519,0.722805,-30.998360,-27.510191,-50.112353,18.189091,-4.401232,0.0400
11.771974,-3.704829,-0.294490,-1.044767,-0.386629,0.702441,-30.841825,-27.510191,-50.112353,18.152394,-4.476368,0.0550
12.151714,-5.052042,0.397771,-1.411178,-0.378940,-0.165163,-30.668837,-27.510187,-50.112365,18.049537,-4.686174,0.2160
12.151714,-5.052042,0.397771,-1.411178,-0.382454,-0.069264,-30.684622,-27.510187,-50.112365,18.056935,-4.743403,0.0400
12.151714,-5.052042,0.397771,-1.411178,-0.296331,-0.541226,-30.729076,-27.510187,-50.112365,18.066913,-4.831307,0.0570
12.151714,-5.052042,0.397771,-1.411178,0.089104,-0.603016,-31.100115,-27.510187,-50.112365,18.106251,-5.214139,0.2590
12.151714,-5.052042,0.397771,-1.411178,0.219741,-1.044639,-31.527922,-27.510187,-50.112365,18.146705,-5.594337,0.2860
12.151714,-5.052042,0.397771,-1.411178,0.009698,0.073072,-31.529409,-27.510187,-50.112365,18.196692,-6.064821,0.3290
11.771973,-5.388846,-0.873666,-0.774880,0.389024,0.160462,-31.487131,-27.510191,-50.112370,18.106193,-6.121367,0.0920
11.771973,-5.388846,-0.873666,-0.774880,0.338631,0.415666,-31.463034,-27.510191,-50.112370,18.035950,-6.182052,0.0410
11.771973,-5.388846,-0.873666,-0.774880,0.040506,0.082243,-31.424505,-27.510191,-50.112370,17.801100,-6.335680,0.2420
11.771973,-5.388846,-0.873666,-0.774880,-0.002778,-0.028329,-31.416677,-27.510191,-50.112370,17.741723,-6.371358,0.0410
11.771973,-5.388846,-0.873666,-0.774880,0.132355,-0.493262,-31.037390,-27.510191,-50.112370,17.401188,-6.593837,0.2790
10.822619,-6.062452,-0.822337,-0.583483,0.062246,-0.113010,-30.644487,-27.510199,-50.112379,16.876101,-6.909111,0.5030
10.822619,-6.062452,-0.822337,-0.583483,0.200080,-0.656235,-31.047174,-27.510199,-50.112379,16.657059,-7.021828,0.2080
10.822619,-6.062452,-0.822337,-0.583483,-0.289256,0.700518,-31.328714,-27.510199,-50.112379,16.358117,-7.174661,0.2280
10.822619,-6.062452,-0.822337,-0.583483,-0.510040,1.253876,-31.380604,-27.510199,-50.112379,16.301074,-7.203697,0.1090
10.822619,-6.062452,-0.822337,-0.583483,-0.294173,1.014272,-31.491236,-27.510199,-50.112379,16.047922,-7.332149,0.1940
