0.000000,-0.336803,0.000000,0.000000,0.000404,0.001399,-0.103865,-27.510352,-50.112361,-0.000019,-0.324231,0.2800
0.000000,-0.336803,0.000000,0.000000,0.001240,0.000106,-0.102882,-27.510352,-50.112361,-0.000017,-0.325979,0.0400
0.000000,-0.336803,0.000000,0.000000,0.000018,-0.000088,-0.102217,-27.510352,-50.112361,-0.000015,-0.327300,0.0400
0.000000,-0.336803,0.000000,0.000000,-0.000146,-0.000640,-0.101835,-27.510352,-50.112361,-0.000014,-0.328468,0.0400
0.000000,-0.336803,0.000000,0.000000,0.001523,0.001227,-0.101626,-27.510352,-50.112361,-0.000013,-0.329274,0.0400
0.000000,-0.336803,0.000000,0.000000,-0.000805,-0.000193,-0.101762,-27.510352,-50.112361,-0.000011,-0.330027,0.0530
0.000000,-0.336803,0.000000,0.000000,0.000738,-0.000958,-0.102415,-27.510352,-50.112361,-0.000010,-0.330551,0.0400
0.000000,-0.336803,0.000000,0.000000,-0.000146,0.000189,-0.103935,-27.510352,-50.112361,-0.000009,-0.331110,0.0400
0.000000,-0.336803,0.000000,0.000000,-0.000140,-0.000140,-0.104209,-27.510352,-50.112361,-0.000008,-0.331590,0.0400
0.000000,-0.336803,0.000000,0.000000,0.000560,0.000070,-0.104861,-27.510352,-50.112361,-0.000007,-0.331929,0.0400
0.000000,-0.336803,0.000000,0.000000,0.000399,-0.000129,-0.105726,-27.510352,-50.112361,-0.000007,-0.332255,0.0400
0.000000,-0.336803,0.000000,0.000000,-0.000678,-0.000462,-0.106481,-27.510352,-50.112361,-0.000007,-0.332532,0.0400
0.000000,-0.336803,0.000000,0.000000,-0.000460,0.000829,-0.106535,-27.510352,-50.112361,-0.000006,-0.332785,0.0400
0.000000,-0.336803,0.000000,0.000000,0.000865,-0.000312,-0.106657,-27.510352,-50.112361,-0.000006,-0.333011,0.0400
0.000000,-0.336803,0.000000,0.000000,0.000111,0.000790,-0.105676,-27.510352,-50.112361,-0.000005,-0.333187,0.0400
0.000000,-0.336803,0.000000,0.000000,0.000060,0.000061,-0.104520,-27.510352,-50.112361,-0.000004,-0.333371,0.0400
-0.189871,-1.010409,-0.135382,-0.480296,-0.001263,-0.000673,-0.104217,-27.510353,-50.112366,-0.010306,-0.370076,0.0400
-0.189871,-1.010409,-0.135382,-0.480296,0.000292,-0.000279,-0.102848,-27.510353,-50.112366,-0.025474,-0.424056,0.0400
-0.189871,-1.010409,-0.135382,-0.480296,-0.000004,0.000024,-0.102132,-27.510353,-50.112366,-0.035772,-0.460699,0.0400
-0.189871,-1.010409,-0.135382,-0.480296,-0.000490,0.001428,-0.101516,-27.510353,-50.112366,-0.047150,-0.501180,0.0400
-0.189871,-1.010409,-0.135382,-0.480296,-0.000035,0.000171,-0.102672,-27.510353,-50.112366,-0.057284,-0.537234,0.0400
-0.189871,-1.010409,-0.135382,-0.480296,0.000052,-0.002957,-0.104968,-27.510353,-50.112366,-0.069463,-0.580551,0.0400
-0.189871,-1.010409,-0.135382,-0.480296,0.000300,0.000960,-0.105122,-27.510353,-50.112366,-0.080800,-0.620866,0.0810
-0.189871,-1.010409,-0.135382,-0.480296,0.000141,0.000260,-0.106038,-27.510353,-50.112366,-0.091113,-0.657538,0.0400
-0.189871,-1.010409,-0.135382,-0.480296,0.000914,-0.000209,-0.106528,-27.510353,-50.112366,-0.094685,-0.670239,0.0400
-0.189871,-1.010409,-0.135382,-0.480296,0.001329,-0.004722,-0.106650,-27.510353,-50.112366,-0.105350,-0.708175,0.0410
-0.189871,-1.010409,-0.135382,-0.480296,0.000667,-0.006080,-0.107780,-27.510353,-50.112366,-0.113213,-0.736093,0.0410
-0.189871,-1.010409,-0.135382,-0.480296,-0.000018,0.000696,-0.107503,-27.510353,-50.112366,-0.122656,-0.769640,0.0400
-0.189871,-1.010409,-0.135382,-0.480296,-0.000071,0.000214,-0.107503,-27.510353,-50.112366,-0.122656,-0.769640,0.0400
-0.189871,-1.010409,-0.135382,-0.480296,-0.000071,0.000214,-0.107503,-27.510353,-50.112366,-0.122656,-0.769640,0.0400
-0.189871,-1.010409,-0.135382,-0.480296,-0.000071,0.000214,-0.107503,-27.510353,-50.112366,-0.122656,-0.769640,0.0400
-0.189871,-1.010409,-0.135382,-0.480296,-0.073408,-0.024980,-0.107109,-27.510353,-50.112366,-0.155667,-0.887393,0.0660
-0.189871,-1.010409,-0.135382,-0.480296,-0.052665,-0.023081,-0.106432,-27.510353,-50.112366,-0.162435,-0.912300,0.0400
-0.189871,-1.010409,-0.135382,-0.480296,-0.031956,-0.012970,-0.105540,-27.510353,-50.112366,-0.169581,-0.937813,0.0400
-0.189871,-1.010409,-0.135382,-0.480296,-0.000207,-0.000324,-0.105630,-27.510353,-50.112366,-0.175807,-0.960169,0.0450
-0.189871,-1.010409,0.000000,0.000000,0.031636,0.044432,-0.105067,-27.510352,-50.112367,-0.175794,-0.960321,0.0420
-0.189871,-1.010409,0.000000,0.000000,0.080180,0.033268,-0.104916,-27.510352,-50.112367,-0.175221,-0.958321,0.0400
-0.189871,-1.010409,0.000000,0.000000,0.080180,0.033268,-0.104916,-27.510352,-50.112367,-0.175221,-0.958321,0.0400
-0.189871,-1.010409,0.000000,0.000000,0.080180,0.033268,-0.104916,-27.510352,-50.112367,-0.175221,-0.958321,0.0400
-0.189871,-1.010409,0.000000,0.000000,0.080180,0.033268,-0.104916,-27.510352,-50.112367,-0.175221,-0.958321,0.0400
-0.189871,-1.010409,0.000000,0.000000,0.080180,0.033268,-0.104916,-27.510352,-50.112367,-0.175221,-0.958321,0.0400
-0.189871,-1.010409,0.000000,0.000000,0.111671,-0.147105,-0.109220,-27.510352,-50.112367,-0.189548,-1.009178,0.0400
-0.189871,-1.010409,0.000000,0.000000,0.111135,-0.121263,-0.112024,-27.510352,-50.112367,-0.189252,-1.005832,0.0420
-0.189871,-1.010409,0.000000,0.000000,0.010255,-0.068802,-0.114413,-27.510352,-50.112367,-0.189439,-1.004750,0.0400
-0.189871,-1.010409,0.000000,0.000000,0.059820,-0.114039,-0.114413,-27.510352,-50.112367,-0.189439,-1.004750,0.0400
-0.189871,-1.010409,0.000000,0.000000,0.059820,-0.114039,-0.114413,-27.510352,-50.112367,-0.189439,-1.004750,0.0400
-0.189871,-1.010409,0.000000,0.000000,0.059820,-0.114039,-0.114413,-27.510352,-50.112367,-0.189439,-1.004750,0.0400
-0.189871,-1.010409,0.000000,0.000000,0.059820,-0.114039,-0.114413,-27.510352,-50.112367,-0.189439,-1.004750,0.0400
-0.189871,-1.010409,0.000000,0.000000,0.059820,-0.114039,-0.114413,-27.510352,-50.112367,-0.189439,-1.004750,0.0400
-0.189871,-1.010409,0.000000,0.000000,0.059820,-0.114039,-0.114413,-27.510352,-50.112367,-0.189439,-1.004750,0.0400
-0.189871,-1.010409,0.000000,0.000000,0.058666,-0.111490,-0.106934,-27.510352,-50.112367,-0.189209,-1.006843,0.0410
-0.189871,-1.010409,0.000000,0.000000,-0.014086,0.082144,-0.108777,-27.510352,-50.112367,-0.189534,-1.007556,0.0590
-0.189871,-1.010409,0.000000,0.000000,-0.004795,0.127413,-0.109264,-27.510352,-50.112367,-0.189700,-1.008083,0.0400
-0.189871,-1.010409,0.000000,0.000000,0.027630,0.119664,-0.108871,-27.510352,-50.112367,-0.189710,-1.008148,0.0400
-0.189871,-1.010409,0.000000,0.000000,0.041671,0.097020,-0.116092,-27.510352,-50.112367,-0.189399,-1.008268,0.0500
-0.189871,-1.347211,0.000000,-0.097744,-0.143787,0.123763,-0.115670,-27.510353,-50.112368,-0.189218,-1.019074,0.0410
-0.189871,-1.347211,0.000000,-0.097744,-0.020880,0.061855,-0.114826,-27.510353,-50.112368,-0.189128,-1.032846,0.0400
-0.189871,-1.347211,0.000000,-0.097744,-0.092660,0.069264,-0.114826,-27.510353,-50.112368,-0.189128,-1.032846,0.0400
-0.189871,-1.347211,0.000000,-0.097744,-0.044484,0.033946,-0.114965,-27.510353,-50.112368,-0.189203,-1.048602,0.0610
-0.189871,-1.347211,0.000000,-0.097744,0.010316,0.040868,-0.114245,-27.510353,-50.112368,-0.189183,-1.059781,0.0400
-0.189871,-1.347211,0.000000,-0.097744,0.001288,0.009799,-0.113946,-27.510353,-50.112368,-0.189205,-1.075274,0.0760
-0.189871,-1.347211,0.000000,-0.097744,-0.017952,-0.035417,-0.112379,-27.510353,-50.112368,-0.189226,-1.087663,0.0410
-0.189871,-1.347211,0.000000,-0.097744,-0.004248,0.002542,-0.110802,-27.510353,-50.112368,-0.189248,-1.097024,0.0630
-0.189871,-1.347211,0.000000,-0.097744,0.175501,-0.046289,-0.111319,-27.510353,-50.112368,-0.189320,-1.106617,0.0400
-0.189871,-1.347211,0.000000,-0.097744,0.064080,-0.004287,-0.112746,-27.510353,-50.112368,-0.189342,-1.109131,0.0400
-0.189871,-1.347211,0.000000,-0.097744,-0.038699,0.028567,-0.122772,-27.510353,-50.112368,-0.188875,-1.122825,0.0610
-0.189871,-1.347211,0.000000,-0.097744,0.063169,-0.007701,-0.125907,-27.510353,-50.112368,-0.188981,-1.130993,0.0400
-0.189871,-1.347211,0.000000,-0.097744,-0.103939,0.013787,-0.128573,-27.510353,-50.112368,-0.189035,-1.136613,0.0400
-0.189871,-1.347211,0.000000,-0.097744,-0.185629,-0.068793,-0.131824,-27.510353,-50.112368,-0.188932,-1.147944,0.0550
-0.189871,-1.347211,0.000000,-0.097744,0.126412,-0.115854,-0.137178,-27.510353,-50.112368,-0.188919,-1.161635,0.0750
-0.189871,-1.347211,0.000000,-0.097744,-0.027079,0.028535,-0.145775,-27.510353,-50.112368,-0.188937,-1.173085,0.0870
-0.189871,-1.347211,0.000000,-0.097744,0.016917,-0.270993,-0.148722,-27.510353,-50.112368,-0.188945,-1.179255,0.0400
-0.189871,-1.347211,0.000000,-0.097744,0.016378,-0.268902,-0.148722,-27.510353,-50.112369,-0.188945,-1.179255,0.0400
-0.189871,-1.347211,0.000000,0.000000,-0.023357,0.066505,-0.083273,-27.510353,-50.112369,-0.188981,-1.186468,0.0620
-0.189871,-1.347211,0.000000,0.000000,0.223166,-0.087449,0.013413,-27.510353,-50.112369,-0.188843,-1.188387,0.0410
-0.189871,-1.347211,0.000000,0.000000,0.187468,-0.008981,0.078378,-27.510353,-50.112369,-0.188879,-1.189592,0.0400
-0.189871,-1.347211,0.000000,0.000000,-0.130940,0.067421,0.167115,-27.510353,-50.112369,-0.188795,-1.191262,0.0440
-0.189871,-1.347211,0.000000,0.000000,-0.338353,0.110843,0.126314,-27.510353,-50.112369,-0.188615,-1.193467,0.0480
-0.189871,-1.347211,0.000000,0.000000,-0.403225,0.009747,0.019212,-27.510353,-50.112369,-0.188310,-1.195952,0.0400
-0.189871,-1.347211,0.000000,0.000000,-0.411623,-0.086872,0.019212,-27.510353,-50.112369,-0.188310,-1.195952,0.0400
-0.189871,-1.347211,0.000000,0.000000,-0.306276,0.343192,0.019571,-27.510353,-50.112369,-0.190099,-1.196750,0.0440
-0.189871,-1.347211,0.000000,0.000000,0.316263,-0.011720,0.070520,-27.510353,-50.112369,-0.189428,-1.198946,0.0450
-0.189871,-1.347211,0.000000,0.000000,0.090779,0.132731,0.147665,-27.510353,-50.112369,-0.189311,-1.201368,0.0410
-0.189871,-1.347211,0.000000,0.000000,0.119579,0.082650,0.267023,-27.510353,-50.112369,-0.189361,-1.201487,0.0420
-0.189871,-1.347211,0.000000,0.000000,0.119082,0.340397,0.215281,-27.510353,-50.112369,-0.189521,-1.203703,0.0620
-0.189871,-1.347211,0.000000,0.000000,0.111154,0.515872,-0.082839,-27.510353,-50.112369,-0.189728,-1.206121,0.0400
-0.189871,-1.347211,0.000000,0.000000,0.357454,0.401082,-1.291924,-27.510353,-50.112369,-0.189530,-1.207049,0.0430
-0.189871,-1.347211,0.000000,0.000000,-0.015769,-0.900455,-11.863466,-27.510360,-50.112377,-0.189912,-1.215591,0.2450
-1.139224,-2.020817,-1.057291,-0.750192,0.779188,0.451027,-16.165686,-27.510360,-50.112377,-0.527494,-1.464551,0.3060
-1.139224,-2.020817,-1.057291,-0.750192,0.934039,0.644769,-16.948681,-27.510360,-50.112377,-0.576331,-1.500385,0.0420
-1.139224,-2.020817,-1.057291,-0.750192,-0.124718,-0.955626,-19.208363,-27.510360,-50.112377,-0.795655,-1.661488,0.1480
-1.139224,-2.020817,-1.057291,-0.750192,0.544859,-0.711670,-18.786535,-27.510360,-50.112377,-1.069471,-1.865116,0.2170
-1.139224,-2.357620,0.000000,-0.257222,0.191171,0.737203,-23.417662,-27.510362,-50.112380,-1.319159,-2.106182,0.4100
-1.139224,-2.357620,0.000000,-0.257222,-0.517385,0.519320,-23.918524,-27.510362,-50.112380,-1.317327,-2.196286,0.3740
-1.139224,-2.357620,0.000000,-0.257222,-0.717277,0.796149,-23.950367,-27.510362,-50.112380,-1.315661,-2.208175,0.0400
-1.139224,-2.357620,0.000000,-0.257222,-0.494630,0.764888,-24.019270,-27.510362,-50.112380,-1.313755,-2.225976,0.0450
-1.139224,-2.357620,0.000000,-0.257222,-0.111482,0.236598,-24.098074,-27.510362,-50.112380,-1.312086,-2.241090,0.0630
-1.139224,-2.357620,0.000000,-0.257222,0.903270,-0.180265,-26.487665,-27.510362,-50.112380,-1.306315,-2.303971,0.1770
-1.139224,-2.357620,0.000000,-0.257222,0.825697,-0.337022,-26.914186,-27.510362,-50.112380,-1.302808,-2.335643,0.1790
-1.708836,-1.347211,-0.538114,0.954536,0.912338,-0.522343,-27.047743,-27.510367,-50.112369,-1.327254,-2.293545,0.0400
-1.708836,-1.347211,-0.538114,0.954536,1.407372,-0.959414,-27.339802,-27.510367,-50.112369,-1.413585,-2.134029,0.1290
-1.708836,-1.347211,-0.538114,0.954536,1.330104,-0.623793,-27.985619,-27.510367,-50.112369,-1.579594,-1.821708,0.3060
-1.708836,-1.347211,-0.538114,0.954536,0.772170,-0.543964,-34.934162,-27.510367,-50.112369,-1.721414,-1.554979,0.3020
-1.708836,-1.347211,-0.538114,0.954536,0.736541,-0.867563,-38.719185,-27.510367,-50.112369,-1.771300,-1.462198,0.0990
-1.708836,-1.347211,-0.538114,0.954536,0.436589,-0.452996,-39.970364,-27.510367,-50.112369,-1.795841,-1.418218,0.0400
-1.708836,-1.347211,-0.538114,0.954536,0.883391,-0.696646,-40.217991,-27.510367,-50.112369,-1.803095,-1.405245,0.0400
-1.708836,-1.347211,-0.538114,0.954536,0.883391,-0.696646,-40.217991,-27.510360,-50.112366,-1.803095,-1.405245,0.0400
-0.949353,-1.010408,0.691306,0.306569,0.878389,-0.693853,-41.303806,-27.510360,-50.112366,-1.747466,-1.320764,0.0480
-0.949353,-1.010408,0.691306,0.306569,-0.174130,-0.626511,-44.088593,-27.510360,-50.112366,-1.565941,-1.244855,0.2550
-0.949353,-1.010408,0.691306,0.306569,-0.193772,-0.321018,-44.590527,-27.510360,-50.112366,-1.527511,-1.227257,0.0400
-0.949353,-1.010408,0.691306,0.306569,-0.917480,0.829877,-45.662445,-27.510360,-50.112366,-1.426991,-1.183554,0.0580
-0.949353,-1.010408,0.691306,0.306569,-0.663822,-0.184034,-49.136387,-27.510360,-50.112366,-1.125787,-1.052752,0.4760
0.189870,0.673606,1.083837,1.602141,-0.477389,0.243566,-59.028831,-27.510349,-50.112350,-0.776554,-0.623069,0.2990
0.189870,0.673606,1.083837,1.602141,0.041492,-0.510405,-62.478348,-27.510349,-50.112350,-0.606571,-0.374720,0.1700
0.189870,0.673606,1.083837,1.602141,-0.364619,0.227411,-64.351860,-27.510349,-50.112350,-0.295886,0.080178,0.2800
0.189870,0.673606,1.083837,1.602141,-0.358468,0.021033,-64.474411,-27.510349,-50.112350,-0.209706,0.206422,0.0620
1.708835,3.031227,1.415413,2.196896,-0.098439,-0.390075,-64.774498,-27.510336,-50.112328,0.171182,0.771611,0.3200
1.708835,3.031227,1.415413,2.196896,-0.118541,-0.078462,-69.046356,-27.510336,-50.112328,0.605951,1.442319,0.2940
1.708835,3.031227,1.415413,2.196896,-0.023958,0.581226,-74.683556,-27.510336,-50.112328,1.028086,2.095101,0.2650
1.708835,3.031227,1.415413,2.196896,0.094154,0.611717,-75.668076,-27.510336,-50.112328,1.100712,2.207336,0.0690
1.708835,3.031227,1.415413,2.196896,-0.199614,0.181758,-76.455818,-27.510336,-50.112328,1.162993,2.303199,0.0410
1.708835,3.031227,1.415413,2.196896,0.095593,0.125673,-77.202751,-27.510336,-50.112328,1.225478,2.398767,0.0400
1.708835,3.031227,1.415413,2.196896,-0.046601,0.476490,-78.359711,-27.510336,-50.112328,1.320647,2.552164,0.0600
1.708835,3.031227,1.415413,2.196896,-0.028991,0.319170,-79.174477,-27.510336,-50.112328,1.389359,2.656795,0.0470
1.708835,3.031227,1.415413,2.196896,-0.120814,0.907119,-80.204208,-27.510336,-50.112328,1.473698,2.785359,0.0400
1.708835,3.031227,1.415413,2.196896,-0.201951,-0.188938,-81.131538,-27.510336,-50.112328,1.548495,2.900359,0.0610
2.658187,6.062453,1.043996,3.333416,-0.017282,0.848100,-81.866333,-27.510327,-50.112295,1.602624,3.024889,0.0400
2.658187,6.062453,1.043996,3.333416,-0.066998,1.016335,-82.208534,-27.510327,-50.112295,1.625341,3.100255,0.0400
2.658187,6.062453,1.043996,3.333416,-0.066998,1.016335,-82.208534,-27.510327,-50.112295,1.625341,3.100255,0.0400
2.658187,6.062453,1.043996,3.333416,-0.066998,1.016335,-82.208534,-27.510327,-50.112295,1.625341,3.100255,0.0400
2.658187,6.062453,1.043996,3.333416,-0.066998,1.016335,-82.208534,-27.510327,-50.112295,1.625341,3.100255,0.0400
2.658187,6.062453,1.043996,3.333416,-0.066998,1.016335,-82.208534,-27.510327,-50.112295,1.625341,3.100255,0.0570
2.658187,6.062453,1.043996,3.333416,-0.066998,1.016335,-87.503479,-27.510327,-50.112295,1.982892,3.925095,0.0400
2.658187,6.062453,1.043996,3.333416,-0.000653,0.371031,-88.282753,-27.510327,-50.112295,2.021301,4.102179,0.0530
2.658187,6.062453,1.043996,3.333416,0.028557,0.507702,-89.286499,-27.510327,-50.112295,2.077011,4.284113,0.0400
2.658187,6.062453,1.043996,3.333416,-0.109380,0.045086,-89.820091,-27.510327,-50.112295,2.102358,4.364861,0.0400
2.658187,6.062453,1.043996,3.333416,-0.109380,0.045086,-89.820091,-27.510327,-50.112295,2.102358,4.364861,0.0400
2.658187,6.062453,1.043996,3.333416,-0.109380,0.045086,-89.820091,-27.510327,-50.112295,2.102358,4.364861,0.0400
2.658187,6.062453,1.043996,3.333416,-0.109380,0.045086,-89.820091,-27.510327,-50.112295,2.102358,4.364861,0.0400
2.658187,6.062453,1.043996,3.333416,-0.109380,0.045086,-89.820091,-27.510327,-50.112295,2.102358,4.364861,0.0400
2.658187,6.062453,1.043996,3.333416,-0.109380,0.045086,-89.820091,-27.510327,-50.112295,2.102358,4.364861,0.0410
2.658187,6.062453,1.043996,3.333416,-0.109380,0.045086,-89.820091,-27.510327,-50.112295,2.102358,4.364861,0.0400
2.658187,6.062453,1.043996,3.333416,-0.109380,0.045086,-89.820091,-27.510327,-50.112295,2.102358,4.364861,0.0400
2.658187,6.062453,1.043996,3.333416,-0.109380,0.045086,-89.820091,-27.510327,-50.112295,2.102358,4.364861,0.0400
2.658187,6.062453,1.043996,3.333416,-0.109380,0.045086,-89.820091,-27.510327,-50.112295,2.102358,4.364861,0.0400
2.658187,6.062453,1.043996,3.333416,-0.105754,0.058707,-110.855461,-27.510327,-50.112295,2.658563,6.144586,0.0420
3.227798,10.104089,0.566456,4.019246,0.076418,0.545871,-112.429230,-27.510322,-50.112254,2.661332,6.332788,0.0400
3.227798,10.104089,0.566456,4.019246,-0.174675,0.254491,-114.476715,-27.510322,-50.112254,2.646501,6.625169,0.0400
3.227798,10.104089,0.566456,4.019246,-0.365212,-0.050589,-115.318977,-27.510322,-50.112254,2.652404,6.729203,0.0400
3.227798,10.104089,0.566456,4.019246,-0.365212,-0.050589,-115.318977,-27.510322,-50.112254,2.652404,6.729203,0.0400
3.227798,10.104089,0.566456,4.019246,-0.365212,-0.050589,-115.318977,-27.510322,-50.112254,2.652404,6.729203,0.0400
3.227798,10.104089,0.566456,4.019246,-0.365212,-0.050589,-115.318977,-27.510322,-50.112254,2.652404,6.729203,0.0400
3.227798,10.104089,0.566456,4.019246,-0.365212,-0.050589,-115.318977,-27.510322,-50.112254,2.652404,6.729203,0.0400
3.227798,10.104089,0.566456,4.019246,-0.365212,-0.050589,-115.318977,-27.510322,-50.112254,2.652404,6.729203,0.0400
3.227798,10.104089,0.566456,4.019246,-0.365212,-0.050589,-115.318977,-27.510322,-50.112254,2.652404,6.729203,0.0400
3.227798,10.104089,0.566456,4.019246,-0.365212,-0.050589,-115.318977,-27.510322,-50.112254,2.652404,6.729203,0.0400
3.227798,10.104089,0.566456,4.019246,0.129882,0.457694,-125.940796,-27.510322,-50.112254,2.917162,8.404365,0.0460
3.227798,10.104089,0.566456,4.019246,0.226375,0.931085,-126.916718,-27.510322,-50.112254,2.939871,8.569152,0.0430
3.227798,10.104089,0.566456,4.019246,-0.046614,0.632680,-128.068527,-27.510322,-50.112254,2.966675,8.761974,0.0400
3.227798,10.104089,0.566456,4.019246,0.113998,0.795902,-129.486832,-27.510322,-50.112254,2.999227,8.993220,0.0410
3.227798,10.104089,0.566456,4.019246,-0.099603,0.594988,-130.406311,-27.510322,-50.112254,3.020087,9.142491,0.0400
3.227798,10.104089,0.566456,4.019246,-0.185520,0.726359,-131.723099,-27.510322,-50.112254,3.050611,9.356540,0.0400
3.227798,10.104089,0.566456,4.019246,0.153967,0.954967,-131.823853,-27.510322,-50.112254,3.052938,9.372695,0.0400
3.227798,10.104089,0.566456,4.019246,0.153390,0.955088,-134.853592,-27.510322,-50.112254,3.116410,9.826296,0.0400
3.227798,10.104089,0.566456,4.019246,-0.489283,0.486164,-136.055237,-27.510322,-50.112254,3.142078,9.999898,0.0560
3.227798,10.104089,0.566456,4.019246,0.470311,1.282301,-137.488571,-27.510322,-50.112254,3.172639,10.209718,0.0400
2.848057,14.145724,-0.367667,3.913121,0.042542,0.786982,-139.302368,-27.510324,-50.112213,3.181821,10.472758,0.0400
2.848057,14.145724,-0.367667,3.913121,0.145106,1.219221,-140.580872,-27.510324,-50.112213,3.153323,10.658847,0.0470
2.848057,14.145724,-0.367667,3.913121,0.365257,1.072908,-141.995193,-27.510324,-50.112213,3.123989,10.867127,0.0400
2.848057,14.145724,-0.367667,3.913121,0.360732,0.966268,-141.995193,-27.510324,-50.112213,3.123989,10.867127,0.0400
2.848057,14.145724,-0.367667,3.913121,0.360732,0.966268,-141.995193,-27.510324,-50.112213,3.123989,10.867127,0.0400
2.848057,14.145724,-0.367667,3.913121,0.360732,0.966268,-141.995193,-27.510324,-50.112213,3.123989,10.867127,0.0400
2.848057,14.145724,-0.367667,3.913121,0.360732,0.966268,-141.995193,-27.510324,-50.112213,3.123989,10.867127,0.0400
2.848057,14.145724,-0.367667,3.913121,0.360732,0.966268,-141.995193,-27.510324,-50.112213,3.123989,10.867127,0.0400
2.848057,14.145724,-0.367667,3.913121,0.360732,0.966268,-141.995193,-27.510324,-50.112213,3.123989,10.867127,0.0400
2.848057,14.145724,-0.367667,3.913121,0.360732,0.966268,-141.995193,-27.510324,-50.112213,3.123989,10.867127,0.0400
2.848057,14.145724,-0.367667,3.913121,0.360732,0.966268,-141.995193,-27.510324,-50.112213,3.123989,10.867127,0.0400
2.848057,14.145724,-0.367667,3.913121,0.360732,0.966268,-141.995193,-27.510324,-50.112213,3.123989,10.867127,0.0400
2.848057,14.145724,-0.367667,3.913121,0.360732,0.966318,-162.381424,-27.510324,-50.112213,3.064007,12.941076,0.0410
2.848057,14.145724,-0.367667,3.913121,0.928810,1.155736,-164.036713,-27.510324,-50.112213,3.026254,13.081730,0.0450
2.848057,14.145724,-0.367667,3.913121,1.105688,0.655085,-166.320694,-27.510324,-50.112213,2.998005,13.279969,0.0410
2.848057,14.145724,-0.367667,3.913121,1.016546,0.721966,-167.325882,-27.510324,-50.112213,2.986321,13.365871,0.0400
2.848057,14.145724,-0.367667,3.913121,1.016654,0.721929,-167.325882,-27.510324,-50.112213,2.986321,13.365871,0.0400
2.848057,14.145724,-0.367667,3.913121,1.016654,0.721929,-167.325882,-27.510324,-50.112213,2.986321,13.365871,0.0400
2.848057,14.145724,-0.367667,3.913121,1.016654,0.721929,-167.325882,-27.510324,-50.112213,2.986321,13.365871,0.0400
2.848057,14.145724,-0.367667,3.913121,1.016654,0.721929,-167.325882,-27.510324,-50.112213,2.986321,13.365871,0.0400
2.848057,14.145724,-0.367667,3.913121,1.016654,0.721929,-167.325882,-27.510334,-50.112182,2.986321,13.365871,0.0400
2.848057,14.145724,-0.367667,3.913121,1.016654,0.721929,-167.325882,-27.510334,-50.112182,2.986321,13.365871,0.0400
1.898703,17.176950,-0.901004,2.876851,1.326709,0.600836,173.688034,-27.510334,-50.112182,2.735429,14.695819,0.0400
1.898703,17.176950,-0.901004,2.876851,1.054503,0.843217,171.603180,-27.510334,-50.112182,2.683698,14.820943,0.0400
1.898703,17.176950,-0.901004,2.876851,1.514408,0.591288,169.724472,-27.510334,-50.112182,2.640020,14.937074,0.0400
1.898703,17.176950,-0.901004,2.876851,1.433267,0.354732,169.724472,-27.510334,-50.112182,2.640020,14.937074,0.0400
1.898703,17.176950,-0.901004,2.876851,1.433267,0.354732,169.724472,-27.510334,-50.112182,2.640020,14.937074,0.0400
1.898703,17.176950,-0.901004,2.876851,1.625138,0.332446,160.244019,-27.510334,-50.112182,2.467839,15.491950,0.0820
1.898703,17.176950,-0.901004,2.876851,1.103074,0.266914,157.656158,-27.510334,-50.112182,2.414387,15.646987,0.0400
1.898703,17.176950,-0.901004,2.876851,1.354649,0.570782,157.453445,-27.510334,-50.112182,2.410282,15.659129,0.0400
1.898703,17.176950,-0.901004,2.876851,1.354649,0.570782,157.453445,-27.510334,-50.112182,2.410282,15.659129,0.0400
1.898703,17.176950,-0.901004,2.876851,1.354649,0.570782,157.453445,-27.510334,-50.112182,2.410282,15.659129,0.0400
1.898703,17.176950,-0.901004,2.876851,1.354649,0.570782,157.453445,-27.510334,-50.112182,2.410282,15.659129,0.0400
1.898703,17.176950,-0.901004,2.876851,1.354649,0.570782,157.453445,-27.510334,-50.112182,2.410282,15.659129,0.0400
1.898703,17.176950,-0.901004,2.876851,1.354649,0.570782,157.453445,-27.510334,-50.112182,2.410282,15.659129,0.0400
1.898703,17.176950,-0.901004,2.876851,1.354649,0.570782,157.453445,-27.510334,-50.112182,2.410282,15.659129,0.0400
1.898703,17.176950,-0.901004,2.876851,1.354649,0.570782,135.568542,-27.510334,-50.112182,2.046738,16.912202,0.0420
1.898703,17.176950,-0.901004,2.876851,1.823050,-0.939019,131.969650,-27.510334,-50.112182,1.962364,17.114811,0.0880
-0.189873,18.524162,-1.880549,1.213026,1.727304,-1.404780,128.102310,-27.510354,-50.112169,1.783156,17.205053,0.0760
-0.189873,18.524162,-1.880549,1.213026,2.097757,-1.307516,125.696350,-27.510354,-50.112169,1.632520,17.213691,0.0400
-0.189873,18.524162,-1.880549,1.213026,2.083503,-1.553012,124.988716,-27.510354,-50.112169,1.593603,17.223139,0.0400
-0.189873,18.524162,-1.880549,1.213026,1.934620,-1.657939,117.560028,-27.510354,-50.112169,1.300400,17.414590,0.1000
-0.189873,18.524162,-1.880549,1.213026,2.240986,-1.653900,105.994492,-27.510354,-50.112169,0.822892,17.713376,0.1970
-0.189873,18.524162,-1.880549,1.213026,2.139135,-2.275240,91.822884,-27.510354,-50.112169,0.266441,18.076508,0.3020
-0.189873,18.524162,-1.880549,1.213026,1.342731,-2.240773,90.565086,-27.510354,-50.112169,0.194674,18.123645,0.0440
-0.189873,18.524162,-1.880549,1.213026,2.016638,-1.399420,89.013939,-27.510354,-50.112169,0.029267,18.232092,0.0850
-0.189873,18.524162,-1.880549,1.213026,1.955633,-1.366317,88.548386,-27.510354,-50.112169,-0.061058,18.291443,0.0400
-0.189873,18.524162,-1.880549,1.213026,2.015249,-0.997600,88.548386,-27.510354,-50.112169,-0.061058,18.291443,0.0400
-0.189873,18.524162,-1.880549,1.213026,2.015249,-0.997600,88.548386,-27.510381,-50.112177,-0.061058,18.291443,0.0400
-0.189873,18.524162,-1.880549,1.213026,2.015249,-0.997600,88.548386,-27.510381,-50.112177,-0.061058,18.291443,0.0400
-0.189873,18.524162,-1.880549,1.213026,2.015249,-0.997600,88.548386,-27.510381,-50.112177,-0.061058,18.291443,0.0400
-3.417673,17.850557,-3.157542,-0.658944,2.012718,-1.003015,82.351791,-27.510381,-50.112177,-0.559318,18.342910,0.0400
-3.417673,17.850557,-3.157542,-0.658944,2.446381,-2.379775,80.074974,-27.510381,-50.112177,-0.846576,18.274766,0.0670
-3.417673,17.850557,-3.157542,-0.658944,2.090578,-2.432365,77.492027,-27.510381,-50.112177,-1.050939,18.240032,0.0410
-3.417673,17.850557,-3.157542,-0.658944,2.045970,-3.414268,74.450806,-27.510381,-50.112177,-1.273969,18.204178,0.0720
-3.417673,17.850557,-3.157542,-0.658944,1.404896,-3.078249,72.040382,-27.510381,-50.112177,-1.448092,18.176450,0.0490
-3.417673,17.850557,-3.157542,-0.658944,1.469352,-3.574859,70.049278,-27.510381,-50.112177,-1.589491,18.153987,0.0400
-3.417673,17.850557,-3.157542,-0.658944,1.356688,-3.046464,67.985359,-27.510381,-50.112177,-1.735655,18.133161,0.0400
-3.417673,17.850557,-3.157542,-0.658944,1.625877,-2.894757,63.541508,-27.510381,-50.112177,-2.029466,18.071804,0.0810
-3.417673,17.850557,-3.157542,-0.658944,1.416194,-2.578731,60.803875,-27.510381,-50.112177,-2.211067,18.041982,0.0410
-3.417673,17.850557,-3.157542,-0.658944,0.892300,-3.302056,56.169930,-27.510381,-50.112177,-2.507748,17.987114,0.0960
-3.417673,17.850557,-3.157542,-0.658944,0.791840,-3.419898,52.489788,-27.510381,-50.112177,-2.759916,17.941695,0.0730
-3.417673,17.850557,-3.157542,-0.658944,0.987063,-3.130476,50.858055,-27.510381,-50.112177,-2.938045,17.908067,0.0630
-3.417673,17.850557,-3.157542,-0.658944,1.367600,-2.572585,50.173717,-27.510381,-50.112177,-3.090365,17.881174,0.0400
-3.417673,17.850557,-3.157542,-0.658944,1.316157,-2.771729,49.477386,-27.510381,-50.112177,-3.310744,17.801031,0.0400
-4.936639,13.808925,-1.353759,-3.602052,1.869836,-2.351076,49.143387,-27.510394,-50.112216,-3.424608,17.744691,0.0410
-4.936639,13.808925,-1.353759,-3.602052,1.369828,-2.975955,48.786201,-27.510394,-50.112216,-3.478397,17.522312,0.0400
-4.936639,13.808925,-1.353759,-3.602052,1.402617,-2.420534,48.399982,-27.510394,-50.112216,-3.583171,17.319378,0.0400
-4.936639,13.808925,-1.353759,-3.602052,1.987455,-2.674908,48.012070,-27.510394,-50.112216,-3.662133,17.080891,0.0640
-4.936639,13.808925,-1.353759,-3.602052,1.812636,-2.569381,46.860329,-27.510394,-50.112216,-3.752687,16.831701,0.0540
-4.936639,13.808925,-1.353759,-3.602052,1.544468,-3.464394,45.176727,-27.510394,-50.112216,-3.822770,16.644646,0.0570
-4.936639,13.808925,-1.353759,-3.602052,0.848854,-4.209439,42.616146,-27.510394,-50.112216,-3.913161,16.405732,0.0600
-4.936639,13.808925,-1.353759,-3.602052,1.108510,-3.900787,40.979782,-27.510394,-50.112216,-3.968846,16.260744,0.0410
-4.936639,13.808925,-1.353759,-3.602052,1.367936,-3.762024,39.061775,-27.510394,-50.112216,-4.033121,16.093671,0.0400
-4.936639,13.808925,-1.353759,-3.602052,1.463030,-3.614347,39.061775,-27.510394,-50.112216,-4.033121,16.093671,0.0400
-4.936639,13.808925,-1.353759,-3.602052,0.466222,-3.759132,33.247650,-27.510394,-50.112216,-4.191236,15.632746,0.0570
-4.936639,13.808925,-1.353759,-3.602052,-0.387410,-3.560917,31.610828,-27.510394,-50.112216,-4.239650,15.514814,0.0440
-4.936639,13.808925,-1.353759,-3.602052,-1.210286,-3.680811,29.479530,-27.510394,-50.112216,-4.301432,15.359387,0.0400
-4.936639,13.808925,-1.353759,-3.602052,-0.985669,-3.777444,27.135145,-27.510394,-50.112216,-4.367983,15.179951,0.0440
-4.936639,13.808925,-1.353759,-3.602052,-1.839196,-3.660894,25.241848,-27.510394,-50.112216,-4.435892,15.003682,0.0530
-4.936639,13.808925,-1.353759,-3.602052,-1.557468,-3.289881,24.446066,-27.510394,-50.112216,-4.485160,14.874930,0.0400
-4.936639,13.808925,-1.353759,-3.602052,-1.540693,-3.259287,24.446066,-27.510394,-50.112216,-4.485160,14.874930,0.0400
-4.936639,13.808925,-1.353759,-3.602052,-1.540693,-3.259287,24.446066,-27.510394,-50.112216,-4.485160,14.874930,0.0400
-4.936639,13.808925,-1.353759,-3.602052,-1.540693,-3.259287,24.446066,-27.510394,-50.112216,-4.485160,14.874930,0.0400
-4.936639,13.808925,-1.353759,-3.602052,-1.540693,-3.259287,24.446066,-27.510394,-50.112216,-4.485160,14.874930,0.0400
-4.746768,10.104095,0.184840,-3.606667,-0.857928,-3.573980,23.169628,-27.510394,-50.112254,-4.646872,13.781880,0.0580
-4.746768,10.104095,0.184840,-3.606667,-0.451513,-2.684521,22.813578,-27.510394,-50.112254,-4.628613,13.645625,0.0400
-4.746768,10.104095,0.184840,-3.606667,-0.657658,-3.715686,22.192051,-27.510394,-50.112254,-4.616885,13.497124,0.0400
-4.746768,10.104095,0.184840,-3.606667,-0.816813,-3.760702,19.642740,-27.510394,-50.112254,-4.597385,13.158282,0.0820
-4.746768,10.104095,0.184840,-3.606667,-0.869071,-3.868222,18.186718,-27.510394,-50.112254,-4.586143,12.986485,0.0400
-4.746768,10.104095,0.184840,-3.606667,-0.720258,-3.385753,17.970379,-27.510394,-50.112254,-4.584426,12.961045,0.0400
-4.746768,10.104095,0.184840,-3.606667,-0.720258,-3.385753,17.970379,-27.510394,-50.112254,-4.584426,12.961045,0.0400
-4.746768,10.104095,0.184840,-3.606667,-0.720258,-3.385753,17.970379,-27.510394,-50.112254,-4.584426,12.961045,0.0400
-4.746768,10.104095,0.184840,-3.606667,-0.720258,-3.385753,17.970379,-27.510394,-50.112254,-4.584426,12.961045,0.0400
-4.746768,10.104095,0.184840,-3.606667,-0.720258,-3.385753,17.970379,-27.510394,-50.112254,-4.584426,12.961045,0.0400
-4.746768,10.104095,0.184840,-3.606667,-0.720258,-3.385753,17.970379,-27.510394,-50.112254,-4.584426,12.961045,0.0400
-4.746768,10.104095,0.184840,-3.606667,-0.720258,-3.385753,17.970379,-27.510394,-50.112254,-4.584426,12.961045,0.0400
-4.746768,10.104095,0.184840,-3.606667,-0.720258,-3.385753,17.970379,-27.510394,-50.112254,-4.584426,12.961045,0.0400
-4.746768,10.104095,0.184840,-3.606667,-0.720485,-3.385714,-3.452943,-27.510394,-50.112254,-4.530897,11.203846,0.0450
-4.746768,10.104095,0.184840,-3.606667,-1.679622,-2.376729,-5.882252,-27.510394,-50.112254,-4.508534,11.035510,0.0680
-4.746768,10.104095,0.184840,-3.606667,-1.727092,-2.654365,-7.784476,-27.510394,-50.112254,-4.482287,10.773678,0.0700
-4.746768,10.104095,0.184840,-3.606667,-0.938970,-2.962070,-8.408031,-27.510394,-50.112254,-4.460788,10.526655,0.0710
-3.037934,7.072869,1.839186,-3.262450,-0.217788,-3.303823,-8.924426,-27.510378,-50.112286,-4.430211,10.288204,0.0810
-3.037934,7.072869,1.839186,-3.262450,-1.107245,-3.500489,-9.667026,-27.510378,-50.112286,-4.295396,10.140995,0.0490
-3.037934,7.072869,1.839186,-3.262450,-0.770259,-3.267443,-11.677459,-27.510378,-50.112286,-4.151333,9.974663,0.0400
-3.037934,7.072869,1.839186,-3.262450,-2.060325,-3.625501,-15.388177,-27.510378,-50.112286,-4.066860,9.763744,0.0480
-3.037934,7.072869,1.839186,-3.262450,-2.248832,-3.851392,-18.232836,-27.510378,-50.112286,-3.977227,9.638924,0.0470
-3.037934,7.072869,1.839186,-3.262450,-3.151961,-4.081661,-22.461609,-27.510378,-50.112286,-3.853605,9.461789,0.0400
-3.037934,7.072869,1.839186,-3.262450,-2.838327,-3.728746,-25.661121,-27.510378,-50.112286,-3.795290,9.293842,0.0400
-3.037934,7.072869,1.839186,-3.262450,-3.290849,-2.795156,-29.465572,-27.510378,-50.112286,-3.665990,9.096382,0.0630
-3.037934,7.072869,1.839186,-3.262450,-3.160895,-2.220284,-31.383018,-27.510378,-50.112286,-3.553561,8.924376,0.0400
-3.037934,7.072869,1.839186,-3.262450,-3.045473,-1.703011,-31.429413,-27.510378,-50.112286,-3.549451,8.917787,0.0400
-3.037934,7.072869,1.839186,-3.262450,-2.943561,-1.710440,-32.430939,-27.510378,-50.112286,-3.408081,8.529652,0.0400
-3.037934,7.072869,1.839186,-3.262450,-2.674933,-1.230440,-33.616642,-27.510378,-50.112286,-3.073385,8.007116,0.1250
-0.759487,5.052052,2.270763,-2.014003,-2.705165,-1.210223,-34.347008,-27.510357,-50.112306,-2.438184,6.925888,0.3740
-0.759487,5.052052,2.270763,-2.014003,-2.740495,-0.138686,-34.087273,-27.510357,-50.112306,-1.785473,6.342716,0.2740
-0.759487,5.052052,2.270763,-2.014003,-2.321203,-0.659476,-34.026665,-27.510357,-50.112306,-1.661589,6.233504,0.0520
-0.759487,5.052052,2.270763,-2.014003,-2.467028,-0.432250,-33.962711,-27.510357,-50.112306,-1.531885,6.124489,0.0400
-0.759487,5.052052,2.270763,-2.014003,-2.742530,0.119246,-33.830460,-27.510357,-50.112306,-1.339072,5.946998,0.0870
-0.759487,5.052052,2.270763,-2.014003,-2.773080,-0.180084,-33.688496,-27.510357,-50.112306,-1.230948,5.854476,0.0400
-0.759487,5.052052,2.270763,-2.014003,-3.453664,0.033585,-33.651764,-27.510357,-50.112306,-1.212002,5.837960,0.0400
-0.759487,5.052052,2.270763,-2.014003,-3.443774,0.030641,-33.015251,-27.510357,-50.112306,-1.034241,5.587933,0.0420
-0.759487,5.052052,2.270763,-2.014003,-2.506494,-0.607218,-32.664711,-27.510357,-50.112306,-0.887336,5.487461,0.0540
-0.759487,5.052052,2.270763,-2.014003,-1.928020,-0.736967,-32.377960,-27.510357,-50.112306,-0.779336,5.399752,0.0400
-0.759487,5.052052,2.270763,-2.014003,-2.148985,-0.783503,-31.999481,-27.510357,-50.112306,-0.637002,5.269024,0.0400
-0.759487,5.052052,2.270763,-2.014003,-1.298704,-0.880083,-31.772675,-27.510357,-50.112306,-0.530738,5.179645,0.0520
-0.759487,5.052052,2.270763,-2.014003,-1.449186,-0.884739,-31.512228,-27.510357,-50.112306,-0.364027,5.036675,0.0430
-0.759487,5.052052,2.270763,-2.014003,-0.890346,-0.368080,-31.385611,-27.510357,-50.112306,-0.232277,4.921264,0.0740
0.949348,4.041643,1.682738,-0.994978,-0.933787,-1.191526,-31.293375,-27.510342,-50.112317,-0.122528,4.843346,0.0580
0.949348,4.041643,1.682738,-0.994978,-0.546238,-0.976140,-31.226492,-27.510342,-50.112317,0.019439,4.762361,0.0800
0.949348,4.041643,1.682738,-0.994978,0.005780,-0.942930,-31.339199,-27.510342,-50.112317,0.357506,4.564279,0.1950
0.949348,4.041643,1.682738,-0.994978,-0.116043,-0.745874,-31.463703,-27.510342,-50.112317,0.457646,4.504977,0.0570
0.949348,4.041643,1.682738,-0.994978,-0.351576,-0.184224,-31.958046,-27.510342,-50.112317,0.670179,4.377566,0.1260
0.949348,4.041643,1.682738,-0.994978,-1.055877,0.088561,-32.195530,-27.510342,-50.112317,0.751905,4.328404,0.0470
0.949348,4.041643,1.682738,-0.994978,-1.384804,0.062288,-32.524616,-27.510342,-50.112317,0.865493,4.260249,0.0680
0.949348,4.041643,1.682738,-0.994978,-1.788886,0.104320,-32.880337,-27.510342,-50.112317,0.938582,4.217641,0.0400
0.949348,4.041643,1.682738,-0.994978,-1.802243,-0.160123,-32.963718,-27.510342,-50.112317,0.952128,4.209659,0.0400
0.949348,4.041643,1.682738,-0.994978,-1.802243,-0.160123,-32.963718,-27.510342,-50.112317,0.952128,4.209659,0.0400
0.949348,4.041643,1.682738,-0.994978,-1.460102,-0.090317,-33.260052,-27.510342,-50.112317,1.182281,4.044795,0.0400
0.949348,4.041643,1.682738,-0.994978,-0.940462,0.285844,-33.314949,-27.510342,-50.112317,1.255388,4.006941,0.0420
0.949348,4.041643,1.682738,-0.994978,-0.667272,-0.204958,-33.354015,-27.510342,-50.112317,1.349401,3.953730,0.0400
0.949348,4.041643,1.682738,-0.994978,-0.591987,-0.190727,-33.354134,-27.510342,-50.112317,1.352775,3.951783,0.0400
2.278442,3.368037,1.188487,-0.602344,-0.561206,-0.203871,-33.209358,-27.510331,-50.112322,1.510666,3.854363,0.0400
2.278442,3.368037,1.188487,-0.602344,0.956396,-0.786655,-33.151100,-27.510331,-50.112322,1.564159,3.834787,0.0540
2.278442,3.368037,1.188487,-0.602344,0.876420,-0.906875,-33.108093,-27.510331,-50.112322,1.623141,3.806989,0.0410
2.278442,3.368037,1.188487,-0.602344,0.962060,-1.019101,-33.110191,-27.510331,-50.112322,1.678619,3.777406,0.0410
2.278442,3.368037,1.188487,-0.602344,0.571274,-0.551354,-33.143074,-27.510331,-50.112322,1.748264,3.743529,0.0570
2.278442,3.368037,1.188487,-0.602344,0.688675,-0.698646,-33.190125,-27.510331,-50.112322,1.800493,3.717825,0.0410
2.278442,3.368037,1.188487,-0.602344,0.694938,-0.756755,-33.285728,-27.510331,-50.112322,1.886772,3.674419,0.0740
2.278442,3.368037,1.188487,-0.602344,0.778049,-0.588903,-33.454193,-27.510331,-50.112322,1.990636,3.621956,0.0820
2.278442,3.368037,1.188487,-0.602344,0.830874,-0.542334,-33.615414,-27.510331,-50.112322,2.158986,3.536177,0.1260
2.278442,3.368037,1.188487,-0.602344,-0.591671,0.525822,-33.727791,-27.510331,-50.112322,2.282245,3.473204,0.1240
2.278442,3.368037,1.188487,-0.602344,-0.877673,0.338853,-34.096405,-27.510331,-50.112322,2.446197,3.389192,0.0740
2.278442,3.368037,1.188487,-0.602344,-1.916750,0.995109,-34.588570,-27.510331,-50.112322,2.642362,3.288326,0.2330
3.797406,3.368037,1.754256,0.000000,-1.416000,0.868988,-34.584423,-27.510317,-50.112323,2.717432,3.272433,0.0490
3.797406,3.368037,1.754256,0.000000,-1.180374,0.937624,-34.483612,-27.510317,-50.112323,2.802068,3.273534,0.0410
3.797406,3.368037,1.754256,0.000000,-1.424473,0.987582,-34.317966,-27.510317,-50.112323,2.906108,3.271700,0.0440
3.797406,3.368037,1.754256,0.000000,0.290450,-0.860547,-32.491760,-27.510317,-50.112323,3.459125,3.273168,0.3210
3.797406,3.368037,1.754256,0.000000,-1.147475,-0.853558,-32.040245,-27.510317,-50.112323,3.929410,3.274105,0.2550
3.797406,3.368037,1.754256,0.000000,0.216275,-0.065233,-31.813942,-27.510317,-50.112323,4.296041,3.275187,0.1790
3.797406,3.368037,1.754256,0.000000,1.073259,-0.707401,-32.314518,-27.510317,-50.112323,4.427943,3.275657,0.1140
4.746759,3.368037,1.131778,0.000000,0.481357,0.054963,-34.208969,-27.510307,-50.112323,4.577832,3.276268,0.1200
4.746759,3.368037,1.131778,0.000000,-1.408074,1.130649,-36.661575,-27.510307,-50.112323,4.707153,3.276930,0.1220
4.746759,3.368037,1.131778,0.000000,-0.800143,0.063130,-36.920036,-27.510307,-50.112323,4.829286,3.277643,0.1080
4.746759,3.368037,1.131778,0.000000,-0.296315,0.455313,-36.209572,-27.510307,-50.112323,4.886635,3.277923,0.0480
4.746759,3.368037,1.131778,0.000000,0.304607,-0.273555,-33.585629,-27.510307,-50.112323,5.013990,3.278677,0.1160
4.746759,3.368037,1.131778,0.000000,0.777823,0.599693,-32.833008,-27.510307,-50.112323,5.060553,3.278952,0.0400
4.746759,3.368037,1.131778,0.000000,1.417521,0.364094,-32.142693,-27.510307,-50.112323,5.109996,3.279156,0.0400
4.746759,3.368037,1.131778,0.000000,1.455201,0.518039,-31.914215,-27.510307,-50.112323,5.180266,3.280896,0.0420
4.746759,3.368037,1.131778,0.000000,0.519778,-0.126625,-31.850552,-27.510307,-50.112323,5.236305,3.280852,0.0630
4.746759,3.368037,1.131778,0.000000,0.040912,0.070983,-31.957243,-27.510307,-50.112323,5.289811,3.280911,0.0400
4.746759,3.368037,1.131778,0.000000,0.081214,0.178826,-32.009953,-27.510307,-50.112323,5.304871,3.280947,0.0400
4.746759,3.368037,1.131778,0.000000,0.071873,0.172126,-32.477818,-27.510307,-50.112323,5.406446,3.282045,0.0400
4.746759,3.368037,1.131778,0.000000,-0.036467,-0.194953,-32.691231,-27.510307,-50.112323,5.449256,3.282326,0.0470
4.746759,3.368037,1.131778,0.000000,0.204290,-0.290010,-32.915066,-27.510307,-50.112323,5.499537,3.282815,0.0400
4.746759,3.368037,1.131778,0.000000,0.248816,-0.239782,-32.979584,-27.510300,-50.112323,5.520962,3.283003,0.0400
4.746759,3.368037,1.131778,0.000000,0.248816,-0.239782,-32.979584,-27.510300,-50.112323,5.520962,3.283003,0.0400
4.746759,3.368037,1.131778,0.000000,0.248816,-0.239782,-32.979584,-27.510300,-50.112323,5.520962,3.283003,0.0400
4.746759,3.368037,1.131778,0.000000,0.248816,-0.239782,-32.979584,-27.510300,-50.112323,5.520962,3.283003,0.0400
4.746759,3.368037,1.131778,0.000000,0.248816,-0.239782,-32.979584,-27.510300,-50.112323,5.520962,3.283003,0.0400
4.746759,3.368037,1.131778,0.000000,0.248816,-0.239782,-32.979584,-27.510300,-50.112323,5.520962,3.283003,0.0400
4.746759,3.368037,1.131778,0.000000,0.248816,-0.239782,-32.979584,-27.510300,-50.112323,5.520962,3.283003,0.0400
4.746759,3.368037,1.131778,0.000000,0.248816,-0.239782,-32.979584,-27.510300,-50.112323,5.520962,3.283003,0.0400
4.746759,3.368037,1.131778,0.000000,0.248816,-0.239782,-32.979584,-27.510300,-50.112323,5.520962,3.283003,0.0400
4.746759,3.368037,1.131778,0.000000,0.248816,-0.239782,-32.979584,-27.510300,-50.112323,5.520962,3.283003,0.0400
4.746759,3.368037,1.131778,0.000000,0.248816,-0.239782,-32.979584,-27.510300,-50.112323,5.520962,3.283003,0.0410
4.746759,3.368037,1.131778,0.000000,0.248816,-0.239782,-32.979584,-27.510300,-50.112323,5.520962,3.283003,0.0400
4.746759,3.368037,1.131778,0.000000,0.248816,-0.239782,-32.979584,-27.510300,-50.112323,5.520962,3.283003,0.0400
4.746759,3.368037,1.131778,0.000000,0.248816,-0.239782,-32.979584,-27.510300,-50.112323,5.520962,3.283003,0.0400
4.746759,3.368037,1.131778,0.000000,0.248816,-0.239782,-32.979584,-27.510300,-50.112323,5.520962,3.283003,0.0400
4.746759,3.368037,1.131778,0.000000,0.248816,-0.239782,-32.979584,-27.510300,-50.112323,5.520962,3.283003,0.0400
5.696113,3.368037,0.848833,0.000000,0.052963,0.191153,-46.092693,-27.510300,-50.112323,6.344594,3.286070,0.0400
5.696113,3.368037,0.848833,0.000000,-0.449220,2.301121,-47.081318,-27.510300,-50.112323,6.384820,3.262885,0.0410
5.696113,3.368037,0.848833,0.000000,-0.420830,3.095916,-48.883751,-27.510300,-50.112323,6.430414,3.235647,0.0400
5.696113,3.368037,0.848833,0.000000,-0.565230,3.186606,-49.392014,-27.510300,-50.112323,6.440908,3.229007,0.0410
5.696113,3.368037,0.848833,0.000000,-0.565230,3.186606,-49.392014,-27.510300,-50.112323,6.440908,3.229007,0.0400
6.455595,3.031234,0.696009,-0.308655,-0.355519,3.512381,-57.907124,-27.510293,-50.112327,6.538828,3.207209,0.0420
6.455595,3.031234,0.696009,-0.308655,-0.158371,3.226553,-61.501900,-27.510293,-50.112327,6.570164,3.159694,0.0500
6.455595,3.031234,0.696009,-0.308655,-0.169876,3.365165,-65.820000,-27.510293,-50.112327,6.604953,3.126072,0.0400
6.455595,3.031234,0.696009,-0.308655,-0.159963,3.400134,-70.261032,-27.510293,-50.112327,6.638082,3.112042,0.0430
6.455595,3.031234,0.696009,-0.308655,-0.032353,2.647404,-74.368889,-27.510293,-50.112327,6.666922,3.089089,0.0470
6.455595,3.031234,0.696009,-0.308655,0.093974,2.573153,-79.090897,-27.510293,-50.112327,6.698256,3.064374,0.0400
6.455595,3.031234,0.696009,-0.308655,0.074768,2.209432,-80.352684,-27.510293,-50.112327,6.706380,3.058396,0.0400
6.455595,3.031234,0.696009,-0.308655,0.074768,2.209432,-80.352684,-27.510293,-50.112327,6.706380,3.058396,0.0400
6.455595,3.031234,0.696009,-0.308655,0.074768,2.209432,-80.352684,-27.510293,-50.112327,6.706380,3.058396,0.0400
6.455595,3.031234,0.696009,-0.308655,0.074768,2.209432,-80.352684,-27.510293,-50.112327,6.706380,3.058396,0.0400
6.455595,3.031234,0.696009,-0.308655,0.074768,2.209432,-80.352684,-27.510293,-50.112327,6.706380,3.058396,0.0400
6.455595,3.031234,0.696009,-0.308655,0.074768,2.209432,-80.352684,-27.510293,-50.112327,6.706380,3.058396,0.0400
6.455595,3.031234,0.696009,-0.308655,0.074768,2.209432,-80.352684,-27.510293,-50.112327,6.706380,3.058396,0.0400
6.455595,3.031234,0.696009,-0.308655,0.074768,2.209432,-80.352684,-27.510293,-50.112327,6.706380,3.058396,0.0400
6.455595,3.031234,0.696009,-0.308655,0.074768,2.209432,-80.352684,-27.510293,-50.112327,6.706380,3.058396,0.0400
6.455595,3.031234,0.696009,-0.308655,0.074768,2.209432,-80.352684,-27.510293,-50.112327,6.706380,3.058396,0.0400
6.455595,3.031234,0.696009,-0.308655,0.074768,2.209432,-80.352684,-27.510293,-50.112327,6.706380,3.058396,0.0400
6.455595,3.031234,0.696009,-0.308655,0.074768,2.209432,-80.352684,-27.510293,-50.112327,6.706380,3.058396,0.0400
6.455595,3.031234,0.696009,-0.308655,0.074768,2.209432,-80.352684,-27.510293,-50.112327,6.706380,3.058396,0.0540
6.455595,3.031234,0.696009,-0.308655,0.074768,2.209432,-80.352684,-27.510293,-50.112327,6.706380,3.058396,0.0400
6.455595,3.031234,0.696009,-0.308655,0.074768,2.209432,-80.352684,-27.510292,-50.112328,6.706380,3.058396,0.0400
6.455595,3.031234,0.696009,-0.308655,0.074768,2.209432,-80.352684,-27.510292,-50.112328,6.706380,3.058396,0.0400
6.455595,3.031234,0.696009,-0.308655,0.074768,2.209432,-80.352684,-27.510292,-50.112328,6.706380,3.058396,0.0400
6.455595,3.031234,0.696009,-0.308655,0.074768,2.209432,-80.352684,-27.510292,-50.112328,6.706380,3.058396,0.0400
6.455595,3.031234,0.696009,-0.308655,0.074768,2.209432,-80.352684,-27.510292,-50.112328,6.706380,3.058396,0.0410
6.455595,3.031234,0.696009,-0.308655,0.074768,2.209432,-80.352684,-27.510292,-50.112328,6.706380,3.058396,0.0400
6.455595,3.031234,0.696009,-0.308655,0.074768,2.209432,-80.352684,-27.510292,-50.112328,6.706380,3.058396,0.0400
6.455595,3.031234,0.696009,-0.308655,0.074768,2.209432,-80.352684,-27.510292,-50.112328,6.706380,3.058396,0.0400
6.455595,3.031234,0.696009,-0.308655,0.074768,2.209432,-80.352684,-27.510292,-50.112328,6.706380,3.058396,0.0400
6.455595,3.031234,0.696009,-0.308655,0.074768,2.209432,-80.352684,-27.510292,-50.112328,6.706380,3.058396,0.0400
6.455595,3.031234,0.696009,-0.308655,0.074768,2.209432,-80.352684,-27.510292,-50.112328,6.706380,3.058396,0.0400
6.455595,3.031234,0.696009,-0.308655,0.074768,2.209432,-80.352684,-27.510292,-50.112328,6.706380,3.058396,0.0400
6.455595,3.031234,0.696009,-0.308655,0.074768,2.209432,-80.352684,-27.510292,-50.112328,6.706380,3.058396,0.0400
6.455595,3.031234,0.696009,-0.308655,0.074768,2.209432,-80.352684,-27.510292,-50.112328,6.706380,3.058396,0.0400
6.455595,3.031234,0.696009,-0.308655,0.074768,2.209432,-80.352684,-27.510292,-50.112328,6.706380,3.058396,0.0400
6.455595,3.031234,0.696009,-0.308655,0.074768,2.209432,-80.352684,-27.510292,-50.112328,6.706380,3.058396,0.0400
6.455595,3.031234,0.696009,-0.308655,0.074768,2.209432,-80.352684,-27.510292,-50.112328,6.706380,3.058396,0.0400
6.455595,3.031234,0.696009,-0.308655,0.074768,2.209432,-80.352684,-27.510292,-50.112328,6.706380,3.058396,0.0400
6.455595,3.031234,0.696009,-0.308655,0.074768,2.209432,-80.352684,-27.510292,-50.112328,6.706380,3.058396,0.0400
6.455595,3.031234,0.696009,-0.308655,0.074768,2.209432,-80.352684,-27.510292,-50.112328,6.706380,3.058396,0.0400
6.455595,3.031234,0.696009,-0.308655,0.074768,2.209432,-80.352684,-27.510293,-50.112327,6.706380,3.058396,0.0400
6.455595,3.031234,0.696009,-0.308655,0.074768,2.209432,-80.352684,-27.510293,-50.112327,6.706380,3.058396,0.0400
6.455595,3.031234,0.696009,-0.308655,0.074768,2.209432,-80.352684,-27.510293,-50.112327,6.706380,3.058396,0.0400
6.455595,3.031234,0.696009,-0.308655,0.074768,2.209432,-80.352684,-27.510293,-50.112327,6.706380,3.058396,0.0400
6.455595,3.031234,0.696009,-0.308655,0.074768,2.209432,-80.352684,-27.510293,-50.112327,6.706380,3.058396,0.0400
6.455595,3.031234,0.696009,-0.308655,0.074768,2.209432,-80.352684,-27.510293,-50.112327,6.706380,3.058396,0.0400
6.455595,3.031234,0.696009,-0.308655,0.074768,2.209432,-80.352684,-27.510293,-50.112327,6.706380,3.058396,0.0400
6.455595,3.031234,0.696009,-0.308655,0.074768,2.209432,-80.352684,-27.510293,-50.112327,6.706380,3.058396,0.0400
6.455595,3.031234,0.696009,-0.308655,0.074768,2.209432,-80.352684,-27.510293,-50.112327,6.706380,3.058396,0.0400
6.455595,3.031234,0.696009,-0.308655,0.074768,2.209432,-80.352684,-27.510293,-50.112327,6.706380,3.058396,0.0400
6.455595,3.031234,0.696009,-0.308655,0.074768,2.209432,-80.352684,-27.510293,-50.112327,6.706380,3.058396,0.0400
6.455595,3.031234,0.696009,-0.308655,0.074768,2.209432,-80.352684,-27.510293,-50.112327,6.706380,3.058396,0.0400
6.455595,3.031234,0.696009,-0.308655,0.074768,2.209432,-80.352684,-27.510293,-50.112327,6.706380,3.058396,0.0400
6.455595,3.031234,0.696009,-0.308655,0.074768,2.209432,-80.352684,-27.510293,-50.112327,6.706380,3.058396,0.0400
6.455595,3.031234,0.696009,-0.308655,0.074768,2.209432,-80.352684,-27.510293,-50.112327,6.706380,3.058396,0.0400
6.455595,3.031234,0.696009,-0.308655,0.074768,2.209432,-80.352684,-27.510293,-50.112327,6.706380,3.058396,0.0400
6.455595,3.031234,0.696009,-0.308655,0.074768,2.209432,-80.352684,-27.510293,-50.112327,6.706380,3.058396,0.0400
6.455595,3.031234,0.696009,-0.308655,0.074768,2.209432,-80.352684,-27.510293,-50.112327,6.706380,3.058396,0.0400
6.455595,3.031234,0.696009,-0.308655,0.074768,2.209432,-80.352684,-27.510293,-50.112327,6.706380,3.058396,0.0400
6.455595,3.031234,0.696009,-0.308655,0.074768,2.209432,-80.352684,-27.510293,-50.112323,6.706380,3.058396,0.0400
6.455595,3.031234,0.696009,-0.308655,0.074768,2.209432,-80.352684,-27.510293,-50.112323,6.706380,3.058396,0.0410
6.455595,3.031234,0.696009,-0.308655,0.074768,2.209432,-80.352684,-27.510293,-50.112323,6.706380,3.058396,0.0400
6.455595,3.031234,0.696009,-0.308655,0.074768,2.209432,-80.352684,-27.510293,-50.112323,6.706380,3.058396,0.0400
6.455595,3.031234,0.696009,-0.308655,0.074768,2.209432,-80.352684,-27.510293,-50.112323,6.706380,3.058396,0.0400
6.455595,3.368037,-0.000000,0.092600,0.074768,2.209432,-81.547379,-27.510293,-50.112323,7.735491,3.338175,0.0400
6.455595,3.368037,-0.000000,0.092600,0.283864,3.707070,-81.560089,-27.510293,-50.112323,7.716039,3.187363,0.0550
6.455595,3.368037,-0.000000,0.092600,0.284309,3.685061,-81.578255,-27.510293,-50.112323,7.696934,3.043432,0.0400
6.455595,3.368037,-0.000000,0.092600,0.270941,3.662854,-81.583458,-27.510293,-50.112323,7.690629,2.996802,0.0400
6.455595,3.368037,-0.000000,0.092600,0.270941,3.662854,-81.583458,-27.510293,-50.112323,7.690629,2.996802,0.0400
6.455595,3.368037,-0.000000,0.092600,0.270941,3.662854,-81.583458,-27.510293,-50.112323,7.690629,2.996802,0.0400
6.455595,3.368037,-0.000000,0.092600,0.270941,3.662854,-81.583458,-27.510293,-50.112323,7.690629,2.996802,0.0400
6.455595,3.368037,-0.000000,0.092600,0.270941,3.662854,-81.583458,-27.510293,-50.112323,7.690629,2.996802,0.0400
6.455595,3.368037,-0.000000,0.092600,0.270941,3.662854,-81.583458,-27.510293,-50.112323,7.690629,2.996802,0.0400
6.455595,3.368037,-0.000000,0.092600,0.270941,3.662854,-81.583458,-27.510293,-50.112323,7.690629,2.996802,0.0400
6.455595,3.368037,-0.000000,0.092600,0.270867,3.659708,-81.715240,-27.510293,-50.112323,7.691462,3.075556,0.0420
6.455595,3.368037,-0.000000,0.092600,0.266720,3.416164,-81.729401,-27.510293,-50.112323,7.680225,3.036485,0.0470
6.455595,3.368037,-0.000000,0.092600,0.266867,3.409320,-81.744545,-27.510293,-50.112323,7.669388,3.021753,0.0400
6.455595,3.368037,-0.000000,0.092600,0.261240,3.392195,-81.748894,-27.510293,-50.112323,7.666019,3.017903,0.0400
6.455595,3.368037,-0.000000,0.092600,0.261240,3.392195,-81.748894,-27.510293,-50.112323,7.666019,3.017903,0.0400
6.455595,3.368037,-0.000000,0.092600,0.261240,3.392195,-81.748894,-27.510293,-50.112323,7.666019,3.017903,0.0400
6.455595,3.368037,-0.000000,0.092600,0.261240,3.392195,-81.748894,-27.510292,-50.112322,7.666019,3.017903,0.0550
6.455595,3.368037,-0.000000,0.092600,0.261240,3.392195,-81.748894,-27.510292,-50.112322,7.666019,3.017903,0.0400
6.455595,3.368037,0.000000,0.000000,0.248888,3.235560,-81.836006,-27.510292,-50.112322,7.664883,3.065968,0.0400
6.455595,3.368037,0.000000,0.000000,0.245711,3.210856,-81.850883,-27.510292,-50.112322,7.655158,3.044539,0.0490
6.455595,3.368037,0.000000,0.000000,0.248622,3.188578,-81.865929,-27.510292,-50.112322,7.644734,3.032336,0.0400
6.455595,3.368037,0.000000,0.000000,0.247255,3.182173,-81.865929,-27.510292,-50.112322,7.644734,3.032336,0.0400
6.455595,3.368037,0.000000,0.000000,0.247255,3.182173,-81.865929,-27.510292,-50.112322,7.644734,3.032336,0.0400
6.455595,3.368037,0.000000,0.000000,0.247255,3.182173,-81.865929,-27.510292,-50.112322,7.644734,3.032336,0.0400
6.455595,3.368037,0.000000,0.000000,0.247255,3.182173,-81.865929,-27.510292,-50.112322,7.644734,3.032336,0.0400
6.455595,3.368037,0.000000,0.000000,0.247255,3.182173,-81.865929,-27.510292,-50.112322,7.644734,3.032336,0.0400
6.455595,3.368037,0.000000,0.000000,0.247255,3.182173,-81.865929,-27.510292,-50.112322,7.644734,3.032336,0.0400
6.455595,3.368037,0.000000,0.000000,0.247255,3.182173,-81.865929,-27.510292,-50.112322,7.644734,3.032336,0.0400
6.455595,3.368037,0.000000,0.000000,0.247240,3.182011,-82.002098,-27.510292,-50.112322,7.645967,3.089037,0.0440
6.455595,3.368037,0.000000,0.000000,0.225145,2.894245,-82.015175,-27.510292,-50.112322,7.635000,3.060197,0.0630
6.455595,3.368037,0.000000,0.000000,0.220553,2.863057,-82.026581,-27.510292,-50.112322,7.624053,3.044246,0.0400
6.455595,3.368037,0.000000,0.000000,0.220941,2.844185,-82.038681,-27.510292,-50.112322,7.612340,3.030136,0.0400
6.455595,3.368037,0.000000,0.000000,0.216027,2.805910,-82.049072,-27.510292,-50.112322,7.602848,3.020051,0.0420
6.455595,3.368037,0.000000,0.000000,0.213972,2.786224,-82.062416,-27.510292,-50.112322,7.591695,3.008968,0.0400
6.455595,3.368037,0.000000,0.000000,0.214624,2.763497,-82.076157,-27.510292,-50.112322,7.580124,2.998866,0.0400
6.455595,3.704840,-0.000000,0.046300,0.209679,2.721806,-82.089806,-27.510292,-50.112322,7.568214,2.994445,0.0400
6.455595,3.704840,-0.000000,0.046300,0.207564,2.695038,-82.102859,-27.510292,-50.112322,7.556585,2.993589,0.0400
6.455595,3.704840,-0.000000,0.046300,0.202371,2.656740,-82.114693,-27.510292,-50.112322,7.546305,2.994302,0.0400
6.455595,3.704840,-0.000000,0.046300,0.247590,2.687160,-82.148956,-27.510292,-50.112322,7.535583,2.995446,0.0400
6.455595,3.704840,-0.000000,0.046300,0.183051,2.621307,-82.224815,-27.510292,-50.112322,7.527111,2.998337,0.0400
6.455595,3.704840,-0.000000,0.046300,0.376925,2.603687,-82.586998,-27.510292,-50.112322,7.517146,3.001070,0.0400
6.455595,3.704840,-0.000000,0.046300,0.112556,2.557008,-82.942352,-27.510292,-50.112322,7.509330,3.005122,0.0400
6.455595,3.704840,-0.000000,0.046300,-0.316888,2.744056,-83.013878,-27.510292,-50.112322,7.499665,3.010370,0.0400
6.455595,3.704840,-0.000000,0.046300,0.315728,2.459470,-83.100960,-27.510292,-50.112322,7.490474,3.015923,0.0400
6.455595,3.704840,-0.000000,0.046300,0.018429,2.383725,-83.362495,-27.510292,-50.112322,7.481209,3.022577,0.0400
6.455595,3.704840,-0.000000,0.046300,0.437802,2.475939,-83.715294,-27.510292,-50.112322,7.471843,3.029569,0.0400
6.455595,3.704840,-0.000000,0.046300,0.238919,2.543441,-83.796234,-27.510292,-50.112322,7.463460,3.036330,0.0400
6.455595,3.704840,-0.000000,0.046300,0.043142,2.210450,-84.287491,-27.510292,-50.112322,7.454477,3.044165,0.0400
6.455595,3.704840,-0.000000,0.046300,0.236403,2.188503,-84.626694,-27.510292,-50.112322,7.446442,3.051546,0.0400
6.455595,3.704840,-0.000000,0.046300,0.301253,2.376030,-84.941414,-27.510292,-50.112322,7.438550,3.059111,0.0400
6.455595,3.704840,-0.000000,0.046300,0.129925,2.320559,-85.036957,-27.510292,-50.112322,7.430579,3.067326,0.0400
6.455595,3.704840,-0.000000,0.046300,0.002516,2.213190,-84.414963,-27.510292,-50.112322,7.422699,3.074934,0.0400
6.455595,3.704840,-0.000000,0.046300,0.227586,2.181976,-83.565361,-27.510292,-50.112322,7.416203,3.082232,0.0400
6.455595,3.704840,-0.000000,0.046300,0.390541,2.161651,-83.284782,-27.510292,-50.112322,7.408121,3.090971,0.0400
7.404948,3.704840,0.889989,0.000000,0.171876,2.077250,-83.304543,-27.510285,-50.112319,7.421565,3.097893,0.0400
7.404948,3.704840,0.889989,0.000000,0.100178,2.090928,-83.360550,-27.510285,-50.112319,7.464138,3.103046,0.0400
7.404948,3.704840,0.889989,0.000000,0.118620,2.037755,-83.228470,-27.510285,-50.112319,7.506748,3.108884,0.0400
