1.518965,-2.694419,0.000000,0.000000,0.017471,0.091581,0.076039,-27.510513,-50.112240,1.453257,-2.580381,0.2320
1.518965,-2.694419,0.000000,0.000000,0.010324,0.064156,0.076308,-27.510513,-50.112240,1.463035,-2.597089,0.0420
1.518965,-2.694419,0.000000,0.000000,0.006968,0.036719,0.076706,-27.510513,-50.112240,1.471058,-2.610713,0.0450
1.518965,-2.694419,0.000000,0.000000,0.000889,0.013403,0.076615,-27.510513,-50.112240,1.476331,-2.619600,0.0440
1.518965,-2.694419,0.000000,0.000000,-0.000068,-0.000513,0.077319,-27.510513,-50.112240,1.481949,-2.629094,0.0560
1.518965,-2.694419,0.000000,0.000000,-0.000194,0.001019,0.077349,-27.510513,-50.112240,1.486746,-2.637148,0.0640
1.518965,-2.694419,0.000000,0.000000,0.000171,0.000419,0.077333,-27.510513,-50.112240,1.489249,-2.641376,0.0410
1.518965,-2.694419,0.000000,0.000000,0.002366,0.001057,0.077401,-27.510513,-50.112240,1.491313,-2.644868,0.0400
1.518965,-2.694419,0.000000,0.000000,-0.000498,-0.001768,0.077575,-27.510513,-50.112240,1.493262,-2.648160,0.0410
1.518965,-2.694419,0.000000,0.000000,-0.000836,-0.000254,0.078087,-27.510513,-50.112240,1.495143,-2.651363,0.0470
1.518965,-2.694419,0.000000,0.000000,0.000218,0.000064,0.078709,-27.510513,-50.112240,1.496608,-2.653860,0.0410
1.518965,-2.694419,0.000000,0.000000,-0.000122,-0.000171,0.078946,-27.510513,-50.112240,1.497862,-2.655979,0.0430
1.518965,-2.694419,0.000000,0.000000,-0.000216,-0.000348,0.079636,-27.510513,-50.112240,1.498984,-2.657887,0.0410
1.518965,-2.694419,0.000000,0.000000,0.001608,-0.001003,0.079746,-27.510513,-50.112240,1.500153,-2.659882,0.0410
1.518965,-2.694419,0.000000,0.000000,0.001070,0.000679,0.079196,-27.510513,-50.112240,1.501055,-2.661420,0.0410
1.518965,-2.694419,0.000000,0.000000,-0.000808,0.000453,0.079347,-27.510513,-50.112240,1.501876,-2.662822,0.0410
1.518965,-2.694419,0.000000,0.000000,-0.000575,-0.0005,0.079148,-27.510513,-50.112240,1.502628,-2.664103,0.0410
1.518965,-2.694419,0.000000,0.000000,-0.000067,0.000038,0.082356,-27.510513,-50.112240,1.504024,-2.666512,0.0420
1.708836,-2.694419,0.205778,0.000000,-0.000116,0.000821,0.083669,-27.510512,-50.112239,1.505125,-2.667554,0.0430
1.708836,-2.694419,0.205778,0.000000,-0.003627,-0.000906,0.084614,-27.510512,-50.112239,1.529711,-2.669377,0.0400
1.708836,-2.694419,0.205778,0.000000,0.000181,-0.004177,0.084776,-27.510512,-50.112239,1.541521,-2.670217,0.0430
1.708836,-2.694419,0.205778,0.000000,-0.001564,-0.001461,0.084508,-27.510512,-50.112239,1.552531,-2.670968,0.0410
1.708836,-2.694419,0.205778,0.000000,-0.000016,0.000024,0.084886,-27.510512,-50.112239,1.563611,-2.671703,0.0410
1.708836,-2.694419,0.205778,0.000000,-0.000802,0.000008,0.085594,-27.510512,-50.112239,1.573973,-2.672365,0.0400
1.708836,-2.694419,0.205778,0.000000,-0.000183,0.002210,0.085496,-27.510512,-50.112239,1.583919,-2.672992,0.0410
1.708836,-2.694419,0.205778,0.000000,0.000086,-0.000450,0.085601,-27.510512,-50.112239,1.593823,-2.673579,0.0410
1.708836,-2.694419,0.205778,0.000000,0.000445,0.000887,0.084504,-27.510512,-50.112239,1.603841,-2.674157,0.0440
1.708836,-2.694419,0.205778,0.000000,-0.001059,0.000538,0.083795,-27.510512,-50.112239,1.613216,-2.674684,0.0400
1.708836,-2.694419,0.205778,0.000000,-0.000462,-0.000794,0.083203,-27.510512,-50.112239,1.622391,-2.675183,0.0410
1.708836,-2.694419,0.205778,0.000000,-0.000225,0.000273,0.082502,-27.510512,-50.112239,1.631677,-2.675678,0.0410
1.708836,-2.694419,0.205778,0.000000,-0.000575,0.000055,0.082483,-27.510512,-50.112239,1.640373,-2.676130,0.0410
1.708836,-2.694419,0.205778,0.000000,-0.000379,-0.002268,0.083045,-27.510512,-50.112239,1.650615,-2.676648,0.0470
1.708836,-2.694419,0.205778,0.000000,-0.000690,0.000541,0.083571,-27.510512,-50.112239,1.666242,-2.677395,0.0770
1.708836,-2.694419,0.205778,0.000000,-0.000236,0.000571,0.083105,-27.510512,-50.112239,1.674552,-2.677784,0.0410
1.708836,-2.694419,0.205778,0.000000,0.000016,0.000177,0.082328,-27.510512,-50.112239,1.682743,-2.678139,0.0410
1.708836,-2.694419,0.205778,0.000000,-0.001146,-0.001523,0.082676,-27.510512,-50.112239,1.694767,-2.678659,0.0630
1.708836,-2.694419,0.205778,0.000000,0.000289,-0.000355,0.082540,-27.510512,-50.112239,1.703980,-2.679030,0.0480
1.708836,-2.694419,0.205778,0.000000,0.000058,0.000480,0.082688,-27.510512,-50.112239,1.712191,-2.679360,0.0450
1.708836,-2.694419,0.205778,0.000000,-0.005906,0.001820,0.083868,-27.510512,-50.112239,1.720433,-2.679676,0.0450
1.708836,-2.694419,0.205778,0.000000,0.002990,0.000330,0.084381,-27.510512,-50.112239,1.728412,-2.679980,0.0430
1.708836,-2.694419,0.000000,0.000000,0.000050,0.000620,0.083679,-27.510511,-50.112239,1.731219,-2.680303,0.0510
1.708836,-2.694419,0.000000,0.000000,-0.000718,-0.000999,0.082613,-27.510511,-50.112239,1.732742,-2.680593,0.0460
1.708836,-2.694419,0.000000,0.000000,0.000209,-0.000203,0.081412,-27.510511,-50.112239,1.734010,-2.680862,0.0450
1.708836,-2.694419,0.000000,0.000000,-0.000629,-0.000229,0.081190,-27.510511,-50.112239,1.735260,-2.681119,0.0440
1.708836,-2.694419,0.000000,0.000000,-0.000905,0.002812,0.080541,-27.510511,-50.112239,1.736355,-2.681396,0.0500
1.708836,-2.694419,0.000000,0.000000,0.000658,0.000347,0.080098,-27.510511,-50.112239,1.737393,-2.681643,0.0450
1.708836,-2.694419,0.000000,0.000000,-0.000476,-0.000277,0.081181,-27.510511,-50.112239,1.738060,-2.681890,0.0480
1.708836,-2.694419,0.000000,0.000000,-0.002572,0.001307,0.080587,-27.510511,-50.112239,1.738775,-2.682120,0.0470
1.708836,-2.694419,0.000000,0.000000,-0.001972,0.003259,0.080365,-27.510511,-50.112239,1.739434,-2.682333,0.0440
1.708836,-2.694419,0.000000,0.000000,0.000041,-0.000540,0.080635,-27.510511,-50.112239,1.739887,-2.682578,0.0510
1.708836,-2.694419,0.000000,0.000000,-0.000261,0.000378,0.081278,-27.510511,-50.112239,1.740339,-2.682768,0.0430
1.708836,-2.694419,0.000000,0.000000,-0.000001,-0.000277,0.082073,-27.510511,-50.112239,1.740607,-2.682989,0.0500
1.708836,-2.694419,0.000000,0.000000,-0.000021,0.000869,0.081886,-27.510511,-50.112239,1.740997,-2.683180,0.0470
1.708836,-2.694419,0.000000,0.000000,0.000445,-0.000433,0.082181,-27.510511,-50.112239,1.741309,-2.683379,0.0500
1.708836,-2.694419,0.000000,0.000000,0.001153,0.000242,0.081559,-27.510511,-50.112239,1.741601,-2.683552,0.0450
1.708836,-2.694419,0.000000,0.000000,0.000231,0.000021,0.080695,-27.510511,-50.112239,1.741709,-2.683732,0.0460
1.708836,-2.694419,0.000000,0.000000,0.001556,-0.001451,0.080525,-27.510511,-50.112239,1.741791,-2.683894,0.0470
1.708836,-2.694419,0.000000,0.000000,0.000321,-0.000205,0.081081,-27.510511,-50.112239,1.741840,-2.684070,0.0480
1.708836,-2.694419,0.000000,0.000000,0.000150,-0.001484,0.081357,-27.510511,-50.112239,1.741832,-2.684251,0.0520
1.708836,-2.694419,0.000000,0.000000,0.001195,0.000497,0.081007,-27.510511,-50.112239,1.741796,-2.684410,0.0480
1.708836,-2.694419,0.000000,0.000000,0.000256,-0.000008,0.081515,-27.510511,-50.112239,1.741723,-2.684559,0.0440
1.898706,-2.694419,0.051444,0.000000,-0.000868,0.000436,0.081130,-27.510510,-50.112240,1.743993,-2.684692,0.0450
1.898706,-2.694419,0.051444,0.000000,-0.000399,-0.000137,0.081700,-27.510510,-50.112240,1.749070,-2.684853,0.0510
1.898706,-2.694419,0.051444,0.000000,0.000147,0.000036,0.081919,-27.510510,-50.112240,1.753288,-2.684985,0.0450
1.898706,-2.694419,0.051444,0.000000,-0.000155,0.000153,0.082060,-27.510510,-50.112240,1.757470,-2.685112,0.0440
1.898706,-2.694419,0.051444,0.000000,0.001294,0.000173,0.082241,-27.510510,-50.112240,1.761996,-2.685251,0.0490
1.898706,-2.694419,0.051444,0.000000,0.000336,0.000910,0.082417,-27.510510,-50.112240,1.766022,-2.685371,0.0450
1.898706,-2.694419,0.051444,0.000000,-0.000538,-0.000177,0.083027,-27.510510,-50.112240,1.773695,-2.685604,0.0880
1.898706,-2.694419,0.051444,0.000000,0.000960,0.001705,0.083527,-27.510510,-50.112240,1.777432,-2.685716,0.0430
1.898706,-2.694419,0.051444,0.000000,0.000311,0.000066,0.083512,-27.510510,-50.112240,1.781572,-2.685837,0.0490
1.898706,-2.694419,0.051444,0.000000,0.000462,0.000370,0.083949,-27.510510,-50.112240,1.785223,-2.685943,0.0430
1.898706,-2.694419,0.051444,0.000000,0.005154,0.005107,0.083720,-27.510510,-50.112240,1.790336,-2.686090,0.0630
1.898706,-2.694419,0.051444,0.000000,-0.001603,-0.003774,0.084033,-27.510510,-50.112240,1.793747,-2.686186,0.0410
1.898706,-2.694419,0.051444,0.000000,-0.000178,0.000124,0.085098,-27.510510,-50.112240,1.796915,-2.686277,0.0400
1.898706,-2.694419,0.051444,0.000000,0.000090,-0.000160,0.086255,-27.510510,-50.112240,1.800472,-2.686376,0.0450
1.898706,-2.694419,0.051444,0.000000,-0.000409,-0.000179,0.086723,-27.510510,-50.112240,1.803832,-2.686470,0.0450
1.898706,-2.694419,0.051444,0.000000,-0.000213,-0.000587,0.087775,-27.510510,-50.112240,1.807565,-2.686571,0.0490
1.898706,-2.694419,0.051444,0.000000,0.000917,0.000752,0.087998,-27.510510,-50.112240,1.810870,-2.686661,0.0460
1.898706,-2.694419,0.051444,0.000000,0.000833,-0.000378,0.087876,-27.510510,-50.112240,1.814219,-2.686751,0.0450
1.898706,-2.694419,0.051444,0.000000,0.003027,0.002909,0.087404,-27.510510,-50.112240,1.817384,-2.686837,0.0450
1.898706,-2.694419,0.051444,0.000000,-0.000280,0.000010,0.088110,-27.510510,-50.112240,1.821041,-2.686933,0.0510
2.088577,-2.694419,0.025722,0.000000,-0.000492,-0.000166,0.088274,-27.510507,-50.112241,1.824514,-2.687018,0.0470
2.088577,-2.694419,0.025722,0.000000,-0.227996,-0.022767,0.089736,-27.510507,-50.112241,1.829079,-2.687106,0.0480
2.088577,-2.694419,0.025722,0.000000,-0.004709,-0.014976,0.096170,-27.510507,-50.112241,1.833141,-2.687186,0.0450
2.088577,-2.694419,0.025722,0.000000,-0.073930,0.036657,0.093424,-27.510507,-50.112241,1.837116,-2.687264,0.0460
2.088577,-2.694419,0.025722,0.000000,0.124079,0.002155,0.094250,-27.510507,-50.112241,1.841280,-2.687339,0.0480
2.088577,-2.694419,0.025722,0.000000,-0.061055,0.030401,0.097458,-27.510507,-50.112241,1.844895,-2.687407,0.0420
2.088577,-2.694419,0.025722,0.000000,0.004394,0.067735,0.094214,-27.510507,-50.112241,1.848913,-2.687488,0.0470
2.088577,-2.694419,0.025722,0.000000,-0.109085,-0.016957,0.100102,-27.510507,-50.112241,1.852641,-2.687569,0.0470
2.088577,-2.694419,0.025722,0.000000,-0.073720,0.045350,0.098096,-27.510507,-50.112241,1.856480,-2.687658,0.0480
2.088577,-2.694419,0.025722,0.000000,0.032483,0.040265,0.103395,-27.510507,-50.112241,1.859854,-2.687735,0.0430
2.088577,-2.694419,0.025722,0.000000,0.062704,-0.028011,0.102251,-27.510507,-50.112241,1.863290,-2.687806,0.0440
2.088577,-2.694419,0.025722,0.000000,0.040790,-0.041762,0.106973,-27.510507,-50.112241,1.866685,-2.687875,0.0410
2.088577,-2.694419,0.025722,0.000000,-0.387987,0.011655,0.107117,-27.510507,-50.112241,1.870132,-2.687951,0.0470
2.088577,-2.694419,0.025722,0.000000,-0.278152,0.040235,0.110718,-27.510507,-50.112241,1.873805,-2.688030,0.0480
2.088577,-2.694419,0.025722,0.000000,0.073485,-0.055984,0.107570,-27.510507,-50.112241,1.876741,-2.688091,0.0430
2.088577,-2.694419,0.025722,0.000000,0.202511,0.042374,0.111506,-27.510507,-50.112241,1.879840,-2.688164,0.0450
2.088577,-2.694419,0.025722,0.000000,0.067317,-0.021156,0.108226,-27.510507,-50.112241,1.882894,-2.688230,0.0430
2.088577,-2.694419,0.025722,0.000000,0.051344,0.056139,0.107669,-27.510507,-50.112241,1.886242,-2.688300,0.0490
2.088577,-2.694419,0.025722,0.000000,-0.117921,-0.015909,0.110155,-27.510507,-50.112241,1.889421,-2.688362,0.0460
2.088577,-2.694419,0.025722,0.000000,0.093770,-0.086361,0.109458,-27.510507,-50.112241,1.892758,-2.688428,0.0500
2.088577,-2.694419,0.025722,0.000000,-0.111206,0.016785,0.112082,-27.510507,-50.112241,1.895722,-2.688494,0.0450
2.848059,-3.031221,0.126975,-0.056309,-0.150640,0.042124,0.110399,-27.510502,-50.112243,1.903214,-2.689764,0.0810
2.848059,-3.031221,0.126975,-0.056309,0.074718,0.021205,0.114160,-27.510502,-50.112243,1.917895,-2.695448,0.0480
2.848059,-3.031221,0.126975,-0.056309,0.065183,-0.006663,0.116242,-27.510502,-50.112243,1.929883,-2.700109,0.0430
2.848059,-3.031221,0.126975,-0.056309,-0.177583,0.004639,0.113662,-27.510502,-50.112243,1.943291,-2.705318,0.0450
2.848059,-3.031221,0.126975,-0.056309,0.198380,-0.044639,0.120579,-27.510502,-50.112243,1.955494,-2.710085,0.0430
2.848059,-3.031221,0.126975,-0.056309,0.185337,0.014715,0.115987,-27.510502,-50.112243,1.974759,-2.717626,0.0680
2.848059,-3.031221,0.126975,-0.056309,0.261556,-0.010920,0.120058,-27.510502,-50.112243,1.987630,-2.722675,0.0450
2.848059,-3.031221,0.126975,-0.056309,-0.013649,0.036430,0.119028,-27.510502,-50.112243,1.999344,-2.727271,0.0410
2.848059,-3.031221,0.126975,-0.056309,0.339016,-0.033519,0.123026,-27.510502,-50.112243,2.011943,-2.732222,0.0470
2.848059,-3.031221,0.126975,-0.056309,-0.371912,0.095605,0.127060,-27.510502,-50.112243,2.025263,-2.737459,0.0470
2.848059,-3.031221,0.126975,-0.056309,-0.154215,0.055139,0.133569,-27.510502,-50.112243,2.038976,-2.742847,0.0510
2.848059,-3.031221,0.126975,-0.056309,0.163157,-0.066525,0.135796,-27.510502,-50.112243,2.051192,-2.747639,0.0470
2.848059,-3.031221,0.126975,-0.056309,0.011502,-0.054442,0.144064,-27.510502,-50.112243,2.063210,-2.752359,0.0450
2.848059,-3.031221,0.126975,-0.056309,0.205390,-0.078392,0.150723,-27.510502,-50.112243,2.074792,-2.756924,0.0450
2.848059,-3.031221,0.126975,-0.056309,0.098502,0.062722,0.163573,-27.510502,-50.112243,2.087108,-2.761780,0.0480
2.848059,-3.031221,0.126975,-0.056309,-0.131313,-0.014310,0.177311,-27.510502,-50.112243,2.098389,-2.766203,0.0440
2.848059,-3.031221,0.126975,-0.056309,-0.056170,-0.096184,0.182274,-27.510502,-50.112243,2.109540,-2.770583,0.0440
2.848059,-3.031221,0.126975,-0.056309,0.246845,-0.026800,0.190186,-27.510502,-50.112243,2.121050,-2.775127,0.0460
2.848059,-3.031221,0.126975,-0.056309,-0.482601,0.091105,0.229966,-27.510502,-50.112243,2.132713,-2.779737,0.0470
2.848059,-3.031221,0.126975,-0.056309,-0.215098,-0.276625,0.312530,-27.510502,-50.112243,2.143963,-2.784196,0.0450
2.848059,-3.031221,0.126975,-0.056309,0.129607,-0.111066,0.456001,-27.510502,-50.112243,2.155834,-2.788952,0.0490
2.848059,-3.031221,0.126975,-0.056309,-0.321938,0.267502,0.666130,-27.510502,-50.112243,2.167032,-2.793445,0.0470
2.848059,-3.031221,0.000000,0.000000,0.010825,0.090462,0.931285,-27.510502,-50.112244,2.174159,-2.796168,0.0460
2.848059,-3.031221,0.000000,0.000000,0.205454,0.325856,1.219178,-27.510502,-50.112244,2.180121,-2.798310,0.0490
2.848059,-3.031221,0.000000,0.000000,0.021833,0.319744,1.493807,-27.510502,-50.112244,2.185519,-2.800193,0.0460
2.848059,-3.031221,0.000000,0.000000,0.010381,0.349010,1.751758,-27.510502,-50.112244,2.190912,-2.802023,0.0450
2.848059,-3.031221,0.000000,0.000000,0.005887,0.418581,1.986349,-27.510502,-50.112244,2.196109,-2.803671,0.0450
2.848059,-3.031221,0.000000,0.000000,0.264990,0.993359,2.229500,-27.510502,-50.112244,2.201769,-2.805357,0.0500
2.848059,-3.031221,0.000000,0.000000,0.242080,0.351168,2.419094,-27.510502,-50.112244,2.206942,-2.806570,0.0440
2.848059,-3.031221,0.000000,0.000000,0.329143,-0.346579,2.574273,-27.510502,-50.112244,2.211973,-2.807761,0.0450
2.848059,-3.031221,0.000000,0.000000,0.161930,-0.780489,2.695642,-27.510502,-50.112244,2.216987,-2.808857,0.0430
2.848059,-3.031221,0.000000,0.000000,0.559243,-1.249267,2.842014,-27.510502,-50.112244,2.222320,-2.810316,0.0470
2.848059,-3.031221,0.000000,0.000000,0.815901,-1.460369,2.995292,-27.510502,-50.112244,2.227774,-2.812134,0.0480
2.848059,-3.031221,0.000000,0.000000,0.935389,-2.263718,3.105010,-27.510502,-50.112244,2.232777,-2.814055,0.0450
2.848059,-3.031221,0.000000,0.000000,-0.134613,-2.142107,3.225161,-27.510502,-50.112244,2.239876,-2.817290,0.0630
2.848059,-3.031221,0.000000,0.000000,-0.415049,-1.488874,3.403935,-27.510502,-50.112244,2.244756,-2.820151,0.0440
2.848059,-3.031221,0.000000,0.000000,0.337407,-1.370627,3.833787,-27.510502,-50.112244,2.250135,-2.823278,0.0510
2.848059,-3.031221,0.000000,0.000000,0.812893,-1.240207,4.257405,-27.510502,-50.112244,2.254864,-2.826354,0.0460
2.848059,-3.031221,0.000000,0.000000,1.273465,-0.843027,4.696157,-27.510502,-50.112244,2.259816,-2.829928,0.0460
2.848059,-3.031221,0.000000,0.000000,1.249191,-0.506649,5.092232,-27.510502,-50.112244,2.265271,-2.833490,0.0480
2.848059,-3.031221,0.000000,0.000000,1.843302,0.482464,5.565324,-27.510502,-50.112244,2.272838,-2.838873,0.0630
2.848059,-3.031221,0.000000,0.000000,1.963288,1.460108,6.003802,-27.510502,-50.112244,2.280700,-2.842114,0.0750
2.848059,-3.368023,0.000000,-0.138900,1.417588,1.860829,6.303316,-27.510501,-50.112246,2.289658,-2.852296,0.0590
2.848059,-3.368023,0.000000,-0.138900,-0.995828,0.199434,8.176998,-27.510501,-50.112246,2.375182,-2.904261,0.4600
2.848059,-3.368023,0.000000,-0.138900,-1.139553,0.127057,8.381463,-27.510501,-50.112246,2.381750,-2.912391,0.0640
2.848059,-3.368023,0.000000,-0.138900,-0.822835,0.153073,8.502463,-27.510501,-50.112246,2.383944,-2.916889,0.0510
2.848059,-3.368023,0.000000,-0.138900,0.770437,0.705753,9.758951,-27.510501,-50.112246,2.414457,-2.950071,0.3210
2.848059,-3.368023,0.000000,-0.138900,0.497267,0.441444,9.887356,-27.510501,-50.112246,2.416368,-2.962422,0.0610
2.848059,-3.368023,0.000000,0.000000,0.068022,-0.100020,21.564007,-27.510501,-50.112246,2.454715,-2.986469,0.6800
3.037930,-4.715233,0.115589,-0.820150,0.397194,0.049110,25.267447,-27.510500,-50.112262,2.514393,-3.241002,0.5770
3.037930,-4.715233,0.115589,-0.820150,-0.111285,1.046976,36.966511,-27.510500,-50.112262,2.577070,-3.579011,0.3580
3.037930,-4.715233,0.115589,-0.820150,0.101245,0.828087,35.792854,-27.510500,-50.112262,2.596435,-3.690635,0.1420
3.037930,-4.715233,0.115589,-0.820150,0.388983,-0.488055,34.211174,-27.510500,-50.112262,2.606623,-3.749592,0.0490
3.037930,-4.715233,0.000000,0.000000,0.070610,-1.340632,31.030977,-27.510500,-50.112262,2.636873,-3.908783,0.3100
3.037930,-4.715233,0.000000,0.000000,-0.234258,-1.906289,28.688206,-27.510500,-50.112262,2.653597,-3.946700,0.3790
3.037930,-4.715233,0.000000,0.000000,0.513753,-0.604787,28.360376,-27.510500,-50.112262,2.659507,-3.961322,0.1500
3.037930,-4.715233,0.000000,0.000000,-2.664316,2.791910,36.509293,-27.510500,-50.112262,2.671847,-3.994480,0.2940
3.037930,-4.715233,0.000000,0.000000,-1.081857,0.821219,37.686169,-27.510500,-50.112262,2.671766,-4.008222,0.2750
3.037930,-4.715233,0.000000,0.000000,-0.526392,1.021613,37.512268,-27.510500,-50.112262,2.671856,-4.011759,0.0740
3.037930,-4.715233,0.000000,0.000000,-0.933420,0.716565,36.813141,-27.510500,-50.112262,2.675568,-4.015709,0.0410
3.037930,-4.715233,0.000000,0.000000,-0.907087,0.649846,36.538403,-27.510500,-50.112262,2.676510,-4.016803,0.0420
3.037930,-4.715233,0.000000,0.000000,-0.907087,0.649846,36.538403,-27.510500,-50.112262,2.676510,-4.016803,0.0490
3.037930,-4.715233,0.000000,0.000000,-0.774908,-0.003430,35.492294,-27.510500,-50.112262,2.641027,-4.005410,0.0960
3.037930,-4.715233,0.000000,0.000000,-0.436802,-0.213289,35.320766,-27.510500,-50.112262,2.649893,-4.012806,0.0960
3.037930,-4.715233,0.000000,0.000000,-1.061653,-0.589452,35.256947,-27.510500,-50.112262,2.655172,-4.016514,0.0440
3.037930,-4.715233,0.000000,0.000000,-1.055713,-0.590499,35.247112,-27.510500,-50.112262,2.655589,-4.016906,0.0410
3.037930,-4.715233,0.000000,0.000000,-1.055713,-0.590499,35.247112,-27.510500,-50.112262,2.655589,-4.016906,0.0410
3.037930,-4.715233,0.000000,0.000000,-1.055713,-0.590499,35.247112,-27.510500,-50.112262,2.655589,-4.016906,0.0400
3.037930,-4.715233,0.000000,0.000000,-1.055713,-0.590499,35.247112,-27.510500,-50.112262,2.655589,-4.016906,0.0480
3.037930,-4.715233,0.000000,0.000000,0.239928,-0.877818,34.501705,-27.510500,-50.112262,2.624497,-4.017276,0.1570
6.835340,-11.114481,1.433437,-2.415572,0.546080,-2.658353,30.194988,-27.510465,-50.112329,2.740467,-4.219447,0.0880
6.835340,-11.114481,1.433437,-2.415572,0.922521,-2.983974,27.967390,-27.510465,-50.112329,2.981359,-4.607891,0.1130
6.835340,-11.114481,1.433437,-2.415572,-0.111526,-1.449899,27.283548,-27.510465,-50.112329,3.330605,-5.176295,0.1900
6.835340,-11.114481,1.433437,-2.415572,0.846624,-0.322608,26.852381,-27.510465,-50.112329,3.842576,-6.022404,0.3020
6.835340,-11.114481,1.433437,-2.415572,-0.780624,-1.466583,26.699200,-27.510465,-50.112329,3.947925,-6.194311,0.0620
6.835340,-11.114481,1.433437,-2.415572,-0.889434,-0.704725,26.550434,-27.510465,-50.112329,4.098078,-6.442451,0.0900
6.835340,-11.114481,1.433437,-2.415572,-0.934083,-0.105891,26.561058,-27.510465,-50.112329,4.260660,-6.713879,0.0990
6.835340,-11.114481,1.433437,-2.415572,-1.189563,-0.126729,26.575533,-27.510465,-50.112329,4.359933,-6.878141,0.0600
6.835340,-11.114481,0.000000,0.000000,-0.140550,-0.094858,26.552572,-27.510465,-50.112329,4.372741,-6.896690,0.0910
6.835340,-11.114481,0.000000,0.000000,0.390091,0.096694,26.497269,-27.510465,-50.112329,4.382780,-6.910566,0.0830
6.835340,-11.114481,0.000000,0.000000,-0.812375,-0.516748,26.483389,-27.510465,-50.112329,4.387905,-6.916912,0.0520
6.835340,-11.114481,0.000000,0.000000,-0.773219,-0.491158,26.464813,-27.510465,-50.112329,4.392702,-6.924400,0.0410
6.835340,-11.114481,0.000000,0.000000,-0.773219,-0.491158,26.464813,-27.510465,-50.112329,4.392702,-6.924400,0.0410
6.835340,-11.114481,0.000000,0.000000,-0.773219,-0.491158,26.464813,-27.510465,-50.112329,4.392702,-6.924400,0.0400
6.835340,-11.114481,0.000000,0.000000,-0.773219,-0.491158,26.464813,-27.510465,-50.112329,4.503666,-7.182437,0.0510
6.835340,-11.114481,0.000000,0.000000,-0.515502,-0.300976,26.186178,-27.510465,-50.112329,4.484371,-7.127828,0.0940
6.835340,-11.114481,0.000000,0.000000,0.128965,-0.00016,26.156311,-27.510465,-50.112329,4.490522,-7.135373,0.0680
6.835340,-11.114481,0.000000,0.000000,-0.285814,-0.066881,26.161121,-27.510465,-50.112329,4.498087,-7.144063,0.0640
6.835340,-11.114481,0.000000,0.000000,-0.201565,-0.329788,26.175978,-27.510465,-50.112329,4.502901,-7.150729,0.0410
6.835340,-11.114481,0.000000,0.000000,-0.201565,-0.329788,26.175978,-27.510465,-50.112329,4.502901,-7.150729,0.0400
6.835340,-11.114481,0.000000,0.000000,-0.201565,-0.329788,26.175978,-27.510465,-50.112329,4.502901,-7.150729,0.0400
6.835340,-11.114481,0.000000,0.000000,-0.201565,-0.329788,26.175978,-27.510465,-50.112329,4.502901,-7.150729,0.0450
6.835340,-11.114481,0.000000,0.000000,-0.201565,-0.329788,26.175978,-27.510465,-50.112329,4.502901,-7.150729,0.0450
6.835340,-11.114481,0.000000,0.000000,-0.096836,0.059764,26.287580,-27.510465,-50.112329,4.527210,-7.208703,0.0890
6.835340,-11.114481,0.000000,0.000000,-0.773515,-0.267082,26.303890,-27.510465,-50.112329,4.534631,-7.218101,0.0530
10.253010,-14.145704,1.985957,-1.761398,-0.440496,-0.184294,26.322006,-27.510435,-50.112359,4.657256,-7.335281,0.0810
10.253010,-14.145704,1.985957,-1.761398,-0.619312,-0.427890,26.343281,-27.510435,-50.112359,4.821010,-7.485905,0.0470
10.253010,-14.145704,1.985957,-1.761398,-0.168085,0.006455,26.349506,-27.510435,-50.112359,4.871299,-7.532182,0.0480
10.253010,-14.145704,1.985957,-1.761398,-0.826680,-0.273626,26.409311,-27.510435,-50.112359,5.148537,-7.790228,0.0990
10.253010,-14.145704,1.985957,-1.761398,0.009878,0.081964,26.441730,-27.510435,-50.112359,5.271110,-7.904058,0.0440
10.253010,-14.145704,1.985957,-1.761398,-0.958844,-0.144857,26.523933,-27.510435,-50.112359,5.533409,-8.148836,0.1180
10.253010,-14.145704,1.985957,-1.761398,-0.318234,0.329954,26.745762,-27.510435,-50.112359,5.854911,-8.449500,0.1260
10.253010,-14.145704,1.985957,-1.761398,-0.867215,-0.081262,26.834044,-27.510435,-50.112359,6.033074,-8.616912,0.0780
10.253010,-14.145704,1.985957,-1.761398,0.722153,0.324467,26.895941,-27.510435,-50.112359,6.194248,-8.768191,0.0680
10.253010,-14.145704,1.985957,-1.761398,-0.447312,0.252996,26.933630,-27.510435,-50.112359,6.274242,-8.843735,0.0410
10.253010,-14.145704,1.985957,-1.761398,-0.483211,0.019017,27.054705,-27.510435,-50.112359,6.407253,-8.966166,0.0690
12.151716,-15.829718,1.858948,-1.648751,-0.096443,0.017168,27.597988,-27.510418,-50.112374,7.509965,-10.00110,0.4730
12.151716,-15.829718,1.858948,-1.648751,-0.114204,0.236165,27.614012,-27.510418,-50.112374,7.759755,-10.235961,0.1330
12.151716,-15.829718,1.858948,-1.648751,0.598200,-0.115849,27.610867,-27.510418,-50.112374,7.858064,-10.328634,0.0530
12.151716,-15.829718,1.858948,-1.648751,-0.074745,-0.316550,27.635403,-27.510418,-50.112374,8.059121,-10.516680,0.0850
12.151716,-15.829718,1.858948,-1.648751,-0.450550,-0.243381,27.632946,-27.510418,-50.112374,8.150639,-10.603298,0.0510
12.151716,-15.829718,1.858948,-1.648751,-0.299844,-0.074026,27.703217,-27.510418,-50.112374,8.565920,-10.992998,0.1900
12.151716,-15.829718,1.858948,-1.648751,0.308778,-0.157428,27.755527,-27.510418,-50.112374,8.756498,-11.172155,0.0900
12.151716,-15.829718,1.858948,-1.648751,0.681975,0.232654,27.810411,-27.510418,-50.112374,8.859480,-11.269267,0.0490
12.151716,-15.829718,1.858948,-1.648751,-0.712862,-0.451454,27.878048,-27.510418,-50.112374,9.027311,-11.426853,0.0820
14.240293,-16.840126,2.116361,-1.023849,0.138915,-0.071682,27.915110,-27.510399,-50.112385,9.137425,-11.494568,0.0440
14.240293,-16.840126,2.116361,-1.023849,0.408991,0.257278,27.923344,-27.510399,-50.112385,9.165665,-11.509343,0.0470
14.240293,-16.840126,2.116361,-1.023849,0.408991,0.257278,27.923344,-27.510399,-50.112385,9.165665,-11.509343,0.0430
14.240293,-16.840126,2.116361,-1.023849,0.535641,0.308736,28.003981,-27.510399,-50.112385,9.522352,-11.756090,0.0900
14.240293,-16.840126,2.116361,-1.023849,0.138609,-0.123270,28.010111,-27.510399,-50.112385,9.629994,-11.810037,0.0410
14.240293,-16.840126,2.116361,-1.023849,-0.213876,-0.062525,28.012144,-27.510399,-50.112385,9.672857,-11.831945,0.0410
14.240293,-16.840126,2.116361,-1.023849,-0.213876,-0.062525,28.012144,-27.510399,-50.112385,9.672857,-11.831945,0.0400
14.240293,-16.840126,2.116361,-1.023849,-0.213876,-0.062525,28.012144,-27.510399,-50.112385,9.672857,-11.831945,0.0410
14.240293,-16.840126,2.116361,-1.023849,-0.213876,-0.062525,28.012144,-27.510399,-50.112385,9.672857,-11.831945,0.0400
14.240293,-16.840126,2.116361,-1.023849,-0.213876,-0.062525,28.012144,-27.510399,-50.112385,9.672857,-11.831945,0.0410
14.240293,-16.840126,2.116361,-1.023849,-0.213876,-0.062525,28.012144,-27.510399,-50.112385,9.672857,-11.831945,0.0410
14.240293,-16.840126,2.116361,-1.023849,-0.213876,-0.062525,28.012144,-27.510399,-50.112385,9.672857,-11.831945,0.0400
14.240293,-16.840126,2.116361,-1.023849,-0.213876,-0.062525,28.012144,-27.510399,-50.112385,9.672857,-11.831945,0.0400
14.240293,-16.840126,2.116361,-1.023849,-0.213876,-0.062525,28.012144,-27.510399,-50.112385,9.672857,-11.831945,0.0410
14.240293,-16.840126,2.116361,-1.023849,-0.213876,-0.062525,28.012144,-27.510399,-50.112385,9.672857,-11.831945,0.0410
14.240293,-16.840126,2.116361,-1.023849,-0.213876,-0.062525,28.012144,-27.510399,-50.112385,9.672857,-11.831945,0.0410
14.240293,-16.840126,2.116361,-1.023849,-0.213876,-0.062525,28.012144,-27.510399,-50.112385,9.672857,-11.831945,0.0410
14.240293,-16.840126,2.116361,-1.023849,-0.213876,-0.062525,28.012144,-27.510399,-50.112385,9.672857,-11.831945,0.0410
14.240293,-16.840126,2.116361,-1.023849,-0.213876,-0.062525,28.012144,-27.510399,-50.112385,9.672857,-11.831945,0.0400
14.240293,-16.840126,2.116361,-1.023849,-0.213876,-0.062525,28.012144,-27.510399,-50.112385,9.672857,-11.831945,0.0400
14.240293,-16.840126,2.116361,-1.023849,-0.086359,-0.317616,28.108084,-27.510399,-50.112385,11.065492,-12.664931,0.0400
16.898481,-18.860943,2.047686,-1.556698,-0.699108,0.038633,28.142385,-27.510374,-50.112404,11.228437,-12.762015,0.0660
16.898481,-18.860943,2.047686,-1.556698,-0.164103,-0.142560,28.162817,-27.510374,-50.112404,11.322705,-12.894919,0.0400
16.898481,-18.860943,2.047686,-1.556698,-0.028308,0.031404,28.165752,-27.510374,-50.112404,11.337360,-12.911294,0.0410
16.898481,-18.860943,2.047686,-1.556698,-0.028308,0.031404,28.165752,-27.510374,-50.112404,11.337360,-12.911294,0.0400
16.898481,-18.860943,2.047686,-1.556698,-0.028308,0.031404,28.165752,-27.510374,-50.112404,11.337360,-12.911294,0.0410
16.898481,-18.860943,2.047686,-1.556698,-0.028308,0.031404,28.165752,-27.510374,-50.112404,11.337360,-12.911294,0.0410
16.898481,-18.860943,2.047686,-1.556698,-0.028308,0.031404,28.165752,-27.510374,-50.112404,11.337360,-12.911294,0.0440
16.898481,-18.860943,2.047686,-1.556698,-0.028308,0.031404,28.165752,-27.510374,-50.112404,11.337360,-12.911294,0.0410
16.898481,-18.860943,2.047686,-1.556698,-0.028308,0.031404,28.165752,-27.510374,-50.112404,11.337360,-12.911294,0.0440
16.898481,-18.860943,2.047686,-1.556698,-0.175157,-0.510409,27.686491,-27.510374,-50.112404,12.124174,-13.463652,0.0910
16.898481,-18.860943,2.047686,-1.556698,-0.130808,0.268307,27.642799,-27.510374,-50.112404,12.327571,-13.621250,0.0780
16.898481,-18.860943,2.047686,-1.556698,-0.876123,0.360612,27.637350,-27.510374,-50.112404,12.417217,-13.692452,0.0440
16.898481,-18.860943,2.047686,-1.556698,-0.538919,0.913419,27.614086,-27.510374,-50.112404,12.548418,-13.794479,0.0530
16.898481,-18.860943,2.047686,-1.556698,-1.416549,0.692272,27.566814,-27.510374,-50.112404,12.726345,-13.936563,0.0730
16.898481,-18.860943,2.047686,-1.556698,-0.875964,1.441392,27.542158,-27.510374,-50.112404,12.822962,-14.015028,0.0480
16.898481,-18.860943,2.047686,-1.556698,-0.875964,1.441392,27.542158,-27.510374,-50.112404,12.822962,-14.015028,0.0740
16.898481,-18.860943,2.047686,-1.556698,-1.368009,1.504776,27.440388,-27.510374,-50.112404,13.079083,-14.207689,0.0410
16.898481,-18.860943,2.047686,-1.556698,-1.289056,1.421056,27.390890,-27.510374,-50.112404,13.271218,-14.368753,0.0750
16.898481,-18.860943,2.047686,-1.556698,-1.796325,1.351928,27.371662,-27.510374,-50.112404,13.372808,-14.454335,0.0430
16.898481,-18.860943,2.047686,-1.556698,-1.796325,1.351928,27.371662,-27.510355,-50.112417,13.372808,-14.454335,0.0400
16.898481,-18.860943,2.047686,-1.556698,-1.796325,1.351928,27.371662,-27.510355,-50.112417,13.372808,-14.454335,0.0400
16.898481,-18.860943,2.047686,-1.556698,-1.796325,1.351928,27.371662,-27.510355,-50.112417,13.372808,-14.454335,0.0400
16.898481,-18.860943,2.047686,-1.556698,-1.796325,1.351928,27.371662,-27.510355,-50.112417,13.372808,-14.454335,0.0430
16.898481,-18.860943,2.047686,-1.556698,-1.796325,1.351928,27.371662,-27.510355,-50.112417,13.372808,-14.454335,0.0400
16.898481,-18.860943,2.047686,-1.556698,-1.796325,1.351928,27.371662,-27.510355,-50.112417,13.372808,-14.454335,0.0420
16.898481,-18.860943,2.047686,-1.556698,-1.796325,1.351928,27.371662,-27.510355,-50.112417,13.372808,-14.454335,0.0400
16.898481,-18.860943,2.047686,-1.556698,-1.796325,1.351928,27.371662,-27.510355,-50.112417,13.372808,-14.454335,0.0410
16.898481,-18.860943,2.047686,-1.556698,-1.796325,1.351928,27.371662,-27.510355,-50.112417,13.372808,-14.454335,0.0410
16.898481,-18.860943,2.047686,-1.556698,-1.796325,1.351928,27.371662,-27.510355,-50.112417,13.372808,-14.454335,0.0410
19.176929,-19.871351,2.196190,-0.973930,-0.301102,1.422768,27.462606,-27.510355,-50.112417,14.418818,-15.056805,0.0720
19.176929,-19.871351,2.196190,-0.973930,-0.817362,1.205440,27.471054,-27.510355,-50.112417,14.538469,-15.120648,0.0400
19.176929,-19.871351,2.196190,-0.973930,-0.217894,1.370767,27.469021,-27.510355,-50.112417,14.608199,-15.159256,0.0460
19.176929,-19.871351,2.196190,-0.973930,-0.217894,1.370767,27.469021,-27.510355,-50.112417,14.608199,-15.159256,0.0410
19.176929,-19.871351,2.196190,-0.973930,-0.217894,1.370767,27.469021,-27.510355,-50.112417,14.608199,-15.159256,0.0410
19.176929,-19.871351,2.196190,-0.973930,-0.217894,1.370767,27.469021,-27.510355,-50.112417,14.608199,-15.159256,0.0440
19.176929,-19.871351,2.196190,-0.973930,-0.217894,1.370767,27.469021,-27.510355,-50.112417,14.608199,-15.159256,0.0460
19.176929,-19.871351,2.196190,-0.973930,-0.217894,1.370767,27.469021,-27.510355,-50.112417,14.608199,-15.159256,0.0410
19.176929,-19.871351,2.196190,-0.973930,-0.217894,1.370767,27.469021,-27.510355,-50.112417,14.608199,-15.159256,0.0410
19.176929,-19.871351,2.196190,-0.973930,-0.217894,1.370767,27.469021,-27.510355,-50.112417,14.608199,-15.159256,0.0410
19.176929,-19.871351,2.196190,-0.973930,-0.217894,1.370767,27.469021,-27.510355,-50.112417,14.608199,-15.159256,0.0400
19.176929,-19.871351,0.000000,0.000000,-0.131314,0.520869,27.897264,-27.510355,-50.112417,15.450003,-15.541165,0.0800
19.176929,-19.871351,0.000000,0.000000,0.099613,0.993473,27.935936,-27.510355,-50.112417,15.315985,-15.497684,0.0400
19.176929,-19.871351,0.000000,0.000000,-0.809069,0.794564,27.949478,-27.510355,-50.112417,15.289222,-15.492220,0.0400
19.176929,-19.871351,0.000000,0.000000,-0.809069,0.794564,27.949478,-27.510355,-50.112417,15.289222,-15.492220,0.0400
19.176929,-19.871351,0.000000,0.000000,-0.809069,0.794564,27.949478,-27.510355,-50.112417,15.289222,-15.492220,0.0610
19.176929,-19.871351,0.000000,0.000000,-0.809069,0.794564,27.949478,-27.510355,-50.112417,15.289222,-15.492220,0.0460
19.176929,-19.871351,0.000000,0.000000,-0.809069,0.794564,27.949478,-27.510355,-50.112417,15.289222,-15.492220,0.0410
19.176929,-19.871351,0.000000,0.000000,-0.809069,0.794564,27.949478,-27.510355,-50.112417,15.289222,-15.492220,0.0410
19.176929,-19.871351,0.000000,0.000000,-0.809069,0.794564,27.949478,-27.510355,-50.112417,15.289222,-15.492220,0.0440
19.176929,-19.871351,0.000000,0.000000,0.035979,0.678239,28.204699,-27.510355,-50.112417,15.443991,-15.568100,0.0840
19.176929,-19.871351,0.000000,0.000000,-0.105120,0.665539,28.227053,-27.510355,-50.112417,15.450634,-15.583188,0.0400
19.176929,-19.871351,0.000000,0.000000,0.574550,1.060469,28.240353,-27.510355,-50.112417,15.454951,-15.590466,0.0410
19.176929,-19.871351,0.000000,0.000000,0.574550,1.060469,28.240353,-27.510355,-50.112417,15.454951,-15.590466,0.0410
19.176929,-19.871351,0.000000,0.000000,0.574550,1.060469,28.240353,-27.510355,-50.112417,15.454951,-15.590466,0.0410
19.176929,-19.871351,0.000000,0.000000,-1.327713,-0.751448,27.892736,-27.510355,-50.112417,15.473287,-15.603016,0.0780
19.176929,-19.871351,0.000000,0.000000,-1.142859,-1.104476,27.687128,-27.510355,-50.112417,15.500417,-15.618777,0.0520
19.176929,-19.871351,0.000000,0.000000,-1.785545,-2.023233,27.582281,-27.510355,-50.112417,15.512845,-15.626276,0.0850
19.176929,-19.871351,0.000000,0.000000,-1.222437,-2.734283,27.069033,-27.510355,-50.112417,15.539528,-15.643989,0.0840
19.176929,-19.871351,0.000000,0.000000,-1.195877,-2.355842,26.930601,-27.510355,-50.112417,15.560779,-15.649859,0.0410
19.176929,-19.871351,0.000000,0.000000,-1.338574,-2.973936,26.925076,-27.510355,-50.112417,15.561708,-15.650150,0.0400
19.176929,-19.871351,0.000000,0.000000,-1.338574,-2.973936,26.925076,-27.510355,-50.112417,15.561708,-15.650150,0.0410
19.176929,-19.871351,0.000000,0.000000,-1.338574,-2.973936,26.925076,-27.510355,-50.112417,15.561708,-15.650150,0.0470
19.176929,-19.871351,0.000000,0.000000,-1.338574,-2.973936,26.925076,-27.510355,-50.112417,15.561708,-15.650150,0.0410
19.176929,-19.871351,0.000000,0.000000,-1.338574,-2.973936,26.925076,-27.510355,-50.112417,15.561708,-15.650150,0.0410
19.176929,-19.871351,0.000000,0.000000,-1.338574,-2.973936,26.925076,-27.510355,-50.112417,15.561708,-15.650150,0.0400
19.176929,-19.871351,0.000000,0.000000,-1.338574,-2.973936,26.925076,-27.510355,-50.112417,15.561708,-15.650150,0.0410
19.176929,-19.871351,0.000000,0.000000,-1.338574,-2.973936,26.925076,-27.510355,-50.112417,15.561708,-15.650150,0.0400
19.176929,-19.871351,0.000000,0.000000,-1.338574,-2.973936,26.925076,-27.510355,-50.112417,15.561708,-15.650150,0.0410
19.176929,-19.871351,0.000000,0.000000,-1.338574,-2.973936,26.925076,-27.510355,-50.112417,15.561708,-15.650150,0.0400
19.176929,-19.871351,0.000000,0.000000,-0.953110,-1.535200,26.455923,-27.510355,-50.112417,15.528469,-15.747583,0.0830
19.176929,-19.871351,0.000000,0.000000,-1.052118,-1.118725,26.405811,-27.510355,-50.112417,15.549856,-15.746578,0.0400
19.176929,-19.871351,0.000000,0.000000,-0.444925,-1.109915,26.380402,-27.510355,-50.112417,15.561126,-15.749298,0.0450
19.176929,-19.871351,0.000000,0.000000,-0.444925,-1.109915,26.380402,-27.510355,-50.112417,15.561126,-15.749298,0.0400
19.176929,-19.871351,0.000000,0.000000,-0.444925,-1.109915,26.380402,-27.510355,-50.112417,15.561126,-15.749298,0.0420
19.176929,-19.871351,0.000000,0.000000,-0.444925,-1.109915,26.380402,-27.510355,-50.112417,15.561126,-15.749298,0.0430
19.176929,-19.871351,0.000000,0.000000,-0.444925,-1.109915,26.380402,-27.510355,-50.112417,15.561126,-15.749298,0.0410
19.176929,-19.871351,0.000000,0.000000,-0.152997,-0.741839,26.302595,-27.510355,-50.112417,15.564595,-15.775077,0.0700
19.176929,-19.871351,0.000000,0.000000,0.082055,-0.300381,26.283428,-27.510355,-50.112417,15.584548,-15.786327,0.0570
19.176929,-19.871351,0.000000,0.000000,-0.014061,-0.310745,26.278135,-27.510355,-50.112417,15.594800,-15.794995,0.0710
19.176929,-19.871351,0.000000,0.000000,-0.014061,-0.310745,26.278135,-27.510355,-50.112417,15.594800,-15.794995,0.0400
19.176929,-19.871351,0.000000,0.000000,-0.014061,-0.310745,26.278135,-27.510355,-50.112417,15.594800,-15.794995,0.0400
19.176929,-19.871351,0.000000,0.000000,-0.014061,-0.310745,26.278135,-27.510355,-50.112417,15.594800,-15.794995,0.0410
19.176929,-19.871351,0.000000,0.000000,0.055474,0.116302,26.267969,-27.510355,-50.112417,15.606038,-15.814629,0.0680
19.176929,-19.871351,0.000000,0.000000,0.632979,0.250006,26.281792,-27.510355,-50.112417,15.619140,-15.831016,0.0410
19.176929,-19.871351,0.000000,0.000000,0.298800,0.049180,26.299133,-27.510355,-50.112417,15.629573,-15.844640,0.0430
19.176929,-19.871351,0.000000,0.000000,0.298800,0.049180,26.299133,-27.510355,-50.112417,15.629573,-15.844640,0.0400
19.176929,-19.871351,0.000000,0.000000,0.298800,0.049180,26.299133,-27.510355,-50.112417,15.629573,-15.844640,0.0410
19.176929,-19.871351,0.000000,0.000000,0.298800,0.049180,26.299133,-27.510355,-50.112417,15.629573,-15.844640,0.0410
19.176929,-19.871351,0.000000,0.000000,0.298800,0.049180,26.299133,-27.510355,-50.112417,15.629573,-15.844640,0.0410
19.176929,-19.871351,0.000000,0.000000,0.298800,0.049180,26.299133,-27.510355,-50.112417,15.629573,-15.844640,0.0410
19.176929,-19.871351,0.000000,0.000000,0.298800,0.049180,26.299133,-27.510355,-50.112417,15.629573,-15.844640,0.0440
19.176929,-19.871351,0.000000,0.000000,0.298800,0.049180,26.299133,-27.510355,-50.112417,15.629573,-15.844640,0.0450
19.176929,-19.871351,0.000000,0.000000,0.298800,0.049180,26.299133,-27.510355,-50.112417,15.629573,-15.844640,0.0410
19.176929,-19.871351,0.000000,0.000000,0.298800,0.049180,26.299133,-27.510355,-50.112417,15.629573,-15.844640,0.0410
19.176929,-19.871351,0.000000,0.000000,0.298800,0.049180,26.299133,-27.510355,-50.112417,15.629573,-15.844640,0.0410
19.176929,-19.871351,0.000000,0.000000,0.298800,0.049180,26.299133,-27.510355,-50.112417,15.629573,-15.844640,0.0410
19.176929,-19.871351,0.000000,0.000000,0.298800,0.049180,26.299133,-27.510355,-50.112417,15.629573,-15.844640,0.0430
19.176929,-19.871351,0.000000,0.000000,0.298800,0.049180,26.299133,-27.510355,-50.112417,15.629573,-15.844640,0.0410
19.176929,-19.871351,0.000000,0.000000,0.532609,0.676832,27.668781,-27.510355,-50.112417,15.659533,-15.836228,0.0790
19.176929,-19.871351,0.000000,0.000000,0.452499,0.702277,27.833010,-27.510355,-50.112417,15.663116,-15.884215,0.0720
19.176929,-19.871351,0.000000,0.000000,0.246865,0.288564,27.901239,-27.510355,-50.112417,15.669497,-15.899897,0.0410
19.176929,-19.871351,0.000000,0.000000,0.246865,0.288564,27.901239,-27.510355,-50.112417,15.669497,-15.899897,0.0450
19.176929,-19.871351,0.000000,0.000000,0.246865,0.288564,27.901239,-27.510355,-50.112417,15.669497,-15.899897,0.0420
19.176929,-19.871351,0.000000,0.000000,0.246865,0.288564,27.901239,-27.510355,-50.112417,15.669497,-15.899897,0.0420
19.176929,-19.871351,0.000000,0.000000,0.246865,0.288564,27.901239,-27.510355,-50.112417,15.669497,-15.899897,0.0460
19.176929,-19.871351,0.000000,0.000000,0.246865,0.288564,27.901239,-27.510355,-50.112417,15.669497,-15.899897,0.0420
19.176929,-19.871351,0.000000,0.000000,0.246865,0.288564,27.901239,-27.510355,-50.112417,15.669497,-15.899897,0.0430
19.176929,-19.871351,0.000000,0.000000,0.246865,0.288564,27.901239,-27.510355,-50.112417,15.669497,-15.899897,0.0400
19.176929,-19.871351,0.000000,0.000000,0.246865,0.288564,27.901239,-27.510355,-50.112417,15.669497,-15.899897,0.0410
19.176929,-19.871351,0.000000,0.000000,0.246865,0.288564,27.901239,-27.510355,-50.112417,15.669497,-15.899897,0.0430
19.176929,-19.871351,0.000000,0.000000,0.866162,0.332487,29.870329,-27.510355,-50.112417,15.690626,-15.901700,0.0670
19.176929,-19.871351,0.000000,0.000000,1.372537,0.924506,30.190126,-27.510355,-50.112417,15.691849,-15.938545,0.0620
19.176929,-19.871351,0.000000,0.000000,1.557877,0.769786,30.820709,-27.510355,-50.112417,15.707827,-15.995337,0.1170
19.176929,-19.871351,0.000000,0.000000,1.495315,0.963409,31.414810,-27.510355,-50.112417,15.726892,-16.058889,0.1390
19.176929,-19.871351,0.000000,0.000000,1.308131,0.785267,31.587292,-27.510355,-50.112417,15.734493,-16.086807,0.0520
19.176929,-19.871351,0.000000,0.000000,1.168205,0.764485,31.697966,-27.510355,-50.112417,15.748996,-16.111252,0.0780
19.176929,-19.871351,0.000000,0.000000,0.780966,0.330661,31.746525,-27.510355,-50.112417,15.759884,-16.142251,0.0690
19.176929,-19.871351,0.000000,0.000000,0.903085,0.689348,31.840631,-27.510355,-50.112417,15.776155,-16.177411,0.0860
19.176929,-19.871351,0.000000,0.000000,0.568001,0.452012,31.886311,-27.510355,-50.112417,15.783907,-16.194985,0.0400
19.176929,-19.871351,0.000000,0.000000,0.138224,0.168449,31.899271,-27.510355,-50.112417,15.786345,-16.200152,0.0410
19.176929,-19.871351,0.000000,0.000000,0.138224,0.168449,31.899271,-27.510355,-50.112417,15.786345,-16.200152,0.0410
19.176929,-19.871351,0.000000,0.000000,0.138224,0.168449,31.899271,-27.510355,-50.112417,15.786345,-16.200152,0.0420
19.176929,-19.871351,0.000000,0.000000,0.138224,0.168449,31.899271,-27.510355,-50.112417,15.786345,-16.200152,0.0400
19.176929,-19.871351,0.000000,0.000000,0.138224,0.168449,31.899271,-27.510355,-50.112417,15.786345,-16.200152,0.0410
19.176929,-19.871351,0.000000,0.000000,0.138224,0.168449,31.899271,-27.510355,-50.112417,15.786345,-16.200152,0.0440
19.176929,-19.871351,0.000000,0.000000,0.138224,0.168449,31.899271,-27.510355,-50.112417,15.786345,-16.200152,0.0460
19.176929,-19.871351,0.000000,0.000000,0.138224,0.168449,31.899271,-27.510355,-50.112417,15.786345,-16.200152,0.0420
19.176929,-19.871351,0.000000,0.000000,0.138224,0.168449,31.899271,-27.510355,-50.112417,15.786345,-16.200152,0.0430
19.176929,-19.871351,0.000000,0.000000,0.138224,0.168449,31.899271,-27.510355,-50.112417,15.786345,-16.200152,0.0420
19.176929,-19.871351,0.000000,0.000000,0.138224,0.168449,31.899271,-27.510355,-50.112417,15.786345,-16.200152,0.0410
19.176929,-19.871351,0.000000,0.000000,-0.001660,0.280009,34.486469,-27.510355,-50.112417,15.893201,-16.159731,0.0920
19.176929,-19.871351,0.000000,0.000000,-0.138617,0.302820,34.718269,-27.510355,-50.112417,15.907452,-16.183020,0.0460
19.176929,-19.871351,0.000000,0.000000,-0.396037,0.416943,35.100094,-27.510355,-50.112417,15.921154,-16.200922,0.0700
19.176929,-19.871351,0.000000,0.000000,-0.677139,-0.091581,35.636185,-27.510355,-50.112417,15.963439,-16.254436,0.1300
19.176929,-19.871351,0.000000,0.000000,-0.121220,0.106747,35.394745,-27.510355,-50.112417,15.995473,-16.294503,0.1020
19.176929,-19.871351,0.000000,0.000000,-0.818701,0.565680,35.039463,-27.510355,-50.112417,16.021893,-16.328170,0.0890
19.176929,-19.871351,0.000000,0.000000,0.066518,0.822555,34.797794,-27.510355,-50.112417,16.036016,-16.346545,0.0410
19.176929,-19.871351,0.000000,0.000000,0.066518,0.822555,34.797794,-27.510355,-50.112417,16.036016,-16.346545,0.0400
19.176929,-19.871351,0.000000,0.000000,0.066518,0.822555,34.797794,-27.510355,-50.112417,16.036016,-16.346545,0.0410
19.176929,-19.871351,0.000000,0.000000,0.066518,0.822555,34.797794,-27.510355,-50.112417,16.036016,-16.346545,0.0400
19.176929,-19.871351,0.000000,0.000000,0.066518,0.822555,34.797794,-27.510355,-50.112417,16.036016,-16.346545,0.0690
19.176929,-19.871351,0.000000,0.000000,0.066518,0.822555,34.797794,-27.510355,-50.112417,16.036016,-16.346545,0.0400
19.176929,-19.871351,0.000000,0.000000,0.066518,0.822555,34.797794,-27.510355,-50.112417,16.036016,-16.346545,0.0400
19.176929,-19.871351,0.000000,0.000000,0.066518,0.822555,34.797794,-27.510355,-50.112417,16.036016,-16.346545,0.0410
19.176929,-19.871351,0.000000,0.000000,0.066518,0.822555,34.797794,-27.510355,-50.112417,16.036016,-16.346545,0.0400
19.176929,-19.871351,0.000000,0.000000,0.066518,0.822555,34.797794,-27.510355,-50.112417,16.036016,-16.346545,0.0400
19.176929,-19.871351,0.000000,0.000000,0.066518,0.822555,34.797794,-27.510355,-50.112417,16.036016,-16.346545,0.0400
19.176929,-19.871351,0.000000,0.000000,0.066518,0.822555,34.797794,-27.510355,-50.112417,16.036016,-16.346545,0.0660
19.176929,-19.871351,0.000000,0.000000,0.066518,0.822555,34.797794,-27.510355,-50.112417,16.036016,-16.346545,0.0400
19.176929,-19.871351,0.000000,0.000000,0.066518,0.822555,34.797794,-27.510355,-50.112417,16.036016,-16.346545,0.0400
19.176929,-19.871351,0.000000,0.000000,0.066518,0.822555,34.797794,-27.510355,-50.112417,16.036016,-16.346545,0.0400
19.176929,-19.871351,0.000000,0.000000,0.066518,0.822555,34.797794,-27.510355,-50.112417,16.036016,-16.346545,0.0410
19.176929,-19.871351,0.000000,0.000000,0.066518,0.822555,34.797794,-27.510355,-50.112417,16.036016,-16.346545,0.0400
19.176929,-19.871351,0.000000,0.000000,0.066518,0.822555,34.797794,-27.510355,-50.112417,16.036016,-16.346545,0.0400
19.176929,-19.871351,0.000000,0.000000,0.066518,0.822555,34.797794,-27.510355,-50.112417,16.036016,-16.346545,0.0400
19.176929,-19.871351,0.000000,0.000000,0.066518,0.822555,34.797794,-27.510355,-50.112417,16.036016,-16.346545,0.0400
19.176929,-19.871351,0.000000,0.000000,0.066518,0.822555,34.797794,-27.510355,-50.112417,16.036016,-16.346545,0.0410
19.176929,-19.871351,0.000000,0.000000,0.066518,0.822555,34.797794,-27.510355,-50.112417,16.036016,-16.346545,0.0400
19.176929,-19.871351,0.000000,0.000000,0.066518,0.822555,34.797794,-27.510355,-50.112417,16.036016,-16.346545,0.0400
19.176929,-19.871351,0.000000,0.000000,0.066518,0.822555,34.797794,-27.510355,-50.112417,16.036016,-16.346545,0.0400
19.176929,-19.871351,0.000000,0.000000,0.066518,0.822555,34.797794,-27.510355,-50.112417,16.036016,-16.346545,0.0400
19.176929,-19.871351,0.000000,0.000000,0.066518,0.822555,34.797794,-27.510355,-50.112417,16.036016,-16.346545,0.0400
19.176929,-19.871351,0.000000,0.000000,0.066518,0.822555,34.797794,-27.510355,-50.112417,16.036016,-16.346545,0.0410
19.176929,-19.871351,0.000000,0.000000,0.066518,0.822555,34.797794,-27.510355,-50.112417,16.036016,-16.346545,0.0410
19.176929,-19.871351,0.000000,0.000000,0.066518,0.822555,34.797794,-27.510355,-50.112417,16.036016,-16.346545,0.0410
19.176929,-19.871351,0.000000,0.000000,0.066518,0.822555,34.797794,-27.510355,-50.112417,16.036016,-16.346545,0.0400
19.176929,-19.871351,0.000000,0.000000,0.066518,0.822555,34.797794,-27.510355,-50.112417,16.036016,-16.346545,0.0400
19.176929,-19.871351,0.000000,0.000000,0.066518,0.822555,34.797794,-27.510355,-50.112417,16.036016,-16.346545,0.0400
19.176929,-19.871351,0.000000,0.000000,0.066518,0.822555,34.797794,-27.510355,-50.112417,16.036016,-16.346545,0.0400
19.176929,-19.871351,0.000000,0.000000,0.066518,0.822555,34.797794,-27.510355,-50.112417,16.036016,-16.346545,0.0400
19.176929,-19.871351,0.000000,0.000000,0.066518,0.822555,34.797794,-27.510355,-50.112417,16.036016,-16.346545,0.0410
19.176929,-19.871351,0.000000,0.000000,0.066518,0.822555,34.797794,-27.510355,-50.112417,16.036016,-16.346545,0.0400
19.176929,-19.871351,0.000000,0.000000,0.066518,0.822555,34.797794,-27.510355,-50.112417,16.036016,-16.346545,0.0410
19.176929,-19.871351,0.000000,0.000000,0.066518,0.822555,34.797794,-27.510355,-50.112417,16.036016,-16.346545,0.0400
19.176929,-19.871351,0.000000,0.000000,0.066518,0.822555,34.797794,-27.510355,-50.112417,16.036016,-16.346545,0.0400
19.176929,-19.871351,0.000000,0.000000,0.066518,0.822555,34.797794,-27.510355,-50.112417,16.036016,-16.346545,0.0410
19.176929,-19.871351,0.000000,0.000000,0.066518,0.822555,34.797794,-27.510355,-50.112417,16.036016,-16.346545,0.0410
19.176929,-19.871351,0.000000,0.000000,0.066518,0.822555,34.797794,-27.510355,-50.112417,16.036016,-16.346545,0.0410
19.176929,-19.871351,0.000000,0.000000,0.066518,0.822555,34.797794,-27.510355,-50.112417,16.036016,-16.346545,0.0400
19.176929,-19.871351,0.000000,0.000000,0.066518,0.822555,34.797794,-27.510355,-50.112417,16.036016,-16.346545,0.0400
19.176929,-19.871351,0.000000,0.000000,0.066518,0.822555,34.797794,-27.510355,-50.112417,16.036016,-16.346545,0.0400
19.176929,-19.871351,0.000000,0.000000,0.066518,0.822555,34.797794,-27.510355,-50.112417,16.036016,-16.346545,0.0410
19.176929,-19.871351,0.000000,0.000000,0.066518,0.822555,34.797794,-27.510355,-50.112417,16.036016,-16.346545,0.1020
19.176929,-19.871351,0.000000,0.000000,0.066518,0.822555,34.797794,-27.510355,-50.112417,16.036016,-16.346545,0.0400
19.176929,-19.871351,0.000000,0.000000,0.066518,0.822555,34.797794,-27.510355,-50.112417,16.036016,-16.346545,0.0400
19.176929,-19.871351,0.000000,0.000000,0.066518,0.822555,34.797794,-27.510355,-50.112417,16.036016,-16.346545,0.0400
19.176929,-19.871351,0.000000,0.000000,0.066518,0.822555,34.797794,-27.510355,-50.112417,16.036016,-16.346545,0.0400
19.176929,-19.871351,0.000000,0.000000,0.066518,0.822555,34.797794,-27.510355,-50.112417,16.036016,-16.346545,0.0400
19.176929,-19.871351,0.000000,0.000000,0.066518,0.822555,34.797794,-27.510355,-50.112417,16.036016,-16.346545,0.0400
19.176929,-19.871351,0.000000,0.000000,0.066518,0.822555,34.797794,-27.510355,-50.112417,16.036016,-16.346545,0.0400
19.176929,-19.871351,0.000000,0.000000,0.066518,0.822555,34.797794,-27.510355,-50.112417,16.036016,-16.346545,0.0410
19.176929,-19.871351,0.000000,0.000000,0.066518,0.822555,34.797794,-27.510355,-50.112417,16.036016,-16.346545,0.0400
19.176929,-19.871351,0.000000,0.000000,0.066518,0.822555,34.797794,-27.510355,-50.112417,16.036016,-16.346545,0.0400
19.176929,-19.871351,0.000000,0.000000,0.066518,0.822555,34.797794,-27.510355,-50.112417,16.036016,-16.346545,0.0410
19.176929,-19.871351,0.000000,0.000000,0.066518,0.822555,34.797794,-27.510355,-50.112417,16.036016,-16.346545,0.0410
19.176929,-19.871351,0.000000,0.000000,0.066518,0.822555,34.797794,-27.510355,-50.112417,16.036016,-16.346545,0.0400
19.176929,-19.871351,0.000000,0.000000,0.066518,0.822555,34.797794,-27.510355,-50.112417,16.036016,-16.346545,0.0400
19.176929,-19.871351,0.000000,0.000000,0.066518,0.822555,34.797794,-27.510355,-50.112417,16.036016,-16.346545,0.0400
19.176929,-19.871351,0.000000,0.000000,0.066518,0.822555,34.797794,-27.510355,-50.112417,16.036016,-16.346545,0.0400
19.176929,-19.871351,0.000000,0.000000,0.066518,0.822555,34.797794,-27.510355,-50.112417,16.036016,-16.346545,0.0400
19.176929,-19.871351,0.000000,0.000000,0.066518,0.822555,34.797794,-27.510355,-50.112417,16.036016,-16.346545,0.0400
19.176929,-19.871351,0.000000,0.000000,0.066518,0.822555,34.797794,-27.510355,-50.112417,16.036016,-16.346545,0.0400
19.176929,-19.871351,0.000000,0.000000,0.066518,0.822555,34.797794,-27.510355,-50.112417,16.036016,-16.346545,0.0400
19.176929,-19.871351,0.000000,0.000000,0.066518,0.822555,34.797794,-27.510355,-50.112417,16.036016,-16.346545,0.0400
19.176929,-19.871351,0.000000,0.000000,0.066518,0.822555,34.797794,-27.510355,-50.112417,16.036016,-16.346545,0.0420
19.176929,-19.871351,0.000000,0.000000,0.066518,0.822555,34.797794,-27.510355,-50.112417,16.036016,-16.346545,0.0400
19.176929,-19.871351,0.000000,0.000000,0.066518,0.822555,34.797794,-27.510355,-50.112417,16.036016,-16.346545,0.0400
19.176929,-19.871351,0.000000,0.000000,0.066518,0.822555,34.797794,-27.510355,-50.112417,16.036016,-16.346545,0.0400
19.176929,-19.871351,0.000000,0.000000,0.066518,0.822555,34.797794,-27.510355,-50.112417,16.036016,-16.346545,0.0400
19.176929,-19.871351,0.000000,0.000000,0.066518,0.822555,34.797794,-27.510355,-50.112417,16.036016,-16.346545,0.0400
19.176929,-19.871351,0.000000,0.000000,0.066518,0.822555,34.797794,-27.510355,-50.112417,16.036016,-16.346545,0.0410
19.176929,-19.871351,0.000000,0.000000,0.066518,0.822555,34.797794,-27.510355,-50.112417,16.036016,-16.346545,0.0400
19.176929,-19.871351,0.000000,0.000000,0.066518,0.822555,34.797794,-27.510355,-50.112417,16.036016,-16.346545,0.0400
19.176929,-19.871351,0.000000,0.000000,0.066518,0.822555,34.797794,-27.510355,-50.112417,16.036016,-16.346545,0.0400
19.176929,-19.871351,0.000000,0.000000,0.066518,0.822555,34.797794,-27.510355,-50.112417,16.036016,-16.346545,0.0400
19.176929,-19.871351,0.000000,0.000000,0.066518,0.822555,34.797794,-27.510355,-50.112417,16.036016,-16.346545,0.0400
19.176929,-19.871351,0.000000,0.000000,0.066518,0.822555,34.797794,-27.510355,-50.112417,16.036016,-16.346545,0.0400
19.176929,-19.871351,0.000000,0.000000,0.066518,0.822555,34.797794,-27.510355,-50.112417,16.036016,-16.346545,0.0490
19.176929,-19.871351,0.000000,0.000000,0.066518,0.822555,34.797794,-27.510355,-50.112417,16.036016,-16.346545,0.0400
19.176929,-19.871351,0.000000,0.000000,0.066518,0.822555,34.797794,-27.510355,-50.112417,16.036016,-16.346545,0.0400
19.176929,-19.871351,0.000000,0.000000,0.066518,0.822555,34.797794,-27.510355,-50.112417,16.036016,-16.346545,0.0400
19.176929,-19.871351,0.000000,0.000000,0.066518,0.822555,34.797794,-27.510355,-50.112417,16.036016,-16.346545,0.0410
19.176929,-19.871351,0.000000,0.000000,0.066518,0.822555,34.797794,-27.510355,-50.112417,16.036016,-16.346545,0.0770
19.176929,-19.871351,0.000000,0.000000,0.066518,0.822555,34.797794,-27.510355,-50.112417,16.036016,-16.346545,0.0410
19.176929,-19.871351,0.000000,0.000000,0.066518,0.822555,34.797794,-27.510355,-50.112417,16.036016,-16.346545,0.0410
19.176929,-19.871351,0.000000,0.000000,0.066518,0.822555,34.797794,-27.510355,-50.112417,16.036016,-16.346545,0.0400
19.176929,-19.871351,0.000000,0.000000,0.066518,0.822555,34.797794,-27.510355,-50.112417,16.036016,-16.346545,0.0400
19.176929,-19.871351,0.000000,0.000000,0.066518,0.822555,34.797794,-27.510355,-50.112417,16.036016,-16.346545,0.0400
19.176929,-19.871351,0.000000,0.000000,0.066518,0.822555,34.797794,-27.510355,-50.112417,16.036016,-16.346545,0.0400
19.176929,-19.871351,0.000000,0.000000,0.066518,0.822555,34.797794,-27.510355,-50.112417,16.036016,-16.346545,0.0400
19.176929,-19.871351,0.000000,0.000000,0.066518,0.822555,34.797794,-27.510355,-50.112417,16.036016,-16.346545,0.0400
19.176929,-19.871351,0.000000,0.000000,0.066518,0.822555,34.797794,-27.510355,-50.112417,16.036016,-16.346545,0.0400
19.176929,-19.871351,0.000000,0.000000,0.066518,0.822555,34.797794,-27.510355,-50.112417,16.036016,-16.346545,0.0410
19.176929,-19.871351,0.000000,0.000000,0.066518,0.822555,34.797794,-27.510355,-50.112417,16.036016,-16.346545,0.0410
19.176929,-19.871351,0.000000,0.000000,0.066518,0.822555,34.797794,-27.510355,-50.112417,16.036016,-16.346545,0.0450
19.176929,-19.871351,0.000000,0.000000,0.066518,0.822555,34.797794,-27.510355,-50.112417,16.036016,-16.346545,0.0400
19.176929,-19.871351,0.000000,0.000000,0.066518,0.822555,34.797794,-27.510355,-50.112417,16.036016,-16.346545,0.0400
19.176929,-19.871351,0.000000,0.000000,0.066518,0.822555,34.797794,-27.510355,-50.112417,16.036016,-16.346545,0.0400
19.176929,-19.871351,0.000000,0.000000,0.066518,0.822555,34.797794,-27.510355,-50.112417,16.036016,-16.346545,0.0400
19.176929,-19.871351,0.000000,0.000000,0.066518,0.822555,34.797794,-27.510355,-50.112417,16.036016,-16.346545,0.0400
19.176929,-19.871351,0.000000,0.000000,0.066518,0.822555,34.797794,-27.510355,-50.112417,16.036016,-16.346545,0.0400
19.176929,-19.871351,0.000000,0.000000,0.066518,0.822555,34.797794,-27.510355,-50.112417,16.036016,-16.346545,0.0400
19.176929,-19.871351,0.000000,0.000000,0.066518,0.822555,34.797794,-27.510355,-50.112417,16.036016,-16.346545,0.0400
19.176929,-19.871351,0.000000,0.000000,0.066518,0.822555,34.797794,-27.510355,-50.112417,16.036016,-16.346545,0.0410
19.176929,-19.871351,0.000000,0.000000,0.066518,0.822555,34.797794,-27.510355,-50.112417,16.036016,-16.346545,0.0400
19.176929,-19.871351,0.000000,0.000000,0.066518,0.822555,34.797794,-27.510355,-50.112417,16.036016,-16.346545,0.0400
19.176929,-19.871351,0.000000,0.000000,0.066518,0.822555,34.797794,-27.510355,-50.112417,16.036016,-16.346545,0.0400
19.176929,-19.871351,0.000000,0.000000,0.066518,0.822555,34.797794,-27.510355,-50.112417,16.036016,-16.346545,0.0400
19.176929,-19.871351,0.000000,0.000000,0.066518,0.822555,34.797794,-27.510355,-50.112417,16.036016,-16.346545,0.0410
19.176929,-19.871351,0.000000,0.000000,0.066518,0.822555,34.797794,-27.510355,-50.112417,16.036016,-16.346545,0.0400
19.176929,-19.871351,0.000000,0.000000,0.066518,0.822555,34.797794,-27.510355,-50.112417,16.036016,-16.346545,0.0410
19.176929,-19.871351,0.000000,0.000000,0.066518,0.822555,34.797794,-27.510355,-50.112417,16.036016,-16.346545,0.0680
19.176929,-19.871351,0.000000,0.000000,0.066518,0.822555,34.797794,-27.510355,-50.112417,16.036016,-16.346545,0.0410
19.176929,-19.871351,0.000000,0.000000,0.066518,0.822555,34.797794,-27.510355,-50.112417,16.036016,-16.346545,0.0400
19.176929,-19.871351,0.000000,0.000000,0.066518,0.822555,34.797794,-27.510355,-50.112417,16.036016,-16.346545,0.0410
19.176929,-19.871351,0.000000,0.000000,0.066518,0.822555,34.797794,-27.510355,-50.112417,16.036016,-16.346545,0.0420
19.176929,-19.871351,0.000000,0.000000,0.066518,0.822555,34.797794,-27.510355,-50.112417,16.036016,-16.346545,0.0410
19.176929,-19.871351,0.000000,0.000000,0.066518,0.822555,34.797794,-27.510355,-50.112417,16.036016,-16.346545,0.0400
19.176929,-19.871351,0.000000,0.000000,0.066518,0.822555,34.797794,-27.510355,-50.112417,16.036016,-16.346545,0.0400
19.176929,-19.871351,0.000000,0.000000,0.066518,0.822555,34.797794,-27.510355,-50.112417,16.036016,-16.346545,0.0400
19.176929,-19.871351,0.000000,0.000000,0.066518,0.822555,34.797794,-27.510355,-50.112417,16.036016,-16.346545,0.0410
19.176929,-19.871351,0.000000,0.000000,0.066518,0.822555,34.797794,-27.510355,-50.112417,16.036016,-16.346545,0.0400
19.176929,-19.871351,0.000000,0.000000,0.066518,0.822555,34.797794,-27.510355,-50.112417,16.036016,-16.346545,0.0420
19.176929,-19.871351,0.000000,0.000000,0.066518,0.822555,34.797794,-27.510355,-50.112417,16.036016,-16.346545,0.0420
19.176929,-19.871351,0.000000,0.000000,0.066518,0.822555,34.797794,-27.510355,-50.112417,16.036016,-16.346545,0.0720
19.176929,-19.871351,0.000000,0.000000,0.066518,0.822555,34.797794,-27.510355,-50.112417,16.036016,-16.346545,0.0400
19.176929,-19.871351,0.000000,0.000000,0.066518,0.822555,34.797794,-27.510355,-50.112417,16.036016,-16.346545,0.0410
19.176929,-19.871351,0.000000,0.000000,0.066518,0.822555,34.797794,-27.510355,-50.112417,16.036016,-16.346545,0.0400
19.176929,-19.871351,0.000000,0.000000,0.066518,0.822555,34.797794,-27.510355,-50.112417,16.036016,-16.346545,0.0400
19.176929,-19.871351,0.000000,0.000000,0.066518,0.822555,34.797794,-27.510355,-50.112417,16.036016,-16.346545,0.0400
19.176929,-19.871351,0.000000,0.000000,0.066518,0.822555,34.797794,-27.510355,-50.112417,16.036016,-16.346545,0.0400
19.176929,-19.871351,0.000000,0.000000,0.066518,0.822555,34.797794,-27.510355,-50.112417,16.036016,-16.346545,0.0400
19.176929,-19.871351,0.000000,0.000000,0.066518,0.822555,34.797794,-27.510355,-50.112417,16.036016,-16.346545,0.0400
19.176929,-19.871351,0.000000,0.000000,0.066518,0.822555,34.797794,-27.510355,-50.112417,16.036016,-16.346545,0.0400
19.176929,-19.871351,0.000000,0.000000,0.066518,0.822555,34.797794,-27.510355,-50.112417,16.036016,-16.346545,0.0400
19.176929,-19.871351,0.000000,0.000000,0.066518,0.822555,34.797794,-27.510355,-50.112417,16.036016,-16.346545,0.0400
19.176929,-19.871351,0.000000,0.000000,0.066518,0.822555,34.797794,-27.510355,-50.112417,16.036016,-16.346545,0.0400
19.176929,-19.871351,0.000000,0.000000,0.066518,0.822555,34.797794,-27.510355,-50.112417,16.036016,-16.346545,0.0410
19.176929,-19.871351,0.000000,0.000000,0.066518,0.822555,34.797794,-27.510355,-50.112417,16.036016,-16.346545,0.0400
19.176929,-19.871351,0.000000,0.000000,0.066518,0.822555,34.797794,-27.510355,-50.112417,16.036016,-16.346545,0.0400
19.176929,-19.871351,0.000000,0.000000,0.066518,0.822555,34.797794,-27.510355,-50.112417,16.036016,-16.346545,0.0410
19.176929,-19.871351,0.000000,0.000000,0.066518,0.822555,34.797794,-27.510355,-50.112417,16.036016,-16.346545,0.0400
19.176929,-19.871351,0.000000,0.000000,0.066518,0.822555,34.797794,-27.510355,-50.112417,16.036016,-16.346545,0.0470
19.176929,-19.871351,0.000000,0.000000,0.066518,0.822555,34.797794,-27.510355,-50.112417,16.036016,-16.346545,0.0400
19.176929,-19.871351,0.000000,0.000000,0.066518,0.822555,34.797794,-27.510355,-50.112417,16.036016,-16.346545,0.0410
19.176929,-19.871351,0.000000,0.000000,0.066518,0.822555,34.797794,-27.510355,-50.112417,16.036016,-16.346545,0.0400
19.176929,-19.871351,0.000000,0.000000,0.066518,0.822555,34.797794,-27.510355,-50.112417,16.036016,-16.346545,0.0480
19.176929,-19.871351,0.000000,0.000000,0.066518,0.822555,34.797794,-27.510355,-50.112417,16.036016,-16.346545,0.0400
19.176929,-19.871351,0.000000,0.000000,0.066518,0.822555,34.797794,-27.510355,-50.112417,16.036016,-16.346545,0.0410
19.176929,-19.871351,0.000000,0.000000,0.066518,0.822555,34.797794,-27.510355,-50.112417,16.036016,-16.346545,0.0400
19.176929,-19.871351,0.000000,0.000000,0.066518,0.822555,34.797794,-27.510355,-50.112417,16.036016,-16.346545,0.0410
19.176929,-19.871351,0.000000,0.000000,0.066518,0.822555,34.797794,-27.510355,-50.112417,16.036016,-16.346545,0.0430
19.176929,-19.871351,0.000000,0.000000,0.066518,0.822555,34.797794,-27.510355,-50.112417,16.036016,-16.346545,0.0410
19.176929,-19.871351,0.000000,0.000000,0.066518,0.822555,34.797794,-27.510355,-50.112417,16.036016,-16.346545,0.0400
19.176929,-19.871351,0.000000,0.000000,0.066518,0.822555,34.797794,-27.510355,-50.112417,16.036016,-16.346545,0.0400
19.176929,-19.871351,0.000000,0.000000,0.066518,0.822555,34.797794,-27.510355,-50.112417,16.036016,-16.346545,0.0410
19.176929,-19.871351,0.000000,0.000000,0.066518,0.822555,34.797794,-27.510355,-50.112417,16.036016,-16.346545,0.0410
19.176929,-19.871351,0.000000,0.000000,0.066518,0.822555,34.797794,-27.510355,-50.112417,16.036016,-16.346545,0.0410
19.176929,-19.871351,0.000000,0.000000,0.066518,0.822555,34.797794,-27.510355,-50.112417,16.036016,-16.346545,0.0400
19.176929,-19.871351,0.000000,0.000000,0.066518,0.822555,34.797794,-27.510355,-50.112417,16.036016,-16.346545,0.0400
19.176929,-19.871351,0.000000,0.000000,0.066518,0.822555,34.797794,-27.510355,-50.112417,16.036016,-16.346545,0.0400
19.176929,-19.871351,0.000000,0.000000,0.066518,0.822555,34.797794,-27.510355,-50.112417,16.036016,-16.346545,0.0410
19.176929,-19.871351,0.000000,0.000000,0.066518,0.822555,34.797794,-27.510355,-50.112417,16.036016,-16.346545,0.0400
19.176929,-19.871351,0.000000,0.000000,0.066518,0.822555,34.797794,-27.510355,-50.112417,16.036016,-16.346545,0.0400
19.176929,-19.871351,0.000000,0.000000,0.066518,0.822555,34.797794,-27.510355,-50.112417,16.036016,-16.346545,0.0400
19.176929,-19.871351,0.000000,0.000000,0.066518,0.822555,34.797794,-27.510355,-50.112417,16.036016,-16.346545,0.0680
19.176929,-19.871351,0.000000,0.000000,0.066518,0.822555,34.797794,-27.510355,-50.112417,16.036016,-16.346545,0.0400
19.176929,-19.871351,0.000000,0.000000,0.066518,0.822555,34.797794,-27.510355,-50.112417,16.036016,-16.346545,0.0400
19.176929,-19.871351,0.000000,0.000000,0.066518,0.822555,34.797794,-27.510355,-50.112417,16.036016,-16.346545,0.0400
19.176929,-19.871351,0.000000,0.000000,0.066518,0.822555,34.797794,-27.510355,-50.112417,16.036016,-16.346545,0.0440
19.176929,-19.871351,0.000000,0.000000,0.066518,0.822555,34.797794,-27.510355,-50.112417,16.036016,-16.346545,0.0400
19.176929,-19.871351,0.000000,0.000000,0.066518,0.822555,34.797794,-27.510355,-50.112417,16.036016,-16.346545,0.0400
19.176929,-19.871351,0.000000,0.000000,0.066518,0.822555,34.797794,-27.510355,-50.112417,16.036016,-16.346545,0.0470
19.176929,-19.871351,0.000000,0.000000,0.066518,0.822555,34.797794,-27.510355,-50.112417,16.036016,-16.346545,0.0400
19.176929,-19.871351,0.000000,0.000000,0.066518,0.822555,34.797794,-27.510355,-50.112417,16.036016,-16.346545,0.0410
19.176929,-19.871351,0.000000,0.000000,0.066518,0.822555,34.797794,-27.510355,-50.112417,16.036016,-16.346545,0.0410
19.176929,-19.871351,0.000000,0.000000,0.066518,0.822555,34.797794,-27.510355,-50.112417,16.036016,-16.346545,0.0410
19.176929,-19.871351,0.000000,0.000000,0.066518,0.822555,34.797794,-27.510355,-50.112417,16.036016,-16.346545,0.0410
19.176929,-19.871351,0.000000,0.000000,0.066518,0.822555,34.797794,-27.510355,-50.112417,16.036016,-16.346545,0.0440
19.176929,-19.871351,0.000000,0.000000,0.066518,0.822555,34.797794,-27.510355,-50.112417,16.036016,-16.346545,0.0400
19.176929,-19.871351,0.000000,0.000000,0.066518,0.822555,34.797794,-27.510355,-50.112417,16.036016,-16.346545,0.0400
19.176929,-19.871351,0.000000,0.000000,0.066518,0.822555,34.797794,-27.510355,-50.112417,16.036016,-16.346545,0.0490
19.176929,-19.871351,0.000000,0.000000,0.066518,0.822555,34.797794,-27.510355,-50.112417,16.036016,-16.346545,0.0400
19.176929,-19.871351,0.000000,0.000000,0.066518,0.822555,34.797794,-27.510355,-50.112417,16.036016,-16.346545,0.0410
19.176929,-19.871351,0.000000,0.000000,0.066518,0.822555,34.797794,-27.510355,-50.112417,16.036016,-16.346545,0.0400
19.176929,-19.871351,0.000000,0.000000,0.066518,0.822555,34.797794,-27.510355,-50.112417,16.036016,-16.346545,0.0400
19.176929,-19.871351,0.000000,0.000000,0.066518,0.822555,34.797794,-27.510355,-50.112417,16.036016,-16.346545,0.0400
19.176929,-19.871351,0.000000,0.000000,0.066518,0.822555,34.797794,-27.510355,-50.112417,16.036016,-16.346545,0.0400
19.176929,-19.871351,0.000000,0.000000,0.066518,0.822555,34.797794,-27.510355,-50.112417,16.036016,-16.346545,0.0400
19.176929,-19.871351,0.000000,0.000000,0.066518,0.822555,34.797794,-27.510355,-50.112417,16.036016,-16.346545,0.0410
19.176929,-19.871351,0.000000,0.000000,0.066518,0.822555,34.797794,-27.510355,-50.112417,16.036016,-16.346545,0.0410
19.176929,-19.871351,0.000000,0.000000,0.066518,0.822555,34.797794,-27.510355,-50.112417,16.036016,-16.346545,0.0400
19.176929,-19.871351,0.000000,0.000000,0.066518,0.822555,34.797794,-27.510355,-50.112417,16.036016,-16.346545,0.0410
19.176929,-19.871351,0.000000,0.000000,0.066518,0.822555,34.797794,-27.510355,-50.112417,16.036016,-16.346545,0.0400
19.176929,-19.871351,0.000000,0.000000,0.066518,0.822555,34.797794,-27.510355,-50.112417,16.036016,-16.346545,0.0400
19.176929,-19.871351,0.000000,0.000000,0.066518,0.822555,34.797794,-27.510355,-50.112417,16.036016,-16.346545,0.0400
19.176929,-19.871351,0.000000,0.000000,0.066518,0.822555,34.797794,-27.510355,-50.112417,16.036016,-16.346545,0.0400
19.176929,-19.871351,0.000000,0.000000,0.066518,0.822555,34.797794,-27.510355,-50.112417,16.036016,-16.346545,0.0400
19.176929,-19.871351,0.000000,0.000000,0.066518,0.822555,34.797794,-27.510355,-50.112417,16.036016,-16.346545,0.0420
19.176929,-19.871351,0.000000,0.000000,0.066518,0.822555,34.797794,-27.510355,-50.112417,16.036016,-16.346545,0.0400
19.176929,-19.871351,0.000000,0.000000,0.066518,0.822555,34.797794,-27.510355,-50.112417,16.036016,-16.346545,0.0690
19.176929,-19.871351,0.000000,0.000000,0.066518,0.822555,34.797794,-27.510355,-50.112417,16.036016,-16.346545,0.0410
19.176929,-19.871351,0.000000,0.000000,0.066518,0.822555,34.797794,-27.510355,-50.112417,16.036016,-16.346545,0.0400
19.176929,-19.871351,0.000000,0.000000,0.066518,0.822555,34.797794,-27.510355,-50.112417,16.036016,-16.346545,0.0400
19.176929,-19.871351,0.000000,0.000000,0.066518,0.822555,34.797794,-27.510355,-50.112417,16.036016,-16.346545,0.0400
19.176929,-19.871351,0.000000,0.000000,0.066518,0.822555,34.797794,-27.510355,-50.112417,16.036016,-16.346545,0.0400
19.176929,-19.871351,0.000000,0.000000,0.066518,0.822555,34.797794,-27.510355,-50.112417,16.036016,-16.346545,0.0400
19.176929,-19.871351,0.000000,0.000000,0.066518,0.822555,34.797794,-27.510355,-50.112417,16.036016,-16.346545,0.0470
19.176929,-19.871351,0.000000,0.000000,0.066518,0.822555,34.797794,-27.510355,-50.112417,16.036016,-16.346545,0.0400
19.176929,-19.871351,0.000000,0.000000,0.066518,0.822555,34.797794,-27.510355,-50.112417,16.036016,-16.346545,0.0400
19.176929,-19.871351,0.000000,0.000000,0.066518,0.822555,34.797794,-27.510355,-50.112417,16.036016,-16.346545,0.0400
19.176929,-19.871351,0.000000,0.000000,0.066518,0.822555,34.797794,-27.510355,-50.112417,16.036016,-16.346545,0.0400
19.176929,-19.871351,0.000000,0.000000,0.066518,0.822555,34.797794,-27.510355,-50.112417,16.036016,-16.346545,0.0400
19.176929,-19.871351,0.000000,0.000000,0.066518,0.822555,34.797794,-27.510355,-50.112417,16.036016,-16.346545,0.0400
19.176929,-19.871351,0.000000,0.000000,0.066518,0.822555,34.797794,-27.510355,-50.112417,16.036016,-16.346545,0.0400
19.176929,-19.871351,0.000000,0.000000,0.066518,0.822555,34.797794,-27.510355,-50.112417,16.036016,-16.346545,0.0650
19.176929,-19.871351,0.000000,0.000000,0.066518,0.822555,34.797794,-27.510355,-50.112417,16.036016,-16.346545,0.0400
19.176929,-19.871351,0.000000,0.000000,0.066518,0.822555,34.797794,-27.510355,-50.112417,16.036016,-16.346545,0.0400
19.176929,-19.871351,0.000000,0.000000,0.066518,0.822555,34.797794,-27.510355,-50.112417,16.036016,-16.346545,0.0400
19.176929,-19.871351,0.000000,0.000000,0.066518,0.822555,34.797794,-27.510355,-50.112417,16.036016,-16.346545,0.0400
19.176929,-19.871351,0.000000,0.000000,0.066518,0.822555,34.797794,-27.510355,-50.112417,16.036016,-16.346545,0.0410
19.176929,-19.871351,0.000000,0.000000,0.066518,0.822555,34.797794,-27.510355,-50.112417,16.036016,-16.346545,0.0410
19.176929,-19.871351,0.000000,0.000000,0.066518,0.822555,34.797794,-27.510355,-50.112417,16.036016,-16.346545,0.0400
19.176929,-19.871351,0.000000,0.000000,0.066518,0.822555,34.797794,-27.510355,-50.112417,16.036016,-16.346545,0.0410
19.176929,-19.871351,0.000000,0.000000,0.066518,0.822555,34.797794,-27.510355,-50.112417,16.036016,-16.346545,0.0400
19.176929,-19.871351,0.000000,0.000000,0.066518,0.822555,34.797794,-27.510355,-50.112417,16.036016,-16.346545,0.0400
19.176929,-19.871351,0.000000,0.000000,0.066518,0.822555,34.797794,-27.510355,-50.112417,16.036016,-16.346545,0.0400
19.176929,-19.871351,0.000000,0.000000,0.066518,0.822555,34.797794,-27.510355,-50.112417,16.036016,-16.346545,0.0450
19.176929,-19.871351,0.000000,0.000000,0.066518,0.822555,34.797794,-27.510355,-50.112417,16.036016,-16.346545,0.0400
19.176929,-19.871351,0.000000,0.000000,0.066518,0.822555,34.797794,-27.510355,-50.112417,16.036016,-16.346545,0.0400
19.176929,-19.871351,0.000000,0.000000,0.066518,0.822555,34.797794,-27.510355,-50.112417,16.036016,-16.346545,0.0410
19.176929,-19.871351,0.000000,0.000000,0.066518,0.822555,34.797794,-27.510355,-50.112417,16.036016,-16.346545,0.0400
19.176929,-19.871351,0.000000,0.000000,0.066518,0.822555,34.797794,-27.510355,-50.112417,16.036016,-16.346545,0.0400
19.176929,-19.871351,0.000000,0.000000,0.066518,0.822555,34.797794,-27.510355,-50.112417,16.036016,-16.346545,0.0410
19.176929,-19.871351,0.000000,0.000000,0.066518,0.822555,34.797794,-27.510355,-50.112417,16.036016,-16.346545,0.0690
19.176929,-19.871351,0.000000,0.000000,0.066518,0.822555,34.797794,-27.510355,-50.112417,16.036016,-16.346545,0.0400
19.176929,-19.871351,0.000000,0.000000,0.066518,0.822555,34.797794,-27.510355,-50.112417,16.036016,-16.346545,0.0400
19.176929,-19.871351,0.000000,0.000000,0.066518,0.822555,34.797794,-27.510355,-50.112417,16.036016,-16.346545,0.0410
19.176929,-19.871351,0.000000,0.000000,0.066518,0.822555,34.797794,-27.510355,-50.112417,16.036016,-16.346545,0.0400
19.176929,-19.871351,0.000000,0.000000,0.066518,0.822555,34.797794,-27.510355,-50.112417,16.036016,-16.346545,0.0400
19.176929,-19.871351,0.000000,0.000000,0.066518,0.822555,34.797794,-27.510355,-50.112417,16.036016,-16.346545,0.0410
19.176929,-19.871351,0.000000,0.000000,0.066518,0.822555,34.797794,-27.510355,-50.112417,16.036016,-16.346545,0.0410
19.176929,-19.871351,0.000000,0.000000,0.066518,0.822555,34.797794,-27.510355,-50.112417,16.036016,-16.346545,0.0400
19.176929,-19.871351,0.000000,0.000000,0.066518,0.822555,34.797794,-27.510355,-50.112417,16.036016,-16.346545,0.0400
19.176929,-19.871351,0.000000,0.000000,0.066518,0.822555,34.797794,-27.510355,-50.112417,16.036016,-16.346545,0.0400
19.176929,-19.871351,0.000000,0.000000,0.066518,0.822555,34.797794,-27.510355,-50.112417,16.036016,-16.346545,0.0400
19.176929,-19.871351,0.000000,0.000000,0.066518,0.822555,34.797794,-27.510355,-50.112417,16.036016,-16.346545,0.0410
19.176929,-19.871351,0.000000,0.000000,0.066518,0.822555,34.797794,-27.510355,-50.112417,16.036016,-16.346545,0.0410
19.176929,-19.871351,0.000000,0.000000,0.066518,0.822555,34.797794,-27.510355,-50.112417,16.036016,-16.346545,0.0400
19.176929,-19.871351,0.000000,0.000000,0.066518,0.822555,34.797794,-27.510355,-50.112417,16.036016,-16.346545,0.0400
19.176929,-19.871351,0.000000,0.000000,0.066518,0.822555,34.797794,-27.510355,-50.112417,16.036016,-16.346545,0.0500
19.176929,-19.871351,0.000000,0.000000,0.066518,0.822555,34.797794,-27.510355,-50.112417,16.036016,-16.346545,0.0410
19.176929,-19.871351,0.000000,0.000000,0.066518,0.822555,34.797794,-27.510355,-50.112417,16.036016,-16.346545,0.0400
19.176929,-19.871351,0.000000,0.000000,0.066518,0.822555,34.797794,-27.510355,-50.112417,16.036016,-16.346545,0.0410
19.176929,-19.871351,0.000000,0.000000,0.066518,0.822555,34.797794,-27.510355,-50.112417,16.036016,-16.346545,0.0410
19.176929,-19.871351,0.000000,0.000000,0.066518,0.822555,34.797794,-27.510355,-50.112417,16.036016,-16.346545,0.0400
19.176929,-19.871351,0.000000,0.000000,0.066518,0.822555,34.797794,-27.510355,-50.112417,16.036016,-16.346545,0.0410
19.176929,-19.871351,0.000000,0.000000,0.066518,0.822555,34.797794,-27.510355,-50.112417,16.036016,-16.346545,0.0430
19.176929,-19.871351,0.000000,0.000000,0.066518,0.822555,34.797794,-27.510355,-50.112417,16.036016,-16.346545,0.0400
19.176929,-19.871351,0.000000,0.000000,0.066518,0.822555,34.797794,-27.510355,-50.112417,16.036016,-16.346545,0.0410
19.176929,-19.871351,0.000000,0.000000,0.066518,0.822555,34.797794,-27.510355,-50.112417,16.036016,-16.346545,0.0410
19.176929,-19.871351,0.000000,0.000000,0.066518,0.822555,34.797794,-27.510355,-50.112417,16.036016,-16.346545,0.0410
19.176929,-19.871351,0.000000,0.000000,0.066518,0.822555,34.797794,-27.510355,-50.112417,16.036016,-16.346545,0.0420
19.176929,-19.871351,0.000000,0.000000,0.066518,0.822555,34.797794,-27.510355,-50.112417,16.036016,-16.346545,0.0460
19.176929,-19.871351,0.000000,0.000000,0.066518,0.822555,34.797794,-27.510355,-50.112417,16.036016,-16.346545,0.0420
19.176929,-19.871351,0.000000,0.000000,0.066518,0.822555,34.797794,-27.510355,-50.112417,16.036016,-16.346545,0.0430
19.176929,-19.871351,0.000000,0.000000,0.066518,0.822555,34.797794,-27.510355,-50.112417,16.036016,-16.346545,0.0410
19.176929,-19.871351,0.000000,0.000000,0.066518,0.822555,34.797794,-27.510355,-50.112417,16.036016,-16.346545,0.0480
19.176929,-19.871351,0.000000,0.000000,0.066518,0.822555,34.797794,-27.510355,-50.112417,16.036016,-16.346545,0.0410
19.176929,-19.871351,0.000000,0.000000,0.066518,0.822555,34.797794,-27.510355,-50.112417,16.036016,-16.346545,0.0850
19.176929,-19.871351,0.000000,0.000000,0.066518,0.822555,34.797794,-27.510355,-50.112417,16.036016,-16.346545,0.0430
19.176929,-19.871351,0.000000,0.000000,0.066518,0.822555,34.797794,-27.510355,-50.112417,16.036016,-16.346545,0.0450
19.176929,-19.871351,0.000000,0.000000,0.066518,0.822555,34.797794,-27.510355,-50.112417,16.036016,-16.346545,0.0450
19.176929,-19.871351,0.000000,0.000000,0.066518,0.822555,34.797794,-27.510355,-50.112417,16.036016,-16.346545,0.0430
19.176929,-19.871351,0.000000,0.000000,0.066518,0.822555,34.797794,-27.510355,-50.112417,16.036016,-16.346545,0.0430
19.176929,-19.871351,0.000000,0.000000,0.066518,0.822555,34.797794,-27.510355,-50.112417,16.036016,-16.346545,0.0440
19.176929,-19.871351,0.000000,0.000000,0.066518,0.822555,34.797794,-27.510355,-50.112417,16.036016,-16.346545,0.0520
19.176929,-19.871351,0.000000,0.000000,0.066518,0.822555,34.797794,-27.510355,-50.112417,16.036016,-16.346545,0.0430
19.176929,-19.871351,0.000000,0.000000,0.066518,0.822555,34.797794,-27.510355,-50.112417,16.036016,-16.346545,0.0450
19.176929,-19.871351,0.000000,0.000000,0.066518,0.822555,34.797794,-27.510355,-50.112417,16.036016,-16.346545,0.0410
19.176929,-19.871351,0.000000,0.000000,0.066518,0.822555,34.797794,-27.510355,-50.112417,16.036016,-16.346545,0.0500
19.176929,-19.871351,0.000000,0.000000,0.066518,0.822555,34.797794,-27.510355,-50.112417,16.036016,-16.346545,0.0440
19.176929,-19.871351,0.000000,0.000000,0.066518,0.822555,34.797794,-27.510355,-50.112417,16.036016,-16.346545,0.0450
19.176929,-19.871351,0.000000,0.000000,0.066518,0.822555,34.797794,-27.510355,-50.112417,16.036016,-16.346545,0.0550
19.176929,-19.871351,0.000000,0.000000,0.066518,0.822555,34.797794,-27.510355,-50.112417,16.036016,-16.346545,0.0520
19.176929,-19.871351,0.000000,0.000000,0.066518,0.822555,34.797794,-27.510355,-50.112417,16.036016,-16.346545,0.0680
19.176929,-19.871351,0.000000,0.000000,0.066518,0.822555,34.797794,-27.510355,-50.112417,16.036016,-16.346545,0.0480
19.176929,-19.871351,0.000000,0.000000,0.066518,0.822555,34.797794,-27.510355,-50.112417,16.036016,-16.346545,0.0440
19.176929,-19.871351,0.000000,0.000000,0.066518,0.822555,34.797794,-27.510355,-50.112417,16.036016,-16.346545,0.0430
19.176929,-19.871351,0.000000,0.000000,0.066518,0.822555,34.797794,-27.510355,-50.112417,16.036016,-16.346545,0.0550
19.176929,-19.871351,0.000000,0.000000,0.066518,0.822555,34.797794,-27.510355,-50.112417,16.036016,-16.346545,0.0410
19.176929,-19.871351,0.000000,0.000000,0.066518,0.822555,34.797794,-27.510355,-50.112417,16.036016,-16.346545,0.0490
19.176929,-19.871351,0.000000,0.000000,0.066518,0.822555,34.797794,-27.510355,-50.112417,16.036016,-16.346545,0.0420
19.176929,-19.871351,0.000000,0.000000,0.066518,0.822555,34.797794,-27.510355,-50.112417,16.036016,-16.346545,0.0530
19.176929,-19.871351,0.000000,0.000000,0.066518,0.822555,34.797794,-27.510355,-50.112417,16.036016,-16.346545,0.0450
19.176929,-19.871351,0.000000,0.000000,0.066518,0.822555,34.797794,-27.510355,-50.112417,16.036016,-16.346545,0.0460
19.176929,-19.871351,0.000000,0.000000,0.066518,0.822555,34.797794,-27.510355,-50.112417,16.036016,-16.346545,0.0450
19.176929,-19.871351,0.000000,0.000000,0.066518,0.822555,34.797794,-27.510355,-50.112417,16.036016,-16.346545,0.0450
19.176929,-19.871351,0.000000,0.000000,0.066518,0.822555,34.797794,-27.510355,-50.112417,16.036016,-16.346545,0.0520
19.176929,-19.871351,0.000000,0.000000,0.066518,0.822555,34.797794,-27.510355,-50.112417,16.036016,-16.346545,0.0430
19.176929,-19.871351,0.000000,0.000000,0.066518,0.822555,34.797794,-27.510355,-50.112417,16.036016,-16.346545,0.0470
19.176929,-19.871351,0.000000,0.000000,0.066518,0.822555,34.797794,-27.510355,-50.112417,16.036016,-16.346545,0.0430
19.176929,-19.871351,0.000000,0.000000,0.066518,0.822555,34.797794,-27.510355,-50.112417,16.036016,-16.346545,0.0480
19.176929,-19.871351,0.000000,0.000000,0.066518,0.822555,34.797794,-27.510355,-50.112417,16.036016,-16.346545,0.0630
19.176929,-19.871351,0.000000,0.000000,0.066518,0.822555,34.797794,-27.510355,-50.112417,16.036016,-16.346545,0.0440
19.176929,-19.871351,0.000000,0.000000,0.066518,0.822555,34.797794,-27.510355,-50.112417,16.036016,-16.346545,0.0460
19.176929,-19.871351,0.000000,0.000000,0.066518,0.822555,34.797794,-27.510355,-50.112417,16.036016,-16.346545,0.0530
19.176929,-19.871351,0.000000,0.000000,0.066518,0.822555,34.797794,-27.510355,-50.112417,16.036016,-16.346545,0.0450
19.176929,-19.871351,0.000000,0.000000,0.066518,0.822555,34.797794,-27.510355,-50.112417,16.036016,-16.346545,0.0420
19.176929,-19.871351,0.000000,0.000000,0.066518,0.822555,34.797794,-27.510355,-50.112417,16.036016,-16.346545,0.0480
19.176929,-19.871351,0.000000,0.000000,0.066518,0.822555,34.797794,-27.510355,-50.112417,16.036016,-16.346545,0.0420
19.176929,-19.871351,0.000000,0.000000,0.066518,0.822555,34.797794,-27.510355,-50.112417,16.036016,-16.346545,0.0510
19.176929,-19.871351,0.000000,0.000000,0.066518,0.822555,34.797794,-27.510355,-50.112417,16.036016,-16.346545,0.0460
19.176929,-19.871351,0.000000,0.000000,0.066518,0.822555,34.797794,-27.510355,-50.112417,16.036016,-16.346545,0.0460
19.176929,-19.871351,0.000000,0.000000,0.066518,0.822555,34.797794,-27.510355,-50.112417,16.036016,-16.346545,0.0460
19.176929,-19.871351,0.000000,0.000000,0.066518,0.822555,34.797794,-27.510355,-50.112417,16.036016,-16.346545,0.0490
19.176929,-19.871351,0.000000,0.000000,0.066518,0.822555,34.797794,-27.510355,-50.112417,16.036016,-16.346545,0.0450
19.176929,-19.871351,0.000000,0.000000,0.066518,0.822555,34.797794,-27.510355,-50.112417,16.036016,-16.346545,0.0450
19.176929,-19.871351,0.000000,0.000000,0.066518,0.822555,34.797794,-27.510355,-50.112417,16.036016,-16.346545,0.0450
19.176929,-19.871351,0.000000,0.000000,0.066518,0.822555,34.797794,-27.510355,-50.112417,16.036016,-16.346545,0.0640
19.176929,-19.871351,0.000000,0.000000,0.066518,0.822555,34.797794,-27.510355,-50.112417,16.036016,-16.346545,0.0460
19.176929,-19.871351,0.000000,0.000000,0.066518,0.822555,34.797794,-27.510355,-50.112417,16.036016,-16.346545,0.0470
19.176929,-19.871351,0.000000,0.000000,0.066518,0.822555,34.797794,-27.510355,-50.112417,16.036016,-16.346545,0.0480
19.176929,-19.871351,0.000000,0.000000,0.066518,0.822555,34.797794,-27.510355,-50.112417,16.036016,-16.346545,0.0420
19.176929,-19.871351,0.000000,0.000000,0.066518,0.822555,34.797794,-27.510355,-50.112417,16.036016,-16.346545,0.0510
19.176929,-19.871351,0.000000,0.000000,0.066518,0.822555,34.797794,-27.510355,-50.112417,16.036016,-16.346545,0.0460
19.176929,-19.871351,0.000000,0.000000,0.066518,0.822555,34.797794,-27.510355,-50.112417,16.036016,-16.346545,0.0460
19.176929,-19.871351,0.000000,0.000000,0.066518,0.822555,34.797794,-27.510355,-50.112417,16.036016,-16.346545,0.0470
19.176929,-19.871351,0.000000,0.000000,0.066518,0.822555,34.797794,-27.510355,-50.112417,16.036016,-16.346545,0.0530
19.176929,-19.871351,0.000000,0.000000,0.066518,0.822555,34.797794,-27.510355,-50.112417,16.036016,-16.346545,0.0480
19.176929,-19.871351,0.000000,0.000000,0.066518,0.822555,34.797794,-27.510355,-50.112417,16.036016,-16.346545,0.0430
19.176929,-19.871351,0.000000,0.000000,0.066518,0.822555,34.797794,-27.510355,-50.112417,16.036016,-16.346545,0.0470
19.176929,-19.871351,0.000000,0.000000,0.066518,0.822555,34.797794,-27.510355,-50.112417,16.036016,-16.346545,0.0430
19.176929,-19.871351,0.000000,0.000000,0.066518,0.822555,34.797794,-27.510355,-50.112417,16.036016,-16.346545,0.0490
19.176929,-19.871351,0.000000,0.000000,0.066518,0.822555,34.797794,-27.510355,-50.112417,16.036016,-16.346545,0.0470
19.176929,-19.871351,0.000000,0.000000,0.066518,0.822555,34.797794,-27.510355,-50.112417,16.036016,-16.346545,0.0490
19.176929,-19.871351,0.000000,0.000000,0.066518,0.822555,34.797794,-27.510355,-50.112417,16.036016,-16.346545,0.0490
19.176929,-19.871351,0.000000,0.000000,0.066518,0.822555,34.797794,-27.510355,-50.112417,16.036016,-16.346545,0.0490
19.176929,-19.871351,0.000000,0.000000,0.066518,0.822555,34.797794,-27.510355,-50.112417,16.036016,-16.346545,0.0820
19.176929,-19.871351,0.000000,0.000000,0.066518,0.822555,34.797794,-27.510355,-50.112417,16.036016,-16.346545,0.0450
19.176929,-19.871351,0.000000,0.000000,0.066518,0.822555,34.797794,-27.510355,-50.112417,16.036016,-16.346545,0.0490
19.176929,-19.871351,0.000000,0.000000,0.066518,0.822555,34.797794,-27.510355,-50.112417,16.036016,-16.346545,0.0530
19.176929,-19.871351,0.000000,0.000000,0.066518,0.822555,34.797794,-27.510355,-50.112417,16.036016,-16.346545,0.0480
19.176929,-19.871351,0.000000,0.000000,0.066518,0.822555,34.797794,-27.510355,-50.112417,16.036016,-16.346545,0.0470
19.176929,-19.871351,0.000000,0.000000,0.066518,0.822555,34.797794,-27.510355,-50.112417,16.036016,-16.346545,0.0450
19.176929,-19.871351,0.000000,0.000000,0.066518,0.822555,34.797794,-27.510355,-50.112417,16.036016,-16.346545,0.0460
19.176929,-19.871351,0.000000,0.000000,0.066518,0.822555,34.797794,-27.510355,-50.112417,16.036016,-16.346545,0.0480
19.176929,-19.871351,0.000000,0.000000,0.066518,0.822555,34.797794,-27.510355,-50.112417,16.036016,-16.346545,0.0430
19.176929,-19.871351,0.000000,0.000000,0.066518,0.822555,34.797794,-27.510355,-50.112417,16.036016,-16.346545,0.0500
19.176929,-19.871351,0.000000,0.000000,0.066518,0.822555,34.797794,-27.510355,-50.112417,16.036016,-16.346545,0.0480
19.176929,-19.871351,0.000000,0.000000,0.066518,0.822555,34.797794,-27.510355,-50.112417,16.036016,-16.346545,0.0490
19.176929,-19.871351,0.000000,0.000000,0.066518,0.822555,34.797794,-27.510355,-50.112417,16.036016,-16.346545,0.0470
19.176929,-19.871351,0.000000,0.000000,0.066518,0.822555,34.797794,-27.510355,-50.112417,16.036016,-16.346545,0.0460
19.176929,-19.871351,0.000000,0.000000,0.066518,0.822555,34.797794,-27.510355,-50.112417,16.036016,-16.346545,0.0470
19.176929,-19.871351,0.000000,0.000000,0.066518,0.822555,34.797794,-27.510355,-50.112417,16.036016,-16.346545,0.0680
19.176929,-19.871351,0.000000,0.000000,0.066518,0.822555,34.797794,-27.510355,-50.112417,16.036016,-16.346545,0.0490
19.176929,-19.871351,0.000000,0.000000,0.066518,0.822555,34.797794,-27.510355,-50.112417,16.036016,-16.346545,0.0460
19.176929,-19.871351,0.000000,0.000000,0.066518,0.822555,34.797794,-27.510355,-50.112417,16.036016,-16.346545,0.0470
19.176929,-19.871351,0.000000,0.000000,0.066518,0.822555,34.797794,-27.510355,-50.112417,16.036016,-16.346545,0.0460
19.176929,-19.871351,0.000000,0.000000,0.066518,0.822555,34.797794,-27.510355,-50.112417,16.036016,-16.346545,0.0480
19.176929,-19.871351,0.000000,0.000000,0.066518,0.822555,34.797794,-27.510355,-50.112417,16.036016,-16.346545,0.0490
19.176929,-19.871351,0.000000,0.000000,0.066518,0.822555,34.797794,-27.510355,-50.112417,16.036016,-16.346545,0.0490
19.176929,-19.871351,0.000000,0.000000,0.066518,0.822555,34.797794,-27.510355,-50.112417,16.036016,-16.346545,0.0480
19.176929,-19.871351,0.000000,0.000000,0.066518,0.822555,34.797794,-27.510355,-50.112417,16.036016,-16.346545,0.0510
19.176929,-19.871351,0.000000,0.000000,0.066518,0.822555,34.797794,-27.510355,-50.112417,16.036016,-16.346545,0.0470
19.176929,-19.871351,0.000000,0.000000,0.066518,0.822555,34.797794,-27.510355,-50.112417,16.036016,-16.346545,0.0500
19.176929,-19.871351,0.000000,0.000000,0.066518,0.822555,34.797794,-27.510355,-50.112417,16.036016,-16.346545,0.0450
19.176929,-19.871351,0.000000,0.000000,0.066518,0.822555,34.797794,-27.510355,-50.112417,16.036016,-16.346545,0.0510
19.176929,-19.871351,0.000000,0.000000,0.066518,0.822555,34.797794,-27.510355,-50.112417,16.036016,-16.346545,0.0450
19.176929,-19.871351,0.000000,0.000000,0.066518,0.822555,34.797794,-27.510355,-50.112417,16.036016,-16.346545,0.0430
19.176929,-19.871351,0.000000,0.000000,0.066518,0.822555,34.797794,-27.510355,-50.112417,16.036016,-16.346545,0.0420
19.176929,-19.871351,0.000000,0.000000,0.066518,0.822555,34.797794,-27.510355,-50.112417,16.036016,-16.346545,0.0450
19.176929,-19.871351,0.000000,0.000000,0.066518,0.822555,34.797794,-27.510355,-50.112417,16.036016,-16.346545,0.0790
19.176929,-19.871351,0.000000,0.000000,0.066518,0.822555,34.797794,-27.510355,-50.112417,16.036016,-16.346545,0.0450
19.176929,-19.871351,0.000000,0.000000,0.066518,0.822555,34.797794,-27.510355,-50.112417,16.036016,-16.346545,0.0470
19.176929,-19.871351,0.000000,0.000000,0.066518,0.822555,34.797794,-27.510355,-50.112417,16.036016,-16.346545,0.0420
19.176929,-19.871351,0.000000,0.000000,0.066518,0.822555,34.797794,-27.510355,-50.112417,16.036016,-16.346545,0.0490
19.176929,-19.871351,0.000000,0.000000,0.066518,0.822555,34.797794,-27.510355,-50.112417,16.036016,-16.346545,0.0440
19.176929,-19.871351,0.000000,0.000000,0.066518,0.822555,34.797794,-27.510355,-50.112417,16.036016,-16.346545,0.0450
19.176929,-19.871351,0.000000,0.000000,0.066518,0.822555,34.797794,-27.510355,-50.112417,16.036016,-16.346545,0.0420
19.176929,-19.871351,0.000000,0.000000,0.066518,0.822555,34.797794,-27.510355,-50.112417,16.036016,-16.346545,0.0480
19.176929,-19.871351,0.000000,0.000000,0.066518,0.822555,34.797794,-27.510355,-50.112417,16.036016,-16.346545,0.0430
19.176929,-19.871351,0.000000,0.000000,0.066518,0.822555,34.797794,-27.510355,-50.112417,16.036016,-16.346545,0.0440
19.176929,-19.871351,0.000000,0.000000,0.066518,0.822555,34.797794,-27.510355,-50.112417,16.036016,-16.346545,0.0430
19.176929,-19.871351,0.000000,0.000000,0.066518,0.822555,34.797794,-27.510355,-50.112417,16.036016,-16.346545,0.0430
19.176929,-19.871351,0.000000,0.000000,0.066518,0.822555,34.797794,-27.510355,-50.112417,16.036016,-16.346545,0.0490
19.176929,-19.871351,0.000000,0.000000,0.066518,0.822555,34.797794,-27.510355,-50.112417,16.036016,-16.346545,0.0410
19.176929,-19.871351,0.000000,0.000000,0.066518,0.822555,34.797794,-27.510355,-50.112417,16.036016,-16.346545,0.0450
19.176929,-19.871351,0.000000,0.000000,0.066518,0.822555,34.797794,-27.510355,-50.112417,16.036016,-16.346545,0.0440
19.176929,-19.871351,0.000000,0.000000,0.066518,0.822555,34.797794,-27.510355,-50.112417,16.036016,-16.346545,0.0630
19.176929,-19.871351,0.000000,0.000000,0.066518,0.822555,34.797794,-27.510355,-50.112417,16.036016,-16.346545,0.0410
19.176929,-19.871351,0.000000,0.000000,0.066518,0.822555,34.797794,-27.510355,-50.112417,16.036016,-16.346545,0.0470
19.176929,-19.871351,0.000000,0.000000,0.066518,0.822555,34.797794,-27.510355,-50.112417,16.036016,-16.346545,0.0450
19.176929,-19.871351,0.000000,0.000000,0.066518,0.822555,34.797794,-27.510355,-50.112417,16.036016,-16.346545,0.0490
19.176929,-19.871351,0.000000,0.000000,0.066518,0.822555,34.797794,-27.510355,-50.112417,16.036016,-16.346545,0.0430
19.176929,-19.871351,0.000000,0.000000,0.066518,0.822555,34.797794,-27.510355,-50.112417,16.036016,-16.346545,0.0470
19.176929,-19.871351,0.000000,0.000000,0.066518,0.822555,34.797794,-27.510355,-50.112417,16.036016,-16.346545,0.0430
19.176929,-19.871351,0.000000,0.000000,0.066518,0.822555,34.797794,-27.510355,-50.112417,16.036016,-16.346545,0.0410
19.176929,-19.871351,0.000000,0.000000,0.066518,0.822555,34.797794,-27.510355,-50.112417,16.036016,-16.346545,0.0470
19.176929,-19.871351,0.000000,0.000000,0.066518,0.822555,34.797794,-27.510355,-50.112417,16.036016,-16.346545,0.0410
19.176929,-19.871351,0.000000,0.000000,0.066518,0.822555,34.797794,-27.510355,-50.112417,16.036016,-16.346545,0.0440
19.176929,-19.871351,0.000000,0.000000,0.066518,0.822555,34.797794,-27.510355,-50.112417,16.036016,-16.346545,0.0410
19.176929,-19.871351,0.000000,0.000000,0.066518,0.822555,34.797794,-27.510355,-50.112417,16.036016,-16.346545,0.0470
19.176929,-19.871351,0.000000,0.000000,0.066518,0.822555,34.797794,-27.510355,-50.112417,16.036016,-16.346545,0.0440
19.176929,-19.871351,0.000000,0.000000,0.066518,0.822555,34.797794,-27.510355,-50.112417,16.036016,-16.346545,0.0400
19.176929,-19.871351,0.000000,0.000000,0.066518,0.822555,34.797794,-27.510355,-50.112417,16.036016,-16.346545,0.0420
19.176929,-19.871351,0.000000,0.000000,0.066518,0.822555,34.797794,-27.510355,-50.112417,16.036016,-16.346545,0.0480
19.176929,-19.871351,0.000000,0.000000,0.066518,0.822555,34.797794,-27.510355,-50.112417,16.036016,-16.346545,0.0920
19.176929,-19.871351,0.000000,0.000000,0.066518,0.822555,34.797794,-27.510355,-50.112417,16.036016,-16.346545,0.0410
19.176929,-19.871351,0.000000,0.000000,0.066518,0.822555,34.797794,-27.510355,-50.112417,16.036016,-16.346545,0.0420
19.176929,-19.871351,0.000000,0.000000,0.066518,0.822555,34.797794,-27.510355,-50.112417,16.036016,-16.346545,0.0420
19.176929,-19.871351,0.000000,0.000000,0.066518,0.822555,34.797794,-27.510355,-50.112417,16.036016,-16.346545,0.0470
19.176929,-19.871351,0.000000,0.000000,0.066518,0.822555,34.797794,-27.510355,-50.112417,16.036016,-16.346545,0.0420
19.176929,-19.871351,0.000000,0.000000,0.066518,0.822555,34.797794,-27.510355,-50.112417,16.036016,-16.346545,0.0440
19.176929,-19.871351,0.000000,0.000000,0.066518,0.822555,34.797794,-27.510355,-50.112417,16.036016,-16.346545,0.0410
19.176929,-19.871351,0.000000,0.000000,0.066518,0.822555,34.797794,-27.510355,-50.112417,16.036016,-16.346545,0.0480
19.176929,-19.871351,0.000000,0.000000,0.066518,0.822555,34.797794,-27.510355,-50.112417,16.036016,-16.346545,0.0420
19.176929,-19.871351,0.000000,0.000000,0.066518,0.822555,34.797794,-27.510355,-50.112417,16.036016,-16.346545,0.0410
