-0.000000,-0.000000,-0.020578,-0.000000,0.090446,0.985021,0.225551,-27.510376,-50.112353,-0.002667,0.000134,0.2260
-0.000000,-0.000000,-0.020578,-0.000000,0.076612,0.941805,0.227142,-27.510376,-50.112353,-0.002944,0.002739,0.0400
-0.000000,-0.000000,-0.020578,-0.000000,0.083774,0.921369,0.227917,-27.510376,-50.112353,-0.003226,0.005720,0.0400
-0.000000,-0.000000,-0.020578,-0.000000,0.074558,0.879706,0.229110,-27.510376,-50.112353,-0.003498,0.009155,0.0400
-0.000000,-0.000000,-0.020578,-0.000000,0.066465,0.846463,0.230890,-27.510376,-50.112353,-0.003724,0.012428,0.0400
-0.000000,-0.000000,-0.020578,-0.000000,0.064325,0.811334,0.232222,-27.510376,-50.112353,-0.003963,0.016010,0.0400
-0.000000,-0.000000,0.000000,0.000000,0.061126,0.775509,0.234363,-27.510377,-50.112354,-0.003581,0.020726,0.0400
-0.000000,-0.000000,0.000000,0.000000,0.059153,0.729350,0.236943,-27.510377,-50.112354,-0.003156,0.025260,0.0400
-0.000000,-0.000000,0.000000,0.000000,0.063341,0.686101,0.238663,-27.510377,-50.112354,-0.002686,0.030035,0.0400
-0.000000,-0.000000,0.000000,0.000000,0.049561,0.652574,0.240673,-27.510377,-50.112354,-0.002251,0.034699,0.0400
-0.000000,-0.000000,0.000000,0.000000,0.048507,0.606836,0.241932,-27.510377,-50.112354,-0.001736,0.040001,0.0400
-0.000000,-0.000000,0.000000,0.000000,0.039116,0.576922,0.243602,-27.510377,-50.112354,-0.001386,0.043723,0.0400
-0.000000,-0.000000,0.000000,0.000000,0.041082,0.543293,0.244871,-27.510377,-50.112354,-0.000990,0.047942,0.0400
-0.000000,-0.000000,0.000000,0.000000,0.041213,0.497925,0.247319,-27.510377,-50.112354,-0.000512,0.052946,0.0400
-0.000000,-0.000000,0.000000,0.000000,0.040962,0.465932,0.249330,-27.510377,-50.112354,-0.000141,0.056687,0.0400
-0.000000,-0.000000,0.000000,0.000000,0.025912,0.432283,0.251050,-27.510377,-50.112354,0.000271,0.060809,0.0400
-0.000000,-0.000000,0.000000,0.000000,0.024681,0.398460,0.250985,-27.510377,-50.112354,0.000647,0.064668,0.0400
-0.000000,-0.000000,0.000000,0.000000,0.024288,0.363266,0.251415,-27.510377,-50.112354,0.000975,0.067990,0.0400
-0.000000,-0.000000,0.000000,0.000000,0.015016,0.326810,0.252363,-27.510377,-50.112354,0.001316,0.071510,0.0400
-0.000000,-0.000000,0.000000,0.000000,0.017266,0.269560,0.253909,-27.510377,-50.112354,0.001757,0.076033,0.0400
-0.000000,-0.000000,0.000000,0.000000,0.017396,0.229109,0.256404,-27.510377,-50.112354,0.002055,0.079022,0.0400
-0.000000,-0.000000,0.000000,0.000000,0.011199,0.189999,0.256827,-27.510377,-50.112354,0.002387,0.082325,0.0400
-0.189871,-0.000000,-0.010289,-0.000000,0.006783,0.144133,0.257120,-27.510377,-50.112355,0.000621,0.085412,0.0400
-0.189871,-0.000000,-0.010289,-0.000000,0.009125,0.100823,0.258098,-27.510377,-50.112355,-0.007800,0.087836,0.0400
-0.189871,-0.000000,-0.010289,-0.000000,0.001510,0.059040,0.258009,-27.510377,-50.112355,-0.014824,0.089632,0.0400
-0.189871,-0.000000,-0.010289,-0.000000,0.006598,0.033717,0.258407,-27.510377,-50.112355,-0.020152,0.090651,0.0400
-0.189871,-0.000000,-0.010289,-0.000000,-0.000453,0.000984,0.259055,-27.510377,-50.112355,-0.026027,0.092022,0.0400
-0.189871,-0.000000,-0.010289,-0.000000,0.000008,0.000075,0.260238,-27.510377,-50.112355,-0.031740,0.092732,0.0400
-0.189871,-0.000000,-0.010289,-0.000000,0.000008,-0.000115,0.261814,-27.510377,-50.112355,-0.037573,0.093301,0.0400
-0.189871,-0.000000,-0.010289,-0.000000,-0.000264,0.000357,0.263254,-27.510377,-50.112355,-0.042359,0.093511,0.0400
-0.189871,-0.000000,-0.010289,-0.000000,-0.000163,0.000739,0.264297,-27.510377,-50.112355,-0.047174,0.093584,0.0400
-0.189871,-0.000000,-0.010289,-0.000000,-0.000815,0.000386,0.266296,-27.510377,-50.112355,-0.051874,0.093349,0.0400
-0.189871,-0.000000,-0.010289,-0.000000,-0.000348,0.000589,0.267001,-27.510377,-50.112355,-0.056698,0.092880,0.0400
-0.189871,-0.000000,-0.010289,-0.000000,-0.003210,0.006930,0.266810,-27.510377,-50.112355,-0.060923,0.092329,0.0400
-0.189871,-0.000000,-0.010289,-0.000000,-0.000464,-0.000603,0.267235,-27.510377,-50.112355,-0.064620,0.091745,0.0400
-0.189871,-0.000000,-0.010289,-0.000000,0.000079,0.000544,0.267987,-27.510377,-50.112355,-0.067950,0.091072,0.0400
-0.189871,-0.000000,-0.010289,-0.000000,0.000237,0.001113,0.268062,-27.510377,-50.112355,-0.070641,0.090435,0.0440
-0.189871,-0.000000,-0.010289,-0.000000,0.000173,0.001177,0.266923,-27.510377,-50.112355,-0.073642,0.089745,0.0400
-0.189871,-0.000000,-0.010289,-0.000000,-0.000516,0.000235,0.267060,-27.510377,-50.112355,-0.076815,0.088832,0.0400
-0.000000,-0.000000,0.154333,0.000000,-0.000142,-0.000423,0.267361,-27.510376,-50.112353,-0.076508,0.088232,0.0400
-0.000000,-0.000000,0.154333,0.000000,-0.000219,0.000755,0.267923,-27.510376,-50.112353,-0.067295,0.087195,0.0640
-0.000000,-0.000000,0.154333,0.000000,-0.003200,-0.001056,0.268751,-27.510376,-50.112353,-0.058341,0.086134,0.0400
-0.000000,-0.000000,0.154333,0.000000,0.000419,-0.001015,0.269725,-27.510376,-50.112353,-0.050880,0.085256,0.0400
-0.000000,-0.000000,0.154333,0.000000,-0.000104,-0.000024,0.270249,-27.510376,-50.112353,-0.043947,0.084397,0.0400
-0.000000,-0.000000,0.154333,0.000000,-0.002688,0.001866,0.271490,-27.510376,-50.112353,-0.035796,0.083384,0.0400
-0.000000,-0.000000,0.154333,0.000000,0.001307,-0.000781,0.272650,-27.510376,-50.112353,-0.028862,0.082551,0.0400
-0.000000,-0.000000,0.154333,0.000000,0.000703,0.002416,0.274608,-27.510376,-50.112353,-0.021813,0.081604,0.0400
-0.000000,-0.000000,0.154333,0.000000,0.000154,-0.000520,0.276596,-27.510376,-50.112353,-0.014741,0.080698,0.0400
-0.000000,-0.000000,0.154333,0.000000,-0.000161,-0.000193,0.277445,-27.510376,-50.112353,-0.007966,0.079815,0.0400
-0.000000,-0.000000,0.154333,0.000000,-0.000002,-0.000116,0.278618,-27.510376,-50.112353,-0.001049,0.078877,0.0400
-0.000000,-0.000000,0.154333,0.000000,0.000002,0.000398,0.279063,-27.510376,-50.112353,0.005208,0.078079,0.0400
-0.000000,-0.000000,0.154333,0.000000,0.000298,-0.000868,0.279827,-27.510376,-50.112353,0.012124,0.077183,0.0400
-0.000000,-0.000000,0.154333,0.000000,-0.000276,0.000311,0.279580,-27.510376,-50.112353,0.021042,0.075995,0.0400
-0.000000,-0.000000,0.154333,0.000000,0.003851,0.002274,0.279520,-27.510376,-50.112353,0.027596,0.075138,0.0400
-0.000000,-0.000000,0.154333,0.000000,-0.000261,-0.000165,0.279997,-27.510376,-50.112353,0.034518,0.074216,0.0400
-0.000000,-0.000000,0.154333,0.000000,-0.000582,-0.000407,0.279653,-27.510376,-50.112353,0.042154,0.073234,0.0400
-0.000000,-0.000000,0.154333,0.000000,-0.000006,0.000100,0.279188,-27.510376,-50.112353,0.049367,0.072267,0.0400
-0.000000,-0.000000,0.154333,0.000000,0.000049,0.000025,0.280084,-27.510376,-50.112353,0.056263,0.071340,0.0400
-0.000000,-0.000000,0.000000,0.000000,-0.000500,0.000016,0.280405,-27.510377,-50.112353,0.057841,0.070596,0.0400
-0.000000,-0.000000,0.000000,0.000000,-0.000788,0.000679,0.279713,-27.510377,-50.112353,0.058021,0.069582,0.0400
-0.000000,-0.000000,0.000000,0.000000,-0.000396,-0.001090,0.279708,-27.510377,-50.112353,0.058220,0.068777,0.0400
-0.000000,-0.000000,0.000000,0.000000,0.000747,-0.001037,0.279801,-27.510377,-50.112353,0.058361,0.068069,0.0400
-0.000000,-0.000000,0.000000,0.000000,0.001597,-0.003515,0.279842,-27.510377,-50.112353,0.058349,0.067272,0.0400
-0.000000,-0.000000,0.000000,0.000000,-0.001511,0.000398,0.279833,-27.510377,-50.112353,0.058405,0.066559,0.0400
-0.000000,-0.000000,0.000000,0.000000,0.000760,0.001558,0.280344,-27.510377,-50.112353,0.058328,0.065740,0.0400
-0.000000,-0.000000,0.000000,0.000000,-0.000913,-0.000864,0.280279,-27.510377,-50.112353,0.058256,0.064968,0.0400
-0.000000,-0.000000,0.000000,0.000000,-0.000698,0.000806,0.280482,-27.510377,-50.112353,0.058114,0.064108,0.0400
-0.000000,-0.000000,0.000000,0.000000,-0.000113,0.000094,0.280287,-27.510377,-50.112353,0.057884,0.063376,0.0400
-0.000000,-0.000000,0.000000,0.000000,0.000529,0.001221,0.281054,-27.510377,-50.112353,0.057608,0.062515,0.0400
-0.000000,-0.000000,0.000000,0.000000,-0.000136,0.000531,0.282208,-27.510377,-50.112353,0.057299,0.061628,0.0400
-0.000000,-0.000000,0.000000,0.000000,-0.000134,-0.000740,0.283640,-27.510377,-50.112353,0.057032,0.060947,0.0400
-0.000000,-0.000000,0.000000,0.000000,-0.000689,0.000011,0.285018,-27.510377,-50.112353,0.056491,0.059983,0.0680
-0.000000,-0.000000,0.000000,0.000000,0.000091,0.000024,0.285145,-27.510377,-50.112353,0.055991,0.059238,0.0420
-0.000000,-0.000000,0.000000,0.000000,-0.000068,0.000838,0.288440,-27.510377,-50.112353,0.055822,0.057760,0.1490
-0.000000,-0.000000,0.000000,0.000000,-0.001712,0.001177,0.286587,-27.510377,-50.112353,0.055271,0.055825,0.2090
-0.000000,-0.000000,0.000000,0.000000,0.003258,0.004716,0.286159,-27.510377,-50.112353,0.054944,0.055204,0.0650
-0.000000,-0.000000,0.000000,0.000000,-0.000172,0.000355,0.288476,-27.510377,-50.112353,0.054095,0.053720,0.1630
-0.000000,-0.000000,0.000000,0.000000,0.000258,-0.000171,0.290298,-27.510377,-50.112353,0.053649,0.053140,0.0400
-0.000000,-0.000000,0.000000,0.000000,0.000122,-0.000630,0.293970,-27.510377,-50.112353,0.052268,0.051173,0.2370
-0.000000,-0.000000,0.000000,0.000000,0.000472,0.000619,0.295357,-27.510377,-50.112353,0.051931,0.050762,0.0510
-0.000000,-0.000000,0.000000,0.000000,-0.001002,0.000711,0.296319,-27.510377,-50.112353,0.051397,0.050123,0.0780
-0.000000,-0.000000,0.000000,0.000000,0.002759,0.000667,0.295588,-27.510377,-50.112353,0.050914,0.049576,0.0410
-0.000000,-0.000000,0.000000,0.000000,0.000330,0.000192,0.295481,-27.510377,-50.112353,0.050269,0.048835,0.0970
-0.000000,-0.000000,0.000000,0.000000,0.000465,0.000162,0.295977,-27.510377,-50.112353,0.049886,0.048395,0.0600
-0.000000,-0.000000,0.000000,0.000000,0.000087,0.001286,0.296064,-27.510377,-50.112353,0.049393,0.047839,0.0700
-0.000000,-0.000000,0.000000,0.000000,-0.000035,0.000310,0.296123,-27.510377,-50.112353,0.048938,0.047351,0.0700
-0.000000,-0.000000,0.000000,0.000000,0.004042,0.001511,0.294885,-27.510377,-50.112353,0.048601,0.046991,0.0490
-0.000000,-0.000000,0.000000,0.000000,0.000022,-0.000741,0.294560,-27.510377,-50.112353,0.048213,0.046566,0.0630
-0.000000,-0.000000,0.000000,0.000000,0.000018,-0.000142,0.295042,-27.510377,-50.112353,0.047782,0.046116,0.0470
-0.000000,-0.000000,0.000000,0.000000,0.000895,-0.000721,0.298190,-27.510377,-50.112353,0.046993,0.045284,0.1360
-0.000000,-0.000000,0.000000,0.000000,-0.001873,-0.004764,0.299109,-27.510377,-50.112353,0.046591,0.044858,0.0410
-0.000000,-0.000000,0.000000,0.000000,-0.000310,0.000533,0.298608,-27.510377,-50.112353,0.046169,0.044425,0.0670
-0.000000,-0.000000,0.000000,0.000000,0.000076,-0.000078,0.299334,-27.510377,-50.112353,0.045772,0.044024,0.0610
-0.000000,-0.000000,0.000000,0.000000,-0.000938,0.000152,0.299452,-27.510377,-50.112353,0.045469,0.043721,0.0400
-0.000000,-0.000000,0.000000,0.000000,-0.000536,0.000327,0.299292,-27.510377,-50.112353,0.045227,0.043485,0.0400
-0.000000,-0.000000,0.000000,0.000000,-0.000536,0.000327,0.299292,-27.510377,-50.112353,0.045227,0.043485,0.0400
-0.000000,-0.000000,0.000000,0.000000,0.054007,-0.006232,0.302970,-27.510377,-50.112353,0.045735,0.043356,0.0420
-0.189871,-0.000000,0.000000,0.000000,-0.000616,-0.000932,0.302482,-27.510377,-50.112353,0.037375,0.041426,0.2130
-0.189871,-0.000000,0.000000,0.000000,-0.000696,0.000217,0.303855,-27.510377,-50.112353,0.022532,0.038728,0.6340
-0.189871,-0.000000,0.000000,0.000000,-0.000069,0.000028,0.305479,-27.510377,-50.112353,0.020316,0.038323,0.0810
-0.189871,-0.000000,0.000000,0.000000,0.000606,-0.001002,0.306152,-27.510377,-50.112353,0.019086,0.038099,0.0410
-0.189871,-0.000000,0.000000,0.000000,-0.000666,-0.000443,0.306552,-27.510377,-50.112353,0.017537,0.037817,0.0400
-0.189871,-0.000000,0.000000,0.000000,0.002802,-0.001901,0.307218,-27.510377,-50.112353,0.015693,0.037480,0.0770
-0.189871,-0.000000,0.000000,0.000000,-0.001316,-0.004164,0.307768,-27.510378,-50.112355,0.014300,0.037226,0.0550
-0.189871,-0.000000,0.000000,0.000000,-0.000106,-0.000002,0.308972,-27.510378,-50.112355,0.013188,0.037023,0.0410
-0.189871,-0.000000,0.000000,0.000000,0.000224,0.000517,0.309980,-27.510378,-50.112355,0.011982,0.036803,0.0400
-0.189871,-0.000000,0.000000,0.000000,0.000337,0.001168,0.308720,-27.510378,-50.112355,0.011135,0.036664,0.0630
-0.189871,-0.000000,0.000000,0.000000,-0.000061,0.000709,0.307097,-27.510378,-50.112355,0.006226,0.035763,0.2010
-0.189871,-0.000000,0.000000,0.000000,0.001095,-0.001187,0.306740,-27.510378,-50.112355,0.004560,0.035459,0.0690
-0.189871,-0.000000,0.000000,0.000000,-0.000573,-0.000079,0.305982,-27.510378,-50.112355,0.002635,0.035108,0.0850
-0.189871,-0.000000,0.000000,0.000000,-0.001941,0.000929,0.306082,-27.510378,-50.112355,0.001261,0.034856,0.0570
-0.189871,-0.000000,0.000000,0.000000,-0.000672,0.000807,0.306974,-27.510378,-50.112355,0.000139,0.034652,0.0510
-0.189871,-0.000000,0.000000,0.000000,0.000377,-0.003119,0.306310,-27.510378,-50.112355,-0.001065,0.034431,0.0410
-0.189871,-0.000000,0.000000,0.000000,0.000241,0.000857,0.305745,-27.510378,-50.112355,-0.002063,0.034256,0.0600
-0.189871,-0.000000,0.000000,0.000000,-0.000449,-0.000509,0.306220,-27.510378,-50.112355,-0.003151,0.034057,0.0400
-0.189871,-0.000000,0.000000,0.000000,-0.000125,0.000054,0.306643,-27.510378,-50.112355,-0.003735,0.033950,0.0400
-0.189871,-0.000000,0.000000,0.000000,0.032040,-0.001934,0.306791,-27.510378,-50.112355,-0.003950,0.033915,0.0480
-0.189871,-0.000000,0.000000,0.000000,0.003329,0.003484,0.306464,-27.510378,-50.112355,-0.005899,0.033564,0.0860
-0.189871,-0.000000,0.000000,0.000000,0.003672,0.003956,0.306046,-27.510378,-50.112355,-0.006369,0.033474,0.0400
-0.189871,-0.000000,0.000000,0.000000,-0.000084,0.000287,0.306564,-27.510378,-50.112355,-0.007601,0.033250,0.0600
-0.189871,-0.000000,0.000000,0.000000,-0.002939,-0.001399,0.307155,-27.510378,-50.112355,-0.008826,0.033028,0.0400
-0.189871,-0.000000,0.000000,0.000000,-0.002939,-0.001399,0.307155,-27.510378,-50.112355,-0.008826,0.033028,0.0400
-0.189871,-0.000000,0.000000,0.000000,-0.002939,-0.001399,0.307155,-27.510378,-50.112355,-0.008826,0.033028,0.0400
-0.189871,-0.000000,0.000000,0.000000,-0.061599,0.036200,0.309251,-27.510378,-50.112355,-0.009583,0.033216,0.0410
-0.189871,-0.000000,0.000000,0.000000,-0.032439,0.020785,0.309187,-27.510378,-50.112355,-0.010253,0.032834,0.0470
-0.189871,-0.000000,0.000000,0.000000,-0.016076,0.006026,0.309200,-27.510378,-50.112355,-0.011070,0.032526,0.0410
-0.189871,-0.000000,0.000000,0.000000,-0.016076,0.006026,0.309200,-27.510378,-50.112355,-0.011070,0.032526,0.0400
-0.189871,-0.000000,0.000000,0.000000,0.025697,-0.004918,0.309802,-27.510378,-50.112355,-0.011885,0.032631,0.0400
-0.189871,-0.000000,0.000000,0.000000,-0.000447,0.000410,0.310191,-27.510378,-50.112355,-0.012762,0.032420,0.0460
-0.189871,-0.000000,0.000000,0.000000,0.000451,0.000176,0.311042,-27.510378,-50.112355,-0.013957,0.032163,0.0410
-0.189871,-0.000000,0.000000,0.000000,-0.000346,-0.001667,0.312107,-27.510378,-50.112355,-0.014810,0.031995,0.0500
-0.189871,-0.000000,0.000000,0.000000,0.000471,-0.001164,0.312220,-27.510378,-50.112355,-0.015815,0.031798,0.0400
-0.189871,-0.000000,0.000000,0.000000,0.000069,0.000360,0.312360,-27.510378,-50.112355,-0.016174,0.031729,0.0400
-0.189871,-0.000000,0.000000,0.000000,0.000069,0.000360,0.312360,-27.510378,-50.112355,-0.016174,0.031729,0.0400
-0.189871,-0.000000,0.000000,0.000000,0.000069,0.000360,0.312360,-27.510378,-50.112355,-0.016174,0.031729,0.0400
-0.189871,-0.000000,0.000000,0.000000,0.044532,0.069836,0.304149,-27.510378,-50.112355,-0.016392,0.032211,0.0470
-0.569612,-0.336803,-0.246320,-0.218468,0.029749,0.047675,0.304126,-27.510381,-50.112357,-0.022875,0.026811,0.0410
-0.569612,-0.336803,-0.246320,-0.218468,0.010355,0.017249,0.304340,-27.510381,-50.112357,-0.045019,0.007689,0.0400
-0.569612,-0.336803,-0.246320,-0.218468,0.010355,0.017249,0.304340,-27.510381,-50.112357,-0.045019,0.007689,0.0400
-0.569612,-0.336803,-0.246320,-0.218468,0.198154,-0.070550,0.304114,-27.510381,-50.112357,-0.063046,-0.007686,0.0410
-0.569612,-0.336803,-0.246320,-0.218468,0.145096,0.065647,0.302167,-27.510381,-50.112357,-0.080870,-0.023105,0.0500
-0.569612,-0.336803,-0.246320,-0.218468,0.118785,0.051613,0.313271,-27.510381,-50.112357,-0.098333,-0.037967,0.0400
-0.569612,-0.336803,-0.246320,-0.218468,-0.424525,-0.032716,0.314696,-27.510381,-50.112357,-0.113951,-0.051464,0.0400
-0.569612,-0.336803,-0.246320,-0.218468,-0.508409,0.090148,0.305795,-27.510381,-50.112357,-0.133828,-0.068358,0.0600
-0.569612,-0.336803,-0.246320,-0.218468,0.071181,-0.091657,0.316847,-27.510381,-50.112357,-0.144121,-0.077080,0.0400
-0.569612,-0.336803,-0.246320,-0.218468,-0.183545,-0.025359,0.347428,-27.510381,-50.112357,-0.160788,-0.091516,0.0420
-0.569612,-0.336803,-0.246320,-0.218468,0.022954,-0.029436,0.342303,-27.510381,-50.112357,-0.177639,-0.106022,0.0610
-0.569612,-0.336803,-0.246320,-0.218468,-0.180818,-0.057725,0.348975,-27.510381,-50.112357,-0.194581,-0.120314,0.0400
-0.569612,-0.336803,-0.246320,-0.218468,-0.180818,-0.057725,0.348975,-27.510381,-50.112357,-0.194581,-0.120314,0.0400
-0.569612,-0.336803,-0.246320,-0.218468,0.041946,0.014714,0.351540,-27.510381,-50.112357,-0.220298,-0.143046,0.0400
-0.569612,-0.336803,-0.246320,-0.218468,-0.012702,0.002654,0.354081,-27.510381,-50.112357,-0.233649,-0.154120,0.0430
-0.569612,-0.336803,-0.246320,-0.218468,-0.149745,0.053936,0.348026,-27.510381,-50.112357,-0.246564,-0.164860,0.0400
-0.569612,-0.336803,-0.246320,-0.218468,-0.072902,0.011839,0.348801,-27.510381,-50.112357,-0.267654,-0.183005,0.0790
-0.569612,-0.336803,-0.246320,-0.218468,0.165818,0.004926,0.349486,-27.510381,-50.112357,-0.283937,-0.196807,0.0400
-0.569612,-0.336803,-0.246320,-0.218468,0.161822,0.004977,0.349590,-27.510381,-50.112357,-0.285612,-0.198221,0.0400
-0.759482,-0.336803,-0.200633,-0.000000,0.080931,0.015047,0.324029,-27.510383,-50.112357,-0.310331,-0.212879,0.0400
-0.759482,-0.336803,-0.200633,-0.000000,0.117593,0.068745,0.328431,-27.510383,-50.112357,-0.322752,-0.209479,0.0540
-0.759482,-0.336803,-0.200633,-0.000000,-0.164302,-0.000075,0.326885,-27.510383,-50.112357,-0.339209,-0.208616,0.0400
-0.759482,-0.336803,-0.200633,-0.000000,-0.094257,0.128480,0.330796,-27.510383,-50.112357,-0.352427,-0.207766,0.0660
-0.759482,-0.336803,-0.200633,-0.000000,0.023958,-0.012096,0.331252,-27.510383,-50.112357,-0.364788,-0.207370,0.0400
-0.759482,-0.336803,-0.200633,-0.000000,-0.094481,0.040850,0.327508,-27.510383,-50.112357,-0.378051,-0.207418,0.0700
-0.759482,-0.336803,-0.200633,-0.000000,-0.049603,0.011430,0.329122,-27.510383,-50.112357,-0.389429,-0.207559,0.0400
-0.759482,-0.336803,-0.200633,-0.000000,0.013505,-0.006253,0.331946,-27.510383,-50.112357,-0.402326,-0.207973,0.0590
-0.759482,-0.336803,-0.200633,-0.000000,0.064792,0.121002,0.335674,-27.510383,-50.112357,-0.414100,-0.208268,0.0400
-0.759482,-0.336803,-0.200633,-0.000000,0.038788,-0.091908,0.335559,-27.510383,-50.112357,-0.431511,-0.209050,0.0730
-0.759482,-0.336803,-0.200633,-0.000000,0.020888,-0.000382,0.331965,-27.510383,-50.112357,-0.449360,-0.209829,0.0410
-0.759482,-0.336803,-0.200633,-0.000000,0.106078,0.030297,0.334273,-27.510383,-50.112357,-0.471828,-0.210927,0.1070
-0.759482,-0.336803,-0.200633,-0.000000,0.250497,0.041800,0.337761,-27.510383,-50.112357,-0.490949,-0.211881,0.0850
-0.759482,-0.336803,-0.200633,-0.000000,-0.056276,0.019628,0.333665,-27.510383,-50.112357,-0.500251,-0.212336,0.0400
-0.759482,-0.336803,-0.200633,-0.000000,0.072758,-0.056327,0.334031,-27.510383,-50.112357,-0.509918,-0.212852,0.0420
-0.759482,-0.336803,-0.200633,-0.000000,0.006161,-0.035984,0.338884,-27.510383,-50.112357,-0.523415,-0.213518,0.0400
-0.759482,-0.336803,-0.200633,-0.000000,0.005521,-0.033502,0.337736,-27.510385,-50.112356,-0.524309,-0.213565,0.0400
-0.949353,-0.000000,-0.068212,0.120997,0.044815,0.054806,0.320419,-27.510385,-50.112356,-0.542349,-0.209220,0.0590
-0.949353,-0.000000,-0.068212,0.120997,-0.135702,0.002340,0.318413,-27.510385,-50.112356,-0.549155,-0.197060,0.0770
-0.949353,-0.000000,-0.068212,0.120997,-0.114165,-0.030218,0.321509,-27.510385,-50.112356,-0.553530,-0.190204,0.0440
-0.949353,-0.000000,-0.068212,0.120997,0.208887,0.158885,0.326607,-27.510385,-50.112356,-0.557885,-0.183566,0.0490
-0.949353,-0.000000,-0.068212,0.120997,-0.038523,0.045889,0.326684,-27.510385,-50.112356,-0.563867,-0.174987,0.0570
-0.949353,-0.000000,-0.068212,0.120997,-0.046351,-0.068761,0.325232,-27.510385,-50.112356,-0.571625,-0.164211,0.0730
-0.949353,-0.000000,-0.068212,0.120997,-0.103705,-0.099647,0.301774,-27.510385,-50.112356,-0.587643,-0.142563,0.1630
-0.949353,-0.000000,-0.068212,0.120997,0.000856,-0.060945,0.231610,-27.510385,-50.112356,-0.598814,-0.127713,0.1130
-0.949353,-0.000000,-0.068212,0.120997,0.296153,-0.006538,0.196746,-27.510385,-50.112356,-0.604029,-0.120808,0.0500
-0.949353,-0.000000,-0.068212,0.120997,0.070851,0.188437,0.159507,-27.510385,-50.112356,-0.610415,-0.112354,0.0530
-0.949353,-0.000000,-0.068212,0.120997,0.508373,0.210246,-0.029956,-27.510385,-50.112356,-0.620242,-0.099420,0.1100
-0.949353,-0.000000,0.000000,0.000000,1.256820,0.452720,-0.309446,-27.510386,-50.112355,-0.633374,-0.081913,0.1430
-0.949353,-0.000000,0.000000,0.000000,1.314505,0.086776,-0.729841,-27.510386,-50.112355,-0.635609,-0.081280,0.0760
-0.949353,-0.000000,0.000000,0.000000,0.242767,-0.853566,-1.259110,-27.510386,-50.112355,-0.638569,-0.079998,0.1220
-0.949353,-0.000000,0.000000,0.000000,0.032726,-1.689901,-1.376724,-27.510386,-50.112355,-0.641900,-0.078657,0.1410
-0.949353,-0.000000,0.000000,0.000000,0.043192,-1.066159,-1.059433,-27.510386,-50.112355,-0.643722,-0.078923,0.1200
-0.949353,-0.000000,0.000000,0.000000,-0.023773,-0.691412,-1.130315,-27.510386,-50.112355,-0.645414,-0.078966,0.0750
-0.949353,-0.000000,0.000000,0.000000,-0.138258,-0.123975,-2.784881,-27.510386,-50.112355,-0.647002,-0.079381,0.0710
-0.949353,-0.000000,0.000000,0.000000,-0.646066,0.446770,-6.489351,-27.510386,-50.112355,-0.648857,-0.079965,0.0890
-0.949353,-0.000000,0.000000,0.000000,-1.546983,1.134608,-11.856538,-27.510386,-50.112355,-0.651554,-0.080096,0.1060
1.518964,2.694423,2.383868,2.602238,-2.021386,0.995815,-26.489309,-27.510363,-50.112328,-0.476342,0.125308,0.2590
1.518964,2.694423,2.383868,2.602238,-0.552129,0.498858,-36.802441,-27.510363,-50.112328,-0.029988,0.632746,0.2020
1.518964,2.694423,2.383868,2.602238,0.103884,0.248040,-39.834553,-27.510363,-50.112328,0.152845,0.838481,0.0650
1.518964,2.694423,2.383868,2.602238,1.030547,0.340156,-45.127846,-27.510363,-50.112328,0.393185,1.110876,0.1180
1.518964,2.694423,2.383868,2.602238,1.374928,-0.024594,-47.240143,-27.510363,-50.112328,0.504256,1.234503,0.0400
1.518964,2.694423,2.383868,2.602238,1.303195,0.114074,-49.272953,-27.510363,-50.112328,0.618201,1.360090,0.0400
1.518964,2.694423,2.383868,2.602238,1.303195,0.114074,-49.272953,-27.510363,-50.112328,0.618201,1.360090,0.0400
1.518964,2.694423,2.383868,2.602238,1.303195,0.114074,-49.272953,-27.510363,-50.112328,0.618201,1.360090,0.0400
1.518964,2.694423,2.383868,2.602238,1.501671,-0.030098,-50.595924,-27.510363,-50.112328,0.883058,1.710340,0.0430
1.518964,2.694423,2.383868,2.602238,0.436797,-0.804031,-51.157097,-27.510363,-50.112328,1.231097,2.087880,0.1330
1.518964,2.694423,2.383868,2.602238,0.534383,-1.464016,-51.184780,-27.510363,-50.112328,1.362069,2.233003,0.0530
1.518964,2.694423,2.383868,2.602238,0.126077,-1.499988,-51.097477,-27.510363,-50.112328,1.499004,2.386245,0.0400
4.746764,5.052043,3.240344,2.366783,0.186897,-2.232452,-50.961906,-27.510334,-50.112299,1.725855,2.566996,0.0720
4.746764,5.052043,3.240344,2.366783,-0.117108,-2.026196,-50.931145,-27.510334,-50.112299,1.945493,2.722964,0.0590
4.746764,5.052043,3.240344,2.366783,-0.245681,-1.334328,-50.940891,-27.510334,-50.112299,2.087989,2.826185,0.0430
4.746764,5.052043,3.240344,2.366783,-0.127814,-0.992251,-51.125729,-27.510334,-50.112299,2.268723,2.957181,0.0400
4.746764,5.052043,3.240344,2.366783,0.221769,-0.968356,-51.305691,-27.510334,-50.112299,2.347344,3.014528,0.0400
4.746764,5.052043,3.240344,2.366783,0.692413,-0.799751,-51.379494,-27.510334,-50.112299,2.591563,3.199569,0.0420
4.746764,5.052043,3.240344,2.366783,0.810823,0.092199,-51.362438,-27.510334,-50.112299,2.744056,3.311380,0.0480
4.746764,5.052043,3.240344,2.366783,1.078213,-0.030941,-51.342754,-27.510334,-50.112299,2.899157,3.425810,0.0400
4.746764,5.052043,3.240344,2.366783,0.374478,-0.072727,-51.344185,-27.510334,-50.112299,3.000016,3.500473,0.0400
4.746764,5.052043,3.240344,2.366783,0.374478,-0.072727,-51.344185,-27.510334,-50.112299,3.000016,3.500473,0.0400
4.746764,5.052043,3.240344,2.366783,0.374478,-0.072727,-51.344185,-27.510334,-50.112299,3.000016,3.500473,0.0400
4.746764,5.052043,3.240344,2.366783,0.374478,-0.072727,-51.344185,-27.510334,-50.112299,3.000016,3.500473,0.0400
4.746764,5.052043,3.240344,2.366783,-0.794179,-0.814281,-53.838345,-27.510334,-50.112299,3.707486,4.013921,0.0570
4.746764,5.052043,3.240344,2.366783,-0.433925,-0.802254,-53.959415,-27.510334,-50.112299,3.880983,4.144200,0.0480
4.746764,5.052043,3.240344,2.366783,-0.202549,-0.161574,-53.976337,-27.510334,-50.112299,4.081579,4.294593,0.0400
4.746764,5.052043,3.240344,2.366783,0.362249,-0.262296,-53.999050,-27.510334,-50.112299,4.254213,4.423502,0.0520
4.746764,5.052043,3.240344,2.366783,0.524790,-0.104251,-54.029030,-27.510334,-50.112299,4.435285,4.558937,0.0400
4.746764,5.052043,3.240344,2.366783,0.524790,-0.104251,-54.029030,-27.510334,-50.112299,4.435285,4.558937,0.0590
4.746764,5.052043,3.240344,2.366783,0.524790,-0.104251,-54.029030,-27.510334,-50.112299,4.435285,4.558937,0.0400
4.746764,5.052043,3.240344,2.366783,0.524790,-0.104251,-54.029030,-27.510334,-50.112299,4.435285,4.558937,0.0400
4.746764,5.052043,0.000000,0.000000,0.740407,-0.903746,-54.981739,-27.510334,-50.112299,4.883368,4.864465,0.0450
4.746764,5.052043,0.000000,0.000000,1.344379,-1.280024,-55.227097,-27.510334,-50.112299,4.787904,4.815462,0.0570
4.746764,5.052043,0.000000,0.000000,0.734192,-1.826174,-55.580929,-27.510334,-50.112299,4.749347,4.801452,0.0700
4.746764,5.052043,0.000000,0.000000,0.236444,-2.483867,-55.957397,-27.510334,-50.112299,4.727987,4.799137,0.0750
4.746764,5.052043,0.000000,0.000000,-0.549620,-2.459486,-56.358620,-27.510334,-50.112299,4.715859,4.804893,0.1010
4.746764,5.052043,0.000000,0.000000,-0.315120,-2.727798,-56.609898,-27.510334,-50.112299,4.710799,4.814093,0.1020
4.746764,5.052043,0.000000,0.000000,-0.513411,-3.052718,-56.689167,-27.510334,-50.112299,4.708729,4.825762,0.1110
4.746764,5.052043,0.000000,0.000000,0.044931,-2.787866,-56.587791,-27.510334,-50.112299,4.708255,4.833502,0.0590
4.746764,5.052043,0.000000,0.000000,0.143080,-2.141113,-56.475086,-27.510334,-50.112299,4.708033,4.838982,0.0470
4.746764,5.052043,0.000000,0.000000,0.411706,-2.169288,-56.324631,-27.510334,-50.112299,4.707680,4.845456,0.0470
4.746764,5.052043,0.000000,0.000000,0.436780,-1.374034,-56.071068,-27.510334,-50.112299,4.707237,4.851682,0.0600
4.746764,5.052043,0.000000,0.000000,0.509276,-1.106366,-55.728580,-27.510334,-50.112299,4.706715,4.857336,0.0620
4.746764,5.052043,0.000000,0.000000,0.628374,-0.625092,-55.479523,-27.510334,-50.112299,4.706124,4.861930,0.0440
4.746764,5.052043,0.000000,0.000000,1.311878,-0.434381,-54.569740,-27.510334,-50.112299,4.705583,4.866060,0.0640
4.746764,5.052043,0.000000,0.000000,1.703665,-0.425678,-53.325630,-27.510334,-50.112299,4.704720,4.869741,0.0400
4.746764,5.052043,0.000000,0.000000,2.695673,0.515957,-50.489227,-27.510334,-50.112299,4.704053,4.872681,0.0800
4.746764,5.052043,0.000000,0.000000,2.600787,0.495092,-49.506977,-27.510334,-50.112299,4.702479,4.875588,0.0450
4.746764,5.052043,0.000000,0.000000,2.405508,0.510228,-48.960075,-27.510334,-50.112299,4.702816,4.875778,0.0470
4.746764,5.052043,0.000000,0.000000,2.512929,0.898015,-48.595036,-27.510334,-50.112299,4.699600,4.879015,0.0400
4.746764,5.052043,0.000000,0.000000,1.979864,1.557364,-48.522053,-27.510334,-50.112299,4.698858,4.879670,0.0400
4.746764,5.052043,0.000000,0.000000,1.964677,0.209817,-49.284977,-27.510334,-50.112299,4.754632,4.850152,0.0430
4.746764,5.052043,0.000000,0.000000,-0.345344,-0.861179,-51.071072,-27.510334,-50.112299,4.727650,4.863739,0.2950
4.746764,5.052043,0.000000,0.000000,-1.540024,-1.651468,-51.682636,-27.510334,-50.112299,4.724172,4.870267,0.2550
4.746764,5.052043,0.000000,0.000000,-1.982275,-1.261058,-51.748325,-27.510334,-50.112299,4.724326,4.871761,0.0430
4.746764,5.052043,0.000000,0.000000,-2.071671,-1.604997,-51.929825,-27.510334,-50.112299,4.724886,4.874264,0.0860
4.746764,5.052043,0.000000,0.000000,-2.280729,-1.007883,-52.147133,-27.510334,-50.112299,4.726394,4.878859,0.2330
4.746764,5.052043,0.000000,0.000000,-1.221014,-0.802769,-51.989281,-27.510334,-50.112299,4.725574,4.878947,0.1010
4.746764,5.052043,0.000000,0.000000,0.487173,0.158684,-51.785545,-27.510334,-50.112299,4.724965,4.879653,0.1340
4.746764,5.052043,0.000000,0.000000,0.939903,0.303164,-51.698887,-27.510334,-50.112299,4.724810,4.879898,0.0410
4.746764,5.052043,0.000000,0.000000,1.066655,0.657471,-51.582184,-27.510334,-50.112299,4.727048,4.882809,0.0400
4.746764,5.052043,0.000000,0.000000,1.106223,0.689452,-51.567600,-27.510334,-50.112299,4.727666,4.883533,0.0400
4.746764,5.052043,0.000000,0.000000,-0.921754,1.837208,-50.414169,-27.510334,-50.112299,4.710553,4.867996,0.2260
4.746764,5.052043,0.000000,0.000000,-1.296360,2.333591,-50.310364,-27.510334,-50.112299,4.711945,4.869351,0.2870
4.746764,5.052043,0.000000,0.000000,-3.734691,3.826672,-50.770451,-27.510334,-50.112299,4.712964,4.871849,0.2640
4.746764,5.052043,0.000000,0.000000,-4.344188,3.705508,-51.420063,-27.510334,-50.112299,4.712177,4.875358,0.1410
4.746764,5.052043,0.000000,0.000000,-5.225185,4.144963,-51.544601,-27.510334,-50.112299,4.714579,4.873155,0.0490
4.746764,5.052043,0.000000,0.000000,-5.426719,4.431015,-51.645798,-27.510334,-50.112299,4.715596,4.872843,0.0550
4.746764,5.052043,0.000000,0.000000,-4.593235,4.126825,-51.552948,-27.510334,-50.112299,4.715525,4.873598,0.0430
4.746764,5.052043,0.000000,0.000000,-3.324324,3.459038,-51.278988,-27.510334,-50.112299,4.716091,4.873786,0.0570
4.746764,5.052043,0.000000,0.000000,-2.842414,3.477713,-50.900387,-27.510334,-50.112299,4.714529,4.876632,0.0860
4.746764,5.052043,0.000000,0.000000,-1.871080,2.295173,-50.772560,-27.510334,-50.112299,4.716549,4.875039,0.0420
4.746764,5.052043,0.000000,0.000000,-1.732865,2.635134,-50.677204,-27.510334,-50.112299,4.721531,4.870310,0.0400
4.746764,5.052043,0.000000,0.000000,-1.163258,1.949667,-50.563267,-27.510334,-50.112299,4.655953,4.941933,0.0410
4.746764,5.052043,0.000000,0.000000,-0.644584,1.458349,-50.487957,-27.510334,-50.112299,4.662208,4.937471,0.2240
4.746764,5.052043,0.000000,0.000000,-0.526585,1.320343,-50.515533,-27.510334,-50.112299,4.664502,4.936674,0.1600
4.746764,5.052043,0.000000,0.000000,-0.740942,0.741407,-50.541298,-27.510334,-50.112299,4.665034,4.937596,0.1160
4.746764,5.052043,0.000000,0.000000,-0.460264,0.494963,-50.400787,-27.510334,-50.112299,4.665242,4.939579,0.1610
4.746764,5.052043,0.000000,0.000000,-1.315481,2.068021,-50.117401,-27.510334,-50.112299,4.661845,4.947867,0.2820
4.746764,5.052043,0.000000,0.000000,-1.590889,0.544049,-49.710361,-27.510334,-50.112299,4.658290,4.955697,0.3050
4.746764,5.052043,0.000000,0.000000,-1.113458,-0.251470,-49.628918,-27.510334,-50.112299,4.658195,4.956396,0.0450
4.746764,5.052043,0.000000,0.000000,-1.039361,-0.705445,-49.509201,-27.510334,-50.112299,4.661398,4.953948,0.0400
4.746764,5.052043,0.000000,0.000000,-0.977801,-0.591621,-49.324936,-27.510334,-50.112299,4.619339,4.990632,0.0400
4.746764,5.052043,0.000000,0.000000,-1.072350,-0.837925,-49.184757,-27.510334,-50.112299,4.623623,4.988005,0.0600
4.746764,5.052043,0.000000,0.000000,-1.030536,-0.169648,-49.011871,-27.510334,-50.112299,4.630845,4.983906,0.0400
4.746764,5.052043,0.000000,0.000000,-0.562093,-0.444210,-48.983658,-27.510334,-50.112299,4.631635,4.983513,0.0400
4.746764,5.052043,0.000000,0.000000,-0.562093,-0.444210,-48.983658,-27.510334,-50.112299,4.631635,4.983513,0.0400
4.746764,5.052043,0.000000,0.000000,-0.036687,0.090736,-48.425346,-27.510334,-50.112299,4.548398,5.033261,0.0410
4.746764,5.052043,0.000000,0.000000,-0.274675,0.600804,-48.292561,-27.510334,-50.112299,4.565805,5.023068,0.0480
4.746764,5.052043,0.000000,0.000000,0.114863,0.376144,-48.116302,-27.510334,-50.112299,4.575914,5.016889,0.0400
4.746764,5.052043,0.000000,0.000000,0.114863,0.376144,-48.116302,-27.510334,-50.112299,4.575914,5.016889,0.0400
4.746764,5.052043,0.000000,0.000000,0.114863,0.376144,-48.116302,-27.510334,-50.112299,4.575914,5.016889,0.0400
4.746764,5.052043,0.000000,0.000000,0.114863,0.376144,-48.116302,-27.510334,-50.112299,4.575914,5.016889,0.0450
4.746764,5.052043,0.000000,0.000000,0.114863,0.376144,-48.116302,-27.510031,-50.112260,4.575914,5.016889,0.0400
38.353859,9.430493,5.784911,0.753678,-0.883539,-0.714170,-46.931568,-27.510031,-50.112260,5.498014,5.153694,0.0650
38.353859,9.430493,5.784911,0.753678,-0.939693,-0.829776,-46.680695,-27.510031,-50.112260,5.901430,5.207343,0.0400
38.353859,9.430493,5.784911,0.753678,-0.866193,-0.653422,-46.180214,-27.510031,-50.112260,6.462763,5.283042,0.0400
38.353859,9.430493,5.784911,0.753678,0.154265,-0.817163,-45.175587,-27.510031,-50.112260,7.437813,5.415759,0.1210
38.353859,9.430493,5.784911,0.753678,0.334202,-0.685336,-44.771194,-27.510031,-50.112260,7.889345,5.477519,0.0430
38.353859,9.430493,5.784911,0.753678,-0.348435,-1.097216,-43.952374,-27.510031,-50.112260,8.862208,5.609958,0.1400
38.353859,9.430493,5.784911,0.753678,0.241426,-0.950763,-43.189083,-27.510031,-50.112260,9.991424,5.763984,0.1460
38.353859,9.430493,5.784911,0.753678,-0.347688,-1.552151,-43.021511,-27.510031,-50.112260,10.355387,5.814564,0.0400
38.353859,9.430493,5.784911,0.753678,-0.426890,-1.611405,-42.859344,-27.510031,-50.112260,10.808474,5.875001,0.0640
38.353859,9.430493,5.784911,0.753678,-0.261451,-0.981156,-42.464516,-27.510031,-50.112260,12.127109,6.053436,0.1600
43.860104,0.673590,3.464084,-5.509135,1.592397,-2.630608,-41.784916,-27.509982,-50.112345,14.410981,4.115723,0.4190
43.860104,0.673590,3.464084,-5.509135,0.219778,-0.211662,-48.391972,-27.509982,-50.112345,15.918716,2.457546,0.3040
43.860104,0.673590,3.464084,-5.509135,1.139773,-1.373629,-49.926422,-27.509982,-50.112345,16.646969,1.657545,0.1420
43.860104,0.673590,3.464084,-5.509135,0.613463,-1.107938,-50.237728,-27.509982,-50.112345,16.986258,1.285487,0.0670
43.860104,0.673590,3.464084,-5.509135,0.898729,-1.191344,-50.401058,-27.509982,-50.112345,17.194624,1.056242,0.0400
43.860104,0.673590,3.464084,-5.509135,0.782686,-0.914384,-50.533878,-27.509982,-50.112345,17.412843,0.816753,0.0410
43.860104,0.673590,3.464084,-5.509135,0.940255,-0.680430,-50.685780,-27.509982,-50.112345,17.694319,0.508973,0.0540
43.860104,0.673590,0.000000,0.000000,0.885355,-0.687457,-50.809624,-27.509982,-50.112345,17.782073,0.500140,0.0400
43.860104,0.673590,0.000000,0.000000,0.885355,-0.687457,-50.809624,-27.509982,-50.112345,17.782073,0.500140,0.0400
43.860104,0.673590,0.000000,0.000000,0.885355,-0.687457,-50.809624,-27.509982,-50.112345,17.782073,0.500140,0.0400
43.860104,0.673590,0.000000,0.000000,0.604019,-0.261907,-51.144699,-27.509982,-50.112345,18.342329,-0.067005,0.0400
43.860104,0.673590,0.000000,0.000000,0.469352,-0.330721,-51.225288,-27.509982,-50.112345,18.315828,0.041236,0.0540
43.860104,0.673590,0.000000,0.000000,0.102685,0.698028,-51.292446,-27.509982,-50.112345,18.363230,0.105811,0.0430
43.860104,0.673590,0.000000,0.000000,0.407492,0.941476,-51.432243,-27.509982,-50.112345,18.425376,0.126126,0.0610
43.860104,0.673590,0.000000,0.000000,0.010728,-0.090976,-51.676968,-27.509982,-50.112345,18.507777,0.144608,0.0410
43.860104,0.673590,0.000000,0.000000,-0.613453,-0.383474,-51.971996,-27.509982,-50.112345,18.583252,0.153820,0.0680
43.860104,0.673590,0.000000,0.000000,-1.062533,-0.699094,-52.191410,-27.509982,-50.112345,18.664138,0.164312,0.0400
43.860104,0.673590,0.000000,0.000000,-1.343407,-1.172625,-52.416962,-27.509982,-50.112345,18.745591,0.164116,0.0650
43.860104,0.673590,0.000000,0.000000,-0.876829,-1.657032,-52.875000,-27.509982,-50.112345,18.912341,0.175143,0.1100
43.860104,0.673590,0.000000,0.000000,-0.395266,-1.078882,-53.160244,-27.509982,-50.112345,18.989951,0.179662,0.0610
43.860104,0.673590,0.000000,0.000000,-0.336041,-0.619415,-53.347687,-27.509982,-50.112345,19.064014,0.185011,0.0420
43.860104,0.673590,0.000000,0.000000,-0.381069,-0.425998,-53.528404,-27.509982,-50.112345,19.147548,0.187849,0.0640
43.860104,0.673590,0.000000,0.000000,0.094697,-0.970907,-53.614033,-27.509982,-50.112345,19.218093,0.192650,0.0400
43.860104,0.673590,0.000000,0.000000,0.275160,-1.272775,-53.628742,-27.509982,-50.112345,19.239503,0.194043,0.0400
43.860104,0.673590,0.000000,0.000000,0.275160,-1.272775,-53.628742,-27.509982,-50.112345,19.239503,0.194043,0.0400
43.860104,0.673590,0.000000,0.000000,0.275160,-1.272775,-53.628742,-27.509982,-50.112345,19.239503,0.194043,0.0400
43.860104,0.673590,0.000000,0.000000,0.275160,-1.272775,-53.628742,-27.509982,-50.112345,19.239503,0.194043,0.0400
43.860104,0.673590,0.000000,0.000000,0.275160,-1.272775,-53.628742,-27.509982,-50.112345,19.239503,0.194043,0.0400
43.860104,0.673590,0.000000,0.000000,0.275160,-1.272775,-53.628742,-27.509982,-50.112345,19.239503,0.194043,0.0410
43.860104,0.673590,0.000000,0.000000,0.102987,0.104448,-54.166332,-27.509982,-50.112345,19.307994,0.098784,0.0550
43.860104,0.673590,0.000000,0.000000,-0.992661,1.308095,-54.179958,-27.509982,-50.112345,19.380526,0.106711,0.0400
43.860104,0.673590,0.000000,0.000000,-0.523447,0.678109,-54.177826,-27.509982,-50.112345,19.434408,0.108441,0.0400
43.860104,0.673590,0.000000,0.000000,-0.523447,0.678109,-54.177826,-27.509982,-50.112345,19.434408,0.108441,0.0400
43.860104,0.673590,0.000000,0.000000,-0.793887,0.933364,-54.494446,-27.509982,-50.112345,19.527163,0.106234,0.0720
43.860104,0.673590,0.000000,0.000000,-0.756939,0.779439,-54.598839,-27.509982,-50.112345,19.608540,0.102459,0.0400
43.860104,0.673590,0.000000,0.000000,-0.800016,0.419619,-54.773186,-27.509982,-50.112345,19.704390,0.099563,0.0720
43.860104,0.673590,0.000000,0.000000,-1.079823,-0.296752,-55.775494,-27.509982,-50.112345,19.796582,0.097396,0.0400
43.860104,0.673590,0.000000,0.000000,-0.667404,0.842595,-58.204353,-27.509982,-50.112345,19.881593,0.096979,0.0660
43.860104,0.673590,0.000000,0.000000,-0.620165,1.887415,-61.479816,-27.509982,-50.112345,19.969673,0.095551,0.0400
43.860104,0.673590,0.000000,0.000000,-0.539542,2.522961,-68.043236,-27.509982,-50.112345,20.021467,0.103524,0.0400
43.860104,0.673590,0.000000,0.000000,-0.623506,2.192096,-71.865692,-27.509982,-50.112345,20.097036,0.098285,0.0410
43.860104,0.673590,0.000000,0.000000,-0.749206,2.232471,-74.486092,-27.509982,-50.112345,20.146949,0.094820,0.0400
29.619801,13.472128,-0.225746,0.202890,-0.596424,2.128460,-80.156067,-27.510111,-50.112219,20.144664,0.131982,0.0440
29.619801,13.472128,-0.225746,0.202890,-0.390485,2.533077,-84.973312,-27.510111,-50.112219,20.161587,0.176696,0.0510
29.619801,13.472128,-0.225746,0.202890,0.073012,1.882234,-90.399658,-27.510111,-50.112219,20.181030,0.226535,0.0560
29.619801,13.472128,-0.225746,0.202890,1.017686,2.034151,-98.218109,-27.510111,-50.112219,20.207620,0.297358,0.0840
29.619801,13.472128,-0.225746,0.202890,-18.379118,-10.560395,-102.167404,-27.510111,-50.112219,20.219939,0.331922,0.0400
29.619801,13.472128,-0.225746,0.202890,3.964823,-0.914437,-106.821175,-27.510111,-50.112219,20.249053,0.386404,0.0400
29.619801,13.472128,-0.225746,0.202890,3.964823,-0.914437,-106.821175,-27.510111,-50.112219,20.249053,0.386404,0.0400
29.619801,13.472128,-0.225746,0.202890,3.964823,-0.914437,-106.821175,-27.510111,-50.112219,20.249053,0.386404,0.0400
29.619801,13.472128,-0.225746,0.202890,3.964823,-0.914437,-106.821175,-27.510111,-50.112219,20.249053,0.386404,0.0400
29.619801,13.472128,-0.225746,0.202890,3.964823,-0.914437,-106.821175,-27.510111,-50.112219,20.249053,0.386404,0.0400
29.619801,13.472128,-0.225746,0.202890,3.964823,-0.914437,-106.821175,-27.510111,-50.112219,20.249053,0.386404,0.0400
29.619801,13.472128,-0.225746,0.202890,3.964823,-0.914437,-106.821175,-27.510111,-50.112219,20.249053,0.386404,0.0400
29.619801,13.472128,-0.225746,0.202890,3.964823,-0.914437,-106.821175,-27.510111,-50.112219,20.249053,0.386404,0.0400
29.619801,13.472128,-0.225746,0.202890,3.964823,-0.914437,-106.821175,-27.510111,-50.112219,20.249053,0.386404,0.0400
29.619801,13.472128,-0.225746,0.202890,3.964823,-0.914437,-106.821175,-27.510111,-50.112219,20.249053,0.386404,0.0400
29.619801,13.472128,-0.225746,0.202890,3.964823,-0.914437,-106.821175,-27.510111,-50.112219,20.249053,0.386404,0.0400
29.619801,13.472128,-0.225746,0.202890,-0.570813,0.568381,-106.629929,-27.510111,-50.112219,19.818687,0.509491,0.0660
29.619801,13.472128,-0.225746,0.202890,-0.519806,0.512222,-106.605202,-27.510111,-50.112219,19.869804,0.561565,0.0400
27.910963,7.072860,-0.285358,-1.068611,-0.517365,0.546233,-106.598106,-27.510126,-50.112283,19.879360,0.517732,0.0400
27.910963,7.072860,-0.285358,-1.068611,-0.517365,0.546233,-106.598106,-27.510126,-50.112283,19.879360,0.517732,0.0400
27.910963,7.072860,-0.285358,-1.068611,-0.517365,0.546233,-106.598106,-27.510126,-50.112283,19.879360,0.517732,0.0680
27.910963,7.072860,-0.285358,-1.068611,-0.517365,0.546233,-106.598106,-27.510126,-50.112283,19.879360,0.517732,0.0400
27.910963,7.072860,-0.285358,-1.068611,-0.406510,0.425892,-106.496490,-27.510126,-50.112283,19.789523,0.505206,0.0420
27.910963,7.072860,-0.285358,-1.068611,-0.384936,0.373793,-106.483833,-27.510126,-50.112283,19.811678,0.352367,0.0470
27.910963,7.072860,-0.285358,-1.068611,-0.380770,0.364023,-106.465797,-27.510126,-50.112283,19.828182,0.291433,0.0400
27.910963,7.072860,-0.285358,-1.068611,-0.360086,0.333439,-106.455307,-27.510126,-50.112283,19.836799,0.268961,0.0400
27.910963,7.072860,-0.285358,-1.068611,-0.360086,0.333439,-106.455307,-27.510126,-50.112283,19.836799,0.268961,0.0400
27.910963,7.072860,-0.285358,-1.068611,-0.360086,0.333439,-106.455307,-27.510126,-50.112283,19.836799,0.268961,0.0400
27.910963,7.072860,-0.285358,-1.068611,-0.360086,0.333439,-106.455307,-27.510126,-50.112283,19.836799,0.268961,0.0400
27.910963,7.072860,-0.285358,-1.068611,-0.360086,0.333439,-106.455307,-27.510126,-50.112283,19.836799,0.268961,0.0400
27.910963,7.072860,-0.285358,-1.068611,-0.360086,0.333439,-106.455307,-27.510126,-50.112283,19.836799,0.268961,0.0400
27.910963,7.072860,-0.285358,-1.068611,-0.360086,0.333439,-106.455307,-27.510126,-50.112283,19.836799,0.268961,0.0400
27.910963,7.072860,-0.285358,-1.068611,-0.145280,0.149979,-106.325592,-27.510126,-50.112283,19.690717,-0.160479,0.0400
27.910963,7.072860,-0.285358,-1.068611,-0.126619,0.128131,-106.313026,-27.510126,-50.112283,19.712017,-0.210973,0.0490
27.910963,7.072860,-0.285358,-1.068611,-0.110264,0.106504,-106.300926,-27.510126,-50.112283,19.728626,-0.239065,0.0400
27.910963,7.072860,-0.285358,-1.068611,-0.094253,0.097765,-106.295921,-27.510236,-50.112290,19.734930,-0.250941,0.0400
27.910963,7.072860,-0.285358,-1.068611,-0.094253,0.097765,-106.295921,-27.510236,-50.112290,19.734930,-0.250941,0.0400
27.910963,7.072860,-0.285358,-1.068611,-0.094253,0.097765,-106.295921,-27.510236,-50.112290,19.734930,-0.250941,0.0400
27.910963,7.072860,-0.285358,-1.068611,-0.094253,0.097765,-106.295921,-27.510236,-50.112290,19.734930,-0.250941,0.0400
27.910963,7.072860,-0.285358,-1.068611,-0.094253,0.097765,-106.295921,-27.510236,-50.112290,19.734930,-0.250941,0.0400
27.910963,7.072860,-0.285358,-1.068611,-0.094253,0.097765,-106.295921,-27.510236,-50.112290,19.734930,-0.250941,0.0400
27.910963,7.072860,-0.285358,-1.068611,-0.094253,0.097765,-106.295921,-27.510236,-50.112290,19.734930,-0.250941,0.0400
27.910963,7.072860,-0.285358,-1.068611,-0.094253,0.097765,-106.295921,-27.510236,-50.112290,19.734930,-0.250941,0.0400
27.910963,7.072860,-0.285358,-1.068611,-0.094253,0.097765,-106.295921,-27.510236,-50.112290,19.734930,-0.250941,0.0400
27.910963,7.072860,-0.285358,-1.068611,-0.094253,0.097765,-106.295921,-27.510236,-50.112290,19.734930,-0.250941,0.0400
15.569374,6.399256,-0.349302,-0.019065,0.194811,-0.185477,-106.136009,-27.510236,-50.112290,19.544895,-0.690535,0.0400
15.569374,6.399256,-0.349302,-0.019065,0.172083,-0.158719,-106.146042,-27.510236,-50.112290,19.494462,-0.561265,0.0570
15.569374,6.399256,-0.349302,-0.019065,0.148197,-0.131218,-106.157356,-27.510236,-50.112290,19.456523,-0.523015,0.0400
15.569374,6.399256,-0.349302,-0.019065,0.144339,-0.127748,-106.159302,-27.510236,-50.112290,19.451053,-0.518116,0.0400
15.569374,6.399256,-0.349302,-0.019065,0.144339,-0.127748,-106.159302,-27.510236,-50.112290,19.451053,-0.518116,0.0400
15.569374,6.399256,-0.349302,-0.019065,0.144339,-0.127748,-106.159302,-27.510236,-50.112290,19.451053,-0.518116,0.0400
15.569374,6.399256,-0.349302,-0.019065,0.144339,-0.127748,-106.159302,-27.510236,-50.112290,19.451053,-0.518116,0.0400
15.569374,6.399256,-0.349302,-0.019065,0.144339,-0.127748,-106.159302,-27.510303,-50.112284,19.451053,-0.518116,0.0400
15.569374,6.399256,-0.349302,-0.019065,0.144339,-0.127748,-106.159302,-27.510303,-50.112284,19.451053,-0.518116,0.0400
15.569374,6.399256,-0.349302,-0.019065,0.144339,-0.127748,-106.159302,-27.510303,-50.112284,19.451053,-0.518116,0.0400
15.569374,6.399256,-0.349302,-0.019065,0.144339,-0.127748,-106.159302,-27.510303,-50.112284,19.451053,-0.518116,0.0400
15.569374,6.399256,-0.349302,-0.019065,0.144339,-0.127748,-106.159302,-27.510303,-50.112284,19.451053,-0.518116,0.0400
15.569374,6.399256,-0.349302,-0.019065,0.144339,-0.127748,-106.159302,-27.510303,-50.112284,19.451053,-0.518116,0.0400
15.569374,6.399256,-0.349302,-0.019065,0.144339,-0.127748,-106.159302,-27.510303,-50.112284,19.451053,-0.518116,0.0400
15.569374,6.399256,-0.349302,-0.019065,0.144339,-0.127748,-106.159302,-27.510303,-50.112284,19.451053,-0.518116,0.0400
15.569374,6.399256,-0.349302,-0.019065,0.144339,-0.127748,-106.159302,-27.510303,-50.112284,19.451053,-0.518116,0.0400
15.569374,6.399256,-0.349302,-0.019065,0.144339,-0.127748,-106.159302,-27.510303,-50.112284,19.451053,-0.518116,0.0400
15.569374,6.399256,-0.349302,-0.019065,0.144339,-0.127748,-106.159302,-27.510303,-50.112284,19.451053,-0.518116,0.0550
8.354291,6.736059,-0.061666,0.002879,-0.261465,0.252633,-106.375977,-27.510303,-50.112284,19.242375,-0.521926,0.0480
8.354291,6.736059,-0.061666,0.002879,-0.229819,0.237378,-106.362907,-27.510303,-50.112284,19.211619,-0.500695,0.0400
8.354291,6.736059,-0.061666,0.002879,-0.213296,0.220289,-106.349327,-27.510303,-50.112284,19.172560,-0.476476,0.0410
8.354291,6.736059,-0.061666,0.002879,-0.209662,0.216644,-106.346779,-27.510303,-50.112284,19.165270,-0.471999,0.0400
8.354291,6.736059,-0.061666,0.002879,-0.209662,0.216644,-106.346779,-27.510303,-50.112284,19.165270,-0.471999,0.0400
8.354291,6.736059,-0.061666,0.002879,-0.209662,0.216644,-106.346779,-27.510303,-50.112284,19.165270,-0.471999,0.0400
8.354291,6.736059,-0.061666,0.002879,-0.209662,0.216644,-106.346779,-27.510303,-50.112284,19.165270,-0.471999,0.0400
8.354291,6.736059,-0.061666,0.002879,-0.095771,0.098176,-106.275673,-27.510303,-50.112284,19.136616,-0.461422,0.0410
7.594809,7.409665,-0.015395,0.013654,-0.069712,0.072229,-106.260078,-27.510308,-50.112278,19.091481,-0.428962,0.0640
7.594809,7.409665,-0.015395,0.013654,-0.049251,0.049844,-106.247261,-27.510308,-50.112278,19.044555,-0.395261,0.0400
7.594809,7.409665,-0.015395,0.013654,-0.047290,0.049228,-106.243927,-27.510308,-50.112278,19.032526,-0.386822,0.0400
7.594809,7.409665,-0.015395,0.013654,-0.047290,0.049228,-106.243927,-27.510308,-50.112278,19.032526,-0.386822,0.0400
7.594809,7.409665,-0.015395,0.013654,-0.047290,0.049228,-106.243927,-27.510308,-50.112278,19.032526,-0.386822,0.0400
7.594809,7.409665,-0.015395,0.013654,-0.047290,0.049228,-106.243927,-27.510308,-50.112278,19.032526,-0.386822,0.0400
7.594809,7.409665,-0.015395,0.013654,-0.047290,0.049228,-106.243927,-27.510308,-50.112278,19.032526,-0.386822,0.0400
7.594809,7.409665,-0.015395,0.013654,-0.047290,0.049228,-106.243927,-27.510308,-50.112278,19.032526,-0.386822,0.0400
7.594809,7.409665,-0.015395,0.013654,-0.047290,0.049228,-106.243927,-27.510308,-50.112278,19.032526,-0.386822,0.0400
7.594809,7.409665,-0.015395,0.013654,-0.047290,0.049228,-106.243927,-27.510308,-50.112278,19.032526,-0.386822,0.0400
7.594809,7.409665,-0.015395,0.013654,-0.047290,0.049228,-106.243927,-27.510308,-50.112278,19.032526,-0.386822,0.0400
7.594809,7.409665,-0.015395,0.013654,-0.047290,0.049228,-106.243927,-27.510308,-50.112278,19.032526,-0.386822,0.0400
7.594809,7.409665,-0.015395,0.013654,-0.047290,0.049228,-106.243927,-27.510308,-50.112278,19.032526,-0.386822,0.0400
7.594809,7.409665,-0.015395,0.013654,-0.047290,0.049228,-106.243927,-27.510308,-50.112278,19.032526,-0.386822,0.0400
7.594809,7.409665,-0.015395,0.013654,-0.047290,0.049228,-106.243927,-27.510308,-50.112278,19.032526,-0.386822,0.0540
7.594809,7.409665,-0.015395,0.013654,0.266921,-0.280415,-106.104607,-27.510308,-50.112278,18.955378,-0.335187,0.0580
7.594809,7.409665,-0.015395,0.013654,0.243374,-0.261756,-106.113037,-27.510308,-50.112278,18.896204,-0.292917,0.0400
7.594809,7.409665,-0.015395,0.013654,0.234538,-0.250293,-106.116547,-27.510308,-50.112278,18.873173,-0.276655,0.0400
7.594809,7.409665,-0.015395,0.013654,0.234538,-0.250293,-106.116547,-27.510313,-50.112262,18.873173,-0.276655,0.0400
7.594809,7.409665,-0.015395,0.013654,0.234538,-0.250293,-106.116547,-27.510313,-50.112262,18.873173,-0.276655,0.0400
7.594809,7.409665,-0.015395,0.013654,0.234538,-0.250293,-106.116547,-27.510313,-50.112262,18.873173,-0.276655,0.0400
7.594809,7.409665,-0.015395,0.013654,0.234538,-0.250293,-106.116547,-27.510313,-50.112262,18.873173,-0.276655,0.0400
7.594809,7.409665,-0.015395,0.013654,0.234538,-0.250293,-106.116547,-27.510313,-50.112262,18.873173,-0.276655,0.0400
7.594809,7.409665,-0.015395,0.013654,0.234538,-0.250293,-106.116547,-27.510313,-50.112262,18.873173,-0.276655,0.0400
7.594809,7.409665,-0.015395,0.013654,0.234538,-0.250293,-106.116547,-27.510313,-50.112262,18.873173,-0.276655,0.0400
7.594809,7.409665,-0.015395,0.013654,0.234538,-0.250293,-106.116547,-27.510313,-50.112262,18.873173,-0.276655,0.0400
7.594809,7.409665,-0.015395,0.013654,0.234538,-0.250293,-106.116547,-27.510313,-50.112262,18.873173,-0.276655,0.0400
7.594809,7.409665,-0.015395,0.013654,0.234538,-0.250293,-106.116547,-27.510313,-50.112262,18.873173,-0.276655,0.0400
7.594809,7.409665,-0.015395,0.013654,0.234538,-0.250293,-106.116547,-27.510313,-50.112262,18.873173,-0.276655,0.0400
7.594809,7.409665,-0.015395,0.013654,0.234538,-0.250293,-106.116547,-27.510313,-50.112262,18.873173,-0.276655,0.0400
7.025197,9.093679,-0.016483,0.048732,-0.053715,0.063832,-106.254372,-27.510313,-50.112262,18.823154,-0.225467,0.0420
7.025197,9.093679,-0.016483,0.048732,-0.033637,0.038513,-106.245392,-27.510313,-50.112262,18.776824,-0.187338,0.0410
7.025197,9.093679,-0.016483,0.048732,-0.012323,0.017000,-106.236092,-27.510313,-50.112262,18.720718,-0.141458,0.0550
7.025197,9.093679,-0.016483,0.048732,-0.012323,0.017000,-106.236092,-27.510313,-50.112262,18.720718,-0.141458,0.0400
7.025197,9.093679,-0.016483,0.048732,-0.012323,0.017000,-106.236092,-27.510313,-50.112262,18.720718,-0.141458,0.0400
7.025197,9.093679,-0.016483,0.048732,-0.012323,0.017000,-106.236092,-27.510313,-50.112262,18.720718,-0.141458,0.0400
7.025197,9.093679,-0.016483,0.048732,-0.012323,0.017000,-106.236092,-27.510313,-50.112261,18.720718,-0.141458,0.0400
7.025197,9.093679,-0.016483,0.048732,-0.012323,0.017000,-106.236092,-27.510313,-50.112261,18.720718,-0.141458,0.0400
7.025197,9.093679,-0.016483,0.048732,-0.012323,0.017000,-106.236092,-27.510313,-50.112261,18.720718,-0.141458,0.0400
7.025197,9.093679,-0.016483,0.048732,-0.012323,0.017000,-106.236092,-27.510313,-50.112261,18.720718,-0.141458,0.0400
7.025197,9.093679,-0.016483,0.048732,-0.012323,0.017000,-106.236092,-27.510313,-50.112261,18.720718,-0.141458,0.0400
7.025197,9.093679,-0.016483,0.048732,-0.012323,0.017000,-106.236092,-27.510313,-50.112261,18.720718,-0.141458,0.0400
7.025197,9.093679,-0.016483,0.048732,-0.012323,0.017000,-106.236092,-27.510313,-50.112261,18.720718,-0.141458,0.0400
7.025197,9.093679,-0.016483,0.048732,-0.012323,0.017000,-106.236092,-27.510313,-50.112261,18.720718,-0.141458,0.0400
7.025197,9.093679,-0.016483,0.048732,-0.012323,0.017000,-106.236092,-27.510313,-50.112261,18.720718,-0.141458,0.0400
7.025197,9.093679,-0.016483,0.048732,-0.012323,0.017000,-106.236092,-27.510313,-50.112261,18.720718,-0.141458,0.0400
7.025197,9.093679,-0.016483,0.048732,-0.012323,0.017000,-106.236092,-27.510313,-50.112261,18.720718,-0.141458,0.0400
7.025197,9.093679,-0.016483,0.048732,-0.012323,0.017000,-106.236092,-27.510313,-50.112261,18.720718,-0.141458,0.0400
7.025197,9.093679,-0.016483,0.048732,-0.012323,0.017000,-106.236092,-27.510313,-50.112261,18.720718,-0.141458,0.0400
7.025197,9.093679,-0.016483,0.048732,-0.012323,0.017000,-106.236092,-27.510313,-50.112261,18.720718,-0.141458,0.0400
7.025197,9.093679,-0.016483,0.048732,-0.012323,0.017000,-106.236092,-27.510313,-50.112261,18.720718,-0.141458,0.0400
7.025197,9.093679,-0.016483,0.048732,-0.012323,0.017000,-106.236092,-27.510313,-50.112261,18.720718,-0.141458,0.0400
7.025197,9.430483,-0.000000,0.020578,0.548339,-0.406435,-106.010017,-27.510313,-50.112261,18.680078,-0.075806,0.0400
7.025197,9.430483,-0.000000,0.020578,0.529540,-0.390432,-106.017029,-27.510313,-50.112261,18.608623,-0.018120,0.0440
6.835326,9.093679,-0.017684,-0.031370,0.490782,-0.372132,-106.025459,-27.510314,-50.112263,18.526674,0.044403,0.0400
6.835326,9.093679,-0.017684,-0.031370,0.488757,-0.370559,-106.026070,-27.510314,-50.112263,18.520147,0.048102,0.0400
6.835326,9.093679,-0.017684,-0.031370,0.488757,-0.370559,-106.026070,-27.510314,-50.112263,18.520147,0.048102,0.0400
6.835326,9.093679,-0.017684,-0.031370,0.488757,-0.370559,-106.026070,-27.510314,-50.112263,18.520147,0.048102,0.0400
6.835326,9.093679,-0.017684,-0.031370,0.488757,-0.370559,-106.026070,-27.510314,-50.112263,18.520147,0.048102,0.0400
6.835326,9.093679,-0.017684,-0.031370,0.488757,-0.370559,-106.026070,-27.510314,-50.112263,18.520147,0.048102,0.0400
6.835326,9.093679,-0.017684,-0.031370,0.488757,-0.370559,-106.026070,-27.510314,-50.112263,18.520147,0.048102,0.0400
6.835326,9.093679,-0.017684,-0.031370,0.488757,-0.370559,-106.026070,-27.510314,-50.112263,18.520147,0.048102,0.0400
6.835326,9.093679,-0.017684,-0.031370,0.488757,-0.370559,-106.026070,-27.510314,-50.112263,18.520147,0.048102,0.0400
6.835326,9.093679,-0.017684,-0.031370,0.488757,-0.370559,-106.026070,-27.510314,-50.112263,18.520147,0.048102,0.0400
6.835326,9.093679,-0.017684,-0.031370,0.488757,-0.370559,-106.026070,-27.510314,-50.112263,18.520147,0.048102,0.0400
6.835326,9.093679,-0.017684,-0.031370,0.488757,-0.370559,-106.026070,-27.510314,-50.112263,18.520147,0.048102,0.0400
6.835326,9.093679,-0.017684,-0.031370,0.488757,-0.370559,-106.026070,-27.510314,-50.112263,18.520147,0.048102,0.0400
6.835326,9.093679,-0.017684,-0.031370,0.488757,-0.370559,-106.026070,-27.510314,-50.112263,18.520147,0.048102,0.0400
6.835326,9.093679,-0.017684,-0.031370,0.488757,-0.370559,-106.026070,-27.510314,-50.112263,18.520147,0.048102,0.0400
6.835326,9.093679,-0.017684,-0.031370,0.055372,-0.039045,-106.210625,-27.510314,-50.112263,18.511568,0.045172,0.0420
6.835326,9.093679,-0.017684,-0.031370,0.030729,-0.019784,-106.223000,-27.510314,-50.112263,18.433464,0.099558,0.0560
6.835326,9.093679,-0.017684,-0.031370,0.009799,-0.008032,-106.234261,-27.510314,-50.112263,18.355722,0.157237,0.0400
6.835326,9.093679,-0.017684,-0.031370,0.001080,0.001991,-106.237885,-27.510321,-50.112265,18.334242,0.173215,0.0400
6.835326,9.093679,-0.017684,-0.031370,0.001080,0.001991,-106.237885,-27.510321,-50.112265,18.334242,0.173215,0.0400
6.835326,9.093679,-0.017684,-0.031370,0.001080,0.001991,-106.237885,-27.510321,-50.112265,18.334242,0.173215,0.0550
6.835326,9.093679,-0.017684,-0.031370,0.001080,0.001991,-106.237885,-27.510321,-50.112265,18.334242,0.173215,0.0400
6.835326,9.093679,-0.017684,-0.031370,0.001080,0.001991,-106.237885,-27.510321,-50.112265,18.334242,0.173215,0.0400
6.265714,8.420074,-0.009965,-0.011785,0.065104,-0.157073,-106.198769,-27.510321,-50.112265,18.289129,0.194321,0.0410
6.265714,8.420074,-0.009965,-0.011785,0.055776,-0.135427,-106.205009,-27.510321,-50.112265,18.219929,0.243494,0.0400
6.265714,8.420074,-0.009965,-0.011785,0.046161,-0.100152,-106.212776,-27.510321,-50.112265,18.138934,0.299258,0.0400
6.265714,8.420074,-0.009965,-0.011785,0.046161,-0.100152,-106.212776,-27.510321,-50.112265,18.138934,0.299258,0.0400
6.265714,8.420074,-0.009965,-0.011785,0.046161,-0.100152,-106.212776,-27.510321,-50.112265,18.138934,0.299258,0.0400
6.265714,8.420074,-0.009965,-0.011785,0.046161,-0.100152,-106.212776,-27.510321,-50.112265,18.138934,0.299258,0.0400
6.265714,8.420074,-0.009965,-0.011785,0.046161,-0.100152,-106.212776,-27.510321,-50.112265,18.138934,0.299258,0.0400
6.265714,8.420074,-0.009965,-0.011785,0.046161,-0.100152,-106.212776,-27.510321,-50.112265,18.138934,0.299258,0.0520
6.265714,8.420074,-0.009965,-0.011785,0.046161,-0.100152,-106.212776,-27.510321,-50.112265,18.138934,0.299258,0.0400
6.265714,8.420074,-0.009965,-0.011785,0.046161,-0.100152,-106.212776,-27.510321,-50.112265,18.138934,0.299258,0.0400
6.265714,8.420074,-0.009965,-0.011785,0.046161,-0.100152,-106.212776,-27.510321,-50.112265,18.138934,0.299258,0.0400
6.265714,8.420074,-0.009965,-0.011785,0.046161,-0.100152,-106.212776,-27.510321,-50.112265,18.138934,0.299258,0.0400
6.265714,8.420074,-0.009965,-0.011785,0.046161,-0.100152,-106.212776,-27.510321,-50.112265,18.138934,0.299258,0.0400
6.265714,8.420074,-0.009965,-0.011785,0.046161,-0.100152,-106.212776,-27.510321,-50.112265,18.138934,0.299258,0.0400
5.696103,9.093679,-0.023252,0.027498,-0.094576,0.237600,-106.297318,-27.510324,-50.112264,18.056825,0.351525,0.0620
5.696103,9.093679,-0.023252,0.027498,-0.084396,0.206464,-106.286392,-27.510324,-50.112264,17.982188,0.402729,0.0400
5.696103,9.093679,-0.023252,0.027498,-0.081082,0.188215,-106.279053,-27.510324,-50.112264,17.924797,0.442620,0.0400
5.696103,9.093679,-0.023252,0.027498,-0.081082,0.188215,-106.279053,-27.510324,-50.112264,17.924797,0.442620,0.0400
5.696103,9.093679,-0.023252,0.027498,-0.081082,0.188215,-106.279053,-27.510324,-50.112264,17.924797,0.442620,0.0400
5.696103,9.093679,-0.023252,0.027498,-0.081082,0.188215,-106.279053,-27.510324,-50.112264,17.924797,0.442620,0.0400
5.696103,9.093679,-0.023252,0.027498,-0.081082,0.188215,-106.279053,-27.510324,-50.112264,17.924797,0.442620,0.0400
5.696103,9.093679,-0.023252,0.027498,-0.081082,0.188215,-106.279053,-27.510324,-50.112264,17.924797,0.442620,0.0400
5.696103,9.093679,-0.023252,0.027498,-0.081082,0.188215,-106.279053,-27.510324,-50.112264,17.924797,0.442620,0.0400
5.696103,9.093679,-0.023252,0.027498,-0.081082,0.188215,-106.279053,-27.510324,-50.112264,17.924797,0.442620,0.0400
5.696103,9.093679,-0.023252,0.027498,-0.081082,0.188215,-106.279053,-27.510324,-50.112264,17.924797,0.442620,0.0400
5.696103,9.093679,-0.023252,0.027498,-0.081082,0.188215,-106.279053,-27.510324,-50.112264,17.924797,0.442620,0.0400
5.696103,9.093679,-0.023252,0.027498,-0.081082,0.188215,-106.279053,-27.510324,-50.112264,17.924797,0.442620,0.0400
5.696103,9.093679,-0.023252,0.027498,-0.081082,0.188215,-106.279053,-27.510324,-50.112264,17.924797,0.442620,0.0400
5.696103,9.093679,-0.023252,0.027498,-0.081082,0.188215,-106.279053,-27.510324,-50.112264,17.924797,0.442620,0.0400
5.696103,9.093679,-0.023252,0.027498,-0.081082,0.188215,-106.279053,-27.510324,-50.112264,17.924797,0.442620,0.0400
5.696103,9.093679,-0.023252,0.027498,-0.081082,0.188215,-106.279053,-27.510324,-50.112264,17.924797,0.442620,0.0400
5.696103,9.093679,-0.023252,0.027498,-0.081082,0.188215,-106.279053,-27.510324,-50.112264,17.924797,0.442620,0.0400
5.696103,9.093679,-0.023252,0.027498,-0.081082,0.188215,-106.279053,-27.510335,-50.112270,17.924797,0.442620,0.0400
5.696103,9.093679,-0.023252,0.027498,-0.081082,0.188215,-106.279053,-27.510335,-50.112270,17.924797,0.442620,0.0400
5.696103,9.093679,-0.023252,0.027498,-0.081082,0.188215,-106.279053,-27.510335,-50.112270,17.924797,0.442620,0.0400
5.696103,9.093679,-0.023252,0.027498,-0.081082,0.188215,-106.279053,-27.510335,-50.112270,17.924797,0.442620,0.0400
5.696103,9.093679,-0.023252,0.027498,-0.081082,0.188215,-106.279053,-27.510335,-50.112270,17.924797,0.442620,0.0400
5.696103,9.093679,-0.023252,0.027498,-0.081082,0.188215,-106.279053,-27.510335,-50.112270,17.924797,0.442620,0.0400
5.696103,9.093679,-0.023252,0.027498,-0.081082,0.188215,-106.279053,-27.510335,-50.112270,17.924797,0.442620,0.0400
5.696103,9.093679,-0.023252,0.027498,-0.081082,0.188215,-106.279053,-27.510335,-50.112270,17.924797,0.442620,0.0540
5.696103,9.093679,-0.023252,0.027498,-0.081082,0.188215,-106.279053,-27.510335,-50.112270,17.924797,0.442620,0.0400
5.696103,9.093679,-0.023252,0.027498,-0.081082,0.188215,-106.279053,-27.510335,-50.112270,17.924797,0.442620,0.0400
5.696103,9.093679,-0.023252,0.027498,-0.081082,0.188215,-106.279053,-27.510335,-50.112270,17.924797,0.442620,0.0500
5.696103,9.093679,-0.023252,0.027498,-0.081082,0.188215,-106.279053,-27.510335,-50.112270,17.924797,0.442620,0.0400
5.696103,9.093679,-0.023252,0.027498,-0.081082,0.188215,-106.279053,-27.510335,-50.112270,17.924797,0.442620,0.0400
5.696103,9.093679,-0.023252,0.027498,-0.081082,0.188215,-106.279053,-27.510335,-50.112270,17.924797,0.442620,0.0400
5.696103,9.093679,-0.023252,0.027498,-0.081082,0.188215,-106.279053,-27.510335,-50.112270,17.924797,0.442620,0.0400
5.696103,9.093679,-0.023252,0.027498,-0.081082,0.188215,-106.279053,-27.510335,-50.112270,17.924797,0.442620,0.0400
5.696103,9.093679,-0.023252,0.027498,-0.081082,0.188215,-106.279053,-27.510335,-50.112270,17.924797,0.442620,0.0400
5.696103,9.093679,-0.023252,0.027498,-0.081082,0.188215,-106.279053,-27.510341,-50.112272,17.924797,0.442620,0.0400
5.696103,9.093679,-0.023252,0.027498,-0.081082,0.188215,-106.279053,-27.510341,-50.112272,17.924797,0.442620,0.0400
5.696103,9.093679,-0.023252,0.027498,-0.081082,0.188215,-106.279053,-27.510341,-50.112272,17.924797,0.442620,0.0400
5.696103,9.093679,-0.023252,0.027498,-0.081082,0.188215,-106.279053,-27.510341,-50.112272,17.924797,0.442620,0.0400
5.696103,9.093679,-0.023252,0.027498,-0.081082,0.188215,-106.279053,-27.510341,-50.112272,17.924797,0.442620,0.0400
5.696103,9.093679,-0.023252,0.027498,-0.081082,0.188215,-106.279053,-27.510341,-50.112272,17.924797,0.442620,0.0400
5.696103,9.093679,-0.023252,0.027498,-0.081082,0.188215,-106.279053,-27.510341,-50.112272,17.924797,0.442620,0.0400
5.696103,9.093679,-0.023252,0.027498,-0.081082,0.188215,-106.279053,-27.510341,-50.112272,17.924797,0.442620,0.0400
5.696103,9.093679,-0.023252,0.027498,-0.081082,0.188215,-106.279053,-27.510341,-50.112272,17.924797,0.442620,0.0400
5.696103,9.093679,-0.023252,0.027498,-0.081082,0.188215,-106.279053,-27.510341,-50.112272,17.924797,0.442620,0.0400
5.696103,9.093679,-0.023252,0.027498,-0.081082,0.188215,-106.279053,-27.510341,-50.112272,17.924797,0.442620,0.0400
5.696103,9.093679,-0.023252,0.027498,-0.081082,0.188215,-106.279053,-27.510341,-50.112272,17.924797,0.442620,0.0400
5.696103,9.093679,-0.023252,0.027498,-0.081082,0.188215,-106.279053,-27.510341,-50.112272,17.924797,0.442620,0.0400
5.696103,9.093679,-0.023252,0.027498,-0.081082,0.188215,-106.279053,-27.510341,-50.112272,17.924797,0.442620,0.0400
5.696103,9.093679,-0.023252,0.027498,-0.081082,0.188215,-106.279053,-27.510341,-50.112272,17.924797,0.442620,0.0400
5.696103,9.093679,-0.023252,0.027498,-0.081082,0.188215,-106.279053,-27.510341,-50.112272,17.924797,0.442620,0.0400
5.696103,9.093679,-0.023252,0.027498,-0.081082,0.188215,-106.279053,-27.510341,-50.112272,17.924797,0.442620,0.0400
5.696103,9.093679,-0.023252,0.027498,-0.081082,0.188215,-106.279053,-27.510341,-50.112272,17.924797,0.442620,0.0400
5.696103,9.093679,-0.023252,0.027498,-0.081082,0.188215,-106.279053,-27.510341,-50.112272,17.924797,0.442620,0.0400
5.696103,9.093679,-0.023252,0.027498,-0.081082,0.188215,-106.279053,-27.510341,-50.112274,17.924797,0.442620,0.0400
5.696103,9.093679,-0.023252,0.027498,-0.081082,0.188215,-106.279053,-27.510341,-50.112274,17.924797,0.442620,0.0400
5.696103,9.093679,-0.023252,0.027498,-0.081082,0.188215,-106.279053,-27.510341,-50.112274,17.924797,0.442620,0.0400
5.696103,9.093679,-0.023252,0.027498,-0.081082,0.188215,-106.279053,-27.510341,-50.112274,17.924797,0.442620,0.0400
5.696103,9.093679,-0.023252,0.027498,-0.081082,0.188215,-106.279053,-27.510341,-50.112274,17.924797,0.442620,0.0400
5.696103,9.093679,-0.023252,0.027498,-0.081082,0.188215,-106.279053,-27.510341,-50.112274,17.924797,0.442620,0.0400
5.696103,9.093679,-0.023252,0.027498,-0.081082,0.188215,-106.279053,-27.510341,-50.112274,17.924797,0.442620,0.0400
5.696103,9.093679,-0.023252,0.027498,-0.081082,0.188215,-106.279053,-27.510341,-50.112274,17.924797,0.442620,0.0400
5.696103,9.093679,-0.023252,0.027498,-0.081082,0.188215,-106.279053,-27.510341,-50.112274,17.924797,0.442620,0.0400
5.696103,9.093679,-0.023252,0.027498,-0.081082,0.188215,-106.279053,-27.510341,-50.112274,17.924797,0.442620,0.0400
5.696103,9.093679,-0.023252,0.027498,-0.081082,0.188215,-106.279053,-27.510341,-50.112274,17.924797,0.442620,0.0400
5.696103,9.093679,-0.023252,0.027498,-0.081082,0.188215,-106.279053,-27.510341,-50.112274,17.924797,0.442620,0.0530
5.696103,9.093679,-0.023252,0.027498,-0.081082,0.188215,-106.279053,-27.510341,-50.112274,17.924797,0.442620,0.0400
5.696103,9.093679,-0.023252,0.027498,-0.081082,0.188215,-106.279053,-27.510341,-50.112274,17.924797,0.442620,0.0400
5.696103,9.093679,-0.023252,0.027498,-0.081082,0.188215,-106.279053,-27.510341,-50.112274,17.924797,0.442620,0.0400
5.696103,9.093679,-0.023252,0.027498,-0.081082,0.188215,-106.279053,-27.510341,-50.112274,17.924797,0.442620,0.0400
5.696103,9.093679,-0.023252,0.027498,-0.081082,0.188215,-106.279053,-27.510341,-50.112274,17.924797,0.442620,0.0400
5.696103,9.093679,-0.023252,0.027498,-0.081082,0.188215,-106.279053,-27.510341,-50.112274,17.924797,0.442620,0.0400
5.696103,9.093679,-0.023252,0.027498,-0.081082,0.188215,-106.279053,-27.510340,-50.112274,17.924797,0.442620,0.0400
5.696103,9.093679,-0.023252,0.027498,-0.081082,0.188215,-106.279053,-27.510340,-50.112274,17.924797,0.442620,0.0400
5.696103,9.093679,-0.023252,0.027498,-0.081082,0.188215,-106.279053,-27.510340,-50.112274,17.924797,0.442620,0.0400
5.696103,9.093679,-0.023252,0.027498,-0.081082,0.188215,-106.279053,-27.510340,-50.112274,17.924797,0.442620,0.0400
5.696103,9.093679,-0.023252,0.027498,-0.081082,0.188215,-106.279053,-27.510340,-50.112274,17.924797,0.442620,0.0400
5.696103,9.093679,-0.023252,0.027498,-0.081082,0.188215,-106.279053,-27.510340,-50.112274,17.924797,0.442620,0.0400
5.696103,9.093679,-0.023252,0.027498,-0.081082,0.188215,-106.279053,-27.510340,-50.112274,17.924797,0.442620,0.0400
5.696103,9.093679,-0.023252,0.027498,-0.081082,0.188215,-106.279053,-27.510340,-50.112274,17.924797,0.442620,0.0400
5.696103,9.093679,-0.023252,0.027498,-0.081082,0.188215,-106.279053,-27.510340,-50.112274,17.924797,0.442620,0.0400
5.696103,9.093679,-0.023252,0.027498,-0.081082,0.188215,-106.279053,-27.510340,-50.112274,17.924797,0.442620,0.0400
5.696103,9.093679,-0.023252,0.027498,-0.081082,0.188215,-106.279053,-27.510340,-50.112274,17.924797,0.442620,0.0400
5.696103,9.093679,-0.023252,0.027498,-0.081082,0.188215,-106.279053,-27.510340,-50.112274,17.924797,0.442620,0.0400
5.696103,9.093679,-0.023252,0.027498,-0.081082,0.188215,-106.279053,-27.510340,-50.112274,17.924797,0.442620,0.0400
5.696103,9.093679,-0.023252,0.027498,-0.081082,0.188215,-106.279053,-27.510340,-50.112274,17.924797,0.442620,0.0400
5.696103,9.093679,-0.023252,0.027498,-0.081082,0.188215,-106.279053,-27.510340,-50.112274,17.924797,0.442620,0.0400
5.696103,9.093679,-0.023252,0.027498,-0.081082,0.188215,-106.279053,-27.510340,-50.112274,17.924797,0.442620,0.0400
5.696103,9.093679,-0.023252,0.027498,-0.081082,0.188215,-106.279053,-27.510340,-50.112274,17.924797,0.442620,0.0400
5.696103,9.093679,-0.023252,0.027498,-0.081082,0.188215,-106.279053,-27.510340,-50.112274,17.924797,0.442620,0.0400
5.696103,9.093679,-0.023252,0.027498,-0.081082,0.188215,-106.279053,-27.510340,-50.112274,17.924797,0.442620,0.0400
5.696103,9.093679,-0.023252,0.027498,-0.081082,0.188215,-106.279053,-27.510340,-50.112274,17.924797,0.442620,0.0400
5.696103,9.093679,-0.023252,0.027498,-0.081082,0.188215,-106.279053,-27.510340,-50.112274,17.924797,0.442620,0.0400
5.696103,9.093679,-0.023252,0.027498,-0.081082,0.188215,-106.279053,-27.510340,-50.112274,17.924797,0.442620,0.0400
5.696103,9.093679,-0.023252,0.027498,-0.081082,0.188215,-106.279053,-27.510340,-50.112274,17.924797,0.442620,0.0400
5.696103,9.093679,-0.023252,0.027498,-0.081082,0.188215,-106.279053,-27.510340,-50.112274,17.924797,0.442620,0.0400
5.696103,9.093679,-0.023252,0.027498,-0.081082,0.188215,-106.279053,-27.510340,-50.112274,17.924797,0.442620,0.0400
5.696103,9.093679,-0.023252,0.027498,-0.081082,0.188215,-106.279053,-27.510340,-50.112274,17.924797,0.442620,0.0400
5.696103,9.093679,-0.023252,0.027498,-0.081082,0.188215,-106.279053,-27.510340,-50.112274,17.924797,0.442620,0.0560
5.696103,9.093679,-0.023252,0.027498,-0.081082,0.188215,-106.279053,-27.510340,-50.112274,17.924797,0.442620,0.0400
5.696103,9.093679,-0.023252,0.027498,-0.081082,0.188215,-106.279053,-27.510340,-50.112274,17.924797,0.442620,0.0400
5.696103,9.093679,-0.023252,0.027498,-0.081082,0.188215,-106.279053,-27.510340,-50.112274,17.924797,0.442620,0.0400
5.696103,9.093679,-0.023252,0.027498,-0.081082,0.188215,-106.279053,-27.510340,-50.112274,17.924797,0.442620,0.0400
5.696103,9.093679,-0.023252,0.027498,-0.081082,0.188215,-106.279053,-27.510340,-50.112274,17.924797,0.442620,0.0400
5.696103,9.093679,-0.023252,0.027498,-0.081082,0.188215,-106.279053,-27.510340,-50.112274,17.924797,0.442620,0.0400
5.696103,9.093679,-0.023252,0.027498,-0.081082,0.188215,-106.279053,-27.510340,-50.112274,17.924797,0.442620,0.0400
5.696103,9.093679,-0.023252,0.027498,-0.081082,0.188215,-106.279053,-27.510340,-50.112274,17.924797,0.442620,0.0400
5.696103,9.093679,-0.023252,0.027498,-0.081082,0.188215,-106.279053,-27.510340,-50.112274,17.924797,0.442620,0.0580
5.696103,9.093679,-0.023252,0.027498,-0.081082,0.188215,-106.279053,-27.510339,-50.112273,17.924797,0.442620,0.0400
5.696103,9.093679,-0.023252,0.027498,-0.081082,0.188215,-106.279053,-27.510339,-50.112273,17.924797,0.442620,0.0400
5.696103,9.093679,-0.023252,0.027498,-0.081082,0.188215,-106.279053,-27.510339,-50.112273,17.924797,0.442620,0.0400
5.696103,9.093679,-0.023252,0.027498,-0.081082,0.188215,-106.279053,-27.510339,-50.112273,17.924797,0.442620,0.0410
5.696103,9.093679,-0.023252,0.027498,-0.081082,0.188215,-106.279053,-27.510339,-50.112273,17.924797,0.442620,0.0400
5.696103,9.093679,-0.023252,0.027498,-0.081082,0.188215,-106.279053,-27.510339,-50.112273,17.924797,0.442620,0.0400
5.696103,9.093679,-0.023252,0.027498,-0.081082,0.188215,-106.279053,-27.510339,-50.112273,17.924797,0.442620,0.0400
5.696103,9.093679,-0.023252,0.027498,-0.081082,0.188215,-106.279053,-27.510339,-50.112273,17.924797,0.442620,0.0400
5.696103,9.093679,-0.023252,0.027498,-0.081082,0.188215,-106.279053,-27.510339,-50.112273,17.924797,0.442620,0.0400
5.696103,9.093679,-0.023252,0.027498,-0.081082,0.188215,-106.279053,-27.510339,-50.112273,17.924797,0.442620,0.0400
5.696103,9.093679,-0.023252,0.027498,-0.081082,0.188215,-106.279053,-27.510339,-50.112273,17.924797,0.442620,0.0400
5.696103,9.093679,-0.023252,0.027498,-0.081082,0.188215,-106.279053,-27.510339,-50.112273,17.924797,0.442620,0.0400
5.696103,9.093679,-0.023252,0.027498,-0.081082,0.188215,-106.279053,-27.510339,-50.112273,17.924797,0.442620,0.0400
5.696103,9.093679,-0.023252,0.027498,-0.081082,0.188215,-106.279053,-27.510339,-50.112273,17.924797,0.442620,0.0400
5.696103,9.093679,-0.023252,0.027498,-0.081082,0.188215,-106.279053,-27.510339,-50.112273,17.924797,0.442620,0.0400
5.696103,9.093679,-0.023252,0.027498,-0.081082,0.188215,-106.279053,-27.510339,-50.112273,17.924797,0.442620,0.0400
5.696103,9.093679,-0.023252,0.027498,-0.081082,0.188215,-106.279053,-27.510339,-50.112273,17.924797,0.442620,0.0400
5.696103,9.093679,-0.023252,0.027498,-0.081082,0.188215,-106.279053,-27.510339,-50.112273,17.924797,0.442620,0.0400
5.696103,9.093679,-0.023252,0.027498,-0.081082,0.188215,-106.279053,-27.510339,-50.112273,17.924797,0.442620,0.0400
5.696103,9.093679,-0.023252,0.027498,-0.081082,0.188215,-106.279053,-27.510337,-50.112276,17.924797,0.442620,0.0400
5.696103,9.093679,-0.023252,0.027498,-0.081082,0.188215,-106.279053,-27.510337,-50.112276,17.924797,0.442620,0.0400
5.696103,9.093679,-0.023252,0.027498,-0.081082,0.188215,-106.279053,-27.510337,-50.112276,17.924797,0.442620,0.0400
5.696103,9.093679,-0.023252,0.027498,-0.081082,0.188215,-106.279053,-27.510337,-50.112276,17.924797,0.442620,0.0400
5.696103,9.093679,-0.023252,0.027498,-0.081082,0.188215,-106.279053,-27.510337,-50.112276,17.924797,0.442620,0.0400
5.696103,9.093679,-0.023252,0.027498,-0.081082,0.188215,-106.279053,-27.510337,-50.112276,17.924797,0.442620,0.0400
5.696103,9.093679,-0.023252,0.027498,-0.081082,0.188215,-106.279053,-27.510337,-50.112276,17.924797,0.442620,0.0450
5.696103,9.093679,-0.023252,0.027498,-0.081082,0.188215,-106.279053,-27.510337,-50.112276,17.924797,0.442620,0.0400
5.696103,9.093679,-0.023252,0.027498,-0.081082,0.188215,-106.279053,-27.510337,-50.112276,17.924797,0.442620,0.0400
5.696103,9.093679,-0.023252,0.027498,-0.081082,0.188215,-106.279053,-27.510337,-50.112276,17.924797,0.442620,0.0400
5.696103,9.093679,-0.023252,0.027498,-0.081082,0.188215,-106.279053,-27.510337,-50.112276,17.924797,0.442620,0.0400
5.696103,9.093679,-0.023252,0.027498,-0.081082,0.188215,-106.279053,-27.510337,-50.112276,17.924797,0.442620,0.0400
5.696103,9.093679,-0.023252,0.027498,-0.081082,0.188215,-106.279053,-27.510337,-50.112276,17.924797,0.442620,0.0400
5.696103,9.093679,-0.023252,0.027498,-0.081082,0.188215,-106.279053,-27.510337,-50.112276,17.924797,0.442620,0.0400
5.696103,9.093679,-0.023252,0.027498,-0.081082,0.188215,-106.279053,-27.510337,-50.112276,17.924797,0.442620,0.0400
5.696103,9.093679,-0.023252,0.027498,-0.081082,0.188215,-106.279053,-27.510337,-50.112276,17.924797,0.442620,0.0400
5.696103,9.093679,-0.023252,0.027498,-0.081082,0.188215,-106.279053,-27.510337,-50.112276,17.924797,0.442620,0.0400
5.696103,9.093679,-0.023252,0.027498,-0.081082,0.188215,-106.279053,-27.510337,-50.112276,17.924797,0.442620,0.0400
5.696103,9.093679,-0.023252,0.027498,-0.081082,0.188215,-106.279053,-27.510337,-50.112276,17.924797,0.442620,0.0400
5.696103,9.093679,-0.023252,0.027498,-0.081082,0.188215,-106.279053,-27.510335,-50.112275,17.924797,0.442620,0.0400
5.696103,9.093679,-0.023252,0.027498,-0.081082,0.188215,-106.279053,-27.510335,-50.112275,17.924797,0.442620,0.0400
5.696103,9.093679,-0.023252,0.027498,-0.081082,0.188215,-106.279053,-27.510335,-50.112275,17.924797,0.442620,0.0400
5.696103,9.093679,-0.023252,0.027498,-0.081082,0.188215,-106.279053,-27.510335,-50.112275,17.924797,0.442620,0.0590
5.696103,9.093679,-0.023252,0.027498,-0.081082,0.188215,-106.279053,-27.510335,-50.112275,17.924797,0.442620,0.0400
5.696103,9.093679,-0.023252,0.027498,-0.081082,0.188215,-106.279053,-27.510335,-50.112275,17.924797,0.442620,0.0400
5.696103,9.093679,-0.023252,0.027498,-0.081082,0.188215,-106.279053,-27.510335,-50.112275,17.924797,0.442620,0.0400
5.696103,9.093679,-0.023252,0.027498,-0.081082,0.188215,-106.279053,-27.510335,-50.112275,17.924797,0.442620,0.0400
5.696103,9.093679,-0.023252,0.027498,-0.081082,0.188215,-106.279053,-27.510335,-50.112275,17.924797,0.442620,0.0400
5.696103,9.093679,-0.023252,0.027498,-0.081082,0.188215,-106.279053,-27.510335,-50.112275,17.924797,0.442620,0.0400
5.696103,9.093679,-0.023252,0.027498,-0.081082,0.188215,-106.279053,-27.510335,-50.112275,17.924797,0.442620,0.0400
5.696103,9.093679,-0.023252,0.027498,-0.081082,0.188215,-106.279053,-27.510335,-50.112275,17.924797,0.442620,0.0400
5.696103,9.093679,-0.023252,0.027498,-0.081082,0.188215,-106.279053,-27.510335,-50.112275,17.924797,0.442620,0.0400
5.696103,9.093679,-0.023252,0.027498,-0.081082,0.188215,-106.279053,-27.510335,-50.112275,17.924797,0.442620,0.0400
5.696103,9.093679,-0.023252,0.027498,-0.081082,0.188215,-106.279053,-27.510335,-50.112275,17.924797,0.442620,0.0400
5.696103,9.093679,-0.023252,0.027498,-0.081082,0.188215,-106.279053,-27.510335,-50.112275,17.924797,0.442620,0.0400
5.696103,9.093679,-0.023252,0.027498,-0.081082,0.188215,-106.279053,-27.510335,-50.112275,17.924797,0.442620,0.0400
5.696103,9.093679,-0.023252,0.027498,-0.081082,0.188215,-106.279053,-27.510335,-50.112275,17.924797,0.442620,0.0410
5.696103,9.093679,-0.023252,0.027498,-0.081082,0.188215,-106.279053,-27.510335,-50.112275,17.924797,0.442620,0.0400
5.696103,9.093679,-0.023252,0.027498,-0.081082,0.188215,-106.279053,-27.510336,-50.112279,17.924797,0.442620,0.0400
5.696103,9.093679,-0.023252,0.027498,-0.081082,0.188215,-106.279053,-27.510336,-50.112279,17.924797,0.442620,0.0400
5.696103,9.093679,-0.023252,0.027498,-0.081082,0.188215,-106.279053,-27.510336,-50.112279,17.924797,0.442620,0.0400
5.696103,9.093679,-0.023252,0.027498,-0.081082,0.188215,-106.279053,-27.510336,-50.112279,17.924797,0.442620,0.0440
5.696103,9.093679,-0.023252,0.027498,-0.081082,0.188215,-106.279053,-27.510336,-50.112279,17.924797,0.442620,0.0400
5.696103,9.093679,-0.023252,0.027498,-0.081082,0.188215,-106.279053,-27.510336,-50.112279,17.924797,0.442620,0.0400
5.696103,9.093679,-0.023252,0.027498,-0.081082,0.188215,-106.279053,-27.510336,-50.112279,17.924797,0.442620,0.0400
5.696103,9.093679,-0.023252,0.027498,-0.081082,0.188215,-106.279053,-27.510336,-50.112279,17.924797,0.442620,0.0400
5.696103,9.093679,-0.023252,0.027498,-0.081082,0.188215,-106.279053,-27.510336,-50.112279,17.924797,0.442620,0.0400
5.696103,9.093679,-0.023252,0.027498,-0.081082,0.188215,-106.279053,-27.510336,-50.112279,17.924797,0.442620,0.0400
5.696103,9.093679,-0.023252,0.027498,-0.081082,0.188215,-106.279053,-27.510336,-50.112279,17.924797,0.442620,0.0400
5.696103,9.093679,-0.023252,0.027498,-0.081082,0.188215,-106.279053,-27.510336,-50.112279,17.924797,0.442620,0.0400
5.696103,9.093679,-0.023252,0.027498,-0.081082,0.188215,-106.279053,-27.510336,-50.112279,17.924797,0.442620,0.0400
