-0.759483,-1.010408,0.000000,-0.020578,-0.004884,-0.001891,0.052035,-27.510392,-50.112368,-0.718977,-0.958762,0.1890
-0.759483,-1.010408,0.000000,-0.020578,-0.002771,0.002114,0.052394,-27.510392,-50.112368,-0.726330,-0.968938,0.0400
-0.759483,-1.010408,0.000000,-0.020578,0.000148,-0.000399,0.052652,-27.510392,-50.112368,-0.731424,-0.976142,0.0400
-0.759483,-1.010408,0.000000,-0.020578,-0.000699,0.000205,0.052828,-27.510392,-50.112368,-0.735530,-0.982068,0.0410
-0.759483,-1.010408,0.000000,-0.020578,0.003393,-0.003765,0.053480,-27.510392,-50.112368,-0.738589,-0.986608,0.0400
-0.759483,-1.010408,0.000000,-0.020578,-0.000055,0.000361,0.054999,-27.510392,-50.112368,-0.740735,-0.989910,0.0400
-0.759483,-1.010408,0.000000,-0.020578,-0.000002,-0.000039,0.058780,-27.510392,-50.112368,-0.743931,-0.995060,0.0400
-0.759483,-1.010408,0.000000,-0.020578,-0.000557,0.000214,0.060031,-27.510392,-50.112368,-0.745196,-0.997176,0.0410
-0.759483,-1.010408,0.000000,-0.020578,0.002040,0.001228,0.060613,-27.510392,-50.112368,-0.746270,-0.999042,0.0400
-0.759483,-1.010408,0.000000,-0.020578,-0.000121,-0.000525,0.062343,-27.510392,-50.112368,-0.747321,-1.000932,0.0400
-0.759483,-1.010408,0.000000,-0.020578,-0.004708,-0.000253,0.064950,-27.510392,-50.112368,-0.748109,-1.002460,0.0410
-0.759483,-1.010408,0.000000,-0.020578,0.002475,-0.001096,0.067407,-27.510392,-50.112368,-0.748802,-1.003840,0.0410
-0.759483,-1.010408,0.000000,-0.020578,-0.003224,0.000594,0.069618,-27.510392,-50.112368,-0.749371,-1.005011,0.0400
-0.759483,-1.010408,0.000000,-0.020578,-0.000118,0.000277,0.072607,-27.510392,-50.112368,-0.750259,-1.007019,0.0760
-0.759483,-1.010408,0.000000,-0.020578,0.004023,-0.001895,0.073230,-27.510392,-50.112368,-0.750720,-1.008070,0.0400
-0.949353,-0.673606,-0.290531,0.515360,-0.000610,0.001438,0.074231,-27.510392,-50.112364,-0.759076,-0.995025,0.0410
-0.949353,-0.673606,-0.290531,0.515360,-0.000793,-0.001997,0.075478,-27.510392,-50.112364,-0.774696,-0.968364,0.0410
-0.949353,-0.673606,-0.290531,0.515360,0.000098,0.000465,0.075889,-27.510392,-50.112364,-0.789146,-0.943655,0.0400
-0.949353,-0.673606,-0.290531,0.515360,-0.000068,0.000079,0.076674,-27.510392,-50.112364,-0.805305,-0.915967,0.0410
-0.949353,-0.673606,-0.290531,0.515360,-0.001588,0.003107,0.077546,-27.510392,-50.112364,-0.820257,-0.890275,0.0410
-0.949353,-0.673606,-0.290531,0.515360,0.001415,-0.003327,0.078365,-27.510392,-50.112364,-0.832893,-0.868546,0.0410
-0.949353,-0.673606,-0.290531,0.515360,0.000521,0.000908,0.079038,-27.510392,-50.112364,-0.848027,-0.842450,0.0410
-0.949353,-0.673606,-0.290531,0.515360,-0.000441,-0.000810,0.079851,-27.510392,-50.112364,-0.861031,-0.819971,0.0400
-0.949353,-0.673606,-0.290531,0.515360,0.007533,0.004480,0.082605,-27.510392,-50.112364,-0.884801,-0.778885,0.0840
-0.949353,-0.673606,-0.290531,0.515360,-0.002899,-0.001371,0.084433,-27.510392,-50.112364,-0.917997,-0.721314,0.1380
-0.949353,-0.673606,-0.290531,0.515360,-0.000095,0.000859,0.086297,-27.510392,-50.112364,-0.947136,-0.670552,0.1190
-0.949353,-0.673606,-0.290531,0.515360,0.000547,-0.000682,0.085367,-27.510392,-50.112364,-0.982473,-0.608810,0.1470
-0.949353,-0.673606,-0.290531,0.515360,0.000141,-0.000762,0.086546,-27.510392,-50.112364,-0.996653,-0.583974,0.0620
-0.949353,-0.673606,-0.290531,0.515360,-0.000119,0.000263,0.086865,-27.510392,-50.112364,-1.005142,-0.569092,0.0410
-0.949354,3.368027,-0.000001,3.698856,0.002877,0.001896,0.087706,-27.510394,-50.112328,-1.022913,-0.510202,0.0740
-0.949354,3.368027,-0.000001,3.698856,0.000226,0.000180,0.089341,-27.510394,-50.112328,-1.022845,-0.262952,0.0510
-0.949354,3.368027,-0.000001,3.698856,0.003460,-0.004787,0.090971,-27.510394,-50.112328,-1.023701,0.114751,0.0820
-0.949354,3.368027,-0.000001,3.698856,0.000975,0.000813,0.093169,-27.510394,-50.112328,-1.023358,0.524273,0.0900
-0.949354,3.368027,-0.000001,3.698856,-0.003534,0.000714,0.094280,-27.510394,-50.112328,-1.022902,0.916404,0.0890
-0.949354,3.368027,-0.000001,3.698856,0.000914,0.001851,0.094698,-27.510394,-50.112328,-1.022218,1.280281,0.0850
-0.949354,3.368027,-0.000001,3.698856,0.000282,-0.000177,0.098720,-27.510394,-50.112328,-1.021024,1.744984,0.1120
-0.949354,3.368027,-0.000001,3.698856,0.001179,-0.000020,0.101251,-27.510394,-50.112328,-1.019748,2.116872,0.0920
-0.949354,3.368027,-0.000001,3.698856,-0.000692,-0.000479,0.108507,-27.510394,-50.112328,-1.016684,3.177366,0.2830
-2.278452,13.135305,-1.294344,9.511872,0.000325,0.000980,0.116849,-27.510405,-50.112227,-1.248726,5.361361,0.2740
-2.278452,13.135305,-1.294344,9.511872,-0.000053,-0.000461,0.119667,-27.510405,-50.112227,-1.337255,6.041047,0.0630
-2.278452,13.135305,-1.294344,9.511872,-0.000469,0.000200,0.121363,-27.510405,-50.112227,-1.402228,6.526243,0.0430
-2.278452,13.135305,-1.294344,9.511872,-0.000115,0.000226,0.127824,-27.510405,-50.112227,-1.546565,7.674572,0.1010
-2.278452,13.135305,-1.294344,9.511872,0.000088,-0.000044,0.143329,-27.510405,-50.112227,-2.156426,12.235339,0.4830
-2.848064,13.808911,-1.239025,1.465233,0.000406,-0.000364,0.152697,-27.510410,-50.112220,-2.826543,14.629433,0.5250
-2.848064,13.808911,-1.239025,1.465233,-0.000320,0.000812,0.158291,-27.510410,-50.112220,-3.025763,14.917302,0.1670
-2.848064,13.808911,-1.239025,1.465233,0.000647,0.000830,0.159958,-27.510410,-50.112220,-3.355707,15.344559,0.2810
-2.848064,14.145714,-0.000000,0.524733,0.000406,0.000090,0.174545,-27.510410,-50.112218,-3.532727,15.764502,0.5070
-2.848064,14.145714,-0.000000,0.524733,0.000262,0.000020,0.177920,-27.510410,-50.112218,-3.528444,15.821429,0.1300
-2.848064,14.145714,-0.000000,0.524733,0.000067,0.001430,0.182676,-27.510410,-50.112218,-3.518084,15.865027,0.0610
-2.848064,14.145714,-0.000000,0.524733,-0.000361,-0.000424,0.186345,-27.510410,-50.112218,-3.511371,15.894668,0.0920
-2.848064,14.145714,-0.000000,0.524733,-0.000916,-0.000310,0.189512,-27.510410,-50.112218,-3.503694,15.923729,0.0960
-2.848064,14.145714,-0.000000,0.524733,0.000077,-0.001879,0.190796,-27.510410,-50.112218,-3.500423,15.943005,0.0570
-2.848064,14.145714,-0.000000,0.524733,-0.000395,0.000525,0.191448,-27.510410,-50.112218,-3.496454,15.958425,0.0520
-2.848064,14.145714,-0.000000,0.524733,-0.000407,0.000421,0.191777,-27.510410,-50.112218,-3.492571,15.968112,0.0440
-2.658194,14.145714,0.308667,0.000000,-0.002748,-0.002660,0.202479,-27.510409,-50.112218,-3.395949,15.962616,0.3070
-2.658194,14.145714,0.308667,0.000000,0.004516,-0.002897,0.214166,-27.510409,-50.112218,-3.206726,15.847693,0.4910
-2.468323,13.808911,0.093475,-0.165811,0.000986,0.000743,0.222592,-27.510407,-50.112220,-3.099478,15.758491,0.3340
-2.468323,13.808911,0.093475,-0.165811,0.000180,0.000151,0.224373,-27.510407,-50.112220,-3.086105,15.728069,0.0710
-2.468323,13.808911,0.093475,-0.165811,-0.000048,0.000061,0.226148,-27.510407,-50.112220,-3.075321,15.703117,0.0570
-2.468323,13.808911,0.093475,-0.165811,-0.001498,-0.001549,0.227803,-27.510407,-50.112220,-3.058110,15.663399,0.0940
-2.468323,13.808911,0.093475,-0.165811,0.003256,-0.003746,0.231438,-27.510407,-50.112220,-3.012685,15.560062,0.2590
-2.468323,13.808911,0.093475,-0.165811,-0.003415,0.002180,0.245011,-27.510407,-50.112220,-2.953395,15.423766,0.3570
-2.278452,13.472109,0.121265,-0.215107,0.000636,0.001719,0.247208,-27.510405,-50.112223,-2.927375,15.366272,0.1460
-2.278452,13.472109,0.121265,-0.215107,0.001429,-0.000126,0.248463,-27.510405,-50.112223,-2.914518,15.337612,0.0400
-2.278452,13.472109,0.121265,-0.215107,0.000021,-0.000032,0.250314,-27.510405,-50.112223,-2.899717,15.305364,0.0910
-2.278452,13.472109,0.121265,-0.215107,0.000555,0.000634,0.254239,-27.510405,-50.112223,-2.882199,15.267238,0.0900
-2.278452,13.472109,0.121265,-0.215107,0.000254,-0.000296,0.257582,-27.510405,-50.112223,-2.871951,15.244644,0.0530
-2.278452,13.472109,0.121265,-0.215107,0.000207,0.000385,0.261059,-27.510405,-50.112223,-2.858833,15.215996,0.0670
-2.278452,13.472109,0.121265,-0.215107,-0.001019,0.000590,0.261625,-27.510405,-50.112223,-2.851220,15.199072,0.0410
-2.278452,13.472109,0.121265,-0.215107,-0.001019,0.000590,0.261625,-27.510405,-50.112223,-2.851220,15.199072,0.0560
-2.278452,13.472109,0.121265,-0.215107,-0.001019,0.000590,0.261625,-27.510405,-50.112223,-2.851220,15.199072,0.0420
-2.278452,13.472109,0.121265,-0.215107,-0.026120,0.092798,0.268733,-27.510405,-50.112223,-2.831676,15.176648,0.0490
-2.278452,13.472109,0.121265,-0.215107,-0.009548,0.046039,0.271747,-27.510405,-50.112223,-2.817327,15.140688,0.0800
-2.278452,13.472109,0.121265,-0.215107,-0.010362,0.019046,0.272908,-27.510405,-50.112223,-2.810509,15.124546,0.0440
-2.278452,13.472109,0.121265,-0.215107,0.000702,-0.001040,0.277080,-27.510405,-50.112223,-2.793360,15.087365,0.0930
-2.278452,13.472109,0.121265,-0.215107,-0.000558,0.001114,0.280272,-27.510405,-50.112223,-2.778180,15.052852,0.0810
-2.278452,13.472109,0.121265,-0.215107,0.000344,0.000165,0.282695,-27.510405,-50.112223,-2.770070,15.034457,0.0410
-2.278452,13.472109,0.121265,-0.215107,-0.001147,-0.000286,0.284270,-27.510405,-50.112223,-2.765257,15.023513,0.0410
-2.278452,13.472109,0.121265,-0.215107,-0.001147,-0.000286,0.284270,-27.510404,-50.112230,-2.765257,15.023513,0.0410
-2.278452,13.135306,0.000000,-0.334389,-0.016934,-0.007538,0.290502,-27.510404,-50.112230,-2.754728,14.968931,0.0850
-2.278452,13.135306,0.000000,-0.334389,0.000254,-0.000319,0.292212,-27.510404,-50.112230,-2.753530,14.944178,0.0410
-2.278452,13.135306,0.000000,-0.334389,-0.000624,-0.002343,0.295224,-27.510404,-50.112230,-2.749704,14.894502,0.0900
-2.278452,13.135306,0.000000,-0.334389,-0.005647,0.004533,0.297347,-27.510404,-50.112230,-2.746459,14.857749,0.0660
-2.278452,13.135306,0.000000,-0.334389,0.000120,0.000426,0.299532,-27.510404,-50.112230,-2.743700,14.827811,0.0560
-2.278452,13.135306,0.000000,-0.334389,0.000585,0.001631,0.301351,-27.510404,-50.112230,-2.741883,14.808717,0.0410
-2.278452,13.135306,0.000000,-0.334389,0.000585,0.001631,0.301351,-27.510404,-50.112230,-2.741883,14.808717,0.0400
-2.278452,13.135306,0.000000,-0.334389,-0.001166,-0.000294,0.311598,-27.510404,-50.112230,-2.736013,14.740639,0.0920
-2.278452,13.135306,0.000000,-0.334389,0.000463,-0.000295,0.316191,-27.510404,-50.112230,-2.731598,14.694447,0.0890
-2.278452,13.135306,0.000000,-0.334389,-0.000736,-0.000305,0.317699,-27.510404,-50.112230,-2.729242,14.671092,0.0430
-2.278452,13.135306,0.000000,-0.334389,0.000395,0.001137,0.321310,-27.510404,-50.112230,-2.726625,14.641444,0.0620
-2.278452,13.135306,0.000000,-0.334389,0.000049,0.000026,0.323681,-27.510404,-50.112230,-2.724378,14.619513,0.0410
-2.278452,13.135306,0.000000,-0.334389,-0.000176,-0.000463,0.324773,-27.510404,-50.112230,-2.723199,14.607786,0.0410
-2.278452,13.135306,0.000000,-0.334389,-0.000176,-0.000463,0.324773,-27.510404,-50.112230,-2.723199,14.607786,0.0400
-2.278452,13.135306,0.000000,-0.334389,-0.000176,-0.000463,0.324773,-27.510404,-50.112230,-2.723199,14.607786,0.0440
-2.278452,13.135306,0.000000,-0.334389,-0.000176,-0.000463,0.324773,-27.510404,-50.112230,-2.723199,14.607786,0.0400
-2.278452,13.135306,0.000000,-0.334389,-0.000176,-0.000463,0.324773,-27.510404,-50.112231,-2.723199,14.607786,0.0400
-2.278452,12.798504,0.000000,-0.046300,-0.113528,0.056057,0.340640,-27.510404,-50.112231,-2.721301,14.546812,0.0720
-2.278452,12.798504,0.000000,-0.046300,-0.080716,0.036392,0.341533,-27.510404,-50.112231,-2.717900,14.539995,0.0530
-2.278452,12.798504,0.000000,-0.046300,-0.060465,0.031871,0.342757,-27.510404,-50.112231,-2.716013,14.533891,0.0410
-2.278452,12.798504,0.000000,-0.046300,-0.022983,0.013387,0.346062,-27.510404,-50.112231,-2.715659,14.526687,0.0440
-2.278452,12.798504,0.000000,-0.046300,-0.000202,0.000045,0.347180,-27.510404,-50.112231,-2.711661,14.511173,0.0760
-2.278452,12.798504,0.000000,-0.046300,-0.000984,-0.000275,0.347536,-27.510404,-50.112231,-2.710100,14.504554,0.0420
-2.278452,12.798504,0.000000,-0.046300,0.000339,0.001233,0.349576,-27.510404,-50.112231,-2.706795,14.487702,0.0770
-2.278452,12.798504,0.000000,-0.046300,0.000043,0.000038,0.350524,-27.510404,-50.112231,-2.704443,14.477041,0.0400
-2.278452,12.798504,0.000000,-0.046300,-0.002146,-0.000495,0.354496,-27.510404,-50.112231,-2.702191,14.462810,0.1010
-2.278452,12.798504,0.000000,-0.046300,0.000038,-0.000011,0.355557,-27.510404,-50.112231,-2.700078,14.453041,0.0420
-2.278452,12.798504,0.000000,-0.046300,0.003059,0.000291,0.356199,-27.510404,-50.112231,-2.698657,14.446482,0.0400
-2.278452,12.798504,0.000000,-0.046300,0.003059,0.000291,0.356199,-27.510404,-50.112231,-2.698657,14.446482,0.0400
-2.278452,12.798504,0.000000,-0.046300,-0.021790,0.013208,0.359308,-27.510404,-50.112231,-2.695882,14.427230,0.0950
-2.278452,12.798504,0.000000,-0.046300,-0.000117,0.006281,0.362359,-27.510404,-50.112231,-2.692818,14.413142,0.0620
-2.278452,12.798504,0.000000,-0.046300,0.001109,-0.000409,0.365945,-27.510404,-50.112231,-2.689426,14.397025,0.0740
-2.278452,12.798504,0.000000,-0.046300,0.000557,-0.001053,0.368935,-27.510403,-50.112221,-2.687128,14.385380,0.0630
-1.898711,13.808912,0.752892,2.003281,0.005167,0.000819,0.372682,-27.510403,-50.112221,-2.620429,14.544077,0.0650
-1.898711,13.808912,0.752892,2.003281,-0.000364,-0.002965,0.375668,-27.510403,-50.112221,-2.543846,14.724825,0.0840
-1.898711,13.808912,0.752892,2.003281,0.000955,-0.000569,0.377468,-27.510403,-50.112221,-2.505395,14.815152,0.0410
-1.898711,13.808912,0.752892,2.003281,0.000409,-0.000189,0.377655,-27.510403,-50.112221,-2.498752,14.830676,0.0400
-1.898711,13.808912,0.752892,2.003281,0.000409,-0.000189,0.377655,-27.510403,-50.112221,-2.498752,14.830676,0.0410
-1.898711,13.808912,0.752892,2.003281,0.000409,-0.000189,0.377655,-27.510403,-50.112221,-2.498752,14.830676,0.0400
-1.898711,13.808912,0.752892,2.003281,0.000409,-0.000189,0.377655,-27.510403,-50.112221,-2.498752,14.830676,0.0400
-1.898711,13.808912,0.752892,2.003281,0.000409,-0.000189,0.377655,-27.510403,-50.112221,-2.498752,14.830676,0.0400
-1.898711,13.808912,0.752892,2.003281,-0.059130,-0.142495,0.377238,-27.510403,-50.112221,-2.398419,15.090594,0.0420
-1.898711,13.808912,0.752892,2.003281,-0.042636,-0.096712,0.379715,-27.510403,-50.112221,-2.314193,15.297818,0.0760
-1.898711,13.808912,0.752892,2.003281,-0.031430,-0.071861,0.381095,-27.510403,-50.112221,-2.279767,15.378142,0.0480
-1.898711,13.808912,0.752892,2.003281,-0.014594,-0.044969,0.383543,-27.510403,-50.112221,-2.233876,15.497435,0.0400
-1.898711,13.808912,0.752892,2.003281,-0.000079,0.000280,0.388005,-27.510403,-50.112221,-2.176428,15.631586,0.0790
-1.898711,13.808912,0.752892,2.003281,-0.000308,-0.000247,0.390060,-27.510403,-50.112221,-2.145776,15.702547,0.0410
-1.898711,13.808912,0.752892,2.003281,-0.000308,-0.000247,0.390060,-27.510403,-50.112221,-2.145776,15.702547,0.0410
-1.898711,13.808912,0.752892,2.003281,0.003499,0.000451,0.395105,-27.510403,-50.112221,-2.055310,15.929051,0.0770
-1.898711,13.808912,0.752892,2.003281,0.000010,0.000067,0.397797,-27.510403,-50.112221,-2.020255,16.010004,0.0450
-1.898711,13.808912,0.752892,2.003281,0.000160,0.000082,0.400149,-27.510403,-50.112221,-1.972981,16.123387,0.0630
-1.518970,14.819321,0.731174,1.945494,-0.000273,0.000999,0.403473,-27.510398,-50.112209,-1.927013,16.230404,0.0600
-1.518970,14.819321,0.731174,1.945494,0.046808,-0.021021,0.410218,-27.510398,-50.112209,-1.859498,16.387276,0.0880
-1.518970,14.819321,0.731174,1.945494,0.001519,0.011104,0.406966,-27.510398,-50.112209,-1.827419,16.461596,0.0400
-1.518970,14.819321,0.731174,1.945494,0.077146,-0.051962,0.405303,-27.510398,-50.112209,-1.770347,16.600132,0.0780
-1.518970,14.819321,0.731174,1.945494,0.089475,0.017691,0.406683,-27.510398,-50.112209,-1.738676,16.673632,0.0400
-1.518970,14.819321,0.731174,1.945494,-0.276301,0.135913,0.411663,-27.510398,-50.112209,-1.722127,16.711830,0.0420
-1.518970,14.819321,0.731174,1.945494,-0.276301,0.135913,0.411663,-27.510398,-50.112209,-1.722127,16.711830,0.0400
-1.518970,14.819321,0.731174,1.945494,-0.102727,-0.014283,0.385158,-27.510398,-50.112209,-1.628191,16.953664,0.0620
-1.518970,14.819321,0.731174,1.945494,-0.123538,-0.046462,0.391471,-27.510398,-50.112209,-1.596946,17.025230,0.0440
-1.518970,14.819321,0.731174,1.945494,0.396236,-0.043989,0.393288,-27.510398,-50.112209,-1.574728,17.076395,0.0410
-1.518970,14.819321,0.731174,1.945494,0.396236,-0.043989,0.393288,-27.510398,-50.112209,-1.574728,17.076395,0.0680
-1.518970,14.819321,0.731174,1.945494,0.396236,-0.043989,0.393288,-27.510398,-50.112209,-1.574728,17.076395,0.0400
-1.518970,14.819321,0.731174,1.945494,0.396236,-0.043989,0.393288,-27.510398,-50.112209,-1.574728,17.076395,0.0410
-1.518970,14.819321,0.731174,1.945494,0.396236,-0.043989,0.393288,-27.510398,-50.112209,-1.574728,17.076395,0.0400
-1.518970,14.819321,0.731174,1.945494,0.396236,-0.043989,0.393288,-27.510398,-50.112209,-1.574728,17.076395,0.0400
-1.518970,14.819321,0.731174,1.945494,-0.013650,0.135014,0.272765,-27.510398,-50.112209,-1.338378,17.697914,0.0620
-1.518970,14.819321,0.731174,1.945494,0.246656,0.096158,0.282473,-27.510398,-50.112209,-1.307608,17.768978,0.0500
-1.518970,14.819321,0.731174,1.945494,0.076137,0.133826,0.276025,-27.510398,-50.112209,-1.289577,17.810857,0.0410
-1.518970,14.819321,0.731174,1.945494,0.076137,0.133826,0.276025,-27.510398,-50.112209,-1.289577,17.810857,0.0400
-1.329100,14.819321,0.416700,0.000000,0.171303,-0.018424,0.297470,-27.510397,-50.112211,-1.204743,17.936627,0.0820
-1.329100,14.819321,0.416700,0.000000,0.162195,0.009473,0.296882,-27.510397,-50.112211,-1.197474,17.871823,0.0400
-1.329100,14.819321,0.416700,0.000000,-0.011384,-0.039689,0.298997,-27.510397,-50.112211,-1.195427,17.862592,0.0400
-1.329100,14.819321,0.416700,0.000000,0.319424,-0.095003,0.294739,-27.510397,-50.112211,-1.124950,17.871835,0.0780
-1.329100,14.819321,0.416700,0.000000,0.154098,-0.052339,0.290019,-27.510397,-50.112211,-1.112354,17.841026,0.0400
-1.329100,14.819321,0.416700,0.000000,0.154098,-0.052339,0.290019,-27.510397,-50.112211,-1.112354,17.841026,0.0400
-1.329100,14.819321,0.416700,0.000000,-0.028373,-0.048035,0.286463,-27.510397,-50.112211,-1.064829,17.859476,0.0530
-1.329100,14.819321,0.416700,0.000000,0.106717,-0.012757,0.287174,-27.510397,-50.112211,-1.033201,17.813086,0.0990
-1.329100,14.819321,0.416700,0.000000,0.024940,0.020865,0.281743,-27.510397,-50.112211,-0.998852,17.789498,0.0830
-1.329100,14.819321,0.416700,0.000000,-0.012958,0.007107,0.277566,-27.510397,-50.112211,-0.982907,17.773615,0.0410
-1.329100,14.819321,0.416700,0.000000,-0.009970,0.005428,0.276728,-27.510397,-50.112211,-0.981402,17.772308,0.0410
-1.329100,14.819321,0.416700,0.000000,-0.137420,0.004744,0.255485,-27.510397,-50.112211,-0.932395,17.755134,0.0850
-1.329100,14.819321,0.416700,0.000000,0.226657,-0.038180,0.252948,-27.510397,-50.112211,-0.917875,17.741226,0.0410
-1.329100,14.819321,0.416700,0.000000,-0.148864,-0.007686,0.251651,-27.510397,-50.112211,-0.916396,17.740015,0.0400
-1.329100,14.819321,0.416700,0.000000,-0.148864,-0.007686,0.251651,-27.510397,-50.112211,-0.916396,17.740015,0.0400
-1.329100,14.819321,0.416700,0.000000,-0.148864,-0.007686,0.251651,-27.510397,-50.112211,-0.916396,17.740015,0.0400
-1.329100,14.819321,0.416700,0.000000,-0.148864,-0.007686,0.251651,-27.510397,-50.112211,-0.916396,17.740015,0.0400
-1.329100,14.819321,0.416700,0.000000,-0.148864,-0.007686,0.251651,-27.510397,-50.112211,-0.916396,17.740015,0.0410
-1.329100,14.819321,0.416700,0.000000,-0.148864,-0.007686,0.251651,-27.510398,-50.112210,-0.916396,17.740015,0.0400
-1.329100,14.819321,0.416700,0.000000,-0.148864,-0.007686,0.251651,-27.510398,-50.112210,-0.916396,17.740015,0.0410
-1.518970,14.819321,-0.308667,-0.000000,-0.003291,-0.028311,-1.973115,-27.510398,-50.112210,-0.910828,17.731664,0.0900
-1.518970,14.819321,-0.308667,-0.000000,-0.660339,-0.121508,-2.865365,-27.510398,-50.112210,-0.955205,17.707029,0.0870
-1.518970,14.819321,-0.308667,-0.000000,-1.485523,-0.046878,-4.374796,-27.510398,-50.112210,-0.991028,17.680713,0.1030
-1.518970,14.819321,-0.308667,-0.000000,-1.077854,-0.209012,-8.002135,-27.510398,-50.112210,-1.026157,17.651115,0.1020
-1.518970,14.819321,-0.308667,-0.000000,0.023662,-0.184467,-25.013584,-27.510398,-50.112210,-1.127023,17.577911,0.3240
-2.278453,15.156123,-0.747739,0.331595,-0.022282,0.211765,-30.917589,-27.510405,-50.112207,-1.340276,17.562048,0.3670
-2.278453,15.156123,-0.747739,0.331595,0.220075,-0.433483,-36.865810,-27.510405,-50.112207,-1.509087,17.590618,0.2050
-2.278453,15.156123,-0.747739,0.331595,-0.500105,-0.386428,-44.626514,-27.510405,-50.112207,-1.700772,17.622260,0.2360
-2.278453,15.156123,-0.747739,0.331595,-0.503897,-0.271193,-47.465931,-27.510405,-50.112207,-1.752562,17.630836,0.0670
-2.278453,15.156123,-0.747739,0.331595,-0.545737,0.026791,-49.316578,-27.510405,-50.112207,-1.788813,17.636884,0.0410
-2.278453,15.156123,-0.747739,0.331595,-0.166510,-0.229787,-51.037842,-27.510405,-50.112207,-1.850129,17.646714,0.0780
-2.278453,15.156123,-0.747739,0.331595,0.004703,0.102106,-51.441681,-27.510405,-50.112207,-1.880946,17.651848,0.0420
-2.278453,15.156123,-0.747739,0.331595,0.220231,-0.056889,-51.990685,-27.510405,-50.112207,-1.955981,17.664296,0.0950
-2.278453,15.156123,-0.747739,0.331595,0.161256,0.056076,-52.133656,-27.510405,-50.112207,-1.987268,17.669242,0.0400
-2.278453,15.156123,0.000000,0.000000,0.214486,0.150596,-52.300220,-27.510405,-50.112207,-1.995529,17.655173,0.0810
-2.278453,15.156123,0.000000,0.000000,0.125851,0.049641,-52.338303,-27.510405,-50.112207,-1.994294,17.645635,0.0400
-2.278453,15.156123,0.000000,0.000000,0.169931,-0.327601,-52.440598,-27.510405,-50.112207,-1.994377,17.641278,0.0400
-2.278453,15.156123,0.000000,0.000000,0.193862,-0.002056,-56.188690,-27.510405,-50.112207,-2.011124,17.619587,0.1330
-2.278453,15.156123,0.000000,0.000000,0.056492,0.496901,-57.690563,-27.510405,-50.112207,-2.017281,17.578178,0.2180
-2.278453,15.156123,0.000000,0.000000,-0.031559,0.692418,-57.983150,-27.510405,-50.112207,-2.020635,17.546329,0.1670
-2.278453,15.156123,0.000000,0.000000,-0.067896,0.137555,-58.342793,-27.510405,-50.112207,-2.025556,17.507083,0.2120
-1.898712,16.166531,0.218990,0.582685,-0.024094,-0.037057,-59.525009,-27.510402,-50.112200,-1.987093,17.571252,0.3340
-1.898712,16.166531,0.218990,0.582685,0.678445,0.818140,-60.102169,-27.510402,-50.112200,-1.881934,17.800220,0.5060
-1.898712,16.166531,0.218990,0.582685,0.525610,1.309798,-59.961918,-27.510402,-50.112200,-1.868525,17.828471,0.0610
-1.898712,16.166531,0.218990,0.582685,0.305725,1.615037,-59.709854,-27.510402,-50.112200,-1.853533,17.859563,0.0700
-1.898712,16.166531,0.218990,0.582685,-0.231203,2.900005,-59.579918,-27.510402,-50.112200,-1.841268,17.885052,0.0580
-1.898712,16.166531,0.218990,0.582685,-0.484433,2.907779,-59.562489,-27.510402,-50.112200,-1.835396,17.895984,0.0400
-1.898712,16.166531,0.000000,0.000000,-0.406792,1.328630,-59.542248,-27.510402,-50.112200,-1.823958,17.931524,0.0750
-1.898712,16.166531,0.000000,0.000000,-0.419647,0.628926,-59.454426,-27.510402,-50.112200,-1.824658,17.921249,0.0400
-1.898712,16.166531,0.000000,0.000000,-0.401353,0.435389,-59.427536,-27.510402,-50.112200,-1.824843,17.918621,0.0400
-1.898712,16.166531,0.000000,0.000000,-0.401353,0.435389,-59.427536,-27.510402,-50.112200,-1.824843,17.918621,0.0410
-1.898712,16.166531,0.000000,0.000000,-0.401353,0.435389,-59.427536,-27.510402,-50.112200,-1.824843,17.918621,0.0440
-1.898712,16.166531,0.000000,0.000000,-0.401353,0.435389,-59.427536,-27.510402,-50.112200,-1.824843,17.918621,0.0400
-1.898712,16.166531,0.000000,0.000000,-0.193981,-0.310489,-58.984367,-27.510402,-50.112200,-1.813729,18.035679,0.0680
-1.898712,16.166531,0.000000,0.000000,-0.515505,-0.410192,-58.873028,-27.510402,-50.112200,-1.814033,18.007705,0.0620
-1.898712,16.166531,0.000000,0.000000,0.511747,0.099629,-58.697937,-27.510402,-50.112200,-1.813792,17.991371,0.0780
-1.898712,16.166531,0.000000,0.000000,1.349320,2.430616,-57.144226,-27.510402,-50.112200,-1.826219,17.930754,0.2750
-1.898712,16.166531,0.000000,0.000000,-0.879560,-0.365478,-57.387596,-27.510402,-50.112200,-1.833960,17.870492,0.4740
-1.898712,16.166531,0.000000,0.000000,-0.737325,-0.874912,-57.411270,-27.510402,-50.112200,-1.834964,17.862347,0.0480
-1.898712,16.166531,0.000000,0.000000,-1.893780,-0.885321,-57.440800,-27.510402,-50.112200,-1.835618,17.842357,0.1670
-1.898712,16.166531,0.000000,0.000000,-0.490655,-0.749140,-57.199913,-27.510402,-50.112200,-1.835572,17.824916,0.1530
-1.898712,16.166531,0.000000,0.000000,-0.601084,-0.777153,-57.216709,-27.510402,-50.112200,-1.834349,17.818774,0.0510
-1.898712,16.166531,0.000000,0.000000,-0.197590,-0.575861,-57.298244,-27.510402,-50.112200,-1.834780,17.811336,0.0650
-1.898712,16.166531,0.000000,0.000000,0.253363,-0.670760,-57.373837,-27.510402,-50.112200,-1.833882,17.806596,0.0400
-1.898712,16.166531,0.000000,0.000000,0.506823,-0.448998,-57.390038,-27.510402,-50.112200,-1.833818,17.805677,0.0400
-1.898712,16.166531,0.000000,0.000000,0.506823,-0.448998,-57.390038,-27.510402,-50.112200,-1.833818,17.805677,0.0410
-1.898712,16.166531,0.000000,0.000000,0.506823,-0.448998,-57.390038,-27.510402,-50.112200,-1.833818,17.805677,0.0400
-1.898712,16.166531,0.000000,0.000000,0.506823,-0.448998,-57.390038,-27.510402,-50.112200,-1.833818,17.805677,0.0410
-1.898712,16.166531,0.000000,0.000000,0.241073,-0.686911,-57.756325,-27.510402,-50.112200,-1.861530,17.787459,0.0710
-1.898712,16.166531,0.000000,0.000000,0.132164,-0.458087,-57.793156,-27.510402,-50.112200,-1.858691,17.786043,0.0410
-1.898712,16.166531,0.000000,0.000000,0.142225,-0.448692,-57.796707,-27.510402,-50.112200,-1.858513,17.785676,0.0400
-1.898712,16.166531,0.000000,0.000000,0.142225,-0.448692,-57.796707,-27.510402,-50.112200,-1.858513,17.785676,0.0400
-1.898712,16.166531,0.000000,0.000000,0.142225,-0.448692,-57.796707,-27.510402,-50.112200,-1.858513,17.785676,0.0400
-1.898712,16.166531,0.000000,0.000000,1.780224,0.919118,-57.395355,-27.510402,-50.112200,-1.867114,17.767708,0.0920
-1.898712,16.166531,0.000000,0.000000,2.281446,1.358171,-57.244900,-27.510402,-50.112200,-1.873984,17.757955,0.0700
-1.898712,16.166531,0.000000,0.000000,2.473314,1.240139,-57.149628,-27.510402,-50.112200,-1.879490,17.750385,0.0430
-1.898712,16.166531,0.000000,0.000000,2.416133,1.369972,-57.083027,-27.510402,-50.112200,-1.885168,17.743491,0.0400
-1.898712,16.166531,0.000000,0.000000,2.416133,1.369972,-57.083027,-27.510402,-50.112200,-1.885168,17.743491,0.0410
-1.898712,16.166531,0.000000,0.000000,2.416133,1.369972,-57.083027,-27.510402,-50.112200,-1.885168,17.743491,0.0410
-1.898712,16.166531,0.000000,0.000000,2.416133,1.369972,-57.083027,-27.510402,-50.112200,-1.885168,17.743491,0.0410
-1.898712,16.166531,0.000000,0.000000,2.416133,1.369972,-57.083027,-27.510402,-50.112200,-1.885168,17.743491,0.0410
-1.898712,16.166531,0.000000,0.000000,2.416133,1.369972,-57.083027,-27.510402,-50.112200,-1.885168,17.743491,0.0400
-1.898712,16.166531,0.000000,0.000000,2.416133,1.369972,-57.083027,-27.510402,-50.112200,-1.885168,17.743491,0.0410
-1.898712,16.166531,0.000000,0.000000,0.275733,-0.250235,-57.380768,-27.510402,-50.112200,-1.840432,17.757289,0.0810
-1.898712,16.166531,0.000000,0.000000,0.199398,-0.284998,-57.405239,-27.510402,-50.112200,-1.846218,17.751558,0.0400
-1.898712,16.166531,0.000000,0.000000,0.032633,-0.182178,-57.408710,-27.510402,-50.112200,-1.846881,17.750638,0.0410
-1.898712,16.166531,0.000000,0.000000,0.032633,-0.182178,-57.408710,-27.510402,-50.112200,-1.846881,17.750638,0.0400
-1.898712,16.166531,0.000000,0.000000,0.032633,-0.182178,-57.408710,-27.510402,-50.112200,-1.846881,17.750638,0.0400
-1.898712,16.166531,0.000000,0.000000,0.063779,-0.489866,-57.307739,-27.510402,-50.112200,-1.842817,17.746481,0.0670
-1.898712,16.166531,0.000000,0.000000,0.507539,-0.769622,-57.245228,-27.510402,-50.112200,-1.845111,17.744105,0.0460
-1.898712,16.166531,0.000000,0.000000,0.383133,-0.792924,-57.205063,-27.510402,-50.112200,-1.846596,17.742198,0.0410
-1.898712,16.166531,0.000000,0.000000,0.833982,-0.915324,-57.153431,-27.510402,-50.112200,-1.844133,17.737486,0.0560
-1.898712,16.166531,0.000000,0.000000,1.032531,-1.512006,-57.123020,-27.510402,-50.112200,-1.851871,17.737949,0.0760
-1.898712,16.166531,0.000000,0.000000,1.664344,-1.069937,-57.132862,-27.510402,-50.112200,-1.858647,17.736686,0.0760
-1.898712,16.166531,0.000000,0.000000,1.855347,-0.542146,-57.128635,-27.510402,-50.112200,-1.863969,17.736252,0.0400
-1.898712,16.166531,0.000000,0.000000,2.647392,-0.089262,-57.144176,-27.510402,-50.112200,-1.861249,17.728267,0.0840
-1.898712,16.166531,0.000000,0.000000,2.123188,-0.396779,-57.181084,-27.510402,-50.112200,-1.870238,17.725871,0.0510
-1.898712,16.166531,0.000000,0.000000,1.599900,-0.414893,-57.210468,-27.510402,-50.112200,-1.876453,17.723580,0.0410
-1.898712,16.166531,0.000000,0.000000,1.599900,-0.414893,-57.210468,-27.510402,-50.112200,-1.876453,17.723580,0.0400
-1.898712,16.166531,0.000000,0.000000,0.444343,-0.517391,-57.340126,-27.510402,-50.112200,-1.860717,17.710013,0.0980
-1.898712,16.166531,0.000000,0.000000,0.282717,-0.465086,-57.363392,-27.510402,-50.112200,-1.867499,17.708024,0.0400
-1.898712,16.166531,0.000000,0.000000,0.440665,-1.033330,-57.345352,-27.510402,-50.112200,-1.857565,17.700820,0.0580
-1.898712,16.166531,0.000000,0.000000,0.015117,-0.875804,-57.294624,-27.510402,-50.112200,-1.865744,17.699282,0.0710
-1.898712,16.166531,0.000000,0.000000,-0.245551,-0.755349,-57.226566,-27.510402,-50.112200,-1.860774,17.689617,0.0780
-1.898712,16.166531,0.000000,0.000000,-0.269017,-0.324576,-57.129021,-27.510402,-50.112200,-1.866255,17.687405,0.0790
-1.898712,16.166531,0.000000,0.000000,-0.218288,-0.304982,-55.865734,-27.510402,-50.112200,-1.869805,17.656780,0.3700
-1.898712,16.166531,0.000000,0.000000,1.810954,1.169872,-54.004757,-27.510402,-50.112200,-1.871369,17.614832,0.4330
-1.898712,16.166531,0.000000,0.000000,0.143731,0.266293,-53.682037,-27.510402,-50.112200,-1.872030,17.596119,0.2080
-1.898712,16.166531,0.000000,0.000000,0.040664,0.223063,-53.676693,-27.510402,-50.112200,-1.874537,17.588642,0.0410
-1.898712,16.166531,0.000000,0.000000,-0.878402,0.295210,-53.724476,-27.510402,-50.112200,-1.871579,17.579578,0.1420
-1.898712,16.166531,0.000000,0.000000,-0.440106,-0.079688,-53.607975,-27.510402,-50.112200,-1.872377,17.550818,0.3000
-1.898712,16.166531,0.000000,0.000000,-0.922240,0.084568,-53.577858,-27.510402,-50.112200,-1.872447,17.544209,0.0760
-1.898712,16.166531,0.000000,0.000000,-0.360777,0.698401,-53.436077,-27.510402,-50.112200,-1.872542,17.533246,0.1150
-1.898712,16.166531,0.000000,0.000000,0.088912,-0.094114,-53.381241,-27.510402,-50.112200,-1.872471,17.526669,0.0740
-1.898712,16.166531,0.000000,0.000000,-0.746171,0.373085,-53.336361,-27.510402,-50.112200,-1.873308,17.523798,0.0510
-1.898712,16.166531,0.000000,0.000000,-0.766126,0.860370,-53.250397,-27.510402,-50.112200,-1.873550,17.517422,0.0740
-1.898712,16.166531,0.000000,0.000000,-0.356138,0.441496,-52.984524,-27.510402,-50.112200,-1.874467,17.505527,0.1500
-1.898712,16.166531,0.000000,0.000000,0.382687,0.555678,-52.790565,-27.510402,-50.112200,-1.874681,17.497098,0.0950
-1.898712,16.166531,0.000000,0.000000,0.789072,1.696466,-52.668758,-27.510402,-50.112200,-1.875084,17.489329,0.0970
-1.898712,16.166531,0.000000,0.000000,1.798969,1.083620,-52.602856,-27.510402,-50.112200,-1.875277,17.482105,0.0900
-1.898712,16.166531,0.000000,0.000000,1.790566,1.452940,-52.592201,-27.510402,-50.112200,-1.875939,17.475278,0.0400
-1.898712,16.166531,0.000000,0.000000,1.780291,1.440749,-52.590229,-27.510402,-50.112200,-1.875960,17.474593,0.0410
-1.898712,16.166531,0.000000,0.000000,0.294174,0.734756,-52.626133,-27.510402,-50.112200,-1.869349,17.489664,0.0810
-1.898712,16.166531,0.000000,0.000000,-0.050628,0.388623,-52.655979,-27.510402,-50.112200,-1.870700,17.482499,0.0400
-1.898712,16.166531,0.000000,0.000000,-0.050628,0.388623,-52.655979,-27.510402,-50.112200,-1.870700,17.482499,0.0400
-1.898712,16.166531,0.000000,0.000000,-0.050628,0.388623,-52.655979,-27.510402,-50.112200,-1.870700,17.482499,0.0400
-1.898712,16.166531,0.000000,0.000000,-0.050628,0.388623,-52.655979,-27.510402,-50.112200,-1.870700,17.482499,0.0400
-1.898712,16.166531,0.000000,0.000000,-0.422782,-0.448577,-52.703114,-27.510402,-50.112200,-1.855253,17.513806,0.0950
-1.898712,16.166531,0.000000,0.000000,-0.932912,-0.077974,-52.768696,-27.510402,-50.112200,-1.855398,17.502787,0.0790
-1.898712,16.166531,0.000000,0.000000,-0.415358,-0.092891,-52.830952,-27.510402,-50.112200,-1.855723,17.495365,0.0990
-1.898712,16.166531,0.000000,0.000000,0.109878,-0.329778,-52.836720,-27.510402,-50.112200,-1.854786,17.490075,0.0540
-1.898712,16.166531,0.000000,0.000000,0.814878,0.751417,-52.903355,-27.510402,-50.112200,-1.854034,17.480723,0.1000
-1.898712,16.166531,0.000000,0.000000,0.436565,-1.017133,-56.673935,-27.510402,-50.112200,-1.860270,17.439916,0.4740
-1.898712,16.166531,0.000000,0.000000,0.052841,-0.891802,-57.412315,-27.510402,-50.112200,-1.861602,17.431048,0.1220
-1.898712,16.166531,0.000000,0.000000,0.038443,-0.996354,-57.595665,-27.510402,-50.112200,-1.865102,17.426805,0.0410
-1.898712,16.166531,0.000000,0.000000,-0.217857,-0.546159,-57.638020,-27.510402,-50.112200,-1.865908,17.425435,0.0400
-1.898712,16.166531,0.000000,0.000000,-0.217857,-0.546159,-57.638020,-27.510402,-50.112200,-1.865908,17.425435,0.0400
-1.898712,16.166531,0.000000,0.000000,-0.217857,-0.546159,-57.638020,-27.510402,-50.112200,-1.865908,17.425435,0.0410
-1.898712,16.166531,0.000000,0.000000,-0.217857,-0.546159,-57.638020,-27.510402,-50.112200,-1.865908,17.425435,0.0400
-1.898712,16.166531,0.000000,0.000000,-0.217857,-0.546159,-57.638020,-27.510402,-50.112200,-1.865908,17.425435,0.0400
-1.898712,16.166531,0.000000,0.000000,-0.217857,-0.546159,-57.638020,-27.510402,-50.112200,-1.865908,17.425435,0.0400
-1.898712,16.166531,0.000000,0.000000,-0.217857,-0.546159,-57.638020,-27.510402,-50.112200,-1.865908,17.425435,0.0400
-1.898712,16.166531,0.000000,0.000000,-0.217857,-0.546159,-57.638020,-27.510402,-50.112200,-1.865908,17.425435,0.0400
-1.898712,16.166531,0.000000,0.000000,-0.217857,-0.546159,-57.638020,-27.510402,-50.112200,-1.865908,17.425435,0.0410
-1.898712,16.166531,0.000000,0.000000,-0.217857,-0.546159,-57.638020,-27.510402,-50.112200,-1.865908,17.425435,0.0400
-1.898712,16.166531,0.000000,0.000000,0.049244,-0.638303,-55.441818,-27.510402,-50.112200,-1.794228,17.413337,0.0700
-1.898712,16.166531,0.000000,0.000000,-0.096829,-0.371166,-55.178158,-27.510402,-50.112200,-1.795856,17.410545,0.0410
-1.898712,16.166531,0.000000,0.000000,-0.096829,-0.371166,-55.178158,-27.510402,-50.112200,-1.795856,17.410545,0.0400
-1.898712,16.166531,0.000000,0.000000,-0.096829,-0.371166,-55.178158,-27.510402,-50.112200,-1.795856,17.410545,0.0400
-1.898712,16.166531,0.000000,0.000000,-0.096829,-0.371166,-55.178158,-27.510402,-50.112200,-1.795856,17.410545,0.0400
-1.898712,16.166531,0.000000,0.000000,-0.096829,-0.371166,-55.178158,-27.510402,-50.112200,-1.795856,17.410545,0.0400
-1.898712,16.166531,0.000000,0.000000,-0.096829,-0.371166,-55.178158,-27.510402,-50.112200,-1.795856,17.410545,0.0400
-1.898712,16.166531,0.000000,0.000000,-0.096829,-0.371166,-55.178158,-27.510402,-50.112200,-1.795856,17.410545,0.0670
-1.898712,16.166531,0.000000,0.000000,-0.096829,-0.371166,-55.178158,-27.510402,-50.112200,-1.795856,17.410545,0.0400
-1.898712,16.166531,0.000000,0.000000,0.540400,0.446098,-53.821396,-27.510402,-50.112200,-1.774064,17.422301,0.0400
-1.898712,16.166531,0.000000,0.000000,0.639087,0.941985,-53.567101,-27.510402,-50.112200,-1.800256,17.397243,0.0760
-1.898712,16.166531,0.000000,0.000000,0.460950,0.614808,-53.439461,-27.510402,-50.112200,-1.805136,17.390076,0.0420
-1.898712,16.166531,0.000000,0.000000,0.460950,0.614808,-53.439461,-27.510402,-50.112200,-1.805136,17.390076,0.0400
-1.898712,16.166531,0.000000,0.000000,0.460950,0.614808,-53.439461,-27.510402,-50.112200,-1.805136,17.390076,0.0410
-1.898712,16.166531,0.000000,0.000000,0.320550,-0.828506,-52.996761,-27.510402,-50.112200,-1.806321,17.384798,0.0810
-1.898712,16.166531,0.000000,0.000000,0.194361,-0.971292,-52.898060,-27.510402,-50.112200,-1.808987,17.381324,0.0450
-1.898712,16.166531,0.000000,0.000000,0.324921,-0.859587,-52.886665,-27.510402,-50.112200,-1.809268,17.381009,0.0400
-1.898712,16.166531,0.000000,0.000000,0.324921,-0.859587,-52.886665,-27.510402,-50.112200,-1.809268,17.381009,0.0400
-1.898712,16.166531,0.000000,0.000000,0.718243,-0.449965,-52.529522,-27.510402,-50.112200,-1.804662,17.375286,0.0510
-1.898712,16.166531,0.000000,0.000000,0.962920,-0.056112,-52.269596,-27.510402,-50.112200,-1.814243,17.375300,0.0830
-1.898712,16.166531,0.000000,0.000000,1.399614,-0.499671,-52.232780,-27.510402,-50.112200,-1.815298,17.374885,0.0400
-1.898712,16.166531,0.000000,0.000000,1.399614,-0.499671,-52.232780,-27.510402,-50.112200,-1.815298,17.374885,0.0410
-1.898712,16.166531,0.000000,0.000000,1.399614,-0.499671,-52.232780,-27.510402,-50.112200,-1.815298,17.374885,0.0400
-1.898712,16.166531,0.000000,0.000000,1.399614,-0.499671,-52.232780,-27.510402,-50.112200,-1.815298,17.374885,0.0410
-1.898712,16.166531,0.000000,0.000000,1.134434,0.867447,-51.515846,-27.510402,-50.112200,-1.805020,17.364173,0.0790
-1.898712,16.166531,0.000000,0.000000,0.713515,-0.014267,-51.432968,-27.510402,-50.112200,-1.816314,17.358664,0.0400
-1.898712,16.166531,0.000000,0.000000,0.694160,-0.366575,-51.317780,-27.510402,-50.112200,-1.820773,17.353925,0.0680
-1.898712,16.166531,0.000000,0.000000,0.353583,-0.527508,-51.253475,-27.510402,-50.112200,-1.826478,17.349326,0.0510
-1.898712,16.166531,0.000000,0.000000,0.180387,-0.558442,-51.216652,-27.510402,-50.112200,-1.829594,17.346357,0.0400
-1.898712,16.166531,0.000000,0.000000,0.180387,-0.558442,-51.216652,-27.510402,-50.112200,-1.829594,17.346357,0.0410
-1.898712,16.166531,0.000000,0.000000,0.180387,-0.558442,-51.216652,-27.510402,-50.112200,-1.829594,17.346357,0.0410
-1.898712,16.166531,0.000000,0.000000,0.167881,-1.680164,-51.118103,-27.510402,-50.112200,-1.824389,17.341926,0.0780
-1.898712,16.166531,0.000000,0.000000,0.104227,-1.331769,-51.112865,-27.510402,-50.112200,-1.826424,17.342628,0.0410
-1.898712,16.166531,0.000000,0.000000,0.095680,-1.349193,-51.116066,-27.510402,-50.112200,-1.826851,17.342759,0.0400
-1.898712,16.166531,0.000000,0.000000,0.095680,-1.349193,-51.116066,-27.510402,-50.112200,-1.826851,17.342759,0.0400
-1.898712,16.166531,0.000000,0.000000,0.095680,-1.349193,-51.116066,-27.510402,-50.112200,-1.826851,17.342759,0.0400
-1.898712,16.166531,0.000000,0.000000,0.095680,-1.349193,-51.116066,-27.510402,-50.112200,-1.826851,17.342759,0.0410
-1.898712,16.166531,0.000000,0.000000,-0.391336,-1.061998,-51.182392,-27.510402,-50.112200,-1.820757,17.322826,0.0780
-1.898712,16.166531,0.000000,0.000000,0.025152,-1.391319,-51.201195,-27.510402,-50.112200,-1.821331,17.327352,0.0400
-1.898712,16.166531,0.000000,0.000000,0.011315,-1.379835,-51.205254,-27.510402,-50.112200,-1.821461,17.328348,0.0420
-1.898712,16.166531,0.000000,0.000000,0.011315,-1.379835,-51.205254,-27.510402,-50.112200,-1.821461,17.328348,0.0400
-1.898712,16.166531,0.000000,0.000000,0.011315,-1.379835,-51.205254,-27.510402,-50.112200,-1.821461,17.328348,0.0430
-1.898712,16.166531,0.000000,0.000000,0.011315,-1.379835,-51.205254,-27.510402,-50.112200,-1.821461,17.328348,0.0420
-1.898712,16.166531,0.000000,0.000000,0.011315,-1.379835,-51.205254,-27.510402,-50.112200,-1.821461,17.328348,0.0400
-1.898712,16.166531,0.000000,0.000000,-0.514219,-0.204788,-51.015198,-27.510402,-50.112200,-1.820058,17.305327,0.0820
-1.898712,16.166531,0.000000,0.000000,-0.429450,-0.628604,-50.996204,-27.510402,-50.112200,-1.817781,17.307070,0.0460
-1.898712,16.166531,0.000000,0.000000,-0.434570,-0.617841,-50.992226,-27.510402,-50.112200,-1.817533,17.307099,0.0410
-1.898712,16.166531,0.000000,0.000000,-0.434570,-0.617841,-50.992226,-27.510402,-50.112200,-1.817533,17.307099,0.0410
-1.898712,16.166531,0.000000,0.000000,-0.434570,-0.617841,-50.992226,-27.510402,-50.112200,-1.817533,17.307099,0.0410
-1.898712,16.166531,0.000000,0.000000,-0.526117,0.006828,-50.924110,-27.510402,-50.112200,-1.818894,17.297596,0.0750
-1.898712,16.166531,0.000000,0.000000,-0.218540,-0.322787,-50.907913,-27.510402,-50.112200,-1.815455,17.296418,0.0410
-1.898712,16.166531,0.000000,0.000000,0.203848,-0.548386,-50.904541,-27.510402,-50.112200,-1.815070,17.296155,0.0400
-1.898712,16.166531,0.000000,0.000000,0.203848,-0.548386,-50.904541,-27.510402,-50.112200,-1.815070,17.296155,0.0400
-1.898712,16.166531,0.000000,0.000000,0.203848,-0.548386,-50.904541,-27.510402,-50.112200,-1.815070,17.296155,0.0410
-1.898712,16.166531,0.000000,0.000000,0.203848,-0.548386,-50.904541,-27.510402,-50.112200,-1.815070,17.296155,0.0590
-1.898712,16.166531,0.000000,0.000000,0.203848,-0.548386,-50.904541,-27.510402,-50.112200,-1.815070,17.296155,0.0720
-1.898712,16.166531,0.000000,0.000000,0.203848,-0.548386,-50.904541,-27.510402,-50.112200,-1.815070,17.296155,0.0400
-1.898712,16.166531,0.000000,0.000000,0.270903,-0.066505,-51.694626,-27.510402,-50.112200,-1.832928,17.299934,0.0400
-1.898712,16.166531,0.000000,0.000000,-0.140096,0.400613,-51.840595,-27.510402,-50.112200,-1.825874,17.278515,0.0740
-1.898712,16.166531,0.000000,0.000000,0.024257,0.410669,-51.932819,-27.510402,-50.112200,-1.825391,17.272400,0.0400
-1.898712,16.166531,0.000000,0.000000,-0.969247,1.647812,-52.301083,-27.510402,-50.112200,-1.824634,17.266180,0.0780
-1.898712,16.166531,0.000000,0.000000,-1.313527,1.415816,-52.517624,-27.510402,-50.112200,-1.821788,17.255860,0.0480
-1.898712,16.166531,0.000000,0.000000,-1.710037,3.040464,-52.905865,-27.510402,-50.112200,-1.815170,17.238894,0.0910
-1.898712,16.166531,0.000000,0.000000,-2.350635,2.077956,-53.240498,-27.510402,-50.112200,-1.807209,17.220268,0.0830
-1.898712,16.166531,0.000000,0.000000,-3.032317,1.852177,-53.481949,-27.510402,-50.112200,-1.798101,17.203300,0.0850
-1.898712,16.166531,0.000000,0.000000,-2.856972,0.921809,-53.593357,-27.510402,-50.112200,-1.790096,17.191751,0.0510
-1.898712,16.166531,0.000000,0.000000,-2.680975,1.080461,-53.626736,-27.510402,-50.112200,-1.786756,17.184925,0.0620
-1.898712,16.166531,0.000000,0.000000,-2.200978,0.469953,-53.612659,-27.510402,-50.112200,-1.776603,17.173714,0.0620
-1.898712,16.166531,0.000000,0.000000,-2.142331,0.835613,-53.614655,-27.510402,-50.112200,-1.767566,17.165067,0.0410
-1.898712,16.166531,0.000000,0.000000,-2.142331,0.835613,-53.614655,-27.510402,-50.112200,-1.767566,17.165067,0.0400
-1.898712,16.166531,0.000000,0.000000,-2.593623,-0.583346,-53.428921,-27.510402,-50.112200,-1.783121,17.168505,0.1190
-1.898712,16.166531,0.000000,0.000000,-0.288410,0.422386,-52.736885,-27.510402,-50.112200,-1.759176,17.147005,0.2450
-1.898712,16.166531,0.000000,0.000000,0.730327,0.202316,-51.609653,-27.510402,-50.112200,-1.756472,17.103560,0.6820
-1.898712,16.166531,0.000000,0.000000,0.771815,0.077646,-51.564430,-27.510402,-50.112200,-1.757176,17.098911,0.0690
-1.898712,16.166531,0.000000,0.000000,0.415831,-0.441726,-51.168991,-27.510402,-50.112200,-1.759457,17.081411,0.3190
-1.898712,16.166531,0.000000,0.000000,0.094233,-0.011125,-51.473305,-27.510402,-50.112200,-1.761969,17.060489,0.3620
-1.898712,16.166531,0.000000,0.000000,0.215081,-0.011780,-51.639862,-27.510402,-50.112200,-1.762943,17.051932,0.1620
-1.898712,16.166531,0.000000,0.000000,0.043694,-0.10524,-51.891125,-27.510402,-50.112200,-1.764552,17.039849,0.1900
-1.898712,16.166531,0.000000,0.000000,-0.234181,0.035796,-52.485653,-27.510402,-50.112200,-1.765977,17.025558,0.2940
-1.898712,16.166531,0.000000,0.000000,-0.398132,-0.751154,-53.320103,-27.510402,-50.112200,-1.768547,17.003823,0.4150
-1.898712,16.166531,0.000000,0.000000,-0.074078,0.092120,-51.754543,-27.510402,-50.112200,-1.776177,16.967292,0.6880
-1.898712,16.166531,0.000000,0.000000,0.278116,-0.117354,-51.329327,-27.510402,-50.112200,-1.778372,16.954198,0.2920
-1.898712,16.166531,0.000000,0.000000,0.049488,0.139502,-51.370125,-27.510402,-50.112200,-1.779294,16.948278,0.1270
-1.898712,16.166531,0.000000,0.000000,-0.116867,0.369470,-50.343933,-27.510402,-50.112200,-1.782941,16.923629,0.5580
-1.898712,16.166531,0.000000,0.000000,0.140607,0.139040,-50.071537,-27.510402,-50.112200,-1.784081,16.915576,0.2160
-1.898712,16.166531,0.000000,0.000000,-0.096405,-0.597178,-50.376469,-27.510402,-50.112200,-1.785334,16.904344,0.2770
-1.898712,16.166531,0.000000,0.000000,-0.162423,-0.611227,-50.751049,-27.510402,-50.112200,-1.786669,16.895911,0.1960
-1.898712,16.166531,0.000000,0.000000,-0.272378,-0.209543,-50.800949,-27.510402,-50.112200,-1.786778,16.894601,0.0410
-1.898712,16.166531,0.000000,0.000000,0.367528,0.172696,-50.365173,-27.510402,-50.112200,-1.791304,16.866039,0.6650
-1.898712,16.166531,0.000000,0.000000,-0.056799,-0.144724,-50.480511,-27.510402,-50.112200,-1.792412,16.851069,0.3790
-1.898712,16.166531,0.000000,0.000000,-0.117144,-0.034471,-50.563255,-27.510402,-50.112200,-1.792773,16.849161,0.0410
-1.898712,16.166531,0.000000,0.000000,-0.154685,-0.068107,-50.889359,-27.510402,-50.112200,-1.793849,16.840069,0.2310
-1.898712,16.166531,0.000000,0.000000,0.350860,0.729415,-51.173035,-27.510402,-50.112200,-1.796861,16.823236,0.4400
-1.898712,16.166531,0.000000,0.000000,-0.833214,2.145201,-52.062710,-27.510402,-50.112200,-1.799781,16.812302,0.4940
-1.898712,16.166531,0.000000,0.000000,-0.560238,2.041192,-52.305321,-27.510402,-50.112200,-1.800514,16.809105,0.1570
-1.898712,16.166531,0.000000,0.000000,-0.497845,2.071860,-52.409088,-27.510402,-50.112200,-1.800838,16.807410,0.0530
-1.898712,16.166531,0.000000,0.000000,-0.549786,2.239144,-52.616806,-27.510402,-50.112200,-1.803034,16.809329,0.1360
-1.898712,16.166531,0.000000,0.000000,-0.273764,1.829379,-52.655479,-27.510402,-50.112200,-1.804016,16.808436,0.0900
-1.898712,16.166531,0.000000,0.000000,-0.594871,1.443893,-52.653873,-27.510402,-50.112200,-1.803435,16.803260,0.0500
-1.898712,16.166531,0.000000,0.000000,-0.557210,1.274190,-52.608051,-27.510402,-50.112200,-1.807462,16.815358,0.0920
-1.898712,16.166531,0.000000,0.000000,-1.208410,1.604967,-52.365799,-27.510402,-50.112200,-1.810371,16.814529,0.1900
-1.898712,16.166531,0.000000,0.000000,-0.288105,0.286694,-51.969635,-27.510402,-50.112200,-1.822534,16.821538,0.4520
-1.898712,16.166531,0.000000,0.000000,-0.038644,0.549926,-51.527637,-27.510402,-50.112200,-1.826804,16.819047,0.2450
-1.898712,16.166531,0.000000,0.000000,0.201399,0.431013,-51.422539,-27.510402,-50.112200,-1.826430,16.816355,0.0400
-1.898712,16.166531,0.000000,0.000000,0.252081,0.298941,-51.179184,-27.510402,-50.112200,-1.836341,16.832249,0.1010
-1.898712,16.166531,0.000000,0.000000,0.109900,0.244729,-50.891228,-27.510402,-50.112200,-1.836806,16.827238,0.1500
-1.898712,16.166531,0.000000,0.000000,1.048027,-1.230024,-48.852905,-27.510402,-50.112200,-1.841067,16.784508,0.3370
-1.898712,16.166531,0.000000,0.000000,0.861154,-1.275239,-48.815651,-27.510402,-50.112200,-1.841545,16.786853,0.0410
-1.898712,16.166531,0.000000,0.000000,1.073548,-1.630370,-48.818470,-27.510402,-50.112200,-1.841775,16.787129,0.0410
-1.898712,16.166531,0.000000,0.000000,1.073548,-1.630370,-48.818470,-27.510402,-50.112200,-1.841775,16.787129,0.0400
-1.898712,16.166531,0.000000,0.000000,1.073548,-1.630370,-48.818470,-27.510402,-50.112200,-1.841775,16.787129,0.0400
-1.898712,16.166531,0.000000,0.000000,1.073548,-1.630370,-48.818470,-27.510402,-50.112200,-1.841775,16.787129,0.0400
-1.898712,16.166531,0.000000,0.000000,1.073548,-1.630370,-48.818470,-27.510402,-50.112200,-1.841775,16.787129,0.0400
-1.898712,16.166531,0.000000,0.000000,1.073548,-1.630370,-48.818470,-27.510402,-50.112200,-1.841775,16.787129,0.0400
-1.898712,16.166531,0.000000,0.000000,2.076924,-3.075403,-48.004852,-27.510402,-50.112200,-1.816679,16.635277,0.0850
-1.898712,16.166531,0.000000,0.000000,2.015934,-2.715961,-47.822350,-27.510402,-50.112200,-1.836618,16.671863,0.0730
-1.898712,16.166531,0.000000,0.000000,2.215424,-2.825355,-47.684135,-27.510402,-50.112200,-1.852602,16.694249,0.0940
-1.898712,16.166531,0.000000,0.000000,2.228552,-2.823393,-47.593723,-27.510402,-50.112200,-1.866207,16.710612,0.1010
-1.898712,16.166531,0.000000,0.000000,2.303985,-3.361627,-47.519348,-27.510402,-50.112200,-1.874636,16.720466,0.0500
-1.898712,16.166531,0.000000,0.000000,2.393312,-3.265795,-47.627846,-27.510402,-50.112200,-1.885386,16.732479,0.0910
-1.898712,16.166531,0.000000,0.000000,1.915132,-2.513339,-47.849342,-27.510402,-50.112200,-1.893440,16.742054,0.0400
-1.898712,16.166531,0.000000,0.000000,1.663332,-1.894762,-48.191860,-27.510402,-50.112200,-1.891596,16.738357,0.0520
-1.898712,16.166531,0.000000,0.000000,1.923307,-2.301341,-48.584549,-27.510402,-50.112200,-1.900266,16.748162,0.0530
-1.898712,16.166531,0.000000,0.000000,1.539941,-2.579191,-48.936768,-27.510402,-50.112200,-1.910475,16.760129,0.0540
-1.898712,16.166531,0.000000,0.000000,1.539941,-2.579191,-48.936768,-27.510402,-50.112200,-1.910475,16.760129,0.0410
-1.898712,16.166531,0.000000,0.000000,1.539941,-2.579191,-48.936768,-27.510402,-50.112200,-1.910475,16.760129,0.0400
-1.898712,16.166531,0.000000,0.000000,-1.025136,-1.256258,-51.661110,-27.510402,-50.112200,-1.846478,16.668255,0.0750
-1.898712,16.166531,0.000000,0.000000,-1.709942,-0.992730,-53.035625,-27.510402,-50.112200,-1.856895,16.694287,0.0870
-1.898712,16.166531,0.000000,0.000000,-2.252156,-0.959811,-53.808151,-27.510402,-50.112200,-1.857163,16.701622,0.0560
-1.898712,16.166531,0.000000,0.000000,-2.551986,-0.984032,-54.166290,-27.510402,-50.112200,-1.856421,16.704630,0.0400
-1.898712,16.166531,0.000000,0.000000,-1.826643,-0.228945,-54.873066,-27.510402,-50.112200,-1.862653,16.687739,0.0570
-1.898712,16.166531,0.000000,0.000000,-1.638573,-0.107072,-56.071507,-27.510402,-50.112200,-1.849143,16.697226,0.1690
-1.898712,16.166531,0.000000,0.000000,-0.818094,-0.577928,-55.716751,-27.510402,-50.112200,-1.835145,16.696380,0.2060
-1.898712,16.166531,0.000000,0.000000,0.361999,0.505897,-54.076790,-27.510402,-50.112200,-1.831034,16.683745,0.6630
-1.898712,16.166531,0.000000,0.000000,0.752518,-0.084758,-52.318588,-27.510402,-50.112200,-1.831801,16.672759,0.4330
-1.898712,16.166531,0.000000,0.000000,1.002584,-1.129336,-51.266888,-27.510402,-50.112200,-1.832290,16.663346,0.3700
-1.898712,16.166531,0.000000,0.000000,-0.867514,-0.211809,-52.574802,-27.510402,-50.112200,-1.832418,16.646609,0.6650
-1.898712,16.166531,0.000000,0.000000,-0.986597,0.184193,-52.450531,-27.510402,-50.112200,-1.832494,16.644694,0.0830
-1.898712,16.166531,0.000000,0.000000,1.269757,0.521326,-50.598995,-27.510402,-50.112200,-1.838823,16.634608,0.4990
-3.417677,20.544966,-0.472115,1.360877,0.626767,-1.561649,-50.567390,-27.510415,-50.112154,-2.072839,17.314942,0.6590
-3.417677,20.544966,-0.472115,1.360877,1.059387,-2.205048,-50.595497,-27.510415,-50.112154,-2.123650,17.458866,0.1000
-3.417677,20.544966,-0.472115,1.360877,1.010503,-1.964180,-50.661530,-27.510415,-50.112154,-2.157153,17.554572,0.0620
-3.417677,20.544966,-0.472115,1.360877,1.709709,-2.080624,-50.764740,-27.510415,-50.112154,-2.188573,17.641707,0.0590
-3.417677,20.544966,-0.472115,1.360877,1.613004,-2.174446,-50.851471,-27.510415,-50.112154,-2.207745,17.692536,0.0400
-3.417677,20.544966,-0.472115,1.360877,0.199595,-2.480024,-51.504230,-27.510415,-50.112154,-2.263580,17.861264,0.1090
-3.417677,20.544966,-0.472115,1.360877,-0.103490,-2.809178,-51.606186,-27.510415,-50.112154,-2.271447,17.882247,0.0410
-3.417677,20.544966,-0.472115,1.360877,-0.917566,-2.150331,-53.298290,-27.510415,-50.112154,-2.321977,18.065182,0.1270
-3.227807,18.187347,0.178816,-2.220356,-0.694947,-0.037164,-55.499939,-27.510414,-50.112175,-2.226005,16.659199,0.6030
-4.746772,16.840137,-1.385551,-1.228882,-0.318392,-0.089827,-54.824696,-27.510427,-50.112191,-2.175876,15.861395,0.3970
-4.746772,16.840137,-1.385551,-1.228882,-0.306218,0.199155,-54.439537,-27.510427,-50.112191,-2.522942,15.588175,0.2140
-4.746772,16.840137,-1.385551,-1.228882,1.120910,0.413369,-53.656666,-27.510427,-50.112191,-3.174112,15.061375,0.4540
-6.265737,14.482519,-1.214805,-1.885524,1.304820,-2.189402,-54.573689,-27.510442,-50.112214,-3.806666,14.435370,0.4730
-6.265737,14.482519,-1.214805,-1.885524,1.319719,-2.691316,-54.713734,-27.510442,-50.112214,-3.888460,14.320927,0.0580
-6.265737,14.482519,-1.214805,-1.885524,0.724135,-1.396759,-55.737457,-27.510442,-50.112214,-4.175486,13.915406,0.2190
-6.265737,14.482519,-1.214805,-1.885524,-0.084628,0.117795,-56.919373,-27.510442,-50.112214,-4.525736,13.423428,0.2620
-6.265737,14.482519,-1.214805,-1.885524,-0.364017,0.573987,-57.238739,-27.510442,-50.112214,-4.739394,13.110794,0.1730
-6.265737,14.482519,-1.214805,-1.885524,-0.092792,0.386688,-57.400925,-27.510442,-50.112214,-4.921204,12.852873,0.1460
-6.835349,13.472112,-0.570957,-1.012793,-0.526757,0.545192,-57.449726,-27.510446,-50.112225,-5.073255,12.627500,0.2200
-6.835349,13.472112,-0.570957,-1.012793,-0.537548,0.450897,-57.233070,-27.510446,-50.112225,-5.255788,12.352098,0.2750
-6.835349,13.472112,-0.570957,-1.012793,-0.456650,-0.163839,-57.213985,-27.510446,-50.112225,-5.394255,12.145706,0.2100
-6.835349,13.472112,-0.570957,-1.012793,-0.645338,0.010912,-57.155491,-27.510446,-50.112225,-5.520684,11.957859,0.1960
-7.215090,12.124902,-0.397772,-1.411178,-0.091314,-0.050890,-56.835354,-27.510451,-50.112236,-5.806383,11.231654,0.5370
-7.215090,12.124902,-0.397772,-1.411178,1.395464,-1.356763,-55.895405,-27.510451,-50.112236,-5.997423,10.677556,0.4140
-9.873279,9.093679,-1.404238,-1.601300,2.373703,-1.541697,-56.148365,-27.510472,-50.112265,-6.156708,10.379419,0.2240
-9.873279,9.093679,-1.404238,-1.601300,2.406440,-1.299557,-56.235271,-27.510472,-50.112265,-6.227898,10.313557,0.0410
-9.873279,9.093679,-1.404238,-1.601300,0.963956,-1.958993,-57.866169,-27.510472,-50.112265,-6.984784,9.489687,0.4930
-10.632761,8.756877,-1.095744,-0.485922,1.082628,-1.341307,-59.354507,-27.510480,-50.112271,-7.681100,8.782493,0.5000
-10.632761,8.756877,-1.095744,-0.485922,0.213100,0.111928,-60.602631,-27.510480,-50.112271,-7.995168,8.622784,0.2720
-10.632761,8.756877,-1.095744,-0.485922,-0.119721,0.649272,-60.801949,-27.510480,-50.112271,-8.084831,8.584728,0.0760
-10.632761,8.756877,-1.095744,-0.485922,-1.512429,0.167594,-61.514378,-27.510480,-50.112271,-8.546623,8.382843,0.3760
-10.253019,8.756877,0.416700,0.000000,0.858239,-0.834354,-58.638943,-27.510478,-50.112271,-8.648511,8.294571,0.4590
-10.253019,8.756877,0.416700,0.000000,0.689975,-1.119005,-57.424419,-27.510478,-50.112271,-8.599030,8.293545,0.1720
-10.253019,8.756877,0.416700,0.000000,0.603032,-0.435170,-56.059204,-27.510478,-50.112271,-8.526751,8.297782,0.2000
-10.253019,8.756877,0.416700,0.000000,0.454942,-0.693918,-55.381378,-27.510478,-50.112271,-8.490133,8.300257,0.1190
-10.822631,8.083272,-0.116262,-0.137488,1.589246,-0.324989,-53.644028,-27.510483,-50.112278,-8.426558,8.290927,0.2720
-10.822631,8.083272,-0.116262,-0.137488,0.464721,2.174873,-50.979752,-27.510483,-50.112278,-8.498398,8.226421,0.4100
-10.822631,8.083272,-0.116262,-0.137488,0.114159,2.059619,-49.567249,-27.510483,-50.112278,-8.558402,8.184804,0.3120
-10.822631,8.083272,-0.116262,-0.137488,-0.125864,1.969761,-49.682667,-27.510483,-50.112278,-8.573936,8.174514,0.0730
-10.632760,7.072865,0.170066,-0.905015,-0.279324,-0.213139,-51.195881,-27.510481,-50.112288,-8.603083,8.123383,0.2000
-10.632760,7.072865,0.170066,-0.905015,0.174189,-0.724276,-51.420124,-27.510481,-50.112288,-8.599024,8.070786,0.0550
-10.632760,7.072865,0.170066,-0.905015,-0.058522,-0.913337,-51.545059,-27.510481,-50.112288,-8.596030,8.028724,0.0400
-10.632760,7.072865,0.170066,-0.905015,0.401742,-1.661291,-51.789726,-27.510481,-50.112288,-8.588759,8.014771,0.0640
-10.632760,7.072865,0.170066,-0.905015,-0.122070,-1.159067,-53.266235,-27.510481,-50.112288,-8.575868,7.869289,0.1550
-10.632760,7.072865,0.170066,-0.905015,-0.201812,-0.826726,-54.080193,-27.510481,-50.112288,-8.565864,7.753123,0.1200
-10.632760,7.072865,0.170066,-0.905015,-0.454127,0.367599,-57.380424,-27.510481,-50.112288,-8.534460,7.399625,0.3690
-10.063148,6.399260,0.737436,-0.872069,-0.524352,0.252188,-59.861923,-27.510475,-50.112299,-8.454500,7.181423,0.2540
-10.063148,6.399260,0.737436,-0.872069,-0.339699,-0.511115,-60.847355,-27.510475,-50.112299,-8.385254,7.090239,0.0710
-10.063148,6.399260,0.737436,-0.872069,0.260217,0.161716,-61.877102,-27.510475,-50.112299,-8.148607,6.761665,0.3640
-9.303666,5.388852,0.432744,-0.575719,0.186251,0.284754,-62.383854,-27.510470,-50.112304,-7.842139,6.333847,0.5350
-9.303666,5.388852,0.432744,-0.575719,0.137459,0.546466,-62.287270,-27.510470,-50.112304,-7.735096,6.156045,0.2940
-9.303666,5.388852,0.432744,-0.575719,-0.069313,0.474822,-62.296688,-27.510470,-50.112304,-7.720795,6.130138,0.0420
-9.303666,5.388852,0.432744,-0.575719,0.172107,0.289778,-62.309246,-27.510470,-50.112304,-7.711851,6.113297,0.0400
-9.303666,5.388852,0.432744,-0.575719,0.012425,0.512701,-62.334881,-27.510470,-50.112304,-7.662127,6.043155,0.1000
-9.303666,5.388852,0.432744,-0.575719,0.366050,0.454452,-62.397411,-27.510470,-50.112304,-7.636484,5.997760,0.0760
-9.303666,5.388852,0.432744,-0.575719,0.505792,0.743194,-62.493042,-27.510470,-50.112304,-7.617995,5.963632,0.0560
-9.303666,5.388852,0.432744,-0.575719,0.559787,0.531278,-62.538818,-27.510470,-50.112304,-7.611027,5.950117,0.0400
-9.303666,5.388852,0.432744,-0.575719,0.630819,0.663573,-62.763382,-27.510470,-50.112304,-7.566096,5.884563,0.0930
-8.354313,5.052050,1.119974,-0.397334,-0.126320,-0.527073,-63.543510,-27.510461,-50.112308,-7.269350,5.679724,0.4050
-8.354313,5.052050,1.119974,-0.397334,-0.925403,0.033616,-63.699478,-27.510461,-50.112308,-6.880630,5.523966,0.3460
-8.354313,5.052050,1.119974,-0.397334,-0.678925,-0.152373,-63.702477,-27.510461,-50.112308,-6.732404,5.465134,0.1650
-8.354313,5.052050,1.119974,-0.397334,-0.586153,-0.373037,-63.691727,-27.510461,-50.112308,-6.678457,5.444167,0.0490
-8.354313,5.052050,1.119974,-0.397334,-0.535622,-0.313283,-63.686344,-27.510461,-50.112308,-6.590928,5.408523,0.0850
-8.354313,5.052050,1.119974,-0.397334,-0.592027,-0.082812,-63.679241,-27.510461,-50.112308,-6.545975,5.391628,0.0400
-8.354313,5.052050,1.119974,-0.397334,-0.380897,-0.111038,-63.676090,-27.510461,-50.112308,-6.521482,5.382352,0.0410
-7.025219,4.378444,1.372037,-0.695370,-0.355098,-0.339928,-63.660198,-27.510448,-50.112318,-6.414820,5.328435,0.0800
-7.025219,4.378444,1.372037,-0.695370,-0.290814,-0.285204,-63.112991,-27.510448,-50.112318,-5.784428,4.984875,0.4670
-7.025219,4.378444,1.372037,-0.695370,0.017645,-0.029691,-63.680157,-27.510448,-50.112318,-5.235094,4.681825,0.4250
-6.075866,3.704839,1.023726,-0.726376,1.749203,-0.024204,-64.219315,-27.510440,-50.112324,-4.962040,4.492393,0.2250
-6.075866,3.704839,1.023726,-0.726376,0.718761,0.465243,-64.469162,-27.510440,-50.112324,-4.496067,4.135319,0.4540
-4.936643,2.694431,0.969886,-0.860218,0.000313,-0.155032,-66.509155,-27.510428,-50.112330,-3.901642,3.643564,0.6470
-4.936643,2.694431,0.969886,-0.860218,-0.087404,-0.194093,-66.764076,-27.510428,-50.112330,-3.831915,3.576358,0.0990
-4.936643,2.694431,0.969886,-0.860218,0.053260,0.195506,-66.861015,-27.510428,-50.112330,-3.794646,3.537877,0.0400
-4.936643,2.694431,0.969886,-0.860218,-0.467444,0.369133,-67.225670,-27.510428,-50.112330,-3.612192,3.369681,0.1630
-4.936643,2.694431,0.969886,-0.860218,-0.233617,-0.057711,-67.118500,-27.510428,-50.112330,-3.475527,3.236954,0.1750
-3.607548,2.357628,1.256679,-0.318452,-0.045312,0.721788,-66.073280,-27.510419,-50.112337,-2.812722,2.872519,0.6030
-3.607548,2.357628,1.256679,-0.318452,-0.211427,-0.480391,-64.150322,-27.510419,-50.112337,-2.420690,2.760948,0.3390
-3.607548,2.357628,1.256679,-0.318452,-0.127683,-1.193378,-63.728767,-27.510419,-50.112337,-2.344931,2.741238,0.0630
-3.607548,2.357628,1.256679,-0.318452,0.033438,-0.938237,-63.015217,-27.510419,-50.112337,-2.204996,2.699874,0.1170
-3.607548,2.357628,1.256679,-0.318452,0.897220,-0.536501,-62.181244,-27.510419,-50.112337,-2.027484,2.650425,0.1460
-3.037936,1.684023,0.700897,-0.828858,1.307579,0.204334,-63.184555,-27.510411,-50.112342,-1.702888,2.241970,0.4800
-3.037936,1.684023,0.700897,-0.828858,-0.646040,1.939796,-63.582237,-27.510411,-50.112342,-1.375167,1.825099,0.4940
-2.278454,1.347220,0.855903,-0.379562,-0.033432,0.562131,-62.351826,-27.510404,-50.112345,-1.157847,1.707264,0.2740
-2.278454,1.347220,0.855903,-0.379562,-0.430164,0.352750,-62.097942,-27.510404,-50.112345,-1.050268,1.654120,0.1180
-2.278454,1.347220,0.855903,-0.379562,-0.513373,-0.113602,-62.149258,-27.510404,-50.112345,-0.964321,1.612379,0.1220
-2.278454,1.347220,0.855903,-0.379562,-0.148124,-0.747125,-62.199493,-27.510404,-50.112345,-0.931900,1.596078,0.0410
-2.278454,1.347220,0.855903,-0.379562,-0.208128,-0.434713,-62.238308,-27.510404,-50.112345,-0.912384,1.586027,0.0400
-2.278454,1.347220,0.855903,-0.379562,-0.208128,-0.434713,-62.238308,-27.510404,-50.112345,-0.912384,1.586027,0.0400
-2.278454,1.347220,0.855903,-0.379562,-0.208128,-0.434713,-62.238308,-27.510404,-50.112345,-0.912384,1.586027,0.0800
-2.278454,1.347220,0.855903,-0.379562,0.616461,-0.459964,-62.201946,-27.510404,-50.112345,-0.729959,1.514089,0.0410
-2.278454,1.347220,0.855903,-0.379562,1.114426,-0.319211,-62.224880,-27.510404,-50.112345,-0.684155,1.489853,0.0820
-2.278454,1.347220,0.855903,-0.379562,1.672567,-0.184494,-62.248623,-27.510404,-50.112345,-0.623270,1.459352,0.0790
-1.708842,0.673615,0.554738,-0.656016,2.303370,0.160829,-62.350487,-27.510400,-50.112353,-0.547699,1.409436,0.1210
-1.708842,0.673615,0.554738,-0.656016,1.389870,-0.461811,-62.607399,-27.510400,-50.112353,-0.514959,1.339001,0.0950
-1.708842,0.673615,0.554738,-0.656016,0.582622,-0.836826,-63.240276,-27.510400,-50.112353,-0.438613,1.203875,0.1940
-1.708842,0.673615,0.554738,-0.656016,0.487877,-0.550264,-63.364594,-27.510400,-50.112353,-0.417300,1.168777,0.0520
-1.708842,0.673615,0.554738,-0.656016,-0.046208,-0.980872,-63.820583,-27.510400,-50.112353,-0.311240,1.017992,0.2210
-1.708842,0.673615,0.554738,-0.656016,0.371823,1.055494,-63.709095,-27.510400,-50.112353,-0.157312,0.806498,0.3270
-1.139230,1.010418,0.500393,0.295875,0.006778,-0.783007,-63.944130,-27.510395,-50.112352,0.095124,0.879325,0.5500
-1.139230,1.010418,0.500393,0.295875,0.222267,0.319282,-64.058907,-27.510395,-50.112352,0.191526,0.944991,0.2160
-1.139230,1.010418,0.500393,0.295875,0.057289,0.937235,-63.996292,-27.510395,-50.112352,0.230204,0.971581,0.0880
-1.139230,1.010418,0.500393,0.295875,-0.358039,1.251126,-63.882092,-27.510395,-50.112352,0.278041,1.005374,0.1030
-0.949359,1.347221,0.169266,0.300253,-0.455845,1.538916,-63.556774,-27.510392,-50.112348,0.344788,1.063236,0.2010
-0.949359,1.347221,0.169266,0.300253,1.093186,1.712019,-63.358345,-27.510392,-50.112348,0.406465,1.222320,0.4830
-0.949359,1.347221,0.169266,0.300253,0.520888,0.417692,-63.946095,-27.510392,-50.112348,0.417572,1.252093,0.0940
-0.949359,1.347221,0.169266,0.300253,0.429814,-0.534620,-64.131310,-27.510392,-50.112348,0.428693,1.281536,0.0920
-0.949359,1.347221,0.169266,0.300253,0.159385,-1.137950,-64.110619,-27.510392,-50.112348,0.436030,1.304369,0.0810
-0.949359,1.347221,0.169266,0.300253,-0.134939,-1.021021,-63.978928,-27.510392,-50.112348,0.446778,1.335104,0.1020
-0.949359,1.347221,0.169266,0.300253,-0.017669,-1.370689,-63.861660,-27.510393,-50.112356,0.454151,1.358401,0.0830
-0.949359,0.336812,0.000000,-0.447567,0.113844,-1.234035,-63.804600,-27.510393,-50.112356,0.449991,1.334294,0.0420
-0.949359,0.336812,0.000000,-0.447567,0.200700,-1.643742,-63.654305,-27.510393,-50.112356,0.449821,1.275653,0.1400
-0.949359,0.336812,0.000000,-0.447567,0.211386,-1.354583,-63.610264,-27.510393,-50.112356,0.446149,1.249417,0.0600
-0.949359,0.336812,0.000000,-0.447567,1.092535,-0.260277,-63.175438,-27.510393,-50.112356,0.423113,1.002258,0.5100
-0.949359,0.673615,-0.000000,0.066878,-0.091542,2.022022,-62.088051,-27.510394,-50.112356,0.408339,0.896485,0.3570
-0.949359,0.673615,-0.000000,0.066878,0.043388,0.470840,-61.891384,-27.510394,-50.112356,0.397871,0.908039,0.1990
-0.949359,0.673615,-0.000000,0.066878,0.012220,-0.095051,-61.709961,-27.510394,-50.112356,0.393482,0.912011,0.0530
-0.949359,0.673615,-0.000000,0.066878,-0.538201,-0.460836,-61.335304,-27.510394,-50.112356,0.387202,0.919214,0.1370
-0.949359,0.673615,-0.000000,0.066878,-0.060903,-0.354183,-61.229176,-27.510394,-50.112356,0.384587,0.921198,0.0400
-0.949359,0.673615,-0.000000,0.066878,0.161010,-0.090389,-61.148075,-27.510394,-50.112356,0.382247,0.922769,0.0410
-0.949359,0.673615,-0.000000,0.066878,0.519733,0.203471,-60.806622,-27.510394,-50.112356,0.386101,0.930785,0.0950
-0.949359,0.673615,-0.000000,0.066878,0.934063,0.579949,-60.279850,-27.510394,-50.112356,0.374982,0.938775,0.1520
-1.139230,0.673615,-0.118322,-0.000000,0.477613,0.227441,-59.751717,-27.510395,-50.112354,0.360930,0.946877,0.1900
-1.139230,0.673615,-0.118322,-0.000000,0.218328,-0.011145,-59.525890,-27.510395,-50.112354,0.343164,0.945225,0.0910
-1.139230,0.673615,-0.118322,-0.000000,-0.202996,-0.249215,-59.401310,-27.510395,-50.112354,0.325751,0.943004,0.0870
-1.139230,0.673615,-0.118322,-0.000000,-0.202996,-0.249215,-59.401310,-27.510395,-50.112354,0.325751,0.943004,0.0400
-1.139230,0.673615,-0.118322,-0.000000,-0.105489,-0.014987,-59.466988,-27.510395,-50.112354,0.324163,0.951299,0.0710
-1.139230,0.673615,-0.118322,-0.000000,-0.513890,0.524214,-59.508869,-27.510395,-50.112354,0.312523,0.949234,0.0400
-1.139230,0.673615,-0.118322,-0.000000,-0.528571,0.545508,-59.516834,-27.510395,-50.112354,0.309564,0.948725,0.0440
-1.139230,0.673615,-0.118322,-0.000000,-0.227140,0.485023,-59.541824,-27.510395,-50.112354,0.308351,0.957638,0.0440
-1.139230,0.673615,-0.118322,-0.000000,-0.490152,0.698711,-59.557274,-27.510395,-50.112354,0.293733,0.952827,0.0770
-1.139230,0.673615,-0.118322,-0.000000,-0.472264,0.608198,-59.564495,-27.510395,-50.112354,0.285897,0.950305,0.0410
-1.139230,0.673615,-0.118322,-0.000000,-0.472264,0.608198,-59.564495,-27.510395,-50.112354,0.285897,0.950305,0.0400
-1.139230,0.673615,-0.118322,-0.000000,-0.487715,0.800788,-59.564316,-27.510395,-50.112354,0.266928,0.953678,0.0870
-1.139230,0.673615,-0.118322,-0.000000,-0.402130,0.037980,-59.514977,-27.510395,-50.112354,0.257062,0.948162,0.0640
-1.139230,0.673615,-0.118322,-0.000000,0.695676,1.549562,-59.341381,-27.510395,-50.112354,0.246983,0.944682,0.0610
-1.139230,0.673615,-0.118322,-0.000000,2.548475,1.174548,-59.158817,-27.510395,-50.112354,0.239710,0.941475,0.0400
-1.139230,0.673615,-0.118322,-0.000000,2.548475,1.174548,-59.158817,-27.510395,-50.112354,0.239710,0.941475,0.0400
-1.139230,0.673615,-0.118322,-0.000000,2.548475,1.174548,-59.158817,-27.510395,-50.112354,0.239710,0.941475,0.0410
-1.139230,0.673615,-0.118322,-0.000000,2.548475,1.174548,-59.158817,-27.510395,-50.112353,0.239710,0.941475,0.0400
-1.139230,0.673615,0.000000,0.000000,0.215778,-0.312220,-59.561996,-27.510395,-50.112353,0.224318,0.961950,0.0760
-1.139230,0.673615,0.000000,0.000000,-0.056278,0.767984,-59.481541,-27.510395,-50.112353,0.223161,0.960649,0.0400
-1.139230,0.673615,0.000000,0.000000,-0.047241,0.808088,-59.429169,-27.510395,-50.112353,0.222592,0.960227,0.0410
-1.139230,0.673615,0.000000,0.000000,-0.047241,0.808088,-59.429169,-27.510395,-50.112353,0.222592,0.960227,0.0410
-1.139230,0.673615,0.000000,0.000000,-0.047241,0.808088,-59.429169,-27.510395,-50.112353,0.222592,0.960227,0.0400
-1.139230,0.673615,0.000000,0.000000,-0.047241,0.808088,-59.429169,-27.510395,-50.112353,0.222592,0.960227,0.0410
-1.139230,0.673615,0.000000,0.000000,-0.047241,0.808088,-59.429169,-27.510395,-50.112353,0.222592,0.960227,0.0400
-1.139230,0.673615,0.000000,0.000000,-0.047241,0.808088,-59.429169,-27.510395,-50.112353,0.222592,0.960227,0.0410
-1.139230,0.673615,0.000000,0.000000,-0.047241,0.808088,-59.429169,-27.510395,-50.112353,0.222592,0.960227,0.0400
-1.139230,0.673615,0.000000,0.000000,-0.047241,0.808088,-59.429169,-27.510395,-50.112353,0.222592,0.960227,0.0410
-1.139230,0.673615,0.000000,0.000000,-0.047241,0.808088,-59.429169,-27.510395,-50.112353,0.222592,0.960227,0.0410
-1.139230,0.673615,0.000000,0.000000,-0.047241,0.808088,-59.429169,-27.510395,-50.112353,0.222592,0.960227,0.0400
-1.139230,0.673615,0.000000,0.000000,-0.047241,0.808088,-59.429169,-27.510395,-50.112353,0.222592,0.960227,0.0400
-1.139230,0.673615,0.000000,0.000000,-0.047241,0.808088,-59.429169,-27.510395,-50.112353,0.222592,0.960227,0.0410
-1.139230,0.673615,0.000000,0.000000,-0.047241,0.808088,-59.429169,-27.510395,-50.112353,0.222592,0.960227,0.0400
-1.139230,0.673615,0.000000,0.000000,-0.047241,0.808088,-59.429169,-27.510395,-50.112353,0.222592,0.960227,0.0410
-1.139230,0.673615,0.000000,0.000000,-0.047241,0.808088,-59.429169,-27.510395,-50.112353,0.222592,0.960227,0.0410
-1.139230,0.673615,0.000000,0.000000,-0.047241,0.808088,-59.429169,-27.510395,-50.112353,0.222592,0.960227,0.0410
-1.139230,0.673615,0.000000,0.000000,-0.047241,0.808088,-59.429169,-27.510395,-50.112353,0.222592,0.960227,0.0400
-1.139230,0.673615,0.000000,0.000000,-0.047241,0.808088,-59.429169,-27.510395,-50.112353,0.222592,0.960227,0.0450
-1.139230,0.673615,0.000000,0.000000,-0.047241,0.808088,-59.429169,-27.510398,-50.112354,0.222592,0.960227,0.0410
-1.139230,0.673615,0.000000,0.000000,-0.047241,0.808088,-59.429169,-27.510398,-50.112354,0.222592,0.960227,0.0410
-1.139230,0.673615,0.000000,0.000000,-0.047241,0.808088,-59.429169,-27.510398,-50.112354,0.222592,0.960227,0.0410
-1.139230,0.673615,0.000000,0.000000,-0.047241,0.808088,-59.429169,-27.510398,-50.112354,0.222592,0.960227,0.0410
-1.139230,0.673615,0.000000,0.000000,-0.047241,0.808088,-59.429169,-27.510398,-50.112354,0.222592,0.960227,0.0400
-1.139230,0.673615,0.000000,0.000000,-0.047241,0.808088,-59.429169,-27.510398,-50.112354,0.222592,0.960227,0.0400
-1.329101,0.673615,-0.005144,-0.000000,-0.212000,0.211698,-59.240479,-27.510398,-50.112354,0.198432,0.973010,0.0670
-1.329101,0.673615,-0.005144,-0.000000,-0.209908,0.211406,-59.231148,-27.510398,-50.112354,0.198705,0.967994,0.0400
-1.329101,0.673615,-0.005144,-0.000000,-0.198133,0.214817,-59.229366,-27.510398,-50.112354,0.198500,0.966548,0.0400
-1.329101,0.673615,-0.005144,-0.000000,-0.198133,0.214817,-59.229366,-27.510398,-50.112354,0.198500,0.966548,0.0410
-1.329101,0.673615,-0.005144,-0.000000,-0.198133,0.214817,-59.229366,-27.510398,-50.112354,0.198500,0.966548,0.0410
-1.329101,0.673615,-0.005144,-0.000000,-0.198133,0.214817,-59.229366,-27.510398,-50.112354,0.198500,0.966548,0.0410
-1.329101,0.673615,-0.005144,-0.000000,-0.198133,0.214817,-59.229366,-27.510398,-50.112354,0.198500,0.966548,0.0400
-1.329101,0.673615,-0.005144,-0.000000,-0.198133,0.214817,-59.229366,-27.510398,-50.112354,0.198500,0.966548,0.0830
-1.329101,0.673615,-0.005144,-0.000000,-0.198133,0.214817,-59.229366,-27.510398,-50.112354,0.198500,0.966548,0.0410
-1.329101,0.673615,-0.005144,-0.000000,-0.198133,0.214817,-59.229366,-27.510398,-50.112354,0.198500,0.966548,0.0410
-1.329101,0.673615,-0.005144,-0.000000,-0.198133,0.214817,-59.229366,-27.510398,-50.112354,0.198500,0.966548,0.0410
-1.329101,0.673615,-0.005144,-0.000000,-0.198133,0.214817,-59.229366,-27.510398,-50.112354,0.198500,0.966548,0.0410
-1.329101,0.673615,-0.005144,-0.000000,-0.198133,0.214817,-59.229366,-27.510398,-50.112354,0.198500,0.966548,0.0410
-1.329101,0.673615,-0.005144,-0.000000,-0.198133,0.214817,-59.229366,-27.510399,-50.112357,0.198500,0.966548,0.0400
-1.329101,0.673615,-0.005144,-0.000000,-0.198133,0.214817,-59.229366,-27.510399,-50.112357,0.198500,0.966548,0.0410
-1.329101,0.673615,-0.005144,-0.000000,-0.198133,0.214817,-59.229366,-27.510399,-50.112357,0.198500,0.966548,0.0410
-1.329101,0.673615,-0.005144,-0.000000,-0.198133,0.214817,-59.229366,-27.510399,-50.112357,0.198500,0.966548,0.0400
-1.329101,0.673615,-0.005144,-0.000000,-0.198133,0.214817,-59.229366,-27.510399,-50.112357,0.198500,0.966548,0.0400
-1.329101,0.673615,-0.005144,-0.000000,-0.198133,0.214817,-59.229366,-27.510399,-50.112357,0.198500,0.966548,0.0400
-1.329101,0.673615,-0.005144,-0.000000,-0.198133,0.214817,-59.229366,-27.510399,-50.112357,0.198500,0.966548,0.0420
-1.518971,0.336813,-0.040422,-0.071702,0.199849,-0.206757,-59.272804,-27.510399,-50.112357,0.156612,0.936522,0.0880
-1.518971,0.336813,-0.040422,-0.071702,0.173037,-0.185460,-59.271851,-27.510399,-50.112357,0.145862,0.934198,0.0400
-1.518971,0.336813,-0.040422,-0.071702,0.166436,-0.183239,-59.271725,-27.510399,-50.112357,0.143787,0.933647,0.0410
-1.518971,0.336813,-0.040422,-0.071702,0.166436,-0.183239,-59.271725,-27.510399,-50.112357,0.143787,0.933647,0.0420
-1.518971,0.336813,-0.040422,-0.071702,0.166436,-0.183239,-59.271725,-27.510399,-50.112357,0.143787,0.933647,0.0460
-1.518971,0.336813,-0.040422,-0.071702,0.166436,-0.183239,-59.271725,-27.510399,-50.112357,0.143787,0.933647,0.0410
-1.518971,0.336813,-0.040422,-0.071702,0.166436,-0.183239,-59.271725,-27.510399,-50.112357,0.143787,0.933647,0.0410
-1.518971,0.336813,-0.040422,-0.071702,0.166436,-0.183239,-59.271725,-27.510399,-50.112357,0.143787,0.933647,0.0410
-1.518971,0.336813,-0.040422,-0.071702,0.166436,-0.183239,-59.271725,-27.510399,-50.112357,0.143787,0.933647,0.0460
-1.518971,0.336813,-0.040422,-0.071702,0.166436,-0.183239,-59.271725,-27.510399,-50.112357,0.143787,0.933647,0.0410
-1.518971,0.336813,-0.040422,-0.071702,0.166436,-0.183239,-59.271725,-27.510399,-50.112357,0.143787,0.933647,0.0400
-1.518971,0.336813,-0.040422,-0.071702,0.166436,-0.183239,-59.271725,-27.510399,-50.112357,0.143787,0.933647,0.0400
-1.518971,0.336813,-0.040422,-0.071702,0.166436,-0.183239,-59.271725,-27.510399,-50.112357,0.143787,0.933647,0.0400
-1.518971,0.336813,-0.040422,-0.071702,0.166436,-0.183239,-59.271725,-27.510400,-50.112357,0.143787,0.933647,0.0410
-1.518971,0.336813,-0.040422,-0.071702,0.166436,-0.183239,-59.271725,-27.510400,-50.112357,0.143787,0.933647,0.0410
-1.518971,0.336813,-0.040422,-0.071702,0.166436,-0.183239,-59.271725,-27.510400,-50.112357,0.143787,0.933647,0.0400
-1.518971,0.336813,-0.040422,-0.071702,0.166436,-0.183239,-59.271725,-27.510400,-50.112357,0.143787,0.933647,0.0410
-1.518971,0.336813,-0.040422,-0.071702,0.166436,-0.183239,-59.271725,-27.510400,-50.112357,0.143787,0.933647,0.0410
-1.518971,0.336813,-0.040422,-0.071702,0.166436,-0.183239,-59.271725,-27.510400,-50.112357,0.143787,0.933647,0.0400
-1.518971,0.336813,-0.040422,-0.071702,0.166436,-0.183239,-59.271725,-27.510400,-50.112357,0.143787,0.933647,0.0410
-1.518971,0.336813,-0.040422,-0.071702,0.166436,-0.183239,-59.271725,-27.510400,-50.112357,0.143787,0.933647,0.0400
-1.518971,0.336813,-0.040422,-0.071702,0.166436,-0.183239,-59.271725,-27.510400,-50.112357,0.143787,0.933647,0.0400
-1.518971,0.336813,-0.040422,-0.071702,0.166436,-0.183239,-59.271725,-27.510400,-50.112357,0.143787,0.933647,0.0410
-1.518971,0.336813,-0.040422,-0.071702,0.166436,-0.183239,-59.271725,-27.510400,-50.112357,0.143787,0.933647,0.0410
-1.518971,0.336813,-0.040422,-0.071702,0.166436,-0.183239,-59.271725,-27.510400,-50.112357,0.143787,0.933647,0.0410
-1.518971,0.336813,-0.040422,-0.071702,0.166436,-0.183239,-59.271725,-27.510400,-50.112357,0.143787,0.933647,0.0410
-1.518971,0.336813,-0.040422,-0.071702,0.166436,-0.183239,-59.271725,-27.510400,-50.112357,0.143787,0.933647,0.0410
-1.518971,0.336813,-0.040422,-0.071702,0.166436,-0.183239,-59.271725,-27.510400,-50.112357,0.143787,0.933647,0.0400
-1.518971,0.336813,-0.040422,-0.071702,0.166436,-0.183239,-59.271725,-27.510400,-50.112357,0.143787,0.933647,0.0400
-1.518971,0.336813,-0.040422,-0.071702,0.166436,-0.183239,-59.271725,-27.510400,-50.112357,0.143787,0.933647,0.0410
-1.518971,0.336813,-0.040422,-0.071702,0.166436,-0.183239,-59.271725,-27.510400,-50.112357,0.143787,0.933647,0.0400
-1.518971,0.336813,-0.040422,-0.071702,0.166436,-0.183239,-59.271725,-27.510400,-50.112357,0.143787,0.933647,0.0400
-1.518971,0.336813,-0.040422,-0.071702,0.166436,-0.183239,-59.271725,-27.510400,-50.112357,0.143787,0.933647,0.0410
-1.518971,0.336813,-0.040422,-0.071702,0.166436,-0.183239,-59.271725,-27.510401,-50.112360,0.143787,0.933647,0.0400
-1.518971,0.336813,-0.040422,-0.071702,0.166436,-0.183239,-59.271725,-27.510401,-50.112360,0.143787,0.933647,0.0410
-1.518971,0.336813,-0.040422,-0.071702,0.166436,-0.183239,-59.271725,-27.510401,-50.112360,0.143787,0.933647,0.0660
-1.518971,0.336813,-0.040422,-0.071702,0.166436,-0.183239,-59.271725,-27.510401,-50.112360,0.143787,0.933647,0.0400
-1.518971,0.336813,-0.040422,-0.071702,0.166436,-0.183239,-59.271725,-27.510401,-50.112360,0.143787,0.933647,0.0400
-1.518971,0.336813,-0.040422,-0.071702,0.166436,-0.183239,-59.271725,-27.510401,-50.112360,0.143787,0.933647,0.0400
-1.518971,0.336813,-0.040422,-0.071702,0.166436,-0.183239,-59.271725,-27.510401,-50.112360,0.143787,0.933647,0.0400
-1.518971,0.336813,-0.040422,-0.071702,0.166436,-0.183239,-59.271725,-27.510401,-50.112360,0.143787,0.933647,0.0400
-1.518971,0.336813,-0.040422,-0.071702,0.166436,-0.183239,-59.271725,-27.510401,-50.112360,0.143787,0.933647,0.0410
-1.518971,0.336813,-0.040422,-0.071702,0.166436,-0.183239,-59.271725,-27.510401,-50.112360,0.143787,0.933647,0.0400
-1.518971,0.336813,-0.040422,-0.071702,0.166436,-0.183239,-59.271725,-27.510401,-50.112360,0.143787,0.933647,0.0460
-1.518971,0.336813,-0.040422,-0.071702,0.166436,-0.183239,-59.271725,-27.510401,-50.112360,0.143787,0.933647,0.0400
-1.518971,0.336813,-0.040422,-0.071702,0.166436,-0.183239,-59.271725,-27.510401,-50.112360,0.143787,0.933647,0.0410
-1.518971,0.336813,-0.040422,-0.071702,0.166436,-0.183239,-59.271725,-27.510401,-50.112360,0.143787,0.933647,0.0410
-1.518971,0.336813,-0.040422,-0.071702,0.166436,-0.183239,-59.271725,-27.510401,-50.112360,0.143787,0.933647,0.0410
-1.518971,0.336813,-0.040422,-0.071702,0.166436,-0.183239,-59.271725,-27.510401,-50.112360,0.143787,0.933647,0.0400
-1.518971,0.336813,-0.040422,-0.071702,0.166436,-0.183239,-59.271725,-27.510401,-50.112360,0.143787,0.933647,0.0410
-1.518971,0.336813,-0.040422,-0.071702,0.166436,-0.183239,-59.271725,-27.510401,-50.112360,0.143787,0.933647,0.0410
-1.518971,0.336813,-0.040422,-0.071702,0.166436,-0.183239,-59.271725,-27.510401,-50.112360,0.143787,0.933647,0.0400
-1.518971,0.336813,-0.040422,-0.071702,0.166436,-0.183239,-59.271725,-27.510401,-50.112360,0.143787,0.933647,0.0440
-1.518971,0.336813,-0.040422,-0.071702,0.166436,-0.183239,-59.271725,-27.510392,-50.112345,0.143787,0.933647,0.0400
