0.189871,0.000000,0.000000,0.000000,0.037428,0.196960,0.137514,-27.510404,-50.112363,0.179745,-0.000465,0.1940
0.189871,0.000000,0.000000,0.000000,0.035075,0.170245,0.139115,-27.510404,-50.112363,0.181644,0.000019,0.0400
0.189871,0.000000,0.000000,0.000000,0.024872,0.138766,0.140402,-27.510404,-50.112363,0.182990,0.000491,0.0410
0.189871,0.000000,0.000000,0.000000,0.020494,0.101853,0.141908,-27.510404,-50.112363,0.184354,0.001116,0.0630
0.189871,0.000000,0.000000,0.000000,0.013714,0.079791,0.141883,-27.510404,-50.112363,0.185078,0.001557,0.0400
0.189871,0.000000,0.000000,0.000000,0.003263,0.039104,0.141740,-27.510404,-50.112363,0.185704,0.001986,0.0470
0.189871,0.000000,0.000000,0.000000,0.003860,0.019076,0.141646,-27.510404,-50.112363,0.186174,0.002303,0.0410
0.189871,0.000000,0.000000,0.000000,-0.000128,0.000870,0.142566,-27.510404,-50.112363,0.186933,0.003098,0.0990
0.569612,0.000000,0.046300,0.000000,-0.000167,-0.000027,0.143924,-27.510403,-50.112363,0.218650,0.003577,0.0640
0.569612,0.000000,0.046300,0.000000,-0.001274,-0.000919,0.146958,-27.510403,-50.112363,0.272799,0.004095,0.1260
0.569612,0.000000,0.046300,0.000000,0.000078,-0.000028,0.151177,-27.510403,-50.112363,0.354887,0.004705,0.2980
0.569612,0.000000,0.046300,0.000000,0.001031,-0.004040,0.154266,-27.510403,-50.112363,0.376353,0.004703,0.1010
0.569612,0.000000,0.000000,0.000000,-0.008706,0.002528,0.157565,-27.510403,-50.112361,0.444360,0.004538,0.4970
0.569612,0.000000,0.000000,0.000000,-0.000533,-0.000593,0.157173,-27.510403,-50.112361,0.464513,0.004275,0.2800
0.569612,0.000000,0.000000,0.000000,0.004335,-0.003785,0.158860,-27.510403,-50.112361,0.483854,0.003856,0.4430
0.569612,0.000000,0.000000,0.000000,-0.000524,-0.000647,0.164544,-27.510403,-50.112361,0.490133,0.003676,0.1790
0.569612,0.336803,-0.000000,0.149189,-0.000618,-0.002911,0.164562,-27.510403,-50.112359,0.498950,0.071581,0.3180
0.569612,0.336803,-0.000000,0.149189,0.000431,-0.000274,0.164031,-27.510403,-50.112359,0.501102,0.090362,0.0870
0.569612,0.336803,-0.000000,0.149189,-0.002463,0.000176,0.163368,-27.510403,-50.112359,0.502543,0.103235,0.0590
0.569612,0.336803,-0.000000,0.149189,-0.000780,-0.000602,0.165730,-27.510403,-50.112359,0.505318,0.128992,0.1240
0.569612,0.336803,-0.000000,0.149189,0.000038,0.000695,0.166338,-27.510403,-50.112359,0.506164,0.136936,0.0410
0.569612,0.336803,-0.000000,0.149189,0.000025,-0.000008,0.167147,-27.510403,-50.112359,0.506662,0.141661,0.0410
0.569612,0.336803,-0.000000,0.149189,0.000949,-0.000501,0.170229,-27.510403,-50.112359,0.508056,0.158005,0.0820
0.569612,0.336803,-0.000000,0.149189,-0.000189,0.000185,0.173554,-27.510403,-50.112359,0.509620,0.174555,0.0860
0.569612,0.336803,-0.000000,0.149189,0.000510,0.000084,0.174546,-27.510403,-50.112359,0.510493,0.183848,0.0460
0.569612,0.336803,-0.000000,0.149189,0.000323,0.000262,0.176801,-27.510403,-50.112359,0.512071,0.201203,0.0930
0.569612,0.673605,-0.000000,0.272656,-0.000141,0.000739,0.177475,-27.510403,-50.112354,0.513795,0.237516,0.1080
0.569612,0.673605,-0.000000,0.272656,0.000991,0.000081,0.178384,-27.510403,-50.112354,0.514619,0.257817,0.0560
0.569612,0.673605,-0.000000,0.272656,-0.000335,0.000543,0.179055,-27.510403,-50.112354,0.515351,0.275522,0.0410
0.569612,0.673605,-0.000000,0.272656,-0.000314,0.000213,0.179261,-27.510403,-50.112354,0.515500,0.279074,0.0410
0.569612,0.673605,-0.000000,0.272656,0.005165,0.004355,0.180212,-27.510403,-50.112354,0.516289,0.306593,0.0770
0.569612,0.673605,-0.000000,0.272656,-0.000456,-0.000127,0.179892,-27.510403,-50.112354,0.516850,0.321434,0.0400
0.569612,0.673605,-0.000000,0.272656,-0.000130,0.000512,0.183500,-27.510403,-50.112354,0.517998,0.356806,0.1020
0.569612,0.673605,-0.000000,0.272656,-0.000242,0.000113,0.184302,-27.510403,-50.112354,0.519206,0.389532,0.0950
0.569612,0.673605,-0.000000,0.272656,0.001487,0.001925,0.184926,-27.510403,-50.112354,0.519793,0.405439,0.0480
0.569612,0.673605,-0.000000,0.272656,0.000824,0.000360,0.187142,-27.510403,-50.112354,0.520764,0.432304,0.0820
0.569612,0.673605,-0.000000,0.272656,0.001514,-0.004535,0.188417,-27.510403,-50.112354,0.521337,0.446982,0.0410
0.569612,0.673605,-0.000000,0.272656,0.000054,0.000034,0.190712,-27.510403,-50.112354,0.523184,0.500547,0.1690
0.569612,0.673605,-0.000000,0.272656,0.001395,0.000780,0.191432,-27.510403,-50.112354,0.524159,0.528160,0.0890
0.569612,0.673605,0.000000,0.000000,0.000868,0.000123,0.191780,-27.510403,-50.112353,0.524684,0.536328,0.0480
0.569612,0.673605,0.000000,0.000000,-0.000392,0.000275,0.189848,-27.510403,-50.112353,0.525824,0.543895,0.1250
0.569612,0.673605,0.000000,0.000000,-0.000194,-0.000644,0.188858,-27.510403,-50.112353,0.528485,0.557260,0.3110
0.569612,0.673605,0.000000,0.000000,-0.004044,-0.001872,0.189238,-27.510403,-50.112353,0.529002,0.559079,0.0410
0.569612,0.673605,0.000000,0.000000,0.000480,0.000484,0.190150,-27.510403,-50.112353,0.529838,0.562568,0.1210
0.569612,0.673605,0.000000,0.000000,0.000197,0.000002,0.191374,-27.510403,-50.112353,0.530766,0.566342,0.1250
0.569612,0.673605,0.000000,0.000000,0.000079,0.000215,0.192873,-27.510403,-50.112353,0.531457,0.568943,0.0920
0.569612,0.673605,0.000000,0.000000,-0.000151,0.000169,0.194953,-27.510403,-50.112353,0.532095,0.571311,0.0860
0.569612,0.673605,0.000000,0.000000,0.000085,-0.000010,0.195780,-27.510403,-50.112353,0.532456,0.572397,0.0510
0.759482,1.010408,0.121265,0.215107,0.000273,-0.001036,0.197734,-27.510401,-50.112349,0.541345,0.589387,0.0890
0.759482,1.010408,0.121265,0.215107,0.000210,-0.000905,0.199560,-27.510401,-50.112349,0.552952,0.610718,0.0770
0.759482,1.010408,0.121265,0.215107,-0.000725,0.000592,0.202344,-27.510401,-50.112349,0.566153,0.634975,0.0860
0.759482,1.010408,0.121265,0.215107,-0.000064,0.000337,0.201832,-27.510401,-50.112349,0.574235,0.649919,0.0550
0.759482,1.010408,0.121265,0.215107,-0.000440,-0.000153,0.201632,-27.510401,-50.112349,0.580247,0.660817,0.0400
0.759482,1.010408,0.121265,0.215107,-0.000440,-0.000153,0.201632,-27.510401,-50.112349,0.580247,0.660817,0.0410
0.759482,1.010408,0.121265,0.215107,-0.000440,-0.000153,0.201632,-27.510401,-50.112349,0.580247,0.660817,0.0400
0.759482,1.010408,0.121265,0.215107,-0.006528,0.008416,0.201706,-27.510401,-50.112349,0.599298,0.698591,0.1000
0.759482,1.010408,0.121265,0.215107,-0.000185,-0.000019,0.203064,-27.510401,-50.112349,0.613543,0.723887,0.0930
0.759482,1.010408,0.121265,0.215107,0.002732,-0.003795,0.204495,-27.510401,-50.112349,0.625924,0.746027,0.0840
0.759482,1.010408,0.121265,0.215107,-0.000286,0.002515,0.205209,-27.510401,-50.112349,0.632447,0.757712,0.0400
0.759482,1.010408,0.121265,0.215107,0.000006,-0.000171,0.205680,-27.510401,-50.112349,0.634764,0.761876,0.0400
0.759482,1.010408,0.121265,0.215107,0.000006,-0.000171,0.205680,-27.510401,-50.112349,0.634764,0.761876,0.0400
0.759482,1.010408,0.121265,0.215107,0.000006,-0.000171,0.205680,-27.510401,-50.112349,0.634764,0.761876,0.0400
0.759482,1.010408,0.121265,0.215107,0.000006,-0.000171,0.205680,-27.510401,-50.112349,0.634764,0.761876,0.0430
0.759482,1.010408,0.121265,0.215107,0.047559,0.019958,0.209736,-27.510401,-50.112349,0.664142,0.815469,0.0940
0.949353,1.347211,0.146529,0.259920,0.000406,-0.000014,0.211623,-27.510399,-50.112346,0.694795,0.870986,0.1530
0.949353,1.347211,0.146529,0.259920,-0.001528,-0.000862,0.211551,-27.510399,-50.112346,0.705453,0.890188,0.0640
0.949353,1.347211,0.146529,0.259920,-0.000291,-0.000074,0.212199,-27.510399,-50.112346,0.713432,0.904561,0.0410
0.949353,1.347211,0.146529,0.259920,-0.000472,0.000467,0.213937,-27.510399,-50.112346,0.728080,0.930728,0.0870
0.949353,1.347211,0.146529,0.259920,-0.000584,-0.000638,0.214696,-27.510399,-50.112346,0.739688,0.951628,0.0600
0.949353,1.347211,0.146529,0.259920,0.000558,0.001234,0.216821,-27.510399,-50.112346,0.752974,0.975506,0.0790
0.949353,1.347211,0.146529,0.259920,-0.000672,0.000039,0.217610,-27.510399,-50.112346,0.768248,1.002923,0.0860
0.949353,1.347211,0.146529,0.259920,-0.000337,-0.000686,0.217644,-27.510399,-50.112346,0.775497,1.015954,0.0430
0.949353,1.347211,0.146529,0.259920,0.001917,-0.000461,0.217596,-27.510399,-50.112346,0.776887,1.018449,0.0400
0.949353,1.347211,0.146529,0.259920,0.000056,0.000177,0.215684,-27.510399,-50.112346,0.800401,1.060367,0.1110
0.949353,1.347211,0.146529,0.259920,0.002544,-0.000684,0.217538,-27.510399,-50.112346,0.815818,1.088071,0.0930
0.949353,1.347211,0.146529,0.259920,0.000550,-0.000006,0.221006,-27.510399,-50.112346,0.829876,1.113314,0.0840
0.949353,1.347211,0.146529,0.259920,0.000751,-0.000930,0.221965,-27.510399,-50.112346,0.836467,1.125155,0.0400
0.949353,1.347211,0.000000,0.000000,0.000177,-0.000390,0.221373,-27.510400,-50.112345,0.842520,1.136090,0.0830
0.949353,1.347211,0.000000,0.000000,-0.000713,0.000766,0.222071,-27.510400,-50.112345,0.842528,1.136302,0.0550
0.949353,1.347211,0.000000,0.000000,-0.000753,-0.000746,0.222401,-27.510400,-50.112345,0.842670,1.136605,0.0400
0.949353,1.347211,0.000000,0.000000,-0.036056,-0.001039,0.224190,-27.510400,-50.112345,0.850285,1.150194,0.0400
0.949353,1.347211,0.000000,0.000000,0.000385,0.000596,0.227392,-27.510400,-50.112345,0.850202,1.150345,0.1510
0.949353,1.347211,0.000000,0.000000,0.000318,-0.000232,0.232367,-27.510400,-50.112345,0.853089,1.156190,0.2720
0.949353,1.347211,0.000000,0.000000,-0.000033,0.000094,0.238840,-27.510400,-50.112345,0.857486,1.164953,0.3700
0.759482,1.684014,-0.068212,0.120997,-0.000810,0.000459,0.245291,-27.510400,-50.112344,0.825924,1.239301,0.4330
0.759482,1.684014,-0.068212,0.120997,-0.001033,-0.000123,0.244376,-27.510400,-50.112344,0.822619,1.246933,0.0410
0.759482,1.684014,-0.068212,0.120997,0.156167,0.040138,0.256374,-27.510400,-50.112344,0.812054,1.271455,0.1420
0.759482,1.684014,-0.068212,0.120997,0.140097,0.134184,0.252699,-27.510400,-50.112344,0.802476,1.293456,0.1330
0.759482,1.684014,0.000000,0.000000,0.109554,0.041037,0.256529,-27.510401,-50.112344,0.782607,1.345559,0.5000
0.759482,1.684014,0.000000,0.000000,-0.071072,-0.116824,0.256764,-27.510401,-50.112344,0.782201,1.349443,0.0940
0.759482,1.684014,0.000000,0.000000,-0.081667,-0.026652,0.265655,-27.510401,-50.112344,0.780782,1.364276,0.3750
0.759482,1.684014,0.000000,0.000000,-0.117630,0.008928,0.263233,-27.510401,-50.112344,0.780652,1.366333,0.0640
0.759482,1.684014,0.000000,0.000000,0.053784,0.035508,0.233056,-27.510401,-50.112344,0.780380,1.369584,0.0930
0.759482,1.684014,0.000000,0.000000,0.123826,0.038851,0.233670,-27.510401,-50.112344,0.780175,1.372613,0.0880
0.759482,1.684014,0.000000,0.000000,-0.100981,0.157447,0.213307,-27.510401,-50.112344,0.779748,1.378478,0.1780
0.759482,1.684014,0.000000,0.000000,0.072330,0.548637,-0.583441,-27.510401,-50.112344,0.778534,1.391564,0.4170
0.759482,1.684014,0.000000,0.000000,0.725193,0.529796,-2.333819,-27.510401,-50.112344,0.778356,1.396662,0.1090
0.759482,1.347211,0.000000,-0.128611,0.315131,0.539496,-11.255378,-27.510400,-50.112345,0.778562,1.372764,0.5960
0.759482,1.347211,0.000000,-0.128611,-0.093743,-0.308221,-13.377851,-27.510400,-50.112345,0.777613,1.340098,0.2820
0.759482,1.347211,0.000000,-0.128611,-0.186525,-1.582952,-14.575392,-27.510400,-50.112345,0.776933,1.305447,0.2830
1.139223,0.336803,0.289574,-0.770493,0.541981,0.459905,-15.441972,-27.510397,-50.112357,0.823887,1.144251,0.3340
1.139223,0.336803,0.289574,-0.770493,-0.404814,-1.827107,-16.798418,-27.510397,-50.112357,0.894474,0.954752,0.2400
1.139223,0.336803,0.289574,-0.770493,-0.478133,0.108468,-23.568085,-27.510397,-50.112357,0.981812,0.706035,0.3060
1.139223,0.336803,0.289574,-0.770493,0.522583,1.089436,-31.152912,-27.510397,-50.112357,1.063183,0.472403,0.2870
0.949353,0.336803,-0.334389,-0.000000,2.488721,1.187981,-36.314846,-27.510398,-50.112358,1.014137,0.459226,0.1760
0.949353,0.336803,-0.334389,-0.000000,3.146885,1.504185,-38.173504,-27.510398,-50.112358,0.997968,0.459679,0.0430
0.949353,0.336803,-0.334389,-0.000000,2.799692,1.351201,-38.792320,-27.510398,-50.112358,0.990751,0.459624,0.0410
0.949353,0.336803,-0.334389,-0.000000,1.608892,-0.050193,-41.016441,-27.510398,-50.112358,0.974840,0.448785,0.0950
0.949353,0.336803,-0.334389,-0.000000,-0.112420,-0.607185,-53.082645,-27.510398,-50.112358,0.870512,0.444090,0.3400
0.949353,0.336803,-0.334389,-0.000000,-0.017387,-0.872141,-61.426075,-27.510398,-50.112358,0.781454,0.441222,0.2780
1.708835,0.336803,0.504156,0.000000,0.692020,-0.726988,-62.608490,-27.510392,-50.112359,0.976112,0.432646,0.4050
1.708835,0.336803,0.504156,0.000000,-0.133017,0.089249,-63.435497,-27.510392,-50.112359,1.048302,0.429325,0.1420
1.708835,0.336803,0.504156,0.000000,-0.517859,0.755388,-65.473907,-27.510392,-50.112359,1.083467,0.427896,0.0620
1.708835,0.336803,0.504156,0.000000,-1.068701,1.086197,-67.718529,-27.510392,-50.112359,1.113250,0.429153,0.0400
1.708835,0.336803,0.504156,0.000000,-1.068701,1.086197,-67.718529,-27.510392,-50.112359,1.113250,0.429153,0.0550
1.708835,0.336803,0.504156,0.000000,-0.315663,1.071878,-74.908386,-27.510392,-50.112359,1.189589,0.412418,0.0980
1.708835,0.336803,0.504156,0.000000,0.535610,0.542696,-77.953552,-27.510392,-50.112359,1.241510,0.412447,0.0950
1.708835,0.336803,0.504156,0.000000,-0.248363,-0.190061,-80.254715,-27.510392,-50.112359,1.284408,0.412168,0.0780
1.708835,0.336803,0.000000,0.000000,-0.474311,0.126267,-83.001221,-27.510391,-50.112358,1.309463,0.411922,0.0740
1.708835,0.336803,0.000000,0.000000,0.261912,0.494237,-96.647842,-27.510391,-50.112358,1.314954,0.410598,0.2290
1.708835,0.336803,0.000000,0.000000,-0.110091,-0.848698,-120.657700,-27.510391,-50.112358,1.328490,0.409144,0.4060
1.708835,0.336803,0.000000,0.000000,-0.269126,-1.037437,-121.640015,-27.510391,-50.112358,1.330200,0.409011,0.0670
1.708835,0.336803,0.000000,0.000000,0.341298,-0.531918,-122.852592,-27.510391,-50.112358,1.331683,0.408429,0.0400
1.708835,0.336803,0.000000,0.000000,0.005431,-0.430625,-126.511002,-27.510391,-50.112358,1.333684,0.408286,0.0740
1.708835,0.336803,0.000000,0.000000,-0.649242,-1.217033,-129.033859,-27.510391,-50.112358,1.334665,0.408703,0.0400
1.708835,0.336803,0.000000,0.000000,-0.649242,-1.217033,-129.033859,-27.510391,-50.112358,1.334665,0.408703,0.0440
2.848059,-0.673605,0.692776,-0.614441,-0.143181,-0.697549,-137.680634,-27.510381,-50.112367,1.339407,0.388183,0.0650
2.848059,-0.673605,0.692776,-0.614441,0.502640,-0.807911,-141.253906,-27.510381,-50.112367,1.424618,0.318870,0.0940
2.848059,-0.673605,0.692776,-0.614441,-0.097223,-0.705792,-142.159851,-27.510381,-50.112367,1.478057,0.274787,0.0630
2.848059,-0.673605,0.692776,-0.614441,0.047459,-0.756976,-142.865891,-27.510381,-50.112367,1.553692,0.212198,0.0900
2.848059,-0.673605,0.692776,-0.614441,0.949875,-0.396521,-143.198853,-27.510381,-50.112367,1.605577,0.169431,0.0630
2.848059,-0.673605,0.692776,-0.614441,0.624929,-0.598647,-143.465454,-27.510381,-50.112367,1.647094,0.134593,0.0520
2.848059,-0.673605,0.692776,-0.614441,0.081998,-0.758028,-143.672440,-27.510381,-50.112367,1.679623,0.107967,0.0400
2.848059,-0.673605,0.692776,-0.614441,0.066631,-0.757502,-143.682449,-27.510381,-50.112367,1.681216,0.106640,0.0400
2.848059,-0.673605,0.692776,-0.614441,0.066631,-0.757502,-143.682449,-27.510381,-50.112367,1.681216,0.106640,0.0400
2.848059,-0.673605,0.692776,-0.614441,0.066631,-0.757502,-143.682449,-27.510381,-50.112367,1.681216,0.106640,0.0400
2.848059,-0.673605,0.692776,-0.614441,-2.468613,0.083136,-144.204514,-27.510381,-50.112367,1.832113,-0.057594,0.1060
2.848059,-0.673605,0.692776,-0.614441,-2.064450,0.489965,-143.961899,-27.510381,-50.112367,2.090455,-0.244802,0.2790
3.797412,-0.673605,0.879700,0.000000,-0.778649,-0.906815,-143.360992,-27.510372,-50.112366,2.340001,-0.276125,0.2380
3.797412,-0.673605,0.879700,0.000000,-1.125750,-1.033192,-143.119431,-27.510372,-50.112366,2.423890,-0.271770,0.0790
3.797412,-0.673605,0.879700,0.000000,-1.024883,-0.708100,-142.894745,-27.510372,-50.112366,2.503114,-0.271582,0.0740
3.797412,-0.673605,0.879700,0.000000,0.024048,-0.641491,-141.764008,-27.510372,-50.112366,2.830858,-0.272171,0.3360
4.367023,0.336803,0.363795,0.645320,1.590662,0.888393,-149.207458,-27.510368,-50.112359,3.301994,-0.019062,0.4830
4.367023,0.336803,0.363795,0.645320,1.333320,1.176093,-149.333801,-27.510368,-50.112359,3.346985,0.049549,0.1070
4.367023,0.336803,0.363795,0.645320,1.208720,1.039738,-149.289139,-27.510368,-50.112359,3.387058,0.115504,0.0980
4.367023,0.336803,0.363795,0.645320,2.631940,1.077339,-149.216156,-27.510368,-50.112359,3.401573,0.143789,0.0400
4.367023,0.336803,0.363795,0.645320,1.248984,0.637563,-149.055908,-27.510368,-50.112359,3.460422,0.182319,0.0730
4.367023,0.336803,0.363795,0.645320,2.682259,0.206132,-148.243729,-27.510368,-50.112359,3.566573,0.357996,0.2690
4.367023,0.336803,0.000000,0.000000,3.528516,-0.158238,-147.615005,-27.510368,-50.112359,3.572823,0.363712,0.1280
4.367023,0.336803,0.000000,0.000000,4.647519,-0.003066,-145.346405,-27.510368,-50.112359,3.579805,0.362943,0.1990
4.367023,0.336803,0.000000,0.000000,4.374383,0.259848,-143.353760,-27.510368,-50.112359,3.581682,0.361194,0.1660
4.367023,0.336803,0.000000,0.000000,3.966093,0.301530,-143.053345,-27.510368,-50.112359,3.622428,0.363655,0.4520
4.367023,0.336803,0.000000,0.000000,2.035371,2.532732,-143.865463,-27.510368,-50.112359,3.622522,0.362382,0.1950
4.367023,0.336803,0.000000,0.000000,1.825330,2.211407,-144.529999,-27.510368,-50.112359,3.637008,0.362546,0.2430
4.367023,0.336803,0.000000,0.000000,2.205224,1.848894,-144.654144,-27.510368,-50.112359,3.632534,0.359703,0.0400
4.367023,0.336803,0.000000,0.000000,1.045043,0.864569,-144.866196,-27.510368,-50.112359,3.687393,0.382304,0.0580
4.367023,0.336803,0.000000,0.000000,1.881158,-1.634724,-146.980347,-27.510368,-50.112359,3.692596,0.379254,0.2790
7.025211,5.388846,0.838409,1.593446,-0.044295,0.240676,-149.985931,-27.510344,-50.112303,3.882682,0.666114,0.4160
7.025211,5.388846,0.838409,1.593446,-0.260695,0.453272,-150.384399,-27.510344,-50.112303,3.951061,0.793916,0.0670
7.025211,5.388846,0.838409,1.593446,-0.136273,0.489884,-150.606262,-27.510344,-50.112303,3.989668,0.868086,0.0400
7.025211,5.388846,0.838409,1.593446,-0.136273,0.489884,-150.606262,-27.510344,-50.112303,3.989668,0.868086,0.0400
7.025211,5.388846,0.838409,1.593446,-0.136273,0.489884,-150.606262,-27.510344,-50.112303,3.989668,0.868086,0.0410
7.025211,5.388846,0.838409,1.593446,-0.136273,0.489884,-150.606262,-27.510344,-50.112303,3.989668,0.868086,0.0400
7.025211,5.388846,0.838409,1.593446,-1.081092,-0.085717,-155.037842,-27.510344,-50.112303,4.262099,1.251512,0.1350
7.025211,5.388846,0.838409,1.593446,-1.360806,0.269067,-155.512833,-27.510344,-50.112303,4.320981,1.361049,0.0590
7.025211,5.388846,0.838409,1.593446,-1.430156,0.115609,-155.716827,-27.510344,-50.112303,4.358209,1.428525,0.0410
7.025211,5.388846,0.838409,1.593446,-1.430156,0.115609,-155.716827,-27.510344,-50.112303,4.358209,1.428525,0.0400
7.025211,5.388846,0.838409,1.593446,-2.588922,-0.245817,-156.154373,-27.510344,-50.112303,4.428502,1.584298,0.0420
7.025211,5.388846,0.838409,1.593446,-1.033079,0.123840,-156.384369,-27.510344,-50.112303,4.506582,1.708659,0.0810
7.025211,5.388846,0.838409,1.593446,-1.240382,-0.156726,-156.460815,-27.510344,-50.112303,4.553919,1.785991,0.0400
7.025211,5.388846,0.838409,1.593446,-1.252517,-0.162277,-156.465790,-27.510344,-50.112303,4.558397,1.793449,0.0400
7.025211,5.388846,0.838409,1.593446,-2.464294,-0.334419,-156.571884,-27.510344,-50.112303,4.667291,1.999591,0.0810
8.354305,6.399255,1.273660,0.968267,-2.226159,-0.392589,-156.686081,-27.510332,-50.112297,4.739231,2.078342,0.0400
8.354305,6.399255,1.273660,0.968267,-2.226159,-0.392589,-156.686081,-27.510332,-50.112297,4.739231,2.078342,0.0410
8.354305,6.399255,1.273660,0.968267,-2.226159,-0.392589,-156.686081,-27.510332,-50.112297,4.739231,2.078342,0.0400
8.354305,6.399255,1.273660,0.968267,-2.226159,-0.392589,-156.686081,-27.510332,-50.112297,4.739231,2.078342,0.0400
8.354305,6.399255,1.273660,0.968267,-2.226159,-0.392589,-156.686081,-27.510332,-50.112297,4.739231,2.078342,0.0400
8.354305,6.399255,1.273660,0.968267,-2.226159,-0.392589,-156.686081,-27.510332,-50.112297,4.739231,2.078342,0.0400
8.354305,6.399255,1.273660,0.968267,-2.226159,-0.392589,-156.686081,-27.510332,-50.112297,4.739231,2.078342,0.0410
8.354305,6.399255,1.273660,0.968267,-1.175900,0.125164,-158.070663,-27.510332,-50.112297,5.110309,2.538188,0.0920
8.354305,6.399255,1.273660,0.968267,-1.128055,0.300468,-158.372482,-27.510332,-50.112297,5.415055,2.747916,0.1840
8.354305,6.399255,1.273660,0.968267,-0.829749,0.283820,-158.426559,-27.510332,-50.112297,5.540379,2.841178,0.0790
8.354305,6.399255,1.273660,0.968267,-0.657893,0.226787,-158.424911,-27.510332,-50.112297,5.614121,2.896288,0.0460
9.683399,8.420073,1.026161,1.560225,-0.087206,1.103821,-158.196106,-27.510321,-50.112276,6.078288,3.272376,0.3180
9.683399,8.420073,1.026161,1.560225,0.496911,0.784876,-169.627411,-27.510321,-50.112276,6.585673,4.042691,0.4080
9.683399,8.420073,1.026161,1.560225,-0.064583,1.310790,-173.086914,-27.510321,-50.112276,6.651024,4.142470,0.0630
9.683399,8.420073,1.026161,1.560225,0.024697,1.595908,-177.559677,-27.510321,-50.112276,6.749489,4.290872,0.0830
9.683399,8.420073,1.026161,1.560225,-0.107869,1.789523,-179.199783,-27.510321,-50.112276,6.797969,4.363368,0.0400
9.683399,8.420073,1.026161,1.560225,-0.306106,1.631094,-179.500519,-27.510321,-50.112276,6.812410,4.384945,0.0400
9.683399,8.420073,1.026161,1.560225,0.272547,1.413881,179.233810,-27.510321,-50.112276,6.907863,4.540408,0.0410
9.683399,8.420073,1.026161,1.560225,0.342789,1.119287,178.507019,-27.510321,-50.112276,6.982994,4.650172,0.0720
9.683399,8.420073,1.026161,1.560225,0.529859,0.865959,178.142105,-27.510321,-50.112276,7.036365,4.727753,0.0400
9.683399,8.420073,1.026161,1.560225,0.529859,0.865959,178.142105,-27.510321,-50.112276,7.036365,4.727753,0.0400
9.683399,8.420073,1.026161,1.560225,0.529859,0.865959,178.142105,-27.510321,-50.112276,7.036365,4.727753,0.0400
9.683399,8.420073,1.026161,1.560225,0.529859,0.865959,178.142105,-27.510321,-50.112276,7.036365,4.727753,0.0400
9.683399,8.420073,1.026161,1.560225,0.529859,0.865959,178.142105,-27.510310,-50.112261,7.036365,4.727753,0.0400
9.683399,8.420073,1.026161,1.560225,0.529859,0.865959,178.142105,-27.510310,-50.112261,7.036365,4.727753,0.0410
9.683399,8.420073,1.026161,1.560225,0.529859,0.865959,178.142105,-27.510310,-50.112261,7.036365,4.727753,0.0400
9.683399,8.420073,1.026161,1.560225,0.529859,0.865959,178.142105,-27.510310,-50.112261,7.036365,4.727753,0.0400
9.683399,8.420073,1.026161,1.560225,0.529859,0.865959,178.142105,-27.510310,-50.112261,7.036365,4.727753,0.0410
9.683399,8.420073,1.026161,1.560225,0.529859,0.865959,178.142105,-27.510310,-50.112261,7.036365,4.727753,0.0410
9.683399,8.420073,1.026161,1.560225,0.529859,0.865959,178.142105,-27.510310,-50.112261,7.036365,4.727753,0.0400
9.683399,8.420073,1.026161,1.560225,0.529859,0.865959,178.142105,-27.510310,-50.112261,7.036365,4.727753,0.0400
9.683399,8.420073,1.026161,1.560225,0.529859,0.865959,178.142105,-27.510310,-50.112261,7.036365,4.727753,0.0400
9.683399,8.420073,1.026161,1.560225,0.529859,0.865959,178.142105,-27.510310,-50.112261,7.036365,4.727753,0.0400
9.683399,8.420073,1.026161,1.560225,0.529859,0.865959,178.142105,-27.510310,-50.112261,7.036365,4.727753,0.0410
10.822622,9.767284,1.192520,1.410238,-0.514333,2.814750,-174.271759,-27.510310,-50.112261,7.816923,5.967384,0.0430
10.822622,9.767284,1.192520,1.410238,-0.353560,2.470167,-172.360580,-27.510310,-50.112261,7.922905,5.933750,0.0640
10.822622,9.767284,1.192520,1.410238,-0.482156,3.042545,-170.055862,-27.510310,-50.112261,7.986132,5.974835,0.0400
10.822622,9.767284,1.192520,1.410238,-0.482156,3.042545,-170.055862,-27.510310,-50.112261,7.986132,5.974835,0.0400
10.822622,9.767284,1.192520,1.410238,-0.482156,3.042545,-170.055862,-27.510310,-50.112261,7.986132,5.974835,0.0400
10.822622,9.767284,1.192520,1.410238,-0.482156,3.042545,-170.055862,-27.510310,-50.112261,7.986132,5.974835,0.0410
10.822622,9.767284,1.192520,1.410238,-0.482156,3.042545,-170.055862,-27.510310,-50.112261,7.986132,5.974835,0.0400
10.822622,9.767284,1.192520,1.410238,-0.482156,3.042545,-170.055862,-27.510310,-50.112261,7.986132,5.974835,0.0410
10.822622,9.767284,1.192520,1.410238,-0.482156,3.042545,-170.055862,-27.510310,-50.112261,7.986132,5.974835,0.0400
10.822622,9.767284,1.192520,1.410238,-0.482156,3.042545,-170.055862,-27.510310,-50.112261,7.986132,5.974835,0.0410
10.822622,9.767284,1.192520,1.410238,-0.482156,3.042545,-170.055862,-27.510281,-50.112240,7.986132,5.974835,0.0670
14.050423,11.788103,1.992697,1.247562,1.632156,3.000835,-163.077896,-27.510281,-50.112240,8.691237,6.720652,0.0470
14.050423,11.788103,1.992697,1.247562,3.447027,3.197662,-162.169174,-27.510281,-50.112240,8.862385,6.691647,0.0820
14.050423,11.788103,1.992697,1.247562,3.414522,3.262917,-161.222733,-27.510281,-50.112240,9.029027,6.781458,0.0830
14.050423,11.788103,1.992697,1.247562,3.492291,2.817785,-160.994095,-27.510281,-50.112240,9.105822,6.825846,0.0410
14.050423,11.788103,1.992697,1.247562,3.168005,2.441695,-160.816757,-27.510281,-50.112240,9.241345,6.911589,0.0690
14.050423,11.788103,1.992697,1.247562,3.379967,2.279818,-160.744339,-27.510281,-50.112240,9.359245,6.985560,0.0610
14.050423,11.788103,1.992697,1.247562,3.378141,2.377864,-160.748886,-27.510281,-50.112240,9.534291,7.098962,0.0920
14.050423,11.788103,1.992697,1.247562,3.224190,2.248586,-160.846649,-27.510281,-50.112240,9.702271,7.209603,0.0870
14.050423,11.788103,1.992697,1.247562,3.613366,2.739622,-160.920151,-27.510281,-50.112240,9.789641,7.267576,0.0410
14.050423,11.788103,1.992697,1.247562,4.286214,2.853009,-160.935898,-27.510281,-50.112240,9.805836,7.278350,0.0410
14.050423,11.788103,1.992697,1.247562,4.158316,2.747233,-161.086563,-27.510281,-50.112240,10.096754,7.472470,0.0950
14.050423,11.788103,1.992697,1.247562,5.319542,3.609352,-161.042282,-27.510281,-50.112240,10.269249,7.588451,0.0950
14.050423,11.788103,1.992697,1.247562,5.747750,4.077999,-161.056412,-27.510281,-50.112240,10.347608,7.641374,0.0430
14.050423,11.788103,1.992697,1.247562,5.883864,4.294262,-161.268463,-27.510281,-50.112240,10.505266,7.747293,0.0760
15.759258,12.798512,1.939577,1.146844,6.335399,4.251412,-161.495255,-27.510265,-50.112232,10.580519,7.795234,0.0400
15.759258,12.798512,1.939577,1.146844,6.334473,4.237826,-161.556595,-27.510265,-50.112232,10.599563,7.807222,0.0410
15.759258,12.798512,1.939577,1.146844,6.334473,4.237826,-161.556595,-27.510265,-50.112232,10.599563,7.807222,0.0410
15.759258,12.798512,1.939577,1.146844,5.052657,3.169788,-162.543533,-27.510265,-50.112232,11.088826,8.124421,0.0800
15.759258,12.798512,1.939577,1.146844,5.372084,3.006420,-162.649109,-27.510265,-50.112232,11.161876,8.170556,0.1120
15.759258,12.798512,1.939577,1.146844,5.372084,3.006420,-162.649109,-27.510265,-50.112232,11.161876,8.170556,0.0400
15.759258,12.798512,1.939577,1.146844,3.045550,1.549090,-162.057999,-27.510265,-50.112232,11.647929,8.475091,0.0870
15.759258,12.798512,1.939577,1.146844,3.517918,1.594218,-161.903900,-27.510265,-50.112232,11.710607,8.517892,0.0460
15.759258,12.798512,1.939577,1.146844,2.964376,1.384646,-161.777008,-27.510265,-50.112232,11.835207,8.597439,0.0580
15.759258,12.798512,1.939577,1.146844,3.265809,1.517948,-161.750549,-27.510265,-50.112232,11.918018,8.653246,0.0510
15.759258,12.798512,1.939577,1.146844,3.449443,1.437570,-161.749786,-27.510265,-50.112232,11.983755,8.697586,0.0480
15.759258,12.798512,1.939577,1.146844,3.449443,1.437570,-161.749786,-27.510265,-50.112232,11.983755,8.697586,0.0410
15.759258,12.798512,1.939577,1.146844,3.127692,1.651884,-161.700729,-27.510265,-50.112232,12.316536,8.901956,0.0940
15.759258,12.798512,1.939577,1.146844,4.635626,2.650828,-161.759247,-27.510265,-50.112232,12.479938,9.011072,0.0890
15.759258,12.798512,1.939577,1.146844,4.537206,3.608856,-161.828140,-27.510265,-50.112232,12.561369,9.066111,0.0400
15.759258,12.798512,1.939577,1.146844,4.514816,3.646096,-161.841034,-27.510265,-50.112232,12.576483,9.076111,0.0410
16.898481,12.124907,1.727021,-1.021162,4.223776,3.764176,-161.994110,-27.510257,-50.112234,12.859587,9.082807,0.0950
16.898481,12.124907,1.727021,-1.021162,4.074189,3.519283,-161.991898,-27.510257,-50.112234,12.964531,8.972991,0.0660
16.898481,12.124907,1.727021,-1.021162,3.527861,2.977459,-161.906937,-27.510257,-50.112234,13.051629,8.905464,0.0550
16.898481,12.124907,1.727021,-1.021162,2.218806,2.338058,-161.545975,-27.510257,-50.112234,13.221162,8.810965,0.0910
16.898481,12.124907,1.727021,-1.021162,3.233496,2.008555,-160.771255,-27.510257,-50.112234,13.483488,8.652633,0.1510
16.898481,12.124907,1.727021,-1.021162,3.391430,1.760119,-160.588837,-27.510257,-50.112234,13.644925,8.559628,0.0930
16.898481,12.124907,1.727021,-1.021162,3.294347,2.085959,-160.217331,-27.510257,-50.112234,14.204846,8.307456,0.2330
16.898481,12.124907,1.727021,-1.021162,3.074388,2.486150,-160.054855,-27.510257,-50.112234,14.367757,8.238097,0.1530
17.657963,10.440890,0.877715,-1.946177,2.356703,1.621940,-159.582474,-27.510249,-50.112256,14.595665,8.083539,0.1390
17.657963,10.440890,0.877715,-1.946177,2.045077,2.931157,-157.456268,-27.510249,-50.112256,14.815311,7.732265,0.2010
17.657963,10.440890,0.877715,-1.946177,0.960659,2.739441,-155.853989,-27.510249,-50.112256,14.901637,7.595032,0.0800
17.657963,10.440890,0.877715,-1.946177,-2.360542,0.625194,-148.191330,-27.510249,-50.112256,15.352319,6.855071,0.4220
19.556667,7.746464,1.615018,-2.291850,0.911232,0.400773,-151.576843,-27.510230,-50.112284,15.921683,6.076129,0.4350
19.556667,7.746464,1.615018,-2.291850,0.758285,-0.634119,-152.230255,-27.510230,-50.112284,16.013964,5.965334,0.0480
19.556667,7.746464,1.615018,-2.291850,1.986512,-0.347708,-152.723114,-27.510230,-50.112284,16.080122,5.885488,0.0410
19.556667,7.746464,1.615018,-2.291850,1.104426,-0.007236,-154.002365,-27.510230,-50.112284,16.197331,5.755386,0.0710
19.556667,7.746464,1.615018,-2.291850,2.380440,-0.246287,-154.685669,-27.510230,-50.112284,16.293035,5.637666,0.0490
19.556667,7.746464,1.615018,-2.291850,2.006356,-0.067624,-155.128098,-27.510230,-50.112284,16.355542,5.560640,0.0450
19.556667,7.746464,1.615018,-2.291850,2.006356,-0.067624,-155.128098,-27.510230,-50.112284,16.355542,5.560640,0.0400
19.556667,7.746464,1.615018,-2.291850,2.779647,0.300410,-156.361664,-27.510230,-50.112284,16.562897,5.327465,0.0730
19.556667,7.746464,1.615018,-2.291850,2.251750,0.240015,-156.635803,-27.510230,-50.112284,16.639897,5.222076,0.0400
19.556667,7.746464,1.615018,-2.291850,2.125026,0.229532,-156.721832,-27.510230,-50.112284,16.667427,5.185971,0.0470
19.556667,7.746464,1.615018,-2.291850,2.125026,0.229532,-156.721832,-27.510230,-50.112284,16.667427,5.185971,0.0410
19.556667,7.746464,1.615018,-2.291850,1.004139,0.157357,-157.479385,-27.510230,-50.112284,16.983990,4.817796,0.1070
19.556667,7.746464,1.615018,-2.291850,1.456555,0.340841,-157.880432,-27.510230,-50.112284,17.108200,4.656103,0.0740
19.556667,7.746464,1.615018,-2.291850,1.864371,0.480183,-158.070053,-27.510230,-50.112284,17.179940,4.563248,0.0460
19.556667,7.746464,1.615018,-2.291850,2.518442,-0.171663,-158.265167,-27.510202,-50.112268,17.334090,4.369515,0.0890
22.784468,8.756874,2.292747,0.717707,1.586480,0.052644,-158.301880,-27.510202,-50.112268,17.531187,4.453184,0.0730
22.784468,8.756874,2.292747,0.717707,1.022872,0.446242,-158.376816,-27.510202,-50.112268,17.690686,4.536280,0.0630
22.784468,8.756874,2.292747,0.717707,1.686422,1.671169,-158.811737,-27.510202,-50.112268,17.925290,4.640566,0.0920
22.784468,8.756874,2.292747,0.717707,1.863318,1.652653,-159.144455,-27.510202,-50.112268,18.038268,4.692771,0.0410
22.784468,8.756874,2.292747,0.717707,1.846237,2.129969,-159.995316,-27.510202,-50.112268,18.275190,4.791646,0.0930
22.784468,8.756874,2.292747,0.717707,1.244944,2.134542,-160.557968,-27.510202,-50.112268,18.417773,4.841428,0.0410
22.784468,8.756874,2.292747,0.717707,1.657642,2.107433,-161.442627,-27.510202,-50.112268,18.599445,4.911737,0.0770
22.784468,8.756874,2.292747,0.717707,2.185626,2.517998,-162.037415,-27.510202,-50.112268,18.699287,4.953605,0.0410
22.784468,8.756874,2.292747,0.717707,2.185626,2.517998,-162.037415,-27.510202,-50.112268,18.699287,4.953605,0.0400
22.784468,8.756874,2.292747,0.717707,2.185626,2.517998,-162.037415,-27.510202,-50.112268,18.699287,4.953605,0.0400
22.784468,8.756874,2.292747,0.717707,3.050089,2.518167,-164.178604,-27.510202,-50.112268,19.124684,5.041805,0.0660
22.784468,8.756874,2.292747,0.717707,2.947902,2.625176,-164.736877,-27.510202,-50.112268,19.223764,5.083593,0.0450
22.784468,8.756874,2.292747,0.717707,3.835438,3.384757,-165.101944,-27.510202,-50.112268,19.294750,5.111764,0.0790
22.784468,8.756874,2.292747,0.717707,3.835438,3.384757,-165.101944,-27.510202,-50.112268,19.294750,5.111764,0.0400
22.784468,8.756874,2.292747,0.717707,4.010945,3.194014,-165.632248,-27.510202,-50.112268,19.688322,5.245815,0.0510
22.784468,8.756874,2.292747,0.717707,4.036823,2.716697,-165.830292,-27.510202,-50.112268,19.785208,5.273728,0.0560
22.784468,8.756874,0.000000,0.000000,4.540028,3.074287,-165.911194,-27.510202,-50.112268,19.789028,5.275609,0.0410
22.784468,8.756874,0.000000,0.000000,4.527524,3.067245,-165.916351,-27.510202,-50.112268,19.777485,5.272271,0.0740
22.784468,8.756874,0.000000,0.000000,3.352886,2.249995,-165.610779,-27.510202,-50.112268,19.845806,5.307611,0.0890
22.784468,8.756874,0.000000,0.000000,2.894781,1.513654,-165.531921,-27.510202,-50.112268,19.809348,5.296688,0.0410
22.784468,8.756874,0.000000,0.000000,3.510551,2.898933,-165.264282,-27.510202,-50.112268,19.799853,5.299685,0.0840
22.784468,8.756874,0.000000,0.000000,3.998351,2.494849,-164.937698,-27.510202,-50.112268,19.784241,5.296148,0.0400
22.784468,8.756874,0.000000,0.000000,3.621801,2.363964,-164.858185,-27.510202,-50.112268,19.781586,5.295650,0.0400
22.784468,8.756874,0.000000,0.000000,3.618924,1.052459,-164.115997,-27.510202,-50.112268,19.887579,5.351268,0.0410
22.784468,8.756874,0.000000,0.000000,3.220742,-0.456710,-163.674484,-27.510202,-50.112268,19.842259,5.340362,0.0850
22.784468,8.756874,0.000000,0.000000,2.247039,-1.273458,-163.322357,-27.510202,-50.112268,19.820871,5.352388,0.1240
22.784468,8.756874,0.000000,0.000000,1.835760,-1.207005,-163.082993,-27.510202,-50.112268,19.821890,5.370442,0.1110
22.784468,8.756874,0.000000,0.000000,1.102586,-1.088336,-162.938858,-27.510202,-50.112268,19.823468,5.381792,0.0550
22.784468,8.756874,0.000000,0.000000,0.827802,-1.120433,-162.711014,-27.510202,-50.112268,19.831063,5.398160,0.0820
22.784468,8.756874,0.000000,0.000000,0.856802,-1.220524,-162.571655,-27.510202,-50.112268,19.831540,5.408439,0.0420
22.784468,8.756874,0.000000,0.000000,1.069624,-1.017174,-162.491409,-27.510202,-50.112268,19.832150,5.413638,0.0400
22.784468,8.756874,0.000000,0.000000,1.069624,-1.017174,-162.491409,-27.510202,-50.112268,19.832150,5.413638,0.0400
22.784468,8.756874,0.000000,0.000000,1.119254,-0.964511,-161.958939,-27.510202,-50.112268,19.893547,5.421607,0.1150
22.784468,8.756874,0.000000,0.000000,0.261069,-0.935959,-161.959915,-27.510202,-50.112268,19.895692,5.443542,0.0790
22.784468,8.756874,0.000000,0.000000,-0.176330,-0.147653,-162.002701,-27.510202,-50.112268,19.902627,5.460852,0.0730
22.784468,8.756874,0.000000,0.000000,-0.110941,0.032222,-162.034592,-27.510202,-50.112268,19.907472,5.470949,0.0420
22.784468,8.756874,0.000000,0.000000,-0.333527,0.245972,-162.058594,-27.510202,-50.112268,19.910450,5.477792,0.0410
22.784468,8.756874,0.000000,0.000000,-0.075927,0.771455,-162.272369,-27.510202,-50.112268,19.930397,5.482311,0.0830
22.784468,8.756874,0.000000,0.000000,-0.234875,1.157837,-162.679901,-27.510202,-50.112268,19.942187,5.500370,0.0860
22.784468,8.756874,0.000000,0.000000,0.518186,2.052867,-163.081894,-27.510202,-50.112268,19.954464,5.515329,0.0840
22.784468,8.756874,0.000000,0.000000,0.503330,0.769671,-163.239548,-27.510202,-50.112268,19.966619,5.528917,0.0780
22.784468,8.756874,0.000000,0.000000,0.532483,0.088355,-163.197037,-27.510202,-50.112268,19.978055,5.542000,0.0770
22.784468,8.756874,0.000000,0.000000,1.354955,-0.390123,-163.198334,-27.510202,-50.112268,19.984690,5.549822,0.0400
22.784468,8.756874,0.000000,0.000000,1.249877,-0.156804,-163.201721,-27.510202,-50.112268,19.986258,5.551784,0.0410
22.784468,8.756874,0.000000,0.000000,1.249877,-0.156804,-163.201721,-27.510202,-50.112268,19.986258,5.551784,0.0410
22.784468,8.756874,0.000000,0.000000,0.822137,-0.615818,-163.397873,-27.510202,-50.112268,20.015351,5.571772,0.0740
22.784468,8.756874,0.000000,0.000000,1.127175,-0.778026,-163.492737,-27.510202,-50.112268,20.017994,5.581349,0.0530
22.784468,8.756874,0.000000,0.000000,1.868329,-0.752165,-163.891159,-27.510202,-50.112268,20.034984,5.612316,0.1620
22.784468,8.756874,0.000000,0.000000,0.818909,-0.263338,-164.035492,-27.510202,-50.112268,20.039499,5.622953,0.0470
22.784468,8.756874,0.000000,0.000000,-1.042992,0.752390,-164.038010,-27.510202,-50.112268,20.078277,5.670992,0.2770
22.784468,8.756874,0.000000,0.000000,1.989408,-0.478666,-164.812851,-27.510202,-50.112268,20.139294,5.739484,0.4000
22.784468,8.756874,0.000000,0.000000,3.161801,0.458685,-164.940430,-27.510202,-50.112268,20.208635,5.810008,0.4730
22.784468,8.756874,0.000000,0.000000,3.423813,0.735954,-164.911255,-27.510202,-50.112268,20.221219,5.823758,0.0870
22.784468,8.756874,0.000000,0.000000,3.612037,1.071556,-164.883011,-27.510202,-50.112268,20.224618,5.833372,0.0570
22.784468,8.756874,0.000000,0.000000,0.977774,0.856818,-164.949020,-27.510202,-50.112268,20.258837,5.867041,0.2130
22.784468,8.756874,0.000000,0.000000,-0.494671,-0.242841,-169.605896,-27.510202,-50.112268,20.283989,5.888416,0.1320
22.784468,8.756874,0.000000,0.000000,-0.704672,0.549076,-170.824615,-27.510202,-50.112268,20.283615,5.894128,0.0440
22.784468,8.756874,0.000000,0.000000,-0.335331,1.888779,-173.018066,-27.510202,-50.112268,20.332200,5.929769,0.2150
22.784468,8.756874,0.000000,0.000000,0.550185,1.809205,-172.377045,-27.510202,-50.112268,20.349399,5.948810,0.1350
22.784468,8.756874,0.000000,0.000000,0.076628,2.712009,-169.779068,-27.510202,-50.112268,20.357799,5.958197,0.0630
22.784468,8.756874,0.000000,0.000000,0.049358,3.065071,-168.104843,-27.510202,-50.112268,20.362375,5.963094,0.0410
22.784468,8.756874,0.000000,0.000000,-1.069624,2.439401,-166.031464,-27.510202,-50.112268,20.384370,5.993714,0.0920
22.784468,8.756874,0.000000,0.000000,-1.071915,0.886974,-163.432297,-27.510202,-50.112268,20.402107,6.009818,0.1480
22.784468,8.756874,0.000000,0.000000,-0.095265,0.887264,-158.743362,-27.510202,-50.112268,20.412869,6.018701,0.0800
22.784468,8.756874,0.000000,0.000000,0.801407,1.081196,-151.794586,-27.510202,-50.112268,20.463933,6.091180,0.4030
22.784468,8.756874,0.000000,0.000000,2.624744,-0.766177,-151.360504,-27.510202,-50.112268,20.541640,6.185212,0.6580
22.784468,8.756874,0.000000,0.000000,-0.274964,-0.473452,-152.619781,-27.510202,-50.112268,20.619348,6.252170,0.5450
22.784468,8.756874,0.000000,0.000000,-0.072204,-0.059576,-153.070267,-27.510202,-50.112268,20.661383,6.292811,0.3400
44.999325,6.736048,2.658988,-0.241881,0.012261,1.505702,-153.263245,-27.510002,-50.112292,20.837601,6.327111,0.3890
44.999325,6.736048,2.658988,-0.241881,0.064712,0.556405,-153.257233,-27.510002,-50.112292,21.594189,6.285884,0.1990
44.999325,6.736048,2.658988,-0.241881,0.175758,0.372132,-153.232452,-27.510002,-50.112292,22.027369,6.261634,0.1190
44.999325,6.736048,2.658988,-0.241881,-0.010258,0.203802,-153.240799,-27.510002,-50.112292,22.209364,6.249379,0.0430
44.999325,6.736048,2.658988,-0.241881,0.031752,0.323608,-153.221588,-27.510002,-50.112292,22.489169,6.234008,0.0750
44.999325,6.736048,2.658988,-0.241881,0.269105,0.330070,-153.222427,-27.510002,-50.112292,22.684542,6.221503,0.0480
44.999325,6.736048,2.658988,-0.241881,-0.039038,0.248769,-153.205353,-27.510002,-50.112292,23.028505,6.206530,0.0990
44.999325,6.736048,2.658988,-0.241881,0.148745,0.247915,-153.194763,-27.510002,-50.112292,23.559701,6.175725,0.1440
44.999325,6.736048,2.658988,-0.241881,0.054313,0.120725,-153.198700,-27.510002,-50.112292,23.722243,6.165852,0.0410
44.999325,6.736048,2.658988,-0.241881,0.036464,0.063186,-153.187531,-27.510002,-50.112292,24.173382,6.140092,0.1220
39.872818,10.777694,-1.640211,1.293113,0.002080,-0.000569,-153.202026,-27.510048,-50.112252,24.280197,6.367043,0.2290
39.872818,10.777694,-1.640211,1.293113,-0.004040,-0.001562,-153.187683,-27.510048,-50.112252,23.981634,6.924023,0.3840
39.872818,10.777694,-1.640211,1.293113,-0.003497,0.001795,-153.183411,-27.510048,-50.112252,23.761543,7.308986,0.2530
37.594372,11.114497,-1.750665,0.258786,-0.003178,-0.001908,-153.182663,-27.510068,-50.112246,23.355926,7.689201,0.4380
37.594372,11.114497,-1.750665,0.258786,-0.001094,0.001889,-153.177734,-27.510068,-50.112246,22.610308,7.989527,0.7020
21.075628,5.725646,-0.254320,-0.082966,-0.005527,-0.001011,-153.175919,-27.510219,-50.112301,22.512140,7.992271,0.1790
21.075628,5.725646,-0.254320,-0.082966,-0.002061,0.001416,-153.175552,-27.510219,-50.112301,22.488499,7.975598,0.0750
21.075628,5.725646,-0.254320,-0.082966,-0.001422,0.002873,-153.176483,-27.510219,-50.112301,22.411095,7.930772,0.2430
21.075628,5.725646,-0.254320,-0.082966,-0.001376,0.002075,-153.166901,-27.510219,-50.112301,22.245535,7.837495,0.5050
16.138992,4.715237,-0.146159,-0.029915,-0.001213,0.002268,-153.164124,-27.510261,-50.112314,22.075936,7.771431,0.4080
16.138992,4.715237,-0.146159,-0.029915,-0.001035,0.004573,-153.181549,-27.510261,-50.112314,22.016395,7.747722,0.1360
16.138992,4.715237,-0.146159,-0.029915,-0.050637,-0.388283,-154.210617,-27.510261,-50.112314,21.910962,7.704880,0.2490
16.138992,4.715237,-0.146159,-0.029915,-0.009723,-0.182476,-154.249222,-27.510261,-50.112314,21.885028,7.694211,0.0610
16.138992,4.715237,-0.146159,-0.029915,-0.182899,-0.165489,-153.954361,-27.510261,-50.112314,21.848584,7.679951,0.0840
16.138992,4.715237,-0.146159,-0.029915,0.192576,-0.047051,-154.031387,-27.510261,-50.112314,21.817709,7.667161,0.0540
