0.000000,-0.000000,0.000000,0.000000,-0.000361,0.000122,0.073773,-27.510388,-50.112336,-0.000121,0.000185,0.2280
0.000000,-0.000000,0.000000,0.000000,0.000246,-0.000127,0.074668,-27.510388,-50.112336,-0.000102,0.000157,0.0410
0.000000,-0.000000,0.000000,0.000000,-0.002471,0.002358,0.075318,-27.510388,-50.112336,-0.000087,0.000134,0.0430
0.000000,-0.000000,0.000000,0.000000,-0.000194,-0.000107,0.075595,-27.510388,-50.112336,-0.000076,0.000117,0.0420
0.189871,-0.000000,0.087456,0.000000,0.000206,0.000078,0.075722,-27.510386,-50.112334,0.001730,0.000104,0.0430
0.189871,-0.000000,0.087456,0.000000,0.000180,0.000552,0.076746,-27.510386,-50.112334,0.022049,0.000093,0.0450
0.189871,-0.000000,0.087456,0.000000,0.000014,0.000029,0.078312,-27.510386,-50.112334,0.037857,0.000085,0.0400
0.189871,-0.000000,0.087456,0.000000,0.000126,0.000115,0.079822,-27.510386,-50.112334,0.051594,0.000077,0.0410
0.189871,-0.000000,0.087456,0.000000,0.000896,0.000563,0.080128,-27.510386,-50.112334,0.064124,0.000071,0.0410
0.189871,-0.000000,0.087456,0.000000,-0.000418,0.001086,0.079660,-27.510386,-50.112334,0.074767,0.000065,0.0410
0.189871,-0.000000,0.087456,0.000000,-0.000590,-0.000172,0.079127,-27.510386,-50.112334,0.084368,0.000060,0.0400
0.189871,-0.000000,0.087456,0.000000,0.000584,-0.000177,0.079395,-27.510386,-50.112334,0.093414,0.000055,0.0410
0.189871,-0.000000,0.087456,0.000000,0.000956,0.000358,0.079602,-27.510386,-50.112334,0.102289,0.000051,0.0410
0.189871,-0.000000,0.087456,0.000000,0.000052,-0.000254,0.080604,-27.510386,-50.112334,0.109542,0.000048,0.0400
0.189871,-0.000000,0.087456,0.000000,-0.001113,-0.000272,0.081536,-27.510386,-50.112334,0.116765,0.000045,0.0420
0.189871,-0.000000,0.087456,0.000000,-0.000010,-0.000008,0.082016,-27.510386,-50.112334,0.122749,0.000043,0.0400
0.189871,-0.000000,0.087456,0.000000,0.000054,0.000025,0.083095,-27.510386,-50.112334,0.128851,0.000040,0.0410
0.189871,-0.000000,0.087456,0.000000,-0.000114,-0.000671,0.084149,-27.510386,-50.112334,0.134534,0.000038,0.0400
0.189871,-0.000000,0.087456,0.000000,0.000126,-0.000603,0.085474,-27.510386,-50.112334,0.139901,0.000037,0.0440
0.189871,-0.000000,0.087456,0.000000,-0.000094,-0.0006,0.086190,-27.510386,-50.112334,0.145050,0.000035,0.0410
0.189871,-0.000000,0.087456,0.000000,-0.000048,0.000052,0.086626,-27.510386,-50.112334,0.149740,0.000034,0.0410
0.189871,-0.000000,0.087456,0.000000,-0.000543,-0.003255,0.086923,-27.510386,-50.112334,0.154644,0.000033,0.0410
0.189871,-0.000000,0.087456,0.000000,0.000149,-0.000092,0.086997,-27.510386,-50.112334,0.159537,0.000031,0.0450
0.189871,-0.000000,0.087456,0.000000,0.000552,-0.000991,0.086614,-27.510386,-50.112334,0.163780,0.000030,0.0420
0.189871,-0.000000,0.087456,0.000000,-0.000586,0.000897,0.084892,-27.510386,-50.112334,0.167937,0.000029,0.0410
0.189871,-0.000000,0.087456,0.000000,0.000007,-0.000101,0.083903,-27.510386,-50.112334,0.171658,0.000028,0.0400
0.189871,-0.000000,0.087456,0.000000,-0.000284,0.000020,0.083691,-27.510386,-50.112334,0.175666,0.000028,0.0410
-0.000000,0.336803,-0.078317,0.138923,-0.000113,-0.000044,0.084086,-27.510386,-50.112332,0.182341,0.000594,0.0800
-0.000000,0.336803,-0.078317,0.138923,0.002183,-0.000344,0.083626,-27.510386,-50.112332,0.176443,0.013402,0.0400
-0.000000,0.336803,-0.078317,0.138923,0.000920,0.000552,0.082932,-27.510386,-50.112332,0.170629,0.025744,0.0410
-0.000000,0.336803,-0.078317,0.138923,0.000036,0.000082,0.082309,-27.510386,-50.112332,0.164778,0.038190,0.0410
-0.000000,0.336803,-0.078317,0.138923,-0.000369,0.000077,0.082214,-27.510386,-50.112332,0.159243,0.049690,0.0410
-0.000000,0.336803,-0.078317,0.138923,-0.002447,0.003561,0.081930,-27.510386,-50.112332,0.153613,0.061305,0.0420
-0.000000,0.336803,-0.078317,0.138923,0.004305,-0.004636,0.081831,-27.510386,-50.112332,0.147889,0.073018,0.0410
-0.000000,0.336803,-0.078317,0.138923,0.002279,-0.000586,0.082692,-27.510386,-50.112332,0.141839,0.085225,0.0410
-0.000000,0.336803,-0.078317,0.138923,0.000385,0.000430,0.082439,-27.510386,-50.112332,0.136574,0.095692,0.0410
-0.000000,0.336803,-0.078317,0.138923,0.002993,-0.000924,0.081935,-27.510386,-50.112332,0.127868,0.113044,0.0730
-0.000000,0.336803,-0.078317,0.138923,-0.001834,0.001127,0.081615,-27.510386,-50.112332,0.123103,0.122441,0.0420
-0.000000,0.336803,-0.078317,0.138923,-0.000185,-0.000076,0.081317,-27.510386,-50.112332,0.117614,0.133104,0.0460
-0.000000,0.336803,-0.078317,0.138923,-0.000264,-0.000442,0.080766,-27.510386,-50.112332,0.112831,0.142343,0.0430
-0.000000,0.336803,-0.078317,0.138923,0.000535,0.000138,0.079906,-27.510386,-50.112332,0.107544,0.152527,0.0470
-0.000000,0.336803,-0.078317,0.138923,0.000115,-0.000315,0.079552,-27.510386,-50.112332,0.102386,0.162290,0.0460
-0.000000,0.336803,-0.078317,0.138923,0.000587,0.000011,0.078946,-27.510386,-50.112332,0.097317,0.171879,0.0470
-0.000000,0.336803,-0.078317,0.138923,-0.000404,0.000237,0.079467,-27.510386,-50.112332,0.092722,0.180502,0.0440
-0.000000,0.336803,-0.078317,0.138923,-0.001104,-0.000875,0.079685,-27.510386,-50.112332,0.088023,0.189287,0.0440
-0.000000,0.336803,-0.078317,0.138923,-0.000460,-0.000545,0.079103,-27.510386,-50.112332,0.082857,0.198929,0.0510
-0.000000,0.336803,-0.078317,0.138923,0.000168,-0.000046,0.079525,-27.510386,-50.112332,0.078660,0.206715,0.0430
-0.000000,0.336803,-0.078317,0.138923,-0.000254,0.000237,0.079817,-27.510386,-50.112332,0.074202,0.214931,0.0450
-0.000000,0.336803,-0.078317,0.138923,-0.000616,-0.000239,0.080750,-27.510386,-50.112332,0.069781,0.223078,0.0440
-0.000000,0.336803,-0.078317,0.138923,0.001432,-0.000347,0.081229,-27.510386,-50.112332,0.065467,0.230964,0.0450
-0.000000,-0.000000,0.000000,-0.072022,-0.000162,0.000960,0.082672,-27.510387,-50.112334,0.063585,0.225301,0.0510
-0.000000,-0.000000,0.000000,-0.072022,-0.000384,-0.0002,0.082727,-27.510387,-50.112334,0.061949,0.220005,0.0460
-0.000000,-0.000000,0.000000,-0.072022,0.000349,0.000014,0.083099,-27.510387,-50.112334,0.060463,0.214908,0.0440
-0.000000,-0.000000,0.000000,-0.072022,-0.000077,0.000206,0.083387,-27.510387,-50.112334,0.058926,0.209457,0.0470
-0.000000,-0.000000,0.000000,-0.072022,0.000159,-0.000201,0.082649,-27.510387,-50.112334,0.056425,0.200044,0.0840
-0.000000,-0.000000,0.000000,-0.072022,0.000796,0.000064,0.083186,-27.510387,-50.112334,0.055122,0.194616,0.0470
-0.000000,-0.000000,0.000000,-0.072022,-0.001056,0.000016,0.084775,-27.510387,-50.112334,0.053907,0.189461,0.0470
-0.000000,-0.000000,0.000000,-0.072022,0.000178,0.005360,0.086226,-27.510387,-50.112334,0.052723,0.184124,0.0470
-0.000000,-0.000000,0.000000,-0.072022,-0.000000,-0.000051,0.086429,-27.510387,-50.112334,0.051526,0.178673,0.0480
-0.000000,-0.000000,0.000000,-0.072022,-0.000312,-0.000319,0.086096,-27.510387,-50.112334,0.050468,0.173198,0.0480
-0.000000,-0.000000,0.000000,-0.072022,-0.001112,0.001134,0.085347,-27.510387,-50.112334,0.049438,0.168033,0.0470
-0.000000,-0.000000,0.000000,-0.072022,0.000579,0.001023,0.085041,-27.510387,-50.112334,0.048476,0.163116,0.0460
-0.000000,-0.000000,0.000000,-0.072022,-0.000693,0.000037,0.085298,-27.510387,-50.112334,0.047627,0.158425,0.0430
-0.000000,-0.000000,0.000000,-0.072022,0.001639,0.001266,0.086131,-27.510387,-50.112334,0.046645,0.153051,0.0500
-0.000000,-0.000000,0.000000,-0.072022,-0.000771,0.000304,0.085825,-27.510387,-50.112334,0.045864,0.148479,0.0430
-0.000000,-0.000000,0.000000,-0.072022,0.000585,-0.000749,0.084925,-27.510387,-50.112334,0.045041,0.143599,0.0470
-0.000000,-0.000000,0.000000,-0.072022,0.002099,0.002656,0.085405,-27.510387,-50.112334,0.044237,0.138766,0.0460
-0.000000,-0.000000,0.000000,-0.072022,-0.000083,0.000057,0.087517,-27.510387,-50.112334,0.043477,0.134004,0.0460
-0.000000,-0.000000,0.000000,-0.072022,0.000004,0.000906,0.088639,-27.510387,-50.112334,0.042733,0.129281,0.0470
-0.000000,-0.000000,0.000000,-0.072022,-0.000333,0.000692,0.089010,-27.510387,-50.112334,0.042016,0.124610,0.0470
-0.569612,0.336803,-0.212556,0.125681,0.000401,-0.002027,0.089384,-27.510391,-50.112333,0.034381,0.125631,0.0440
-0.569612,0.336803,-0.212556,0.125681,-0.000038,-0.000145,0.089581,-27.510391,-50.112333,0.018712,0.132684,0.0460
-0.569612,0.336803,-0.212556,0.125681,-0.000747,0.000758,0.089256,-27.510391,-50.112333,-0.006875,0.144274,0.0770
-0.569612,0.336803,-0.212556,0.125681,-0.000329,0.000397,0.090334,-27.510391,-50.112333,-0.022135,0.151249,0.0460
-0.569612,0.336803,-0.212556,0.125681,0.000895,-0.000812,0.093457,-27.510391,-50.112333,-0.053792,0.165880,0.0490
-0.569612,0.336803,-0.212556,0.125681,-0.000912,0.000500,0.093796,-27.510391,-50.112333,-0.068543,0.172750,0.0450
-0.569612,0.336803,-0.212556,0.125681,0.000042,-0.000023,0.094181,-27.510391,-50.112333,-0.084780,0.180357,0.0510
-0.569612,0.336803,-0.212556,0.125681,-0.000678,-0.000614,0.094774,-27.510391,-50.112333,-0.099572,0.187334,0.0470
-0.569612,0.336803,-0.212556,0.125681,0.000655,0.000229,0.096221,-27.510391,-50.112333,-0.114277,0.194293,0.0460
-0.569612,0.336803,-0.212556,0.125681,0.000525,0.000306,0.097378,-27.510391,-50.112333,-0.128243,0.200932,0.0450
-0.569612,0.336803,-0.212556,0.125681,-0.000070,-0.000044,0.099568,-27.510391,-50.112333,-0.142723,0.207841,0.0480
-0.569612,0.336803,-0.212556,0.125681,-0.000236,0.000150,0.101505,-27.510391,-50.112333,-0.168625,0.220274,0.0840
-0.569612,0.336803,-0.212556,0.125681,0.000794,-0.000073,0.101339,-27.510391,-50.112333,-0.181418,0.226443,0.0440
-0.569612,0.336803,-0.212556,0.125681,0.000483,-0.000101,0.102315,-27.510391,-50.112333,-0.195151,0.233089,0.0480
-0.569612,0.336803,-0.212556,0.125681,-0.000418,-0.000500,0.104012,-27.510391,-50.112333,-0.208332,0.239491,0.0440
-0.569612,0.336803,-0.212556,0.125681,-0.001394,-0.002704,0.104643,-27.510391,-50.112333,-0.223209,0.246739,0.0530
-0.569612,0.336803,-0.212556,0.125681,0.000118,0.000512,0.104771,-27.510391,-50.112333,-0.235563,0.252780,0.0440
-0.569612,0.336803,-0.212556,0.125681,0.000702,0.000493,0.104916,-27.510391,-50.112333,-0.247267,0.258519,0.0420
-0.569612,0.336803,-0.212556,0.125681,0.000153,-0.000662,0.106897,-27.510391,-50.112333,-0.260258,0.264904,0.0480
-0.759482,0.336803,-0.195489,-0.000000,0.000774,-0.000007,0.107641,-27.510392,-50.112333,-0.275413,0.269275,0.0520
-0.759482,0.336803,-0.195489,-0.000000,0.001082,-0.000135,0.108409,-27.510392,-50.112333,-0.289051,0.270635,0.0470
-0.759482,0.336803,-0.195489,-0.000000,-0.001769,0.001877,0.108904,-27.510392,-50.112333,-0.302358,0.271854,0.0450
-0.759482,0.336803,-0.195489,-0.000000,0.000219,-0.000195,0.108640,-27.510392,-50.112333,-0.316972,0.273135,0.0490
-0.759482,0.336803,-0.195489,-0.000000,0.000391,0.000236,0.107718,-27.510392,-50.112333,-0.330474,0.274301,0.0470
-0.759482,0.336803,-0.195489,-0.000000,-0.000041,0.000158,0.107870,-27.510392,-50.112333,-0.344343,0.275469,0.0490
-0.759482,0.336803,-0.195489,-0.000000,0.000022,-0.000529,0.108371,-27.510392,-50.112333,-0.357149,0.276531,0.0470
-0.759482,0.336803,-0.195489,-0.000000,0.000070,-0.000109,0.108410,-27.510392,-50.112333,-0.370856,0.277646,0.0490
-0.759482,0.336803,-0.195489,-0.000000,0.000632,0.000246,0.108225,-27.510392,-50.112333,-0.382842,0.278560,0.0450
-0.759482,0.336803,-0.195489,-0.000000,-0.000803,-0.000672,0.108904,-27.510392,-50.112333,-0.396237,0.279574,0.0490
-0.759482,0.336803,-0.195489,-0.000000,0.003778,-0.002085,0.110158,-27.510392,-50.112333,-0.409297,0.280494,0.0490
-0.759482,0.336803,-0.195489,-0.000000,-0.000037,0.000124,0.109684,-27.510392,-50.112333,-0.421019,0.281251,0.0450
-0.759482,0.336803,-0.195489,-0.000000,0.000370,0.000961,0.110155,-27.510392,-50.112333,-0.434282,0.282141,0.0500
-0.759482,0.336803,-0.195489,-0.000000,0.005031,-0.002872,0.110868,-27.510392,-50.112333,-0.445236,0.282806,0.0420
-0.759482,0.336803,-0.195489,-0.000000,-0.000289,0.001527,0.110324,-27.510392,-50.112333,-0.457902,0.283628,0.0510
-0.759482,0.336803,-0.195489,-0.000000,-0.001048,0.000487,0.109378,-27.510392,-50.112333,-0.469096,0.284282,0.0440
-0.759482,0.336803,-0.195489,-0.000000,-0.000591,0.000304,0.109352,-27.510392,-50.112333,-0.479759,0.284940,0.0430
-0.759482,0.336803,-0.195489,-0.000000,-0.001188,0.000364,0.110673,-27.510392,-50.112333,-0.491385,0.285612,0.0470
-0.759482,0.336803,-0.195489,-0.000000,-0.000461,-0.000180,0.110732,-27.510392,-50.112333,-0.507228,0.286511,0.0650
-0.759482,0.336803,-0.195489,-0.000000,0.000027,0.001081,0.111306,-27.510392,-50.112333,-0.526373,0.287568,0.0790
-0.949353,0.336803,-0.231500,-0.000000,-0.000404,-0.000300,0.110727,-27.510395,-50.112333,-0.536406,0.288086,0.0410
-0.949353,0.336803,-0.231500,-0.000000,0.002387,0.002016,0.110795,-27.510395,-50.112333,-0.551164,0.288676,0.0480
-0.949353,0.336803,-0.231500,-0.000000,-0.001790,-0.002294,0.111272,-27.510395,-50.112333,-0.564267,0.289191,0.0460
-0.949353,0.336803,-0.231500,-0.000000,-0.000181,0.000129,0.112248,-27.510395,-50.112333,-0.578384,0.289738,0.0480
-0.949353,0.336803,-0.231500,-0.000000,-0.000835,0.000703,0.113610,-27.510395,-50.112333,-0.592542,0.290257,0.0470
-0.949353,0.336803,-0.231500,-0.000000,-0.000087,0.000062,0.114482,-27.510395,-50.112333,-0.606956,0.290793,0.0500
-0.949353,0.336803,-0.231500,-0.000000,-0.000261,0.000241,0.114516,-27.510395,-50.112333,-0.620137,0.291268,0.0460
-0.949353,0.336803,-0.231500,-0.000000,-0.000889,0.001421,0.114364,-27.510395,-50.112333,-0.634440,0.291763,0.0510
-0.949353,0.336803,-0.231500,-0.000000,0.000295,-0.000010,0.115669,-27.510395,-50.112333,-0.647925,0.292232,0.0470
-0.949353,0.336803,-0.231500,-0.000000,0.003492,-0.004288,0.117085,-27.510395,-50.112333,-0.660218,0.292648,0.0440
-0.949353,0.336803,-0.231500,-0.000000,0.003295,0.000739,0.118565,-27.510395,-50.112333,-0.672204,0.293041,0.0440
-0.949353,0.336803,-0.231500,-0.000000,0.000622,-0.000749,0.119712,-27.510395,-50.112333,-0.685477,0.293469,0.0470
-0.949353,0.336803,-0.231500,-0.000000,-0.000588,-0.0006,0.120974,-27.510395,-50.112333,-0.697784,0.293862,0.0460
-0.949353,0.336803,-0.231500,-0.000000,0.000449,-0.000506,0.122150,-27.510395,-50.112333,-0.710199,0.294256,0.0460
-0.949353,0.336803,-0.231500,-0.000000,-0.000454,0.001089,0.122879,-27.510395,-50.112333,-0.722303,0.294631,0.0440
-0.949353,0.336803,-0.231500,-0.000000,-0.000331,-0.000107,0.123146,-27.510395,-50.112333,-0.734004,0.294991,0.0450
-0.949353,0.336803,-0.231500,-0.000000,-0.000781,-0.003294,0.122004,-27.510395,-50.112333,-0.747457,0.295397,0.0480
-0.949353,0.336803,-0.231500,-0.000000,0.000306,-0.000286,0.121834,-27.510395,-50.112333,-0.759773,0.295762,0.0490
-0.949353,0.336803,-0.231500,-0.000000,0.000031,0.000080,0.122333,-27.510395,-50.112333,-0.770685,0.296082,0.0430
-0.949353,0.336803,-0.231500,-0.000000,-0.000171,-0.001193,0.124379,-27.510395,-50.112333,-0.783316,0.296447,0.0470
-0.949353,0.336803,-0.231500,-0.000000,0.000749,-0.001006,0.126237,-27.510395,-50.112333,-0.794844,0.296775,0.0470
-0.949353,0.336803,-0.231500,-0.000000,-0.000025,-0.001101,0.127103,-27.510395,-50.112333,-0.806781,0.297111,0.0470
-1.139224,-0.000000,-0.101054,-0.179255,0.000067,-0.000091,0.127705,-27.510396,-50.112333,-0.814908,0.290751,0.0430
-1.139224,-0.000000,-0.101054,-0.179255,0.000413,0.000208,0.128848,-27.510396,-50.112333,-0.822978,0.280749,0.0480
-1.139224,-0.000000,-0.101054,-0.179255,0.000320,-0.000353,0.130324,-27.510396,-50.112333,-0.829596,0.272216,0.0420
-1.139224,-0.000000,-0.101054,-0.179255,-0.000344,-0.001183,0.131644,-27.510396,-50.112333,-0.837580,0.261937,0.0500
-1.139224,-0.000000,-0.101054,-0.179255,0.000775,-0.000961,0.133225,-27.510396,-50.112333,-0.845450,0.251703,0.0510
-1.139224,-0.000000,-0.101054,-0.179255,0.001271,-0.000049,0.133736,-27.510396,-50.112333,-0.852628,0.242507,0.0450
-1.139224,-0.000000,-0.101054,-0.179255,-0.002495,-0.000531,0.135649,-27.510396,-50.112333,-0.872042,0.216656,0.0500
-1.139224,-0.000000,-0.101054,-0.179255,0.000129,-0.000064,0.136685,-27.510396,-50.112333,-0.878879,0.207568,0.0450
-1.139224,-0.000000,-0.101054,-0.179255,-0.000974,-0.000284,0.136568,-27.510396,-50.112333,-0.884877,0.199325,0.0420
-1.139224,-0.000000,-0.101054,-0.179255,0.000100,-0.000463,0.137555,-27.510396,-50.112333,-0.891402,0.190387,0.0460
-1.139224,-0.000000,-0.101054,-0.179255,0.000053,-0.000236,0.139253,-27.510396,-50.112333,-0.898299,0.181031,0.0470
-1.139224,-0.000000,-0.101054,-0.179255,0.003201,-0.001488,0.139561,-27.510396,-50.112333,-0.909875,0.164980,0.0820
-1.139224,-0.000000,-0.101054,-0.179255,0.000096,0.000967,0.139945,-27.510396,-50.112333,-0.915719,0.156821,0.0420
-1.139224,-0.000000,-0.101054,-0.179255,-0.001369,0.001280,0.140605,-27.510396,-50.112333,-0.921913,0.148075,0.0460
-1.139224,-0.000000,-0.101054,-0.179255,0.000074,0.000059,0.141158,-27.510396,-50.112333,-0.928320,0.139007,0.0470
-1.139224,-0.000000,-0.101054,-0.179255,0.000121,-0.000195,0.140606,-27.510396,-50.112333,-0.935200,0.129257,0.0500
-1.139224,-0.000000,-0.101054,-0.179255,-0.000534,-0.000424,0.141244,-27.510396,-50.112333,-0.941068,0.120768,0.0440
-1.139224,-0.000000,-0.101054,-0.179255,0.000412,-0.000288,0.142887,-27.510396,-50.112333,-0.947677,0.111242,0.0510
-1.139224,-0.000000,0.000000,0.000000,0.000986,-0.000228,0.143885,-27.510396,-50.112333,-0.953360,0.103308,0.0460
-1.139224,-0.000000,0.000000,0.000000,0.000339,-0.000620,0.144618,-27.510396,-50.112333,-0.954889,0.102270,0.0410
-1.139224,-0.000000,0.000000,0.000000,-0.000325,-0.004294,0.145319,-27.510396,-50.112333,-0.956743,0.101004,0.0500
-1.139224,-0.000000,0.000000,0.000000,-0.000444,0.000026,0.144974,-27.510396,-50.112333,-0.958373,0.099893,0.0460
-1.139224,-0.000000,0.000000,0.000000,-0.000368,-0.000600,0.145017,-27.510396,-50.112333,-0.959958,0.098822,0.0440
-1.139224,-0.000000,0.000000,0.000000,0.001131,0.000358,0.146157,-27.510396,-50.112333,-0.961413,0.097853,0.0430
-1.139224,-0.000000,0.000000,0.000000,0.000058,-0.000015,0.147255,-27.510396,-50.112333,-0.963167,0.096641,0.0500
-1.139224,-0.000000,0.000000,0.000000,-0.000095,0.000589,0.147755,-27.510396,-50.112333,-0.964624,0.095661,0.0450
-1.139224,-0.000000,0.000000,0.000000,-0.000219,0.000276,0.148455,-27.510396,-50.112333,-0.965957,0.094795,0.0420
-1.139224,-0.000000,0.000000,0.000000,-0.000505,-0.000117,0.148636,-27.510396,-50.112333,-0.967332,0.093901,0.0450
-1.139224,-0.000000,0.000000,0.000000,0.000042,-0.000392,0.149758,-27.510396,-50.112333,-0.968885,0.092863,0.0500
-1.139224,-0.000000,0.000000,0.000000,-0.000171,-0.000085,0.150888,-27.510396,-50.112333,-0.970252,0.091983,0.0470
-1.139224,-0.000000,0.000000,0.000000,0.000984,0.000541,0.152043,-27.510396,-50.112333,-0.971517,0.091164,0.0440
-1.139224,-0.000000,0.000000,0.000000,0.001141,0.000487,0.153195,-27.510396,-50.112333,-0.972693,0.090443,0.0450
-1.139224,-0.000000,0.000000,0.000000,0.000078,0.000492,0.152971,-27.510396,-50.112333,-0.973906,0.089682,0.0450
-1.139224,-0.000000,0.000000,0.000000,-0.001104,-0.000157,0.153603,-27.510396,-50.112333,-0.976087,0.088353,0.0850
-1.139224,-0.000000,0.000000,0.000000,-0.000345,0.000133,0.153767,-27.510396,-50.112333,-0.977230,0.087647,0.0450
-1.139224,-0.000000,0.000000,0.000000,-0.000228,-0.004474,0.154263,-27.510396,-50.112333,-0.978284,0.086992,0.0420
-1.139224,-0.000000,0.000000,0.000000,0.000197,0.000298,0.155916,-27.510396,-50.112333,-0.979433,0.086286,0.0460
-1.139224,-0.000000,0.000000,0.000000,0.000524,-0.000612,0.157974,-27.510396,-50.112333,-0.980621,0.085568,0.0510
-1.139224,-0.000000,0.000000,0.000000,0.002978,0.001748,0.159221,-27.510396,-50.112333,-0.981771,0.084867,0.0490
-1.139224,-0.000000,0.000000,0.000000,0.001025,0.000123,0.158525,-27.510396,-50.112333,-0.982785,0.084249,0.0450
-1.139224,-0.000000,0.000000,0.000000,-0.000247,0.000643,0.158712,-27.510396,-50.112333,-0.983886,0.083586,0.0480
-1.139224,-0.000000,0.000000,0.000000,-0.001814,0.001950,0.159268,-27.510396,-50.112333,-0.984828,0.083031,0.0440
-1.139224,-0.000000,0.000000,0.000000,0.001216,-0.000148,0.159554,-27.510396,-50.112333,-0.985977,0.082341,0.0520
-1.139224,-0.000000,0.000000,0.000000,0.000157,0.000068,0.161500,-27.510396,-50.112333,-0.986944,0.081781,0.0480
-1.139224,-0.000000,0.000000,0.000000,-0.000235,0.000113,0.163192,-27.510396,-50.112333,-0.987845,0.081241,0.0430
-1.139224,-0.000000,0.000000,0.000000,-0.000156,0.000242,0.164761,-27.510396,-50.112333,-0.988870,0.080631,0.0470
-1.139224,-0.000000,0.000000,0.000000,-0.000337,0.000019,0.168012,-27.510396,-50.112333,-0.990382,0.079759,0.0780
-1.139224,-0.000000,0.000000,0.000000,0.000345,0.000930,0.169262,-27.510396,-50.112333,-0.991280,0.079235,0.0460
-1.139224,-0.000000,0.000000,0.000000,-0.003029,-0.001978,0.169977,-27.510396,-50.112333,-0.992182,0.078718,0.0460
-1.139224,-0.000000,0.000000,0.000000,0.000176,0.000267,0.171020,-27.510396,-50.112333,-0.993069,0.078210,0.0460
-1.139224,-0.000000,0.000000,0.000000,0.000057,-0.000001,0.171800,-27.510396,-50.112333,-0.993887,0.077741,0.0460
-1.139224,-0.000000,0.000000,0.000000,-0.000272,-0.000309,0.172367,-27.510396,-50.112333,-0.994855,0.077186,0.0530
-1.139224,-0.000000,0.000000,0.000000,-0.000203,-0.000007,0.173554,-27.510396,-50.112333,-0.995666,0.076729,0.0440
-1.139224,-0.000000,0.000000,0.000000,-0.000351,0.000314,0.173585,-27.510396,-50.112333,-0.996466,0.076279,0.0450
-1.139224,-0.000000,0.000000,0.000000,0.000398,0.000713,0.173560,-27.510396,-50.112333,-0.997256,0.075836,0.0450
-1.139224,-0.000000,0.000000,0.000000,0.000372,0.001117,0.173821,-27.510396,-50.112333,-0.998089,0.075372,0.0480
-1.139224,-0.000000,0.000000,0.000000,0.000081,0.000031,0.175460,-27.510396,-50.112333,-0.998880,0.074934,0.0470
-1.139224,-0.000000,0.000000,0.000000,-0.000902,-0.000305,0.177328,-27.510396,-50.112333,-0.999745,0.074456,0.0500
-1.139224,-0.000000,0.000000,0.000000,0.000559,-0.000011,0.178799,-27.510396,-50.112333,-1.000473,0.074048,0.0450
-1.139224,-0.000000,0.000000,0.000000,0.000351,-0.000582,0.179449,-27.510396,-50.112333,-1.001182,0.073656,0.0420
-1.139224,-0.000000,0.000000,0.000000,-0.000051,0.000166,0.177845,-27.510396,-50.112333,-1.002504,0.072922,0.0830
-1.139224,-0.000000,0.000000,0.000000,-0.000274,0.001101,0.177196,-27.510396,-50.112333,-1.003249,0.072510,0.0460
-1.139224,-0.000000,0.000000,0.000000,-0.000718,-0.0009,0.177122,-27.510396,-50.112333,-1.003984,0.072104,0.0490
-1.139224,-0.000000,0.000000,0.000000,0.000023,0.000074,0.177949,-27.510396,-50.112333,-1.004733,0.071695,0.0460
-1.139224,-0.000000,0.000000,0.000000,0.000265,-0.000881,0.179328,-27.510396,-50.112333,-1.005500,0.071274,0.0510
-1.139224,-0.000000,0.000000,0.000000,0.000760,-0.000249,0.180481,-27.510396,-50.112333,-1.006203,0.070891,0.0460
-1.139224,-0.000000,0.000000,0.000000,-0.000124,-0.000308,0.180309,-27.510396,-50.112333,-1.006834,0.070542,0.0440
-1.139224,-0.000000,0.000000,0.000000,-0.000009,0.002285,0.180367,-27.510396,-50.112333,-1.007528,0.070163,0.0460
-1.139224,-0.000000,0.000000,0.000000,0.000011,-0.000027,0.180519,-27.510396,-50.112333,-1.008160,0.069818,0.0450
-1.139224,-0.000000,0.000000,0.000000,-0.000148,-0.000372,0.181983,-27.510396,-50.112333,-1.008886,0.069423,0.0490
-1.139224,-0.000000,0.000000,0.000000,0.000450,-0.000916,0.182508,-27.510396,-50.112333,-1.009552,0.069062,0.0460
-1.139224,-0.000000,0.000000,0.000000,-0.001567,-0.003603,0.183315,-27.510396,-50.112333,-1.010186,0.068720,0.0450
-1.139224,-0.000000,0.000000,0.000000,0.000342,-0.000835,0.183516,-27.510396,-50.112333,-1.010771,0.068401,0.0420
-1.139224,-0.000000,0.000000,0.000000,-0.004271,0.006805,0.184438,-27.510396,-50.112333,-1.011489,0.068013,0.0510
-1.139224,-0.000000,0.000000,0.000000,-0.000465,0.001060,0.184743,-27.510396,-50.112333,-1.012108,0.067678,0.0460
-1.139224,-0.000000,0.000000,0.000000,0.000587,-0.000669,0.185704,-27.510396,-50.112333,-1.012744,0.067332,0.0460
-1.139224,-0.000000,0.000000,0.000000,-0.002565,-0.005396,0.185777,-27.510396,-50.112333,-1.013354,0.067001,0.0450
-1.139224,-0.000000,0.000000,0.000000,-0.000513,-0.000585,0.186898,-27.510396,-50.112333,-1.014046,0.066627,0.0530
-1.139224,-0.000000,0.000000,0.000000,-0.004824,-0.002841,0.187091,-27.510396,-50.112333,-1.014663,0.066294,0.0470
-1.139224,-0.000000,0.000000,0.000000,-0.000032,0.000049,0.187133,-27.510396,-50.112333,-1.015227,0.065990,0.0450
-1.139224,-0.000000,0.000000,0.000000,0.000294,0.000858,0.187503,-27.510396,-50.112333,-1.015832,0.065663,0.0470
-1.139224,-0.000000,0.000000,0.000000,0.000247,0.000143,0.188101,-27.510396,-50.112333,-1.016365,0.065376,0.0410
-1.139224,-0.000000,0.000000,0.000000,0.002462,-0.000441,0.188509,-27.510396,-50.112333,-1.017199,0.064927,0.0660
-1.139224,-0.000000,0.000000,0.000000,0.000688,0.003916,0.188665,-27.510396,-50.112333,-1.017743,0.064633,0.0440
-1.139224,-0.000000,0.000000,0.000000,-0.000844,0.000437,0.188105,-27.510396,-50.112333,-1.018304,0.064331,0.0450
-1.139224,-0.000000,0.000000,0.000000,-0.000829,-0.000366,0.188673,-27.510396,-50.112333,-1.018877,0.064024,0.0460
-1.139224,-0.000000,0.000000,0.000000,0.002675,-0.000267,0.189040,-27.510396,-50.112333,-1.019488,0.063696,0.0500
-1.139224,-0.000000,0.000000,0.000000,0.000384,0.001005,0.189800,-27.510396,-50.112333,-1.020426,0.063193,0.0780
-1.139224,-0.000000,0.000000,0.000000,-0.001692,0.001496,0.190002,-27.510396,-50.112333,-1.020961,0.062907,0.0450
-1.139224,-0.000000,0.000000,0.000000,0.000005,-0.000097,0.189631,-27.510396,-50.112333,-1.021470,0.062634,0.0440
-1.139224,-0.000000,0.000000,0.000000,0.001001,-0.000754,0.189074,-27.510396,-50.112333,-1.022015,0.062342,0.0450
-1.139224,-0.000000,0.000000,0.000000,-0.000025,0.000411,0.190210,-27.510396,-50.112333,-1.022557,0.062052,0.0470
-1.139224,-0.000000,0.000000,0.000000,0.000602,-0.001120,0.190993,-27.510396,-50.112333,-1.023074,0.061775,0.0440
-1.139224,-0.000000,0.000000,0.000000,-0.001120,0.000281,0.191951,-27.510396,-50.112333,-1.023605,0.061492,0.0460
-1.139224,-0.000000,0.000000,0.000000,-0.009927,-0.002535,0.192252,-27.510396,-50.112333,-1.024094,0.061229,0.0450
-1.139224,-0.000000,0.000000,0.000000,0.000147,-0.000042,0.192999,-27.510396,-50.112333,-1.024655,0.060929,0.0500
-1.139224,-0.000000,0.000000,0.000000,0.000028,-0.000022,0.192715,-27.510396,-50.112333,-1.025174,0.060652,0.0460
-1.139224,-0.000000,0.000000,0.000000,0.000266,0.000312,0.193105,-27.510396,-50.112333,-1.025669,0.060387,0.0460
-1.139224,-0.000000,0.000000,0.000000,0.000499,0.000609,0.194713,-27.510396,-50.112333,-1.026161,0.060124,0.0450
-1.139224,-0.000000,0.000000,0.000000,0.000035,0.000081,0.195190,-27.510396,-50.112333,-1.026648,0.059864,0.0450
-1.139224,-0.000000,0.000000,0.000000,0.001213,-0.000109,0.196295,-27.510396,-50.112333,-1.027187,0.059576,0.0520
-1.139224,-0.000000,0.000000,0.000000,-0.000105,-0.000578,0.197229,-27.510396,-50.112333,-1.027667,0.059320,0.0460
-1.139224,-0.000000,0.000000,0.000000,-0.000376,0.000331,0.197520,-27.510396,-50.112333,-1.028160,0.059056,0.0450
-1.139224,-0.000000,0.000000,0.000000,0.000153,-0.000725,0.196586,-27.510396,-50.112333,-1.028631,0.058805,0.0470
-1.139224,-0.000000,0.000000,0.000000,-0.000502,0.000261,0.197122,-27.510396,-50.112333,-1.029152,0.058527,0.0510
-1.139224,-0.000000,0.000000,0.000000,-0.000143,-0.000313,0.197470,-27.510396,-50.112333,-1.029614,0.058280,0.0450
-1.139224,-0.000000,0.000000,0.000000,0.000691,0.000465,0.198345,-27.510396,-50.112333,-1.030056,0.058044,0.0450
-1.139224,-0.000000,0.000000,0.000000,-0.000182,0.000520,0.199610,-27.510396,-50.112333,-1.030513,0.057800,0.0460
-1.139224,-0.000000,0.000000,0.000000,-0.000601,0.000157,0.201031,-27.510396,-50.112333,-1.030965,0.057560,0.0440
-1.139224,-0.000000,0.000000,0.000000,-0.000482,0.000275,0.201296,-27.510396,-50.112333,-1.031449,0.057302,0.0480
-1.139224,-0.000000,0.000000,0.000000,0.000784,-0.000005,0.201106,-27.510396,-50.112333,-1.031859,0.057083,0.0410
-1.139224,-0.000000,0.000000,0.000000,0.000400,0.001083,0.202571,-27.510396,-50.112333,-1.032318,0.056839,0.0450
-1.139224,-0.000000,0.000000,0.000000,0.000204,-0.000226,0.203135,-27.510396,-50.112333,-1.032757,0.056605,0.0470
-1.139224,-0.000000,0.000000,0.000000,-0.001167,0.000324,0.202530,-27.510396,-50.112333,-1.033226,0.056355,0.0480
-1.139224,-0.000000,0.000000,0.000000,-0.001105,0.000531,0.201347,-27.510396,-50.112333,-1.033674,0.056116,0.0460
-1.139224,-0.000000,0.000000,0.000000,0.000120,-0.000071,0.200961,-27.510396,-50.112333,-1.034087,0.055897,0.0440
-1.139224,-0.000000,0.000000,0.000000,0.000371,0.000034,0.202743,-27.510396,-50.112333,-1.034822,0.055505,0.0800
-1.139224,-0.000000,0.000000,0.000000,0.000111,-0.000008,0.204147,-27.510396,-50.112333,-1.035258,0.055272,0.0470
-1.139224,-0.000000,0.000000,0.000000,-0.000715,0.000941,0.206014,-27.510396,-50.112333,-1.035978,0.054889,0.0780
-1.139224,-0.000000,0.000000,0.000000,-0.000997,0.000060,0.205909,-27.510396,-50.112333,-1.036406,0.054661,0.0480
-1.139224,-0.000000,0.000000,0.000000,-0.000052,0.000165,0.205029,-27.510396,-50.112333,-1.036799,0.054452,0.0440
-1.139224,-0.000000,0.000000,0.000000,0.001128,0.000229,0.205035,-27.510396,-50.112333,-1.037221,0.054228,0.0450
-1.139224,-0.000000,0.000000,0.000000,-0.001715,0.000167,0.205433,-27.510396,-50.112333,-1.037655,0.053997,0.0500
-1.139224,-0.000000,0.000000,0.000000,-0.000834,0.000107,0.205568,-27.510396,-50.112333,-1.038024,0.053800,0.0420
-1.139224,-0.000000,0.000000,0.000000,0.000739,0.000942,0.205297,-27.510396,-50.112333,-1.038437,0.053580,0.0470
-1.139224,-0.000000,0.000000,0.000000,0.000631,-0.000304,0.205878,-27.510396,-50.112333,-1.038816,0.053379,0.0450
-1.139224,-0.000000,0.000000,0.000000,-0.000111,0.000100,0.205974,-27.510396,-50.112333,-1.039208,0.053170,0.0460
-1.139224,-0.000000,0.000000,0.000000,-0.000711,-0.000367,0.206270,-27.510396,-50.112333,-1.039642,0.052939,0.0490
-1.139224,-0.000000,0.000000,0.000000,-0.000224,0.000166,0.206838,-27.510396,-50.112333,-1.040013,0.052741,0.0450
-1.139224,-0.000000,0.000000,0.000000,-0.000012,0.000070,0.207421,-27.510396,-50.112333,-1.040411,0.052529,0.0450
-1.139224,-0.000000,0.000000,0.000000,-0.000022,0.000002,0.208376,-27.510396,-50.112333,-1.040762,0.052342,0.0450
-1.139224,-0.000000,0.000000,0.000000,-0.000027,0.000120,0.208293,-27.510396,-50.112333,-1.041213,0.052102,0.0520
-1.139224,-0.000000,0.000000,0.000000,0.000989,0.000769,0.207428,-27.510396,-50.112333,-1.041588,0.051903,0.0440
-1.139224,-0.000000,0.000000,0.000000,-0.000121,-0.000762,0.207225,-27.510396,-50.112333,-1.041960,0.051705,0.0450
-1.139224,-0.000000,0.000000,0.000000,0.000110,0.000001,0.208111,-27.510396,-50.112333,-1.042330,0.051508,0.0460
-1.139224,-0.000000,0.000000,0.000000,0.002168,0.002726,0.209265,-27.510396,-50.112333,-1.042712,0.051304,0.0480
-1.139224,-0.000000,0.000000,0.000000,0.000148,-0.000088,0.208899,-27.510396,-50.112333,-1.043091,0.051102,0.0450
-1.139224,-0.000000,0.000000,0.000000,-0.000718,0.000975,0.209608,-27.510396,-50.112333,-1.043425,0.050924,0.0450
-1.139224,-0.000000,0.000000,0.000000,-0.000106,0.000041,0.209646,-27.510396,-50.112333,-1.043772,0.050740,0.0430
-1.139224,-0.000000,0.000000,0.000000,-0.000814,-0.001178,0.209625,-27.510396,-50.112333,-1.044102,0.050564,0.0420
-1.139224,-0.000000,0.000000,0.000000,0.000212,0.000645,0.209653,-27.510396,-50.112333,-1.044499,0.050353,0.0490
-1.139224,-0.000000,0.000000,0.000000,-0.000185,-0.000792,0.209969,-27.510396,-50.112333,-1.044838,0.050172,0.0440
-1.139224,-0.000000,0.000000,0.000000,0.000124,0.000337,0.210748,-27.510396,-50.112333,-1.045175,0.049992,0.0440
-1.139224,-0.000000,0.000000,0.000000,-0.005281,-0.000447,0.210763,-27.510396,-50.112333,-1.045524,0.049806,0.0450
-1.139224,-0.000000,0.000000,0.000000,0.005825,-0.001118,0.211317,-27.510396,-50.112333,-1.045990,0.049558,0.0620
-1.139224,-0.000000,0.000000,0.000000,0.001071,0.000272,0.211870,-27.510396,-50.112333,-1.046307,0.049390,0.0400
-1.139224,-0.000000,0.000000,0.000000,0.000073,-0.000098,0.211642,-27.510396,-50.112333,-1.046648,0.049208,0.0410
-1.139224,-0.000000,0.000000,0.000000,-0.000230,0.000210,0.212422,-27.510396,-50.112333,-1.046961,0.049041,0.0430
-1.139224,-0.000000,0.000000,0.000000,0.001192,0.000559,0.213723,-27.510396,-50.112333,-1.047298,0.048862,0.0440
-1.139224,-0.000000,0.000000,0.000000,-0.000172,-0.000014,0.214520,-27.510396,-50.112333,-1.047671,0.048663,0.0510
-1.139224,-0.000000,0.000000,0.000000,0.000043,0.000166,0.214710,-27.510396,-50.112333,-1.047991,0.048493,0.0440
-1.139224,-0.000000,0.000000,0.000000,-0.000170,-0.000224,0.215209,-27.510396,-50.112333,-1.048321,0.048317,0.0450
-1.139224,-0.000000,0.000000,0.000000,-0.000003,0.000005,0.215521,-27.510396,-50.112333,-1.048624,0.048156,0.0430
-1.139224,-0.000000,0.000000,0.000000,0.000420,0.000247,0.214883,-27.510396,-50.112333,-1.049088,0.047909,0.0650
-1.139224,-0.000000,0.000000,0.000000,-0.001221,-0.000234,0.215087,-27.510396,-50.112333,-1.049399,0.047743,0.0430
-1.139224,-0.000000,0.000000,0.000000,0.000010,0.000039,0.215141,-27.510396,-50.112333,-1.049733,0.047566,0.0470
-1.139224,-0.000000,0.000000,0.000000,-0.000844,0.000019,0.214559,-27.510396,-50.112333,-1.050041,0.047402,0.0430
-1.139224,-0.000000,0.000000,0.000000,-0.000631,-0.000379,0.213884,-27.510396,-50.112333,-1.050370,0.047227,0.0460
-1.139224,-0.000000,0.000000,0.000000,-0.000252,-0.000762,0.212983,-27.510396,-50.112333,-1.050722,0.047040,0.0500
-1.139224,-0.000000,0.000000,0.000000,-0.000044,0.000538,0.212588,-27.510396,-50.112333,-1.051024,0.046880,0.0430
-1.139224,-0.000000,0.000000,0.000000,0.000874,0.000555,0.211567,-27.510396,-50.112333,-1.051431,0.046663,0.0600
-1.139224,-0.000000,0.000000,0.000000,0.000471,0.000453,0.212076,-27.510396,-50.112333,-1.051811,0.046461,0.0540
-1.139224,-0.000000,0.000000,0.000000,-0.008197,0.001110,0.220168,-27.510396,-50.112333,-1.054620,0.044964,0.5250
-1.139224,-0.000000,0.000000,0.000000,-0.000085,-0.000084,0.219545,-27.510396,-50.112333,-1.055001,0.044762,0.0710
-1.139224,-0.000000,0.000000,0.000000,-0.000488,0.003625,0.219514,-27.510396,-50.112333,-1.055212,0.044649,0.0500
-1.139224,-0.000000,0.000000,0.000000,0.000962,0.000709,0.229052,-27.510396,-50.112333,-1.057347,0.043511,0.4400
-1.139224,-0.000000,0.000000,0.000000,0.004464,-0.003873,0.241292,-27.510396,-50.112333,-1.060971,0.041584,0.7620
-1.139224,-0.000000,0.000000,0.000000,-0.000056,-0.000024,0.242052,-27.510396,-50.112333,-1.061377,0.041368,0.0850
-1.139224,-0.000000,0.000000,0.000000,-0.000841,0.000437,0.242252,-27.510396,-50.112333,-1.061554,0.041274,0.0430
-1.139224,-0.000000,0.000000,0.000000,-0.000841,0.000437,0.242252,-27.510396,-50.112333,-1.061554,0.041274,0.0400
-1.139224,-0.000000,0.000000,0.000000,0.000042,0.001438,0.242968,-27.510396,-50.112333,-1.062969,0.040521,0.3240
-1.139224,-0.000000,0.000000,0.000000,-0.000485,-0.000701,0.248820,-27.510396,-50.112333,-1.064662,0.039652,0.4190
-1.139224,-0.000000,0.000000,0.000000,-0.000308,-0.000194,0.264022,-27.510396,-50.112333,-1.066285,0.038792,0.3590
-1.139224,-0.000000,0.000000,0.000000,0.001762,0.004939,0.266160,-27.510396,-50.112333,-1.066740,0.038551,0.1300
-1.139224,-0.000000,0.000000,0.000000,-0.000099,-0.000855,0.265814,-27.510396,-50.112333,-1.067059,0.038382,0.0740
-1.139224,-0.000000,0.000000,0.000000,-0.000380,0.000736,0.266055,-27.510396,-50.112333,-1.067576,0.038108,0.1200
-1.139224,-0.000000,0.000000,0.000000,0.001128,0.000449,0.266312,-27.510396,-50.112333,-1.068270,0.037738,0.1720
-1.139224,-0.000000,0.000000,0.000000,0.000359,-0.000720,0.266861,-27.510396,-50.112333,-1.068697,0.037511,0.1020
-1.139224,-0.000000,0.000000,0.000000,0.000303,-0.000188,0.267041,-27.510396,-50.112333,-1.069113,0.037290,0.1010
-1.139224,-0.000000,0.000000,0.000000,-0.001490,0.000402,0.265927,-27.510396,-50.112333,-1.069626,0.037017,0.1290
-1.139224,-0.000000,0.000000,0.000000,0.001594,-0.002055,0.264119,-27.510396,-50.112333,-1.070100,0.036763,0.1220
-1.139224,-0.000000,0.000000,0.000000,-0.000038,0.000034,0.264232,-27.510396,-50.112333,-1.070397,0.036605,0.0760
-1.139224,-0.000000,0.000000,0.000000,-0.000625,-0.000987,0.266528,-27.510396,-50.112333,-1.071188,0.036183,0.2040
-1.139224,-0.000000,0.000000,0.000000,0.000621,-0.000038,0.268734,-27.510396,-50.112333,-1.071742,0.035888,0.1450
-1.139224,-0.000000,0.000000,0.000000,-0.000247,0.001214,0.268776,-27.510396,-50.112333,-1.071940,0.035783,0.0490
-1.139224,-0.000000,0.000000,0.000000,-0.000100,-0.000020,0.268892,-27.510396,-50.112333,-1.071980,0.035762,0.0470
-1.139224,-0.000000,0.000000,0.000000,-0.007515,-0.003132,0.271331,-27.510396,-50.112333,-1.072284,0.035625,0.0930
-1.139224,-0.000000,0.000000,0.000000,-0.000204,0.001123,0.271316,-27.510396,-50.112333,-1.072556,0.035467,0.0820
-1.139224,-0.000000,0.000000,0.000000,0.000126,-0.000212,0.276075,-27.510396,-50.112333,-1.073235,0.035096,0.1920
-1.139224,-0.000000,0.000000,0.000000,0.388507,0.064890,0.274627,-27.510396,-50.112333,-1.075103,0.034100,0.5380
-1.139224,-0.000000,0.000000,0.000000,-0.184286,0.024119,0.191985,-27.510396,-50.112333,-1.076178,0.033526,0.3170
-1.139224,-0.000000,0.000000,0.000000,-0.131135,0.040891,0.172094,-27.510396,-50.112333,-1.076531,0.033330,0.1030
-1.139224,-0.000000,0.000000,0.000000,-0.049258,0.003092,-1.385830,-27.510396,-50.112333,-1.077880,0.032574,0.3960
-1.139224,-0.000000,0.000000,0.000000,-2.060468,2.106195,-20.299726,-27.510396,-50.112333,-1.078263,0.031588,0.8110
-1.139224,-0.000000,0.000000,0.000000,-1.527756,1.549667,-22.274622,-27.510396,-50.112333,-1.077895,0.029214,0.0530
-1.139224,-0.000000,0.000000,0.000000,-0.401824,-1.932578,-33.689079,-27.510396,-50.112333,-1.083032,0.036628,0.2850
-1.139224,-0.000000,0.000000,0.000000,0.486323,-3.344738,-40.637131,-27.510396,-50.112333,-1.087162,0.038267,0.1840
-1.139224,-0.000000,0.000000,0.000000,0.012623,-3.657170,-42.832584,-27.510396,-50.112333,-1.087082,0.038906,0.0560
-1.139224,-0.000000,0.000000,0.000000,0.137934,-3.768001,-44.257626,-27.510396,-50.112333,-1.086932,0.039452,0.0540
-1.139224,-0.000000,0.000000,0.000000,0.137934,-3.768001,-44.257626,-27.510396,-50.112333,-1.086932,0.039452,0.0410
-1.139224,-0.000000,0.000000,0.000000,0.853047,-1.684261,-51.514057,-27.510396,-50.112333,-1.101287,-0.004511,0.0760
-1.139224,-0.000000,0.000000,0.000000,0.702640,-0.246599,-54.541569,-27.510396,-50.112333,-1.101145,0.005164,0.0680
-1.139224,-0.000000,0.000000,0.000000,1.068114,-0.061226,-57.742870,-27.510396,-50.112333,-1.102640,0.012421,0.1560
-1.139224,-0.000000,0.000000,0.000000,1.246884,-0.786403,-58.639297,-27.510396,-50.112333,-1.104112,0.013963,0.1030
-1.139224,-0.000000,0.000000,0.000000,1.311969,-1.730070,-61.995823,-27.510396,-50.112333,-1.106266,0.015780,0.1990
-1.139224,-0.000000,0.000000,0.000000,1.269812,-1.919105,-63.917820,-27.510396,-50.112333,-1.108228,0.017924,0.0570
-1.139224,-0.000000,0.000000,0.000000,1.241387,-1.934627,-65.399162,-27.510396,-50.112333,-1.111399,0.021628,0.0470
-1.139224,-0.000000,0.000000,0.000000,1.003136,-1.709256,-75.359352,-27.510396,-50.112333,-1.102222,0.010665,0.2920
-1.139224,-0.000000,0.000000,0.000000,-1.677657,-1.998790,-56.745678,-27.510396,-50.112333,-1.104797,0.014269,0.4830
-1.139224,-0.000000,0.000000,0.000000,-0.244486,-1.309515,-52.857880,-27.510396,-50.112333,-1.107275,0.008988,0.4500
-1.139224,-0.000000,0.000000,0.000000,-0.600279,-1.100790,-53.200653,-27.510396,-50.112333,-1.105661,0.012808,0.0660
-1.139224,-0.000000,0.000000,0.000000,-0.605693,-1.120046,-53.368416,-27.510396,-50.112333,-1.104972,0.014386,0.0480
-1.139224,-0.000000,0.000000,0.000000,-0.605693,-1.120046,-53.368416,-27.510396,-50.112333,-1.104972,0.014386,0.0410
-1.139224,-0.000000,0.000000,0.000000,-1.382404,0.191498,-55.125912,-27.510396,-50.112333,-1.151339,-0.078234,0.0930
-1.139224,-0.000000,0.000000,0.000000,-1.647393,0.704938,-56.660637,-27.510396,-50.112333,-1.128568,-0.054810,0.1890
-1.139224,-0.000000,0.000000,0.000000,-1.568543,0.660868,-57.405167,-27.510396,-50.112333,-1.121533,-0.052733,0.0910
-1.139224,-0.000000,0.000000,0.000000,-2.459524,3.539284,-60.520004,-27.510396,-50.112333,-1.101676,-0.061471,0.4420
-1.139224,-0.000000,0.000000,0.000000,-2.054435,3.438462,-60.330578,-27.510396,-50.112333,-1.091411,-0.072519,0.1420
-1.139224,-0.000000,0.000000,0.000000,-1.549812,3.099681,-59.989258,-27.510396,-50.112333,-1.081761,-0.084032,0.1060
-1.139224,-0.000000,0.000000,0.000000,-1.197576,2.823569,-59.547077,-27.510396,-50.112333,-1.079968,-0.086681,0.1570
-1.139224,-0.000000,0.000000,0.000000,-0.956628,2.514333,-59.427959,-27.510396,-50.112333,-1.072928,-0.096865,0.0410
-1.139224,-0.000000,0.000000,0.000000,-0.956714,2.517670,-59.415051,-27.510396,-50.112333,-1.072576,-0.097388,0.0410
-1.139224,-0.000000,0.000000,0.000000,-0.956714,2.517670,-59.415051,-27.510396,-50.112333,-1.072576,-0.097388,0.0500
-1.139224,-0.000000,0.000000,0.000000,-1.413653,3.397475,-58.296032,-27.510396,-50.112333,-1.128294,-0.019075,0.2440
-1.139224,-0.000000,0.000000,0.000000,3.212776,2.742136,-58.852592,-27.510396,-50.112333,-1.115391,-0.055915,0.8080
-1.139224,-0.000000,0.000000,0.000000,3.218082,2.731645,-58.654667,-27.510396,-50.112333,-1.116903,-0.057660,0.1290
-1.139224,-0.000000,0.000000,0.000000,3.309096,2.626924,-58.225929,-27.510396,-50.112333,-1.128198,-0.074239,0.0490
-1.139224,-0.000000,0.000000,0.000000,3.301183,2.636621,-58.179825,-27.510396,-50.112333,-1.130268,-0.077192,0.0420
-1.139224,-0.000000,0.000000,0.000000,3.274099,3.573148,-57.195229,-27.510396,-50.112333,-1.040824,0.049501,0.0780
-1.139224,-0.000000,0.000000,0.000000,2.993012,3.843342,-56.771034,-27.510396,-50.112333,-1.058364,0.026272,0.0550
-1.139224,-0.000000,0.000000,0.000000,3.310389,4.727201,-56.572102,-27.510396,-50.112333,-1.067790,0.013860,0.0400
-1.139224,-0.000000,0.000000,0.000000,3.310389,4.727201,-56.572102,-27.510396,-50.112333,-1.067790,0.013860,0.0420
-1.139224,-0.000000,0.000000,0.000000,2.878451,4.301069,-55.997803,-27.510396,-50.112333,-1.031456,0.062561,0.1660
-1.139224,-0.000000,0.000000,0.000000,-0.098085,2.112925,-59.486584,-27.510396,-50.112333,-1.085331,-0.021873,0.6300
-1.139224,-0.000000,0.000000,0.000000,0.036596,2.218158,-60.938389,-27.510396,-50.112333,-1.089955,-0.034307,0.2020
-1.139224,-0.000000,0.000000,0.000000,-0.152299,1.895062,-61.558636,-27.510396,-50.112333,-1.093000,-0.044233,0.0740
-1.139224,-0.000000,0.000000,0.000000,-0.167141,1.912117,-62.040344,-27.510396,-50.112333,-1.094402,-0.049276,0.0560
-1.139224,-0.000000,0.000000,0.000000,-0.071172,0.654925,-62.430347,-27.510396,-50.112333,-1.095799,-0.054652,0.0440
-1.139224,-0.000000,0.000000,0.000000,-0.071172,0.654925,-62.430347,-27.510396,-50.112333,-1.095799,-0.054652,0.0420
-1.139224,-0.000000,0.000000,0.000000,-0.071172,0.654925,-62.430347,-27.510396,-50.112333,-1.095799,-0.054652,0.0430
-1.139224,-0.000000,0.000000,0.000000,0.347010,0.864529,-63.385220,-27.510396,-50.112333,-1.057880,0.110223,0.0740
-1.139224,-0.000000,0.000000,0.000000,0.474550,-1.775696,-66.133072,-27.510396,-50.112333,-1.078012,0.040683,0.3650
-1.139224,-0.000000,0.000000,0.000000,0.526649,-1.607390,-67.128311,-27.510396,-50.112333,-1.083053,0.046930,0.3630
-1.139224,-0.000000,0.000000,0.000000,0.201564,-1.173153,-67.438553,-27.510396,-50.112333,-1.084965,0.049911,0.2820
-1.139224,-0.000000,0.000000,0.000000,0.614453,-1.754490,-67.454185,-27.510396,-50.112333,-1.086281,0.053613,0.0460
-1.139224,-0.000000,0.000000,0.000000,0.374292,-1.281626,-67.465454,-27.510396,-50.112333,-1.086911,0.055292,0.0410
-1.139224,-0.000000,0.000000,0.000000,-0.440880,-1.981780,-72.033073,-27.510396,-50.112333,-1.075554,0.019410,0.1450
-1.139224,-0.000000,0.000000,0.000000,-3.863936,-2.504398,-91.222816,-27.510396,-50.112333,-1.078350,0.038175,0.4070
-1.139224,-0.000000,0.000000,0.000000,-7.583395,-6.766861,-77.396896,-27.510396,-50.112333,-1.072631,0.046013,0.1340
-1.139224,-0.000000,0.000000,0.000000,-0.699867,-2.689884,-71.836563,-27.510396,-50.112333,-1.057546,0.064108,0.3560
-1.139224,-0.000000,0.000000,0.000000,0.606825,0.164121,-71.690979,-27.510396,-50.112333,-1.057456,0.064866,0.2630
-1.139224,-0.000000,0.000000,0.000000,0.672470,0.394237,-71.652336,-27.510396,-50.112333,-1.053746,0.070507,0.0540
-1.139224,-0.000000,0.000000,0.000000,0.573911,0.048059,-71.561447,-27.510396,-50.112333,-1.051149,0.074435,0.0410
-1.139224,-0.000000,0.000000,0.000000,-0.296318,0.293380,-65.779076,-27.510396,-50.112333,-1.089946,0.016382,0.3850
-1.139224,-0.000000,0.000000,0.000000,0.771137,-0.593928,-53.679142,-27.510396,-50.112333,-1.090729,0.016689,0.6410
-1.139224,-0.000000,0.000000,0.000000,1.067936,0.489476,-52.193829,-27.510396,-50.112333,-1.092107,0.015914,0.1130
-1.139224,-0.000000,0.000000,0.000000,-2.251968,0.203604,-51.122597,-27.510396,-50.112333,-1.092936,0.015159,0.1010
-1.139224,-0.000000,0.000000,0.000000,-1.596467,0.340238,-50.404072,-27.510396,-50.112333,-1.092100,0.017303,0.0620
-1.139224,-0.000000,0.000000,0.000000,-0.015085,0.003163,-47.755684,-27.510396,-50.112333,-1.092650,0.017405,0.2840
-1.139224,-0.000000,0.000000,0.000000,1.570288,0.492610,-56.447796,-27.510396,-50.112333,-1.094508,0.017131,0.7010
-1.139224,-0.000000,0.000000,0.000000,0.008209,-0.346124,-59.297012,-27.510396,-50.112333,-1.089890,0.018277,0.4810
-1.139224,-0.000000,0.000000,0.000000,-1.429091,0.315403,-62.427444,-27.510396,-50.112333,-1.087530,0.021547,0.6560
-1.139224,-0.000000,0.000000,0.000000,-0.458395,-0.410992,-62.575516,-27.510396,-50.112333,-1.093621,0.026705,0.4070
-1.139224,-0.000000,0.000000,0.000000,-0.523665,-0.488023,-62.572422,-27.510396,-50.112333,-1.093209,0.026354,0.0730
-1.139224,-0.000000,0.000000,0.000000,-0.176675,-0.844324,-62.613976,-27.510396,-50.112333,-1.092054,0.025651,0.0410
-1.139224,-0.000000,0.000000,0.000000,-0.176675,-0.844324,-62.613976,-27.510396,-50.112333,-1.092054,0.025651,0.0410
-1.139224,-0.000000,0.000000,0.000000,-1.169190,1.477063,-62.073475,-27.510396,-50.112333,-1.109050,0.031811,0.3770
-1.139224,-0.000000,0.000000,0.000000,0.085850,-0.560924,-61.954651,-27.510396,-50.112333,-1.107295,0.029280,0.5240
-1.139224,-0.000000,0.000000,0.000000,-0.607064,1.927701,-61.675011,-27.510396,-50.112333,-1.107372,0.028881,0.6220
-1.139224,-0.000000,0.000000,0.000000,-0.639656,1.063853,-61.630592,-27.510396,-50.112333,-1.107182,0.028011,0.1050
-1.139224,-0.000000,0.000000,0.000000,0.280189,-0.932931,-62.307377,-27.510396,-50.112333,-1.107710,0.027677,0.3260
-1.139224,-0.000000,0.000000,0.000000,0.080948,-1.415193,-52.080414,-27.510396,-50.112333,-1.109286,0.025420,0.4470
-1.139224,-0.000000,0.000000,0.000000,0.284415,0.198968,-54.102646,-27.510396,-50.112333,-1.109620,0.026638,0.1060
-1.139224,-0.000000,0.000000,0.000000,0.510317,-0.327935,-55.011681,-27.510396,-50.112333,-1.109980,0.028364,0.0530
-1.139224,-0.000000,0.000000,0.000000,0.510317,-0.327935,-55.011681,-27.510396,-50.112333,-1.109980,0.028364,0.0430
-1.139224,-0.000000,0.000000,0.000000,0.510317,-0.327935,-55.011681,-27.510396,-50.112333,-1.109980,0.028364,0.0400
-1.139224,-0.000000,0.000000,0.000000,0.059822,0.544683,-55.677986,-27.510396,-50.112333,-1.097226,-0.029997,0.0580
-1.139224,-0.000000,0.000000,0.000000,0.098744,0.332263,-55.919724,-27.510396,-50.112333,-1.089859,-0.020465,0.4160
-1.139224,-0.000000,0.000000,0.000000,-1.415461,-0.367158,-56.163387,-27.510396,-50.112333,-1.081502,-0.020134,0.6420
-1.139224,-0.000000,0.000000,0.000000,-1.310595,-0.593303,-56.067833,-27.510396,-50.112333,-1.078437,-0.018557,0.0490
-1.139224,-0.000000,0.000000,0.000000,-1.528306,-0.557790,-56.003395,-27.510396,-50.112333,-1.076032,-0.017340,0.0410
-1.139224,-0.000000,0.000000,0.000000,-1.528306,-0.557790,-56.003395,-27.510396,-50.112333,-1.076032,-0.017340,0.0480
-1.139224,-0.000000,0.000000,0.000000,-1.574480,-0.637182,-54.802776,-27.510396,-50.112333,-1.091024,-0.024104,0.2070
-1.139224,-0.000000,0.000000,0.000000,0.231034,-0.286585,-52.975338,-27.510396,-50.112333,-1.085013,-0.019751,0.5040
-1.139224,-0.000000,0.000000,0.000000,1.126676,1.586346,-52.889381,-27.510396,-50.112333,-1.086343,-0.019688,0.4310
-1.139224,-0.000000,0.000000,0.000000,0.529183,1.998449,-53.142822,-27.510396,-50.112333,-1.087232,-0.020269,0.1830
-1.139224,-0.000000,0.000000,0.000000,0.131748,2.951717,-52.937954,-27.510396,-50.112333,-1.088356,-0.021799,0.0630
-1.139224,-0.000000,0.000000,0.000000,0.344031,3.589844,-51.880066,-27.510396,-50.112333,-1.088021,-0.020719,0.1400
-1.139224,-0.000000,0.000000,0.000000,2.513183,3.570507,-60.162670,-27.510396,-50.112333,-1.082734,0.008385,0.6040
-1.139224,-0.000000,0.000000,0.000000,3.425148,1.447374,-74.086792,-27.510396,-50.112333,-1.072117,0.031289,0.4190
-1.139224,-0.000000,0.000000,0.000000,3.759699,0.410808,-76.753883,-27.510396,-50.112333,-1.074737,0.028155,0.0550
-1.139224,-0.000000,0.000000,0.000000,4.166058,-0.170629,-78.606331,-27.510396,-50.112333,-1.081265,0.020187,0.0420
-1.139224,-0.000000,0.000000,0.000000,3.126448,-2.779871,-83.324631,-27.510396,-50.112333,-1.029015,0.083000,0.1700
-1.139224,-0.000000,0.000000,0.000000,-1.840221,-2.109350,-86.687180,-27.510396,-50.112333,-1.032167,0.080760,0.6890
-1.139224,-0.000000,0.000000,0.000000,-3.011019,-1.476981,-88.090561,-27.510396,-50.112333,-1.031575,0.071730,0.4400
-1.139224,-0.000000,0.000000,0.000000,-2.899307,-1.604911,-84.875771,-27.510396,-50.112333,-1.041981,0.062857,0.4480
-1.139224,-0.000000,0.000000,0.000000,0.509269,-0.639461,-74.301086,-27.510396,-50.112333,-1.064077,0.047103,0.4610
-1.139224,-0.000000,0.000000,0.000000,1.006154,-0.002397,-73.748451,-27.510396,-50.112333,-1.062069,0.049265,0.1110
-1.139224,-0.000000,0.000000,0.000000,0.675580,1.943867,-73.090630,-27.510396,-50.112333,-1.061340,0.050195,0.1470
-1.139224,-0.000000,0.000000,0.000000,1.314785,3.410035,-72.403252,-27.510396,-50.112333,-1.063039,0.048548,0.1290
-1.139224,-0.000000,0.000000,0.000000,1.427210,3.743414,-72.207870,-27.510396,-50.112333,-1.061383,0.049160,0.0410
-1.139224,-0.000000,0.000000,0.000000,1.556750,3.275952,-72.158630,-27.510396,-50.112333,-1.060844,0.049244,0.0440
-1.139224,-0.000000,0.000000,0.000000,1.556750,3.275952,-72.158630,-27.510396,-50.112333,-1.060844,0.049244,0.0580
-1.139224,-0.000000,0.000000,0.000000,2.219567,5.230303,-71.643913,-27.510396,-50.112333,-1.093991,0.031362,0.2280
-1.139224,-0.000000,0.000000,0.000000,2.371771,4.418564,-71.326073,-27.510396,-50.112333,-1.105602,0.002503,0.2220
-1.139224,-0.000000,0.000000,0.000000,1.398263,3.920866,-70.284668,-27.510396,-50.112333,-1.122140,-0.032618,0.4800
-1.139224,-0.000000,0.000000,0.000000,-1.462066,1.750291,-68.407745,-27.510396,-50.112333,-1.127945,-0.047081,0.2910
-1.139224,-0.000000,0.000000,0.000000,-1.633869,1.471775,-67.433899,-27.510396,-50.112333,-1.132496,-0.062414,0.0410
-1.139224,-0.000000,0.000000,0.000000,-1.995981,1.673025,-67.009941,-27.510396,-50.112333,-1.113237,0.013134,0.0610
-1.139224,-0.000000,0.000000,0.000000,-2.403844,1.035427,-66.804405,-27.510396,-50.112333,-1.115138,-0.013173,0.1940
-1.139224,-0.000000,0.000000,0.000000,-2.078502,0.833835,-66.605347,-27.510396,-50.112333,-1.113234,-0.017793,0.2030
-1.139224,-0.000000,0.000000,0.000000,-1.567862,1.176115,-66.420593,-27.510396,-50.112333,-1.110305,-0.023372,0.0690
-1.139224,-0.000000,0.000000,0.000000,-0.569442,0.339911,-66.018341,-27.510396,-50.112333,-1.116452,-0.012193,0.0960
-1.139224,-0.000000,0.000000,0.000000,0.541104,-1.166771,-65.922745,-27.510396,-50.112333,-1.113880,-0.016422,0.1180
-1.139224,-0.000000,0.000000,0.000000,0.658257,-1.142976,-67.115036,-27.510396,-50.112333,-1.115362,-0.014473,0.3800
-1.139224,-0.000000,0.000000,0.000000,0.550790,-1.250158,-67.779099,-27.510396,-50.112333,-1.115811,-0.013972,0.2280
-1.139224,-0.000000,0.000000,0.000000,0.455610,-0.970987,-68.185669,-27.510396,-50.112333,-1.116037,-0.013753,0.1190
-1.139224,-0.000000,0.000000,0.000000,-0.433613,1.681323,-68.399940,-27.510396,-50.112333,-1.114885,-0.015165,0.7160
-1.139224,-0.000000,0.000000,0.000000,-1.076383,0.586114,-69.362915,-27.510396,-50.112333,-1.115582,-0.010548,0.4180
-1.139224,-0.000000,0.000000,0.000000,-1.027623,0.374325,-69.436249,-27.510396,-50.112333,-1.114667,-0.013233,0.0510
-1.139224,-0.000000,0.000000,0.000000,-1.188491,0.319510,-69.436676,-27.510396,-50.112333,-1.114253,-0.014275,0.0450
-1.139224,-0.000000,0.000000,0.000000,0.245255,-0.806059,-69.207687,-27.510396,-50.112333,-1.121161,0.002113,0.3530
-1.139224,-0.000000,0.000000,0.000000,-0.563386,0.954241,-68.813118,-27.510396,-50.112333,-1.122769,0.002917,0.5940
-1.139224,-0.000000,0.000000,0.000000,0.738093,-1.029822,-68.268494,-27.510396,-50.112333,-1.123981,0.004709,0.2590
-1.139224,-0.000000,0.000000,0.000000,0.831973,-1.129859,-68.179520,-27.510396,-50.112333,-1.123759,0.004226,0.0610
-1.139224,-0.000000,0.000000,0.000000,0.871036,-1.448218,-67.999466,-27.510396,-50.112333,-1.124046,0.004462,0.1120
-1.139224,1.684013,-0.000000,1.949744,0.820835,-0.430272,-67.020401,-27.510396,-50.112322,-1.123164,1.273680,0.7080
-1.139224,1.684013,-0.000000,1.949744,0.313807,-0.135094,-66.633408,-27.510396,-50.112322,-1.122537,1.663866,0.2070
0.189870,-1.347211,0.669324,-1.526508,1.700296,-1.412588,-66.659286,-27.510386,-50.112350,-1.010477,1.498505,0.2060
0.189870,-1.347211,0.669324,-1.526508,0.030648,-0.060158,-66.327835,-27.510386,-50.112350,-0.611554,0.607692,0.5300
0.189870,-1.347211,0.669324,-1.526508,0.122121,-0.120521,-66.387184,-27.510386,-50.112350,-0.544088,0.453937,0.1240
0.189870,-1.347211,0.669324,-1.526508,0.100815,-0.209168,-66.399055,-27.510386,-50.112350,-0.518556,0.390297,0.0400
0.189870,-1.347211,0.669324,-1.526508,-0.378209,0.679429,-66.415092,-27.510386,-50.112350,-0.459334,0.272533,0.0800
0.189870,-1.347211,0.669324,-1.526508,-0.203874,0.224528,-66.416389,-27.510386,-50.112350,-0.429729,0.199436,0.0440
0.189870,-1.347211,0.669324,-1.526508,-0.056888,0.030292,-66.418396,-27.510385,-50.112351,-0.418652,0.173161,0.0410
0.189870,-1.347211,0.669324,-1.526508,-0.056888,0.030292,-66.418396,-27.510385,-50.112351,-0.418652,0.173161,0.0440
0.189870,-1.347211,0.669324,-1.526508,-0.056888,0.030292,-66.418396,-27.510385,-50.112351,-0.418652,0.173161,0.0400
0.189870,-1.347211,0.000000,0.000000,-0.236920,0.387701,-66.356628,-27.510385,-50.112351,-0.350027,0.077529,0.1220
0.189870,-1.347211,0.000000,0.000000,0.108016,-0.336130,-66.285301,-27.510385,-50.112351,-0.345510,0.070331,0.0760
0.189870,-1.347211,0.000000,0.000000,-0.389442,0.694118,-66.121132,-27.510385,-50.112351,-0.350148,0.073981,0.0890
0.189870,-1.347211,0.000000,0.000000,-0.376423,0.989510,-65.809776,-27.510385,-50.112351,-0.350368,0.071286,0.0880
0.189870,-1.347211,0.000000,0.000000,-0.673377,1.374838,-65.638321,-27.510385,-50.112351,-0.349753,0.068553,0.0460
0.189870,-1.347211,0.000000,0.000000,-0.673377,1.374838,-65.638321,-27.510385,-50.112351,-0.349753,0.068553,0.0540
0.189870,-1.347211,0.000000,0.000000,-0.929096,2.333081,-65.096497,-27.510385,-50.112351,-0.347481,0.066660,0.1010
0.189870,-1.347211,0.000000,0.000000,-0.993711,2.414629,-64.983475,-27.510385,-50.112351,-0.344246,0.057244,0.0410
0.189870,-1.347211,0.000000,0.000000,-0.744236,2.052508,-64.943214,-27.510385,-50.112351,-0.342975,0.053692,0.0450
0.189870,-1.347211,0.000000,0.000000,-1.632177,2.145211,-64.769516,-27.510385,-50.112351,-0.340521,0.050108,0.0930
0.189870,-1.347211,0.000000,0.000000,-1.996114,2.092495,-64.729240,-27.510385,-50.112351,-0.334820,0.038871,0.0490
2.278447,-1.347211,0.699644,0.000000,-2.210634,0.611743,-64.440086,-27.510367,-50.112351,-0.289188,0.024105,0.1330
2.278447,-1.347211,0.699644,0.000000,-2.255517,-1.020762,-63.630936,-27.510367,-50.112351,0.015619,-0.005340,0.3100
2.278447,-1.347211,0.699644,0.000000,0.556400,-0.369369,-62.480465,-27.510367,-50.112351,0.383966,-0.029429,0.4720
2.278447,-1.347211,0.699644,0.000000,0.749683,-0.591563,-62.339684,-27.510367,-50.112351,0.436207,-0.031899,0.0610
2.088576,-1.684014,-0.171792,-0.304734,0.236011,0.101297,-60.683350,-27.510369,-50.112353,0.488957,-0.176867,0.4670
2.088576,-1.684014,-0.171792,-0.304734,0.258697,0.116697,-58.676685,-27.510369,-50.112353,0.437994,-0.370351,0.5170
1.518964,-1.347211,-0.203700,0.120445,0.178802,0.552553,-58.616467,-27.510372,-50.112350,0.406530,-0.392219,0.2870
1.518964,-1.347211,-0.203700,0.120445,0.168282,0.212438,-58.594910,-27.510372,-50.112350,0.395279,-0.386551,0.0680
1.518964,-1.347211,-0.203700,0.120445,0.240756,0.176137,-58.576359,-27.510372,-50.112350,0.389163,-0.383468,0.0400
1.518964,-1.347211,-0.203700,0.120445,0.240756,0.176137,-58.576359,-27.510372,-50.112350,0.389163,-0.383468,0.0410
1.518964,-1.347211,-0.203700,0.120445,0.213169,0.462823,-59.193874,-27.510372,-50.112350,0.343185,-0.359969,0.2990
1.139223,-1.347211,-0.005144,-0.000000,0.386999,-0.089061,-60.901279,-27.510376,-50.112352,0.294559,-0.341342,0.6370
1.139223,-1.347211,-0.005144,-0.000000,0.257384,-0.175924,-61.585369,-27.510376,-50.112352,0.302348,-0.351187,0.2280
1.139223,-1.347211,-0.005144,-0.000000,-0.212691,-0.271854,-62.371456,-27.510376,-50.112352,0.307247,-0.356488,0.1030
-4.936636,-4.378434,-0.313029,-0.156169,-3.455520,3.112526,-64.564156,-27.510431,-50.112382,0.258257,-0.409217,0.5010
-4.936636,-4.378434,-0.313029,-0.156169,-0.677718,-0.077386,-61.813053,-27.510431,-50.112382,-0.046696,-0.585297,0.5920
-4.936636,-4.378434,-0.313029,-0.156169,-0.314770,0.347425,-61.838772,-27.510431,-50.112382,-0.129570,-0.638193,0.1660
-4.936636,-4.378434,-0.313029,-0.156169,-0.133130,0.143764,-61.831299,-27.510431,-50.112382,-0.182003,-0.669168,0.1010
-4.936636,-4.378434,-0.313029,-0.156169,-0.230878,0.067102,-61.822598,-27.510431,-50.112382,-0.206943,-0.691463,0.0540
-6.265731,-4.041632,-0.852746,0.216092,-0.157499,0.060234,-61.819748,-27.510442,-50.112379,-0.257410,-0.687914,0.0400
-6.265731,-4.041632,-0.852746,0.216092,-0.135797,0.025416,-61.810390,-27.510442,-50.112379,-0.308775,-0.684617,0.0420
-6.265731,-4.041632,-0.852746,0.216092,-0.116165,0.071858,-61.810001,-27.510442,-50.112379,-0.360546,-0.681646,0.0410
-6.265731,-4.041632,-0.852746,0.216092,-0.101085,0.037038,-61.800686,-27.510442,-50.112379,-0.409769,-0.679068,0.0410
-6.265731,-4.041632,-0.852746,0.216092,-0.046751,0.008910,-61.799633,-27.510442,-50.112379,-0.460986,-0.676591,0.0400
-6.265731,-4.041632,-0.852746,0.216092,-0.044797,0.016041,-61.790619,-27.510442,-50.112379,-0.509739,-0.674410,0.0410
-6.265731,-4.041632,-0.852746,0.216092,-0.004183,-0.013749,-61.790932,-27.510442,-50.112379,-0.560525,-0.672271,0.0400
-6.265731,-4.041632,-0.852746,0.216092,0.000170,-0.017071,-61.785244,-27.510442,-50.112379,-0.607483,-0.670388,0.0400
-6.265731,-4.041632,-0.852746,0.216092,-0.003640,0.011136,-61.789745,-27.510442,-50.112379,-0.662348,-0.668274,0.0400
-6.265731,-4.041632,-0.852746,0.216092,-0.000662,-0.001639,-61.788322,-27.510442,-50.112379,-0.722015,-0.666157,0.0400
-6.265731,-4.041632,-0.852746,0.216092,-0.001000,0.001114,-61.794750,-27.510442,-50.112379,-0.769858,-0.664549,0.0410
-6.265731,-4.041632,-0.852746,0.216092,0.000675,0.004391,-61.790596,-27.510442,-50.112379,-0.823331,-0.662815,0.0400
-6.265731,-4.041632,-0.852746,0.216092,-0.000623,-0.000155,-61.786362,-27.510442,-50.112379,-0.908128,-0.660284,0.0730
-6.265731,-4.041632,-0.852746,0.216092,-0.001210,0.000143,-61.789040,-27.510442,-50.112379,-0.955413,-0.658885,0.0400
-6.265731,-4.041632,-0.852746,0.216092,0.002290,0.005487,-61.788071,-27.510442,-50.112379,-1.003914,-0.657555,0.0410
-6.265731,-4.041632,-0.852746,0.216092,-0.008115,-0.009264,-61.791008,-27.510442,-50.112379,-1.050093,-0.656366,0.0410
-6.265731,-4.041632,-0.852746,0.216092,-0.001477,0.001234,-61.788548,-27.510442,-50.112379,-1.096975,-0.655063,0.0400
-6.265731,-4.041632,-0.852746,0.216092,-0.004870,0.001414,-61.791424,-27.510442,-50.112379,-1.142398,-0.653736,0.0410
-6.265731,-4.041632,-0.852746,0.216092,-0.001782,0.000567,-61.789230,-27.510442,-50.112379,-1.190358,-0.652517,0.0410
-6.265731,-4.041632,-0.852746,0.216092,-0.001606,0.000311,-61.790646,-27.510442,-50.112379,-1.236861,-0.651267,0.0400
-6.265731,-4.041632,-0.852746,0.216092,-0.001234,-0.000254,-61.789223,-27.510442,-50.112379,-1.281926,-0.649976,0.0400
-6.265731,-4.041632,-0.852746,0.216092,-0.002099,0.001095,-61.790127,-27.510442,-50.112379,-1.331650,-0.648695,0.0410
-6.455601,-4.378434,-0.272847,-0.483990,-0.001157,0.001119,-61.790524,-27.510444,-50.112380,-1.375391,-0.649686,0.0400
-6.455601,-4.378434,-0.272847,-0.483990,-0.002222,0.000784,-61.789764,-27.510444,-50.112380,-1.398540,-0.679887,0.0400
-6.455601,-4.378434,-0.272847,-0.483990,-0.001536,0.000355,-61.787750,-27.510444,-50.112380,-1.420960,-0.709966,0.0430
-6.455601,-4.378434,-0.272847,-0.483990,-0.003383,0.001647,-61.787121,-27.510444,-50.112380,-1.445368,-0.740854,0.0400
-6.455601,-4.378434,-0.272847,-0.483990,-0.000703,0.001026,-61.790337,-27.510444,-50.112380,-1.469050,-0.771603,0.0410
-6.455601,-4.378434,-0.272847,-0.483990,-0.002118,0.000569,-61.792175,-27.510444,-50.112380,-1.491631,-0.801015,0.0420
-6.455601,-4.378434,-0.272847,-0.483990,-0.001085,0.000410,-61.792202,-27.510444,-50.112380,-1.514467,-0.829160,0.0400
-6.455601,-4.378434,-0.272847,-0.483990,-0.001546,0.000420,-61.792019,-27.510444,-50.112380,-1.535484,-0.856022,0.0400
-6.455601,-4.378434,-0.272847,-0.483990,-0.001188,0.000643,-61.792614,-27.510444,-50.112380,-1.559212,-0.886091,0.0410
-6.455601,-4.378434,-0.272847,-0.483990,-0.001582,0.000566,-61.792160,-27.510444,-50.112380,-1.588333,-0.922659,0.0540
-6.455601,-4.378434,-0.272847,-0.483990,-0.001441,0.000605,-61.793461,-27.510444,-50.112380,-1.610504,-0.949352,0.0410
-6.455601,-4.378434,-0.272847,-0.483990,-0.002174,0.000740,-61.792149,-27.510444,-50.112380,-1.633051,-0.977870,0.0410
-6.455601,-4.378434,-0.272847,-0.483990,-0.000478,-0.000034,-61.793541,-27.510444,-50.112380,-1.656136,-1.006424,0.0410
-6.455601,-4.378434,-0.272847,-0.483990,-0.001487,0.000453,-61.795036,-27.510444,-50.112380,-1.677025,-1.032574,0.0400
-6.455601,-4.378434,-0.272847,-0.483990,-0.001227,0.000357,-61.794243,-27.510444,-50.112380,-1.706958,-1.069617,0.0410
-6.455601,-4.378434,-0.272847,-0.483990,-0.001017,0.000460,-61.794373,-27.510444,-50.112380,-1.727763,-1.095560,0.0400
-6.455601,-4.378434,-0.272847,-0.483990,-0.001198,0.000474,-61.795971,-27.510444,-50.112380,-1.748036,-1.121183,0.0400
-6.455601,-4.378434,-0.272847,-0.483990,-0.001564,0.001258,-61.796886,-27.510444,-50.112380,-1.772472,-1.151362,0.0410
-6.455601,-4.378434,-0.272847,-0.483990,-0.002708,0.000355,-61.797829,-27.510444,-50.112380,-1.797876,-1.182621,0.0410
-6.455601,-4.378434,-0.272847,-0.483990,-0.002545,0.001735,-61.799286,-27.510444,-50.112380,-1.819533,-1.209396,0.0410
-6.455601,-4.378434,-0.272847,-0.483990,-0.002322,-0.000487,-61.799656,-27.510444,-50.112380,-1.842734,-1.238155,0.0400
-6.455601,-4.378434,-0.272847,-0.483990,0.000420,-0.000446,-61.800049,-27.510444,-50.112380,-1.864854,-1.265657,0.0430
-6.455601,-4.378434,-0.272847,-0.483990,-0.001988,0.000141,-61.799812,-27.510444,-50.112380,-1.888951,-1.295421,0.0400
-5.126507,-3.704829,0.793854,0.402338,-0.001379,-0.000078,-61.800289,-27.510433,-50.112375,-1.897936,-1.313268,0.0410
-5.126507,-3.704829,0.793854,0.402338,-0.001408,0.000676,-61.798805,-27.510433,-50.112375,-1.872757,-1.302372,0.0410
-5.126507,-3.704829,0.793854,0.402338,-0.001095,0.000698,-61.799503,-27.510433,-50.112375,-1.844673,-1.290210,0.0410
-5.126507,-3.704829,0.793854,0.402338,-0.001663,0.000825,-61.799881,-27.510433,-50.112375,-1.818373,-1.278736,0.0430
-5.126507,-3.704829,0.793854,0.402338,-0.000911,0.001439,-61.799435,-27.510433,-50.112375,-1.795185,-1.268702,0.0410
-5.126507,-3.704829,0.793854,0.402338,-0.002035,0.000246,-61.800762,-27.510433,-50.112375,-1.767085,-1.256495,0.0490
-5.126507,-3.704829,0.793854,0.402338,-0.001455,0.000570,-61.800938,-27.510433,-50.112375,-1.740923,-1.245139,0.0440
-5.126507,-3.704829,0.793854,0.402338,-0.001396,-0.000017,-61.802925,-27.510433,-50.112375,-1.709891,-1.231560,0.0510
-5.126507,-3.704829,0.793854,0.402338,-0.001504,0.000452,-61.804256,-27.510433,-50.112375,-1.661608,-1.210417,0.0830
-5.126507,-3.704829,0.793854,0.402338,-0.001945,0.000125,-61.803867,-27.510433,-50.112375,-1.634441,-1.198596,0.0480
-5.126507,-3.704829,0.793854,0.402338,0.000301,0.002524,-61.802296,-27.510433,-50.112375,-1.605512,-1.185932,0.0480
-5.126507,-3.704829,0.793854,0.402338,-0.001619,-0.000360,-61.802719,-27.510433,-50.112375,-1.577670,-1.173724,0.0470
-5.126507,-3.704829,0.793854,0.402338,-0.001677,0.000601,-61.803867,-27.510433,-50.112375,-1.549893,-1.161543,0.0480
-5.126507,-3.704829,0.793854,0.402338,-0.001897,-0.000286,-61.806114,-27.510433,-50.112375,-1.521111,-1.148928,0.0480
-5.126507,-3.704829,0.793854,0.402338,-0.003790,0.002548,-61.806046,-27.510433,-50.112375,-1.494196,-1.137129,0.0460
-5.126507,-3.704829,0.793854,0.402338,-0.000481,0.000120,-61.805645,-27.510433,-50.112375,-1.467297,-1.125329,0.0460
-5.126507,-3.704829,0.793854,0.402338,-0.000508,0.001905,-61.806465,-27.510433,-50.112375,-1.438605,-1.112729,0.0490
-5.126507,-3.704829,0.793854,0.402338,-0.001241,0.000187,-61.806404,-27.510433,-50.112375,-1.413954,-1.101896,0.0430
-5.126507,-3.704829,0.793854,0.402338,-0.000841,0.001145,-61.806961,-27.510433,-50.112375,-1.387135,-1.090109,0.0460
-5.126507,-3.704829,0.793854,0.402338,-0.003693,-0.003687,-61.807564,-27.510433,-50.112375,-1.360336,-1.078323,0.0440
-5.126507,-3.704829,0.793854,0.402338,-0.000044,0.000637,-61.808567,-27.510433,-50.112375,-1.322427,-1.061641,0.0660
-4.367024,-3.704829,0.730511,0.000000,-0.002378,0.000462,-61.809994,-27.510425,-50.112372,-1.296173,-1.067475,0.0460
-4.367024,-3.704829,0.730511,0.000000,-0.001159,-0.000574,-61.809757,-27.510425,-50.112372,-1.273218,-1.072887,0.0430
-4.367024,-3.704829,0.730511,0.000000,-0.002440,0.000592,-61.812576,-27.510425,-50.112372,-1.245811,-1.079413,0.0490
-4.367024,-3.704829,0.730511,0.000000,-0.012479,0.007588,-61.810295,-27.510425,-50.112372,-1.220659,-1.085617,0.0450
-4.367024,-3.704829,0.730511,0.000000,-0.001685,0.000834,-61.811157,-27.510425,-50.112372,-1.192239,-1.092275,0.0520
-4.367024,-3.704829,0.730511,0.000000,-0.002468,-0.006475,-61.811954,-27.510425,-50.112372,-1.168861,-1.097970,0.0420
-4.367024,-3.704829,0.730511,0.000000,-0.000573,0.000480,-61.812344,-27.510425,-50.112372,-1.142187,-1.104146,0.0470
-4.367024,-3.704829,0.730511,0.000000,-0.001885,-0.002363,-61.812180,-27.510425,-50.112372,-1.118891,-1.109818,0.0430
-4.367024,-3.704829,0.730511,0.000000,0.005060,-0.004519,-61.811920,-27.510425,-50.112372,-1.090631,-1.116449,0.0510
-4.367024,-3.704829,0.730511,0.000000,-0.000928,0.000385,-61.811073,-27.510425,-50.112372,-1.066301,-1.122267,0.0450
-4.367024,-3.704829,0.730511,0.000000,-0.000993,-0.000442,-61.811489,-27.510425,-50.112372,-1.040368,-1.128530,0.0460
-4.367024,-3.704829,0.730511,0.000000,-0.001004,0.004567,-61.811901,-27.510425,-50.112372,-1.015000,-1.134500,0.0450
-4.367024,-3.704829,0.730511,0.000000,0.001194,0.002022,-61.814209,-27.510425,-50.112372,-0.988037,-1.140915,0.0510
-4.367024,-3.704829,0.730511,0.000000,-0.001802,0.000535,-61.815727,-27.510425,-50.112372,-0.962749,-1.146866,0.0460
-4.367024,-3.704829,0.730511,0.000000,-0.001855,0.001060,-61.814114,-27.510425,-50.112372,-0.938128,-1.152891,0.0440
-4.367024,-3.704829,0.730511,0.000000,-0.002032,0.000593,-61.815315,-27.510425,-50.112372,-0.911799,-1.159003,0.0490
-4.367024,-3.704829,0.730511,0.000000,-0.001372,0.000148,-61.814812,-27.510425,-50.112372,-0.887761,-1.164736,0.0420
-4.367024,-3.704829,0.730511,0.000000,-1.130690,-0.436775,-62.009411,-27.510425,-50.112372,-0.857796,-1.171970,0.0560
-4.367024,-3.704829,0.730511,0.000000,-0.276003,0.670432,-61.986877,-27.510425,-50.112372,-0.832733,-1.177846,0.0450
-4.367024,-3.704829,0.730511,0.000000,-0.157965,0.425788,-61.892311,-27.510425,-50.112372,-0.808828,-1.183546,0.0450
-4.367024,-3.704829,0.730511,0.000000,0.089095,-0.260272,-61.885303,-27.510425,-50.112372,-0.783843,-1.189411,0.0460
-3.607542,-3.368026,0.569034,0.252346,0.010541,0.074427,-61.847908,-27.510419,-50.112369,-0.762121,-1.188033,0.0470
-3.607542,-3.368026,0.569034,0.252346,0.217902,-0.110868,-61.864738,-27.510419,-50.112369,-0.741340,-1.181537,0.0480
-3.607542,-3.368026,0.569034,0.252346,-0.148517,-0.184106,-61.888992,-27.510419,-50.112369,-0.723299,-1.176019,0.0430
-3.607542,-3.368026,0.569034,0.252346,0.171034,-0.041203,-61.875298,-27.510419,-50.112369,-0.703547,-1.169748,0.0460
-3.607542,-3.368026,0.569034,0.252346,0.020372,0.016667,-61.893970,-27.510419,-50.112369,-0.683204,-1.163382,0.0460
-3.607542,-3.368026,0.569034,0.252346,-0.054159,-0.021141,-61.880367,-27.510419,-50.112369,-0.664745,-1.157513,0.0460
-3.607542,-3.368026,0.569034,0.252346,0.047616,-0.017656,-61.890892,-27.510419,-50.112369,-0.645415,-1.151385,0.0460
-3.607542,-3.368026,0.569034,0.252346,-0.120709,0.002012,-61.882362,-27.510419,-50.112369,-0.627043,-1.145513,0.0440
-3.607542,-3.368026,0.569034,0.252346,-0.167255,0.019500,-61.944542,-27.510419,-50.112369,-0.594282,-1.135092,0.0790
-3.607542,-3.368026,0.569034,0.252346,0.238091,0.030448,-61.915249,-27.510419,-50.112369,-0.573930,-1.128545,0.0490
-3.607542,-3.368026,0.569034,0.252346,-0.349300,-0.405794,-62.053219,-27.510419,-50.112369,-0.555706,-1.122658,0.0430
-3.607542,-3.368026,0.569034,0.252346,-0.384638,-0.412345,-62.708241,-27.510419,-50.112369,-0.536637,-1.116518,0.0470
-3.607542,-3.368026,0.569034,0.252346,0.272046,0.351807,-64.058449,-27.510419,-50.112369,-0.518545,-1.110688,0.0440
-3.607542,-3.368026,0.569034,0.252346,0.049317,0.267964,-64.874901,-27.510419,-50.112369,-0.484797,-1.099788,0.0810
-3.607542,-3.368026,0.569034,0.252346,-0.128401,-0.332851,-64.764717,-27.510419,-50.112369,-0.464698,-1.093233,0.0490
-3.607542,-3.368026,0.569034,0.252346,0.273006,1.042781,-65.165009,-27.510419,-50.112369,-0.447851,-1.087737,0.0420
-3.607542,-3.368026,0.569034,0.252346,0.180369,-0.989021,-64.230598,-27.510419,-50.112369,-0.428722,-1.081465,0.0470
-3.607542,-3.368026,0.569034,0.252346,1.289813,0.689918,-63.768188,-27.510419,-50.112369,-0.408444,-1.074841,0.0490
-3.607542,-3.368026,0.569034,0.252346,-0.168337,-0.316890,-64.153717,-27.510419,-50.112369,-0.390603,-1.069018,0.0450
-3.607542,-3.368026,0.569034,0.252346,-0.286768,0.215873,-64.359367,-27.510419,-50.112369,-0.372754,-1.063179,0.0450
-3.607542,-3.368026,0.000000,0.000000,-0.125092,-0.001867,-64.247307,-27.510419,-50.112369,-0.367818,-1.063119,0.0460
-3.607542,-3.368026,0.000000,0.000000,0.111695,-0.150261,-63.655437,-27.510419,-50.112369,-0.374879,-1.068418,0.0460
-3.607542,-3.368026,0.000000,0.000000,-0.136969,-0.110222,-62.925419,-27.510419,-50.112369,-0.382060,-1.073959,0.0510
-3.607542,-3.368026,0.000000,0.000000,0.101371,-0.300799,-62.769840,-27.510419,-50.112369,-0.388560,-1.078861,0.0450
-3.607542,-3.368026,0.000000,0.000000,-0.060047,0.072437,-62.769726,-27.510419,-50.112369,-0.395590,-1.084037,0.0460
-3.607542,-3.368026,0.000000,0.000000,0.371379,-0.138174,-62.620903,-27.510419,-50.112369,-0.401615,-1.088694,0.0430
