-0.569612,-0.000000,-0.077167,-0.000000,0.000055,-0.000127,0.161958,-27.510428,-50.112339,-0.508581,0.000977,1.7500
-0.569612,-0.000000,-0.077167,-0.000000,0.001151,0.000140,0.160869,-27.510428,-50.112339,-0.516150,0.000961,0.0740
-0.569612,-0.000000,0.000000,0.000000,0.000455,0.000104,0.158833,-27.510429,-50.112339,-0.526732,0.000931,0.1650
-0.569612,-0.000000,0.000000,0.000000,-0.001105,-0.000531,0.160988,-27.510429,-50.112339,-0.528992,0.000917,0.0620
-0.569612,-0.000000,0.000000,0.000000,0.000813,0.000194,0.160219,-27.510429,-50.112339,-0.531458,0.000901,0.0760
-0.569612,-0.000000,0.000000,0.000000,-0.000087,-0.000022,0.159378,-27.510429,-50.112339,-0.533027,0.000887,0.0520
-0.569612,-0.000000,0.000000,0.000000,0.000232,0.000160,0.159188,-27.510429,-50.112339,-0.533539,0.000882,0.0400
-0.569612,-0.000000,0.000000,0.000000,-0.000256,0.000000,0.157072,-27.510429,-50.112339,-0.536805,0.000861,0.0880
-0.569612,-0.000000,0.000000,0.000000,-0.001447,-0.002688,0.156464,-27.510429,-50.112339,-0.537626,0.000844,0.0400
-0.569612,-0.000000,0.000000,0.000000,0.000178,0.000145,0.156949,-27.510429,-50.112339,-0.539557,0.000822,0.0920
-0.569612,-0.000000,0.000000,0.000000,-0.001134,0.001525,0.155729,-27.510429,-50.112339,-0.540135,0.000807,0.0410
-0.569612,-0.000000,0.000000,0.000000,0.000399,-0.000870,0.154311,-27.510429,-50.112339,-0.541402,0.000782,0.0830
-0.569612,-0.000000,0.000000,0.000000,-0.003319,-0.002874,0.153334,-27.510429,-50.112339,-0.541939,0.000769,0.0410
-0.569612,-0.000000,0.000000,0.000000,-0.000227,-0.004580,0.152832,-27.510429,-50.112339,-0.543168,0.000742,0.0940
-0.569612,-0.000000,0.000000,0.000000,-0.000651,-0.001944,0.152429,-27.510429,-50.112339,-0.544005,0.000724,0.0690
-0.569612,-0.000000,0.000000,0.000000,0.003755,0.001133,0.150922,-27.510429,-50.112339,-0.544614,0.000709,0.0560
-0.569612,-0.000000,0.000000,0.000000,0.000065,-0.000101,0.151213,-27.510429,-50.112339,-0.545290,0.000698,0.0640
-0.379741,-0.336803,0.118739,-0.210625,-0.001312,-0.005909,0.151315,-27.510428,-50.112342,-0.533773,-0.021098,0.0750
-0.379741,-0.336803,0.118739,-0.210625,-0.001071,-0.000093,0.150882,-27.510428,-50.112342,-0.517739,-0.051252,0.1060
-0.379741,-0.336803,0.118739,-0.210625,-0.007732,-0.005001,0.149989,-27.510428,-50.112342,-0.510763,-0.064479,0.0550
-0.379741,-0.336803,0.118739,-0.210625,-0.000748,-0.000656,0.148480,-27.510428,-50.112342,-0.498963,-0.086559,0.0780
-0.379741,-0.336803,0.118739,-0.210625,-0.000960,-0.000412,0.144895,-27.510428,-50.112342,-0.485006,-0.112635,0.0970
-0.379741,-0.336803,0.118739,-0.210625,-0.000728,0.000366,0.145075,-27.510428,-50.112342,-0.470710,-0.139279,0.1010
-0.379741,-0.336803,0.118739,-0.210625,-0.000548,-0.000752,0.140810,-27.510428,-50.112342,-0.427404,-0.219691,0.3220
-0.379741,-0.336803,0.118739,-0.210625,-0.001082,0.000174,0.141317,-27.510428,-50.112342,-0.410868,-0.250272,0.1410
-0.569612,-0.336803,-0.180056,-0.000000,0.000664,-0.000305,0.140581,-27.510430,-50.112343,-0.413861,-0.257534,0.0590
-0.569612,-0.336803,-0.180056,-0.000000,-0.000292,0.000634,0.140564,-27.510430,-50.112343,-0.420630,-0.258412,0.0410
-0.569612,-0.336803,-0.180056,-0.000000,-0.000292,0.000634,0.140564,-27.510430,-50.112343,-0.420630,-0.258412,0.0410
-0.569612,-0.336803,-0.180056,-0.000000,-0.032173,-0.051131,0.142136,-27.510430,-50.112343,-0.415972,-0.273977,0.0400
-0.569612,-0.336803,-0.180056,-0.000000,-0.016614,-0.015946,0.143504,-27.510430,-50.112343,-0.433682,-0.272702,0.0710
-0.569612,-0.336803,-0.180056,-0.000000,0.000771,0.000497,0.143841,-27.510430,-50.112343,-0.444418,-0.272486,0.0410
-0.569612,-0.336803,-0.180056,-0.000000,0.000061,-0.000003,0.143895,-27.510430,-50.112343,-0.445828,-0.272501,0.0470
-0.569612,-0.336803,-0.180056,-0.000000,0.000061,-0.000003,0.143895,-27.510430,-50.112343,-0.445828,-0.272501,0.0400
-0.569612,-0.336803,-0.180056,-0.000000,0.030594,0.060306,0.142919,-27.510430,-50.112343,-0.462565,-0.279548,0.0630
-0.569612,-0.336803,-0.180056,-0.000000,0.001297,0.007559,0.144531,-27.510430,-50.112343,-0.485232,-0.279008,0.0920
-0.569612,-0.336803,-0.180056,-0.000000,-0.000348,0.000693,0.142007,-27.510430,-50.112343,-0.504976,-0.280087,0.1080
-0.569612,-0.336803,-0.180056,-0.000000,-0.000315,0.000062,0.141919,-27.510430,-50.112343,-0.515424,-0.280536,0.0490
-0.569612,-0.336803,-0.180056,-0.000000,0.000822,0.000595,0.142837,-27.510430,-50.112343,-0.532780,-0.281487,0.0920
-0.569612,-0.336803,-0.180056,-0.000000,-0.000430,-0.000088,0.141948,-27.510430,-50.112343,-0.542034,-0.282052,0.0470
-0.569612,-0.336803,-0.180056,-0.000000,0.000213,0.000541,0.140899,-27.510430,-50.112343,-0.558223,-0.282882,0.0910
-0.569612,-0.336803,-0.180056,-0.000000,0.005257,-0.002773,0.141575,-27.510430,-50.112343,-0.567811,-0.283499,0.0530
-0.949353,-0.673605,-0.284808,-0.252604,-0.000677,-0.0010,0.142850,-27.510433,-50.112346,-0.596780,-0.306338,0.0900
-0.949353,-0.673605,-0.284808,-0.252604,0.000068,-0.000343,0.142903,-27.510433,-50.112346,-0.613084,-0.322450,0.0480
-0.949353,-0.673605,-0.284808,-0.252604,-0.002244,0.002131,0.142818,-27.510433,-50.112346,-0.641792,-0.347519,0.0840
-0.949353,-0.673605,-0.284808,-0.252604,0.000000,0.000020,0.142817,-27.510433,-50.112346,-0.657079,-0.362433,0.0410
-0.949353,-0.673605,-0.284808,-0.252604,0.000021,-0.000610,0.142861,-27.510433,-50.112346,-0.661151,-0.366393,0.0510
-0.949353,-0.673605,-0.284808,-0.252604,-0.001388,-0.001771,0.144054,-27.510433,-50.112346,-0.697785,-0.395179,0.0890
-0.949353,-0.673605,-0.284808,-0.252604,-0.001225,0.000009,0.144350,-27.510433,-50.112346,-0.714505,-0.411477,0.0470
-0.949353,-0.673605,-0.284808,-0.252604,-0.001825,-0.000197,0.144770,-27.510433,-50.112346,-0.740220,-0.434394,0.0800
-0.949353,-0.673605,-0.284808,-0.252604,-0.000211,0.000237,0.145508,-27.510433,-50.112346,-0.755089,-0.448558,0.0450
-0.949353,-0.673605,-0.284808,-0.252604,0.001198,0.001182,0.146363,-27.510433,-50.112346,-0.763411,-0.456420,0.0410
-0.949353,-0.673605,-0.284808,-0.252604,0.001198,0.001182,0.146363,-27.510433,-50.112346,-0.763411,-0.456420,0.0400
-0.949353,-0.673605,-0.284808,-0.252604,0.001198,0.001182,0.146363,-27.510433,-50.112346,-0.763411,-0.456420,0.0400
-0.949353,-0.673605,-0.284808,-0.252604,0.001198,0.001182,0.146363,-27.510433,-50.112346,-0.763411,-0.456420,0.0460
-0.949353,-0.673605,-0.284808,-0.252604,0.001198,0.001182,0.146363,-27.510433,-50.112346,-0.763411,-0.456420,0.0450
-0.949353,-0.673605,-0.284808,-0.252604,0.001198,0.001182,0.146363,-27.510433,-50.112346,-0.763411,-0.456420,0.0400
-0.949353,-0.673605,-0.284808,-0.252604,0.001198,0.001182,0.146363,-27.510433,-50.112346,-0.763411,-0.456420,0.0450
-0.949353,-0.673605,-0.284808,-0.252604,-0.128546,-0.025058,0.139914,-27.510433,-50.112346,-0.868857,-0.545676,0.0960
-0.949353,-0.673605,-0.284808,-0.252604,-0.107882,-0.023023,0.139387,-27.510438,-50.112351,-0.877455,-0.554182,0.0490
-1.518965,-1.010408,-0.358689,-0.212087,-0.034024,-0.006700,0.139083,-27.510438,-50.112351,-0.932487,-0.585847,0.1010
-1.518965,-1.010408,-0.358689,-0.212087,-0.000299,-0.000692,0.140547,-27.510438,-50.112351,-0.978925,-0.612853,0.0940
-1.518965,-1.010408,-0.358689,-0.212087,0.002661,-0.000608,0.140054,-27.510438,-50.112351,-0.995702,-0.622854,0.0520
-1.518965,-1.010408,-0.358689,-0.212087,0.000915,0.000382,0.140687,-27.510438,-50.112351,-1.037572,-0.648797,0.0840
-1.518965,-1.010408,-0.358689,-0.212087,-0.000610,-0.000855,0.141940,-27.510438,-50.112351,-1.057907,-0.661162,0.0400
-1.518965,-1.010408,-0.358689,-0.212087,-0.000608,-0.000836,0.142079,-27.510438,-50.112351,-1.063344,-0.664490,0.0400
-1.518965,-1.010408,-0.358689,-0.212087,-0.000608,-0.000836,0.142079,-27.510438,-50.112351,-1.063344,-0.664490,0.0500
-1.518965,-1.010408,-0.358689,-0.212087,0.004703,-0.012765,0.141031,-27.510438,-50.112351,-1.132271,-0.707176,0.0980
-1.518965,-1.010408,-0.358689,-0.212087,0.000048,0.000005,0.140675,-27.510438,-50.112351,-1.148452,-0.717066,0.0460
-1.518965,-1.010408,-0.358689,-0.212087,-0.001021,0.002271,0.141684,-27.510438,-50.112351,-1.186111,-0.740264,0.0840
-1.518965,-1.010408,-0.358689,-0.212087,0.000813,0.000137,0.141330,-27.510438,-50.112351,-1.208629,-0.754180,0.0800
-1.518965,-1.010408,-0.358689,-0.212087,0.003322,-0.018475,0.141876,-27.510438,-50.112351,-1.261771,-0.786731,0.1140
-1.518965,-1.010408,-0.358689,-0.212087,0.000044,0.000235,0.142665,-27.510438,-50.112351,-1.277769,-0.796557,0.0410
-1.518965,-1.010408,-0.358689,-0.212087,0.004537,0.003226,0.142757,-27.510438,-50.112351,-1.287092,-0.802315,0.0410
-1.518965,-1.010408,-0.358689,-0.212087,0.004537,0.003226,0.142757,-27.510441,-50.112353,-1.287092,-0.802315,0.0440
-1.898706,-1.347211,-0.246320,-0.218468,-0.024156,-0.006740,0.144785,-27.510441,-50.112353,-1.336611,-0.839851,0.0840
-1.898706,-1.347211,-0.246320,-0.218468,-0.000094,-0.000073,0.145823,-27.510441,-50.112353,-1.349512,-0.853023,0.0420
-1.898706,-1.347211,-0.246320,-0.218468,-0.000324,0.000326,0.145968,-27.510441,-50.112353,-1.356903,-0.860179,0.0400
-1.898706,-1.347211,-0.246320,-0.218468,-0.000324,0.000326,0.145968,-27.510441,-50.112353,-1.356903,-0.860179,0.0410
-1.898706,-1.347211,-0.246320,-0.218468,-0.000324,0.000326,0.145968,-27.510441,-50.112353,-1.356903,-0.860179,0.0410
-1.898706,-1.347211,-0.246320,-0.218468,-0.000324,0.000326,0.145968,-27.510441,-50.112353,-1.356903,-0.860179,0.0410
-1.898706,-1.347211,-0.246320,-0.218468,-0.000324,0.000326,0.145968,-27.510441,-50.112353,-1.356903,-0.860179,0.0410
-1.898706,-1.347211,-0.246320,-0.218468,-0.000324,0.000326,0.145968,-27.510441,-50.112353,-1.356903,-0.860179,0.0400
-1.898706,-1.347211,-0.246320,-0.218468,-0.068226,0.098657,0.153046,-27.510441,-50.112353,-1.445812,-0.933185,0.0890
-1.898706,-1.347211,-0.246320,-0.218468,-0.053638,0.075357,0.152291,-27.510441,-50.112353,-1.459823,-0.947590,0.0470
-1.898706,-1.347211,-0.246320,-0.218468,-0.047738,0.061971,0.152324,-27.510441,-50.112353,-1.463546,-0.951207,0.0530
-1.898706,-1.347211,-0.246320,-0.218468,-0.000829,0.000081,0.149620,-27.510441,-50.112353,-1.504855,-0.988646,0.1010
-1.898706,-1.347211,-0.246320,-0.218468,-0.000327,0.000858,0.150441,-27.510441,-50.112353,-1.533657,-1.014991,0.0940
-1.898706,-1.347211,-0.246320,-0.218468,-0.000059,0.001231,0.150776,-27.510441,-50.112353,-1.561050,-1.039678,0.0890
-1.898706,-1.347211,-0.246320,-0.218468,0.000390,0.000422,0.152285,-27.510441,-50.112353,-1.589435,-1.065166,0.0970
-1.898706,-1.347211,0.000000,0.000000,0.000061,0.000062,0.154351,-27.510441,-50.112354,-1.601201,-1.075946,0.0970
-1.898706,-1.347211,0.000000,0.000000,0.000659,-0.000861,0.155079,-27.510441,-50.112354,-1.602663,-1.077395,0.0790
-1.898706,-1.347211,0.000000,0.000000,0.000631,-0.000379,0.153571,-27.510441,-50.112354,-1.604273,-1.078911,0.0620
-1.898706,-1.347211,0.000000,0.000000,0.000260,0.002335,0.152666,-27.510441,-50.112354,-1.604883,-1.079504,0.0480
-1.898706,-1.347211,0.000000,0.000000,-0.001074,-0.000609,0.154759,-27.510441,-50.112354,-1.613390,-1.087041,0.1080
-1.898706,-1.347211,0.000000,0.000000,-0.000306,0.000284,0.155812,-27.510441,-50.112354,-1.616793,-1.090191,0.1060
-1.898706,-1.347211,0.000000,0.000000,0.000485,-0.000122,0.156164,-27.510441,-50.112354,-1.618114,-1.091415,0.0470
-1.898706,-1.347211,0.000000,0.000000,0.000485,-0.000122,0.156164,-27.510441,-50.112354,-1.618114,-1.091415,0.0430
-1.898706,-1.347211,0.000000,0.000000,-0.004643,-0.001689,0.158642,-27.510441,-50.112354,-1.626144,-1.098621,0.1320
-1.898706,-1.347211,0.000000,0.000000,-0.003770,0.001014,0.157079,-27.510441,-50.112354,-1.630641,-1.102735,0.1320
-1.708835,-1.347211,0.082311,0.000000,0.000023,0.000262,0.156387,-27.510439,-50.112354,-1.633729,-1.107279,0.1360
-1.708835,-1.347211,0.082311,0.000000,0.000542,0.000171,0.155666,-27.510439,-50.112354,-1.628393,-1.109594,0.0670
-1.708835,-1.347211,0.082311,0.000000,-0.000826,-0.002054,0.157458,-27.510439,-50.112354,-1.623833,-1.111789,0.0720
-1.708835,-1.347211,0.082311,0.000000,0.000093,-0.000252,0.158229,-27.510439,-50.112354,-1.616407,-1.115174,0.0940
-1.708835,-1.347211,0.082311,0.000000,0.011565,0.042560,0.157110,-27.510439,-50.112354,-1.610860,-1.117662,0.0960
-1.708835,-1.347211,0.082311,0.000000,-0.183331,-0.018800,0.163138,-27.510439,-50.112354,-1.606448,-1.119623,0.0660
-1.708835,-1.347211,0.082311,0.000000,-0.111792,0.078181,0.171416,-27.510439,-50.112354,-1.601221,-1.121998,0.0760
-1.708835,-1.347211,0.082311,0.000000,-0.106882,0.073895,0.162962,-27.510439,-50.112354,-1.600308,-1.122424,0.0440
-1.708835,-1.347211,0.082311,0.000000,-0.106882,0.073895,0.162962,-27.510439,-50.112354,-1.600308,-1.122424,0.0510
-1.708835,-1.347211,0.082311,0.000000,-0.106882,0.073895,0.162962,-27.510439,-50.112354,-1.600308,-1.122424,0.0420
-1.708835,-1.347211,0.082311,0.000000,-0.188808,0.113945,0.132702,-27.510439,-50.112354,-1.587074,-1.125713,0.0940
-1.708835,-1.347211,0.082311,0.000000,-0.200186,0.112192,0.133284,-27.510439,-50.112354,-1.579435,-1.128738,0.1050
-1.708835,-1.347211,0.082311,0.000000,0.086568,-0.001125,0.136823,-27.510439,-50.112354,-1.573412,-1.131300,0.0870
-1.708835,-1.347211,0.082311,0.000000,-0.422099,0.014615,0.135510,-27.510439,-50.112354,-1.570180,-1.132801,0.0480
-1.139224,-1.347211,0.205778,0.000000,0.083815,0.030615,0.146899,-27.510434,-50.112354,-1.540164,-1.135906,0.1360
-1.139224,-1.347211,0.205778,0.000000,-0.010369,0.011958,0.189602,-27.510434,-50.112354,-1.505911,-1.139303,0.1260
-1.139224,-1.347211,0.205778,0.000000,0.198345,0.001348,0.217952,-27.510434,-50.112354,-1.489529,-1.140992,0.0640
-1.139224,-1.347211,0.205778,0.000000,0.360176,-0.008641,0.385238,-27.510434,-50.112354,-1.441392,-1.145785,0.1900
-1.139224,-1.347211,0.205778,0.000000,-0.544238,0.066513,1.214830,-27.510434,-50.112354,-1.347924,-1.155028,0.4000
-1.139224,-1.347211,0.205778,0.000000,-0.963513,0.096532,1.220347,-27.510434,-50.112354,-1.334686,-1.156467,0.0550
-1.708835,-1.347211,-0.216067,-0.000000,0.449273,-0.162818,1.450907,-27.510440,-50.112355,-1.343237,-1.159682,0.1610
-1.708835,-1.347211,-0.216067,-0.000000,0.175068,-0.705217,2.419640,-27.510440,-50.112355,-1.474011,-1.171342,0.5250
-1.708835,-1.347211,-0.216067,-0.000000,2.305266,2.110620,2.452346,-27.510440,-50.112355,-1.534000,-1.176892,0.2600
-2.278447,-1.347211,-0.452711,-0.000000,2.313548,-1.653790,0.275103,-27.510444,-50.112353,-1.687455,-1.176066,0.4040
-2.278447,-1.347211,-0.452711,-0.000000,-0.174095,-0.028362,-12.856672,-27.510444,-50.112353,-1.806800,-1.180386,0.2780
-2.278447,-1.347211,-0.452711,-0.000000,-1.357069,-1.206640,-26.140982,-27.510444,-50.112353,-1.957795,-1.186880,0.3420
-2.088577,-0.673605,0.157713,0.559520,-0.419076,0.231853,-38.082619,-27.510443,-50.112347,-1.979451,-1.050305,0.3660
-2.088577,-0.673605,0.157713,0.559520,-0.056250,0.448634,-40.419292,-27.510443,-50.112347,-1.972043,-1.020096,0.0500
-2.088577,-0.673605,0.157713,0.559520,-0.164154,0.689560,-41.697968,-27.510443,-50.112347,-1.967112,-1.000843,0.0440
-2.088577,-0.673605,0.157713,0.559520,0.119058,1.309104,-47.549381,-27.510443,-50.112347,-1.949026,-0.869237,0.2520
-2.088577,-0.673605,0.157713,0.559520,0.508672,0.035070,-48.572205,-27.510443,-50.112347,-1.923475,-0.758762,0.1850
-2.088577,-0.673605,0.157713,0.559520,1.237176,0.248801,-48.919754,-27.510443,-50.112347,-1.910919,-0.707045,0.1020
-2.088577,-0.673605,0.000000,0.000000,1.711432,-0.020960,-49.894226,-27.510443,-50.112347,-1.895759,-0.653132,0.4290
-2.088577,-0.673605,0.000000,0.000000,-0.386094,1.321151,-48.288612,-27.510443,-50.112347,-1.890016,-0.649598,0.2950
-2.088577,-0.673605,0.000000,0.000000,-0.474029,1.378389,-47.883430,-27.510443,-50.112347,-1.890412,-0.649363,0.0910
-2.088577,-0.673605,0.000000,0.000000,-0.345756,1.353364,-47.613636,-27.510443,-50.112347,-1.888626,-0.646983,0.0670
0.189869,4.715237,1.292193,3.056218,0.888883,1.926681,-48.479729,-27.510423,-50.112293,-1.640331,-0.047128,0.3880
0.189869,4.715237,1.292193,3.056218,-0.576994,1.107026,-52.209599,-27.510423,-50.112293,-0.924783,1.666714,0.5000
2.088575,7.072856,1.952190,2.424030,-0.403435,0.536365,-51.937248,-27.510404,-50.112266,0.131172,3.499533,0.6230
2.088575,7.072856,1.952190,2.424030,-0.222990,0.331246,-51.383114,-27.510404,-50.112266,0.603478,4.120409,0.2450
3.607540,7.746461,2.628845,1.165797,1.064274,-1.188830,-52.007694,-27.510390,-50.112261,1.732323,5.414677,0.5330
3.607540,7.746461,2.628845,1.165797,0.075957,-0.110254,-53.102715,-27.510390,-50.112261,3.533599,6.307203,0.6700
10.442881,11.788096,5.477757,3.238916,-0.260318,-0.009393,-54.420696,-27.510331,-50.112220,5.802556,7.609029,0.5240
10.442881,11.788096,5.477757,3.238916,0.066970,-0.270515,-54.954304,-27.510331,-50.112220,6.865045,8.255392,0.1980
20.885763,14.482522,8.866728,2.287753,2.123493,-1.928270,-56.413918,-27.510236,-50.112195,10.142594,10.136011,0.5540
20.885763,14.482522,8.866728,2.287753,2.054414,-1.901507,-56.562893,-27.510236,-50.112195,11.456188,10.492613,0.1520
20.885763,14.482522,8.866728,2.287753,1.915496,-1.506403,-56.605118,-27.510236,-50.112195,11.816677,10.588967,0.0400
20.885763,14.482522,8.866728,2.287753,1.915496,-1.506403,-56.605118,-27.510236,-50.112195,11.816677,10.588967,0.0400
20.885763,14.482522,8.866728,2.287753,-0.235873,0.594605,-54.744114,-27.510236,-50.112195,17.092491,12.017028,0.5050
31.708387,15.492932,10.280194,0.959769,0.058927,-0.535129,-53.692936,-27.510139,-50.112184,20.620459,12.689150,0.3880
31.708387,15.492932,10.280194,0.959769,0.738684,-0.816652,-53.389427,-27.510139,-50.112184,21.739205,12.804367,0.1020
31.708387,15.492932,10.280194,0.959769,1.714449,0.388960,-52.832771,-27.510139,-50.112184,24.640873,13.108761,0.2700
31.708387,15.492932,10.280194,0.959769,2.686867,0.426510,-52.393696,-27.510139,-50.112184,25.902802,13.239213,0.1180
32.467869,15.829736,4.834439,2.143902,-1.593431,-1.388448,-50.596085,-27.510132,-50.112178,30.074535,13.805448,0.4230
32.467869,15.829736,4.834439,2.143902,-1.612298,-0.390233,-51.213135,-27.510132,-50.112178,31.103129,14.255485,0.2130
32.467869,15.829736,4.834439,2.143902,-1.256490,0.137746,-51.451294,-27.510132,-50.112178,31.948580,14.627626,0.1700
32.467869,15.829736,4.834439,2.143902,-0.966739,0.748197,-59.530312,-27.510132,-50.112178,33.569341,15.351244,0.3160
32.467869,15.829736,0.000000,0.000000,0.025639,-0.162595,-64.329094,-27.510132,-50.112178,34.585714,15.814666,0.3330
32.467869,15.829736,0.000000,0.000000,-0.228488,-0.451265,-67.827538,-27.510132,-50.112178,34.612913,15.853510,0.6530
32.467869,15.829736,0.000000,0.000000,-0.021237,0.054675,-68.450500,-27.510132,-50.112178,34.597858,15.856579,0.1820
33.227352,17.850557,0.421691,1.122030,0.245899,-0.570958,-69.320229,-27.510127,-50.112158,34.672824,16.098398,0.2680
33.227352,17.850557,0.421691,1.122030,0.110169,-0.056789,-69.246971,-27.510127,-50.112158,34.799171,16.497481,0.3330
31.518517,17.850557,-0.411556,-0.000000,0.190381,0.160977,-68.138092,-27.510141,-50.112160,34.935614,17.046969,0.5190
31.518517,17.850557,-0.411556,-0.000000,0.115860,0.069107,-68.108162,-27.510141,-50.112160,34.896262,17.049596,0.0660
31.518517,17.850557,-0.411556,-0.000000,-0.061179,0.263177,-68.101974,-27.510141,-50.112160,34.863406,17.049381,0.0470
31.518517,17.850557,-0.411556,-0.000000,0.187026,0.131573,-68.445107,-27.510141,-50.112160,34.681363,17.081936,0.3510
31.518517,17.850557,-0.411556,-0.000000,0.275932,-0.294302,-68.462357,-27.510141,-50.112160,34.655251,17.082347,0.0400
31.518517,17.850557,-0.411556,-0.000000,0.217326,-0.415173,-68.443520,-27.510141,-50.112160,34.601764,17.093271,0.0910
30.569164,17.513754,-0.242418,-0.086003,0.085869,0.128518,-68.590340,-27.510149,-50.112164,34.337084,17.098085,0.5280
30.569164,17.513754,-0.242418,-0.086003,0.022792,-0.155837,-68.523628,-27.510149,-50.112164,34.226645,17.083072,0.2530
30.569164,17.513754,-0.242418,-0.086003,0.013125,-0.021747,-68.526772,-27.510149,-50.112164,34.207382,17.080242,0.0400
30.569164,17.513754,-0.242418,-0.086003,-0.026252,-0.285829,-68.505989,-27.510149,-50.112164,34.113290,17.067239,0.2360
30.569164,17.513754,-0.242418,-0.086003,-0.234562,0.212173,-68.391212,-27.510149,-50.112164,33.995348,17.050484,0.2700
29.619812,16.840147,-0.239149,-0.169687,0.162279,0.160480,-67.631577,-27.510158,-50.112167,33.734864,16.952994,0.5470
29.619812,16.840147,-0.239149,-0.169687,0.149881,0.329652,-67.243141,-27.510158,-50.112167,33.615082,16.907392,0.2890
29.619812,16.840147,-0.239149,-0.169687,-0.055272,0.131225,-67.127258,-27.510158,-50.112167,33.569338,16.890689,0.1070
29.050200,16.166540,-0.202628,-0.239623,-0.085540,0.655035,-66.805870,-27.510163,-50.112173,33.462786,16.832600,0.2460
29.050200,16.166540,-0.202628,-0.239623,0.114844,0.400991,-66.759392,-27.510163,-50.112173,33.441950,16.819071,0.0450
29.050200,16.166540,-0.202628,-0.239623,-0.499266,0.232581,-66.716957,-27.510163,-50.112173,33.413651,16.802375,0.0690
29.050200,16.166540,-0.202628,-0.239623,-0.207708,0.076648,-66.524147,-27.510163,-50.112173,33.166014,16.647049,0.5420
28.480587,15.829737,-0.376402,-0.222561,-0.245745,0.334986,-66.804230,-27.510168,-50.112180,33.031759,16.579474,0.3080
28.480587,15.829737,-0.376402,-0.222561,0.114681,0.063578,-66.870392,-27.510168,-50.112180,32.997617,16.564885,0.0530
28.480587,15.829737,-0.376402,-0.222561,0.115673,-0.304844,-67.079903,-27.510168,-50.112180,32.787677,16.475226,0.3530
28.480587,15.829737,-0.376402,-0.222561,0.019140,-0.215176,-67.083809,-27.510168,-50.112180,32.761887,16.464427,0.0410
28.480587,15.829737,-0.376402,-0.222561,0.245129,-0.439244,-67.161133,-27.510168,-50.112180,32.656138,16.419001,0.1810
28.480587,15.829737,-0.376402,-0.222561,0.154060,-0.069466,-67.133713,-27.510168,-50.112180,32.535894,16.366920,0.2040
27.721106,14.819326,-0.272010,-0.361881,0.037591,0.109031,-67.169846,-27.510176,-50.112189,32.483242,16.332669,0.0960
27.721106,14.819326,-0.272010,-0.361881,-0.237061,0.116152,-66.783310,-27.510176,-50.112189,32.301217,16.177413,0.3610
27.721106,14.819326,-0.272010,-0.361881,0.008596,0.052894,-66.290085,-27.510176,-50.112189,32.196108,16.088245,0.2090
27.721106,14.819326,-0.272010,-0.361881,0.043068,-0.027692,-66.101959,-27.510176,-50.112189,32.040403,15.955708,0.3170
26.012270,13.135310,-0.571613,-0.563311,0.036928,-0.352876,-65.733971,-27.510191,-50.112206,31.740389,15.711466,0.3740
26.012270,13.135310,-0.571613,-0.563311,0.049369,0.052746,-66.498634,-27.510191,-50.112206,31.421510,15.453308,0.3870
26.012270,13.135310,-0.571613,-0.563311,-0.063912,-0.114009,-66.651428,-27.510191,-50.112206,31.360566,15.404306,0.0730
26.012270,13.135310,-0.571613,-0.563311,0.044149,-0.210019,-66.760880,-27.510191,-50.112206,31.326047,15.376785,0.0430
26.012270,13.135310,-0.571613,-0.563311,0.057054,-0.178654,-67.064743,-27.510191,-50.112206,31.250875,15.314827,0.0900
23.354082,11.114491,-0.753548,-0.572865,-0.172131,-0.370697,-67.431725,-27.510214,-50.112228,31.163654,15.245640,0.1020
23.354082,11.114491,-0.753548,-0.572865,-0.683818,-0.838881,-67.704758,-27.510214,-50.112228,31.076062,15.186192,0.0770
23.354082,11.114491,-0.753548,-0.572865,-0.882425,-0.917042,-67.866203,-27.510214,-50.112228,31.005017,15.138419,0.0620
23.354082,11.114491,-0.753548,-0.572865,-1.277501,-0.836797,-67.921547,-27.510214,-50.112228,30.972327,15.116504,0.0420
23.354082,11.114491,-0.753548,-0.572865,-1.577423,-0.841516,-68.055931,-27.510214,-50.112228,30.911265,15.064056,0.0630
23.354082,11.114491,-0.753548,-0.572865,-1.514644,-1.175691,-68.195404,-27.510214,-50.112228,30.808450,14.995203,0.0920
23.354082,11.114491,-0.753548,-0.572865,-1.240369,-0.768195,-68.338806,-27.510214,-50.112228,30.712540,14.930346,0.0860
23.354082,11.114491,-0.753548,-0.572865,-1.209910,-0.523030,-68.476395,-27.510214,-50.112228,30.593469,14.849676,0.1060
18.987059,8.756869,-0.787676,-0.425242,0.345233,0.582214,-66.709412,-27.510255,-50.112250,29.797184,14.351057,0.6680
18.987059,8.756869,-0.787676,-0.425242,0.270728,0.434349,-66.459435,-27.510255,-50.112250,29.510711,14.198202,0.2380
18.987059,8.756869,-0.787676,-0.425242,0.444430,0.379537,-66.312271,-27.510255,-50.112250,29.227725,14.047773,0.2230
18.987059,8.756869,-0.787676,-0.425242,-0.117803,0.500731,-66.346237,-27.510255,-50.112250,29.058557,13.957943,0.1290
15.569387,8.083263,-1.024611,-0.201946,1.714999,0.320814,-66.800438,-27.510284,-50.112260,28.258315,13.664543,0.5440
15.569387,8.083263,-1.024611,-0.201946,-0.404806,-0.157551,-66.654243,-27.510284,-50.112260,27.618797,13.479550,0.4000
15.569387,8.083263,-1.024611,-0.201946,-0.358005,0.030344,-66.463860,-27.510284,-50.112260,27.355308,13.403399,0.1560
12.531458,6.062446,-0.916635,-0.609742,-0.252916,-0.306056,-65.658585,-27.510310,-50.112277,26.589940,12.995962,0.4950
12.531458,6.062446,-0.916635,-0.609742,0.130678,-0.168494,-65.364136,-27.510310,-50.112277,26.276909,12.811138,0.2000
12.531458,6.062446,-0.916635,-0.609742,-0.178791,-0.492953,-65.301605,-27.510310,-50.112277,26.142828,12.731726,0.0870
12.531458,6.062446,-0.916635,-0.609742,0.066962,-0.158246,-65.320816,-27.510310,-50.112277,25.981804,12.636544,0.1020
10.442882,4.715234,-0.855974,-0.552136,-0.043377,0.175986,-65.278877,-27.510330,-50.112293,25.453050,12.326697,0.3400
10.442882,4.715234,-0.855974,-0.552136,-0.077260,0.382428,-64.826981,-27.510330,-50.112293,25.103962,12.123977,0.2230
10.442882,4.715234,-0.855974,-0.552136,0.012984,-0.566003,-64.041115,-27.510330,-50.112293,24.231741,11.616330,0.5770
10.442882,4.715234,-0.855974,-0.552136,-0.257614,-0.138512,-64.163818,-27.510348,-50.112302,24.135290,11.560163,0.0780
8.354305,3.704826,-0.782637,-0.378623,-0.115724,-0.100781,-64.242722,-27.510348,-50.112302,24.063114,11.525087,0.0430
8.354305,3.704826,-0.782637,-0.378623,-0.228416,0.120461,-64.474152,-27.510348,-50.112302,23.811234,11.397891,0.1810
8.354305,3.704826,-0.782637,-0.378623,0.180974,-0.350038,-64.409615,-27.510348,-50.112302,23.514752,11.252568,0.2040
8.354305,3.704826,-0.782637,-0.378623,0.000700,-0.228012,-62.642323,-27.510348,-50.112302,22.953526,10.977301,0.3820
6.075858,2.694417,-0.982877,-0.435870,0.012416,-0.196938,-56.336067,-27.510371,-50.112312,22.138087,10.590606,0.5100
6.075858,2.694417,-0.982877,-0.435870,0.036997,-0.226768,-55.334213,-27.510371,-50.112312,22.044808,10.547642,0.0530
6.075858,2.694417,-0.982877,-0.435870,-0.122057,-0.294208,-53.269695,-27.510371,-50.112312,21.820182,10.442479,0.1330
6.075858,2.694417,-0.982877,-0.435870,1.398489,0.743145,-52.527012,-27.510371,-50.112312,21.408150,10.251140,0.2480
4.367023,2.357615,-0.984232,-0.193987,1.817442,1.181970,-53.728447,-27.510386,-50.112317,20.984001,10.056748,0.2550
4.367023,2.357615,-0.984232,-0.193987,1.647632,-0.332481,-61.327675,-27.510386,-50.112317,19.932915,9.727301,0.6250
4.367023,2.357615,-0.984232,-0.193987,-1.073732,-0.119377,-62.524849,-27.510386,-50.112317,19.437183,9.570753,0.2980
4.556893,2.020812,0.176845,-0.313697,-0.679532,-0.784409,-63.212692,-27.510383,-50.112319,19.228735,9.395766,0.2850
4.556893,2.020812,0.176845,-0.313697,-0.513732,-0.031106,-71.753311,-27.510383,-50.112319,18.959652,9.041009,0.5540
4.746764,1.684009,0.232425,-0.412288,-1.025991,-0.047857,-71.875038,-27.510381,-50.112322,18.855316,8.896557,0.2460
4.746764,1.684009,0.232425,-0.412288,-0.483335,0.024136,-72.089035,-27.510381,-50.112322,18.707027,8.626635,0.3760
4.746764,1.684009,0.232425,-0.412288,-0.401174,0.086254,-72.225945,-27.510381,-50.112322,18.680550,8.578771,0.0650
4.746764,1.684009,0.232425,-0.412288,-0.177423,-0.084668,-72.902290,-27.510381,-50.112322,18.524297,8.294700,0.3880
4.936635,2.020812,0.300636,0.533285,0.078409,-0.295348,-73.413506,-27.510379,-50.112321,18.380779,8.271472,0.4650
4.936635,2.020812,0.300636,0.533285,0.196202,-0.021645,-73.537834,-27.510379,-50.112321,18.357771,8.290342,0.0720
4.936635,2.020812,0.300636,0.533285,0.106673,-0.137820,-73.586685,-27.510379,-50.112321,18.341320,8.306507,0.0780
4.936635,2.020812,0.300636,0.533285,0.328647,-0.222544,-73.049675,-27.510379,-50.112321,18.264381,8.373372,0.2650
4.936635,2.020812,0.300636,0.533285,0.009507,-0.190729,-72.671471,-27.510379,-50.112321,18.223221,8.408461,0.1430
4.936635,2.020812,0.300636,0.533285,-0.141815,0.399112,-72.437798,-27.510379,-50.112321,18.192983,8.434130,0.1050
4.936635,2.020812,0.000000,0.000000,-0.022007,0.216015,-72.248871,-27.510380,-50.112320,18.139431,8.418850,0.1140
4.936635,2.020812,0.000000,0.000000,-0.014745,0.275547,-71.578285,-27.510380,-50.112320,17.952949,8.329593,0.3320
4.936635,2.020812,0.000000,0.000000,-0.021746,-0.148688,-70.714706,-27.510380,-50.112320,17.816312,8.263517,0.2410
4.936635,2.020812,0.000000,0.000000,-0.074164,-0.054354,-70.286690,-27.510380,-50.112320,17.747161,8.229925,0.1180
4.936635,2.020812,0.000000,0.000000,0.000292,0.121040,-70.152718,-27.510380,-50.112320,17.719966,8.216623,0.0480
4.936635,2.020812,0.000000,0.000000,-0.177907,0.317035,-69.894363,-27.510380,-50.112320,17.667027,8.191435,0.1000
4.367023,2.020812,-0.200633,-0.000000,-0.279387,0.401158,-69.698723,-27.510385,-50.112320,17.519409,8.135559,0.2140
4.367023,2.020812,-0.200633,-0.000000,-0.222582,0.251033,-69.284843,-27.510385,-50.112320,17.048888,7.974071,0.5850
3.797412,2.020812,-0.036011,-0.000000,-0.066433,-0.117712,-68.888374,-27.510390,-50.112319,16.728298,7.852494,0.5120
3.797412,2.020812,-0.036011,-0.000000,0.143598,0.158393,-69.766487,-27.510390,-50.112319,16.371322,7.701407,0.6080
2.658188,2.020812,-0.365256,-0.000000,-0.091207,0.086113,-70.317581,-27.510400,-50.112318,16.026316,7.599307,0.4360
2.658188,2.020812,-0.365256,-0.000000,0.094582,0.000310,-70.755608,-27.510400,-50.112318,15.577813,7.483830,0.4750
1.898706,2.357615,-0.418546,0.185610,0.056176,0.238019,-71.411827,-27.510406,-50.112314,14.999246,7.419514,0.6030
1.898706,2.357615,-0.418546,0.185610,-0.123239,0.339439,-71.059700,-27.510406,-50.112314,14.641437,7.408025,0.3960
1.898706,2.357615,-0.418546,0.185610,0.006320,-0.172028,-70.967178,-27.510406,-50.112314,14.416484,7.401214,0.2350
1.518964,2.694417,-0.288656,0.256017,0.122447,0.069306,-71.933212,-27.510411,-50.112311,13.666533,7.449794,0.1770
1.329094,3.031220,-0.133897,0.237514,0.014381,0.030352,-72.400650,-27.510413,-50.112309,13.492444,7.462129,0.2290
1.329094,3.031220,-0.133897,0.237514,0.227905,0.538513,-72.841522,-27.510413,-50.112309,13.372460,7.470929,0.1970
1.329094,3.031220,-0.133897,0.237514,-0.275267,0.062042,-73.171631,-27.510413,-50.112309,13.103025,7.492355,0.4230
1.329094,3.031220,-0.133897,0.237514,-0.068191,-0.437552,-73.284081,-27.510413,-50.112309,13.031051,7.497595,0.1180
0.949353,3.031220,-0.210922,-0.000000,0.233446,-0.266893,-73.560608,-27.510416,-50.112310,12.831345,7.471920,0.2940
0.949353,3.031220,-0.210922,-0.000000,0.091256,-0.161886,-73.611382,-27.510416,-50.112310,12.764601,7.454253,0.0940
0.949353,3.031220,-0.210922,-0.000000,-0.467009,-0.305176,-76.667702,-27.510416,-50.112310,12.538326,7.396438,0.3220
0.949353,3.031220,-0.210922,-0.000000,0.827272,-0.008615,-85.757332,-27.510416,-50.112310,12.373173,7.353724,0.2330
1.898706,3.368023,0.353931,0.125564,-1.264903,1.201029,-63.039867,-27.510407,-50.112306,12.211621,7.298411,0.6220
1.898706,3.368023,0.353931,0.125564,-1.051782,1.181249,-61.448769,-27.510407,-50.112306,12.205142,7.294597,0.1140
1.898706,3.368023,0.353931,0.125564,-0.017287,0.173467,-58.571728,-27.510407,-50.112306,12.180558,7.285113,0.2370
1.898706,3.368023,0.353931,0.125564,-0.475981,0.606846,-57.777889,-27.510407,-50.112306,12.169094,7.279658,0.1400
2.468318,3.368023,0.514444,0.000000,0.107344,0.195190,-56.574493,-27.510403,-50.112304,12.193822,7.227970,0.4090
2.468318,3.368023,0.514444,0.000000,-0.151759,0.087377,-56.414276,-27.510403,-50.112304,12.242934,7.151540,0.5080
2.658188,3.368023,0.499011,0.000000,-0.048563,-0.053507,-56.589245,-27.510401,-50.112306,12.263809,7.119157,0.2100
2.658188,3.368023,0.499011,0.000000,-0.079008,-0.319952,-56.666142,-27.510401,-50.112306,12.266078,7.111356,0.0410
2.658188,3.368023,0.499011,0.000000,0.029584,-0.045767,-56.684109,-27.510401,-50.112306,12.266896,7.109214,0.0400
2.658188,3.368023,0.499011,0.000000,0.322829,-0.455327,-56.837093,-27.510401,-50.112306,12.290791,7.108899,0.0700
2.658188,3.368023,0.499011,0.000000,0.104135,-0.296055,-57.032833,-27.510401,-50.112306,12.297205,7.094241,0.0910
2.658188,3.368023,0.499011,0.000000,-0.516889,-0.547924,-57.557560,-27.510401,-50.112306,12.322266,7.083818,0.1070
2.658188,3.368023,0.499011,0.000000,-1.149384,-1.033707,-59.788464,-27.510401,-50.112306,12.378415,7.011745,0.5020
3.227800,2.694417,0.465050,-0.549954,-1.982355,-1.458093,-60.392265,-27.510395,-50.112311,12.404510,6.860097,0.2810
3.227800,2.694417,0.465050,-0.549954,-0.665069,-0.657174,-60.439060,-27.510395,-50.112311,12.414318,6.787772,0.0990
3.227800,2.694417,0.465050,-0.549954,0.781807,-0.000222,-59.856228,-27.510395,-50.112311,12.436320,6.589125,0.2780
3.227800,2.694417,0.465050,-0.549954,0.516012,0.463795,-59.639919,-27.510395,-50.112311,12.442600,6.526402,0.0890
3.227800,2.694417,0.465050,-0.549954,0.393737,0.678603,-59.232174,-27.510395,-50.112311,12.457483,6.380051,0.2040
3.227800,2.694417,0.465050,-0.549954,0.742523,0.268405,-59.091469,-27.510395,-50.112311,12.464707,6.305855,0.1060
3.417670,3.368022,0.125612,0.445635,-0.089529,0.368732,-59.066780,-27.510393,-50.112306,12.458363,6.296186,0.0580
3.417670,3.368022,0.125612,0.445635,-0.309701,0.405947,-59.066692,-27.510393,-50.112306,12.450922,6.305094,0.0420
3.417670,3.368022,0.125612,0.445635,-0.924625,0.344194,-59.066364,-27.510393,-50.112306,12.459332,6.301675,0.0910
3.417670,3.368022,0.125612,0.445635,-1.003426,0.510337,-59.073505,-27.510393,-50.112306,12.442942,6.323815,0.0540
3.417670,3.368022,0.125612,0.445635,-0.812634,0.083172,-59.097393,-27.510393,-50.112306,12.417947,6.358213,0.1010
3.417670,3.368022,0.125612,0.445635,-1.017273,0.311210,-59.042553,-27.510393,-50.112306,12.392584,6.391861,0.1000
3.417670,3.368022,0.125612,0.445635,-1.005686,0.217916,-58.950722,-27.510393,-50.112306,12.368629,6.422904,0.0930
3.417670,3.368022,0.125612,0.445635,-1.105824,0.290584,-58.900436,-27.510393,-50.112306,12.356826,6.437342,0.0410
3.417670,3.368022,0.125612,0.445635,-0.985728,-0.107656,-58.883015,-27.510393,-50.112306,12.353086,6.441929,0.0410
3.417670,3.368022,0.125612,0.445635,-0.251228,0.570403,-58.329643,-27.510393,-50.112306,12.304180,6.523361,0.2290
3.797411,3.368022,0.447567,0.000000,0.272191,0.061729,-58.145245,-27.510390,-50.112304,12.275954,6.561031,0.2350
3.797411,3.368022,0.447567,0.000000,0.125384,0.140182,-58.683632,-27.510390,-50.112304,12.345742,6.463423,0.7480
3.797411,3.368022,0.447567,0.000000,0.015785,0.251438,-58.757481,-27.510390,-50.112304,12.349409,6.454593,0.0820
3.607541,3.368022,-0.282944,-0.000000,0.290388,0.096073,-58.968773,-27.510391,-50.112305,12.232735,6.416251,0.3120
3.607541,3.368022,-0.282944,-0.000000,0.396839,-0.401964,-59.098560,-27.510391,-50.112305,12.160676,6.401848,0.1050
2.848058,2.694417,-0.288656,-0.256017,-0.325942,-0.141235,-60.340992,-27.510399,-50.112314,11.707494,6.300857,0.7310
2.848058,2.694417,-0.288656,-0.256017,0.508474,0.057527,-69.945251,-27.510399,-50.112314,11.443375,6.137066,0.4120
2.848058,2.694417,-0.288656,-0.256017,0.152542,-1.954368,-61.090565,-27.510399,-50.112314,11.166298,5.965382,0.4330
3.607541,2.020812,0.473397,-0.419868,-3.907948,1.054674,-60.159637,-27.510392,-50.112319,11.132369,5.760153,0.3870
3.607541,2.020812,0.473397,-0.419868,-1.202622,0.530226,-55.352257,-27.510392,-50.112319,11.187063,5.473140,0.5010
4.177153,3.031220,0.053053,0.094109,0.673313,0.070034,-51.877075,-27.510388,-50.112308,11.194477,5.350964,0.2900
4.177153,3.031220,0.053053,0.094109,-0.043371,-0.533072,-51.382359,-27.510388,-50.112308,11.071094,5.348607,0.4750
3.797411,4.378431,-0.114447,0.406023,-0.005277,-0.008033,-59.552658,-27.510390,-50.112297,10.916017,5.389278,0.5850
3.797411,4.378431,-0.114447,0.406023,0.017990,-0.109414,-56.427780,-27.510390,-50.112297,10.729695,5.553444,0.4690
3.417670,4.378431,-0.339533,-0.000000,0.058645,-0.250092,-57.208046,-27.510394,-50.112299,10.519177,5.691837,0.4860
3.417670,4.378431,-0.339533,-0.000000,0.080644,0.049314,-59.051369,-27.510394,-50.112299,10.298268,5.675289,0.3620
3.417670,4.378431,-0.339533,-0.000000,0.142630,-0.227399,-59.918545,-27.510394,-50.112299,10.161740,5.663662,0.2170
3.227799,4.378431,-0.164622,-0.000000,-2.472161,-1.657995,-62.402187,-27.510395,-50.112299,9.893629,5.638775,0.4700
3.227799,4.378431,-0.164622,-0.000000,0.100311,-0.156299,-62.432533,-27.510395,-50.112299,9.769517,5.623059,0.2730
3.227799,4.378431,-0.164622,-0.000000,0.112085,0.735513,-60.916546,-27.510395,-50.112299,9.604218,5.602689,0.3680
3.227799,4.378431,-0.164622,-0.000000,-0.071080,0.648552,-59.740707,-27.510395,-50.112299,9.527823,5.593710,0.1800
2.848058,4.715233,-0.369480,0.327702,-0.940818,0.872425,-57.148880,-27.510398,-50.112293,9.252155,5.703759,0.4490
2.848058,4.715233,-0.369480,0.327702,-0.202629,0.160065,-56.492897,-27.510398,-50.112293,9.078111,5.784012,0.2750
2.468317,4.715233,-0.324100,-0.000000,-0.178863,0.059415,-55.984272,-27.510402,-50.112293,8.869221,5.877949,0.3350
2.468317,4.715233,-0.324100,-0.000000,-0.164252,0.099436,-55.959694,-27.510402,-50.112293,8.792206,5.872480,0.1280
2.468317,4.715233,-0.324100,-0.000000,-0.068481,0.536368,-56.716770,-27.510402,-50.112293,8.528328,5.857555,0.4490
2.848058,4.715233,0.092600,0.000000,-0.332374,-0.208181,-57.452797,-27.510399,-50.112293,8.290360,5.841582,0.4370
2.848058,4.715233,0.092600,0.000000,-0.256722,0.217830,-58.287010,-27.510399,-50.112293,8.276450,5.836573,0.1060
2.848058,4.715233,0.092600,0.000000,0.544520,-1.284833,-61.973518,-27.510399,-50.112293,8.232845,5.822624,0.3090
2.848058,4.715233,0.092600,0.000000,0.647940,-1.070711,-63.732338,-27.510399,-50.112293,8.203609,5.811777,0.2140
2.848058,4.715233,0.092600,0.000000,-2.154991,1.115440,-67.846924,-27.510399,-50.112293,8.176765,5.800800,0.2240
2.848058,4.715233,0.092600,0.000000,-3.993938,-9.283082,-68.149765,-27.510399,-50.112293,8.171662,5.800263,0.0410
2.848058,4.715233,0.000000,0.000000,-0.994190,0.979946,-60.568130,-27.510398,-50.112293,8.091476,5.773555,0.3990
2.848058,4.715233,0.000000,0.000000,-0.111593,-0.496710,-61.072411,-27.510398,-50.112293,8.074184,5.769756,0.0830
2.848058,4.715233,0.000000,0.000000,0.259896,0.296765,-62.505760,-27.510398,-50.112293,8.020397,5.759102,0.2460
2.848058,4.715233,0.000000,0.000000,0.079666,0.147293,-62.542934,-27.510398,-50.112293,7.999405,5.754846,0.0980
2.848058,4.715233,0.000000,0.000000,0.128896,0.109751,-62.548702,-27.510398,-50.112293,7.987983,5.752487,0.0500
2.848058,4.715233,0.000000,0.000000,0.129743,0.332155,-62.510956,-27.510398,-50.112293,7.953037,5.745665,0.1750
3.227799,4.715233,0.334389,0.000000,0.282928,-0.466935,-62.015099,-27.510395,-50.112291,7.991678,5.730936,0.3580
3.227799,4.715233,0.334389,0.000000,-0.031545,0.131612,-63.267948,-27.510395,-50.112291,8.032624,5.719276,0.2960
3.227799,4.715233,0.334389,0.000000,0.032820,-0.394824,-63.320827,-27.510395,-50.112291,8.039309,5.716666,0.0560
3.227799,4.715233,0.334389,0.000000,-0.157216,-0.528418,-63.390461,-27.510395,-50.112291,8.043114,5.715211,0.0400
3.227799,4.715233,0.334389,0.000000,-0.157216,-0.528418,-63.390461,-27.510395,-50.112291,8.043114,5.715211,0.0400
3.227799,4.715233,0.334389,0.000000,-0.316012,-0.304711,-63.285984,-27.510395,-50.112291,8.078670,5.712155,0.1510
3.607541,5.052036,0.273261,0.242363,-0.061993,0.383143,-62.440762,-27.510392,-50.112290,8.098830,5.728950,0.1750
3.607541,5.052036,0.273261,0.242363,0.180368,0.547460,-62.118179,-27.510392,-50.112290,8.101571,5.738900,0.0430
3.607541,5.052036,0.273261,0.242363,0.332683,-0.125416,-61.884129,-27.510392,-50.112290,8.112246,5.752961,0.0770
3.607541,5.052036,0.273261,0.242363,0.655672,0.634593,-61.730743,-27.510392,-50.112290,8.123219,5.782120,0.1280
3.607541,5.052036,0.273261,0.242363,0.136931,-0.140605,-62.300682,-27.510392,-50.112290,8.151096,5.850778,0.3270
3.607541,5.052036,0.273261,0.242363,-0.282970,0.249292,-62.537033,-27.510392,-50.112290,8.160891,5.875387,0.1180
3.607541,5.052036,0.273261,0.242363,0.083071,0.385273,-62.605396,-27.510392,-50.112290,8.174754,5.909740,0.1650
4.177153,5.052036,0.478433,0.000000,0.146452,-0.153972,-62.671192,-27.510387,-50.112288,8.187382,5.919922,0.0800
4.177153,5.052036,0.478433,0.000000,-0.245235,0.060595,-62.653641,-27.510387,-50.112288,8.201689,5.917231,0.0460
4.177153,5.052036,0.478433,0.000000,-0.245235,0.060595,-62.653641,-27.510387,-50.112288,8.201689,5.917231,0.0500
4.177153,5.052036,0.478433,0.000000,0.212676,0.082237,-62.402794,-27.510387,-50.112288,8.248917,5.926755,0.1050
4.177153,5.052036,0.478433,0.000000,0.341272,-0.187897,-60.760666,-27.510387,-50.112288,8.339896,5.913680,0.2810
4.177153,5.052036,0.478433,0.000000,0.125979,-0.102140,-60.524021,-27.510387,-50.112288,8.361373,5.910212,0.0700
4.177153,5.052036,0.478433,0.000000,0.182181,-0.191541,-59.667858,-27.510387,-50.112288,8.482346,5.895553,0.4000
4.556894,5.388839,0.381027,0.337943,-0.220352,-0.034964,-59.516567,-27.510384,-50.112287,8.500601,5.911687,0.0760
4.556894,5.388839,0.381027,0.337943,0.262396,0.240068,-59.366631,-27.510384,-50.112287,8.525919,5.950071,0.1180
4.556894,5.388839,0.381027,0.337943,-0.219533,-0.072853,-59.201599,-27.510384,-50.112287,8.566863,6.008885,0.1910
4.556894,5.388839,0.381027,0.337943,0.067320,0.232299,-59.175156,-27.510384,-50.112287,8.581675,6.032203,0.0710
4.556894,5.388839,0.381027,0.337943,-0.145881,-0.622529,-59.210365,-27.510384,-50.112287,8.619922,6.087549,0.1730
4.556894,5.388839,0.381027,0.337943,0.192225,-0.106383,-59.368816,-27.510384,-50.112287,8.668884,6.157842,0.2370
4.556894,5.388839,0.381027,0.337943,-0.077558,-0.074222,-59.404991,-27.510384,-50.112287,8.701476,6.205271,0.1580
4.936635,5.052036,0.438758,-0.389146,-0.212806,-0.154424,-59.478409,-27.510380,-50.112289,8.775827,6.098316,0.2610
4.936635,5.052036,0.438758,-0.389146,0.005151,-0.307193,-59.471439,-27.510380,-50.112289,8.819910,6.031784,0.1580
4.936635,5.052036,0.438758,-0.389146,0.023951,0.484542,-59.418594,-27.510380,-50.112289,8.891843,5.925435,0.2580
4.936635,5.052036,0.438758,-0.389146,0.285804,0.093899,-59.429272,-27.510380,-50.112289,8.927947,5.868965,0.1320
4.936635,5.052036,0.438758,-0.389146,-0.095961,0.222322,-59.423084,-27.510380,-50.112289,8.955288,5.826459,0.1030
4.746764,5.052036,-0.385833,-0.000000,0.154011,-0.095005,-59.622749,-27.510381,-50.112289,8.947470,5.787946,0.1450
4.746764,5.052036,-0.385833,-0.000000,0.760393,-0.007567,-59.739574,-27.510381,-50.112289,8.860814,5.782779,0.1580
4.746764,5.052036,-0.385833,-0.000000,0.048435,-0.053154,-59.599827,-27.510381,-50.112289,8.793774,5.778725,0.1230
4.746764,5.052036,-0.385833,-0.000000,-0.054118,0.039789,-59.596973,-27.510381,-50.112289,8.760624,5.777017,0.0560
4.746764,5.052036,-0.385833,-0.000000,-0.155759,0.129807,-59.592220,-27.510381,-50.112289,8.671009,5.771516,0.1660
4.746764,5.052036,-0.385833,-0.000000,-0.129019,0.000915,-59.628399,-27.510381,-50.112289,8.602428,5.767245,0.1360
4.746764,5.052036,-0.385833,-0.000000,-0.163236,0.227605,-59.619354,-27.510381,-50.112289,8.564253,5.765155,0.0640
4.746764,5.052036,-0.385833,-0.000000,0.108178,-0.030238,-59.603504,-27.510381,-50.112289,8.527414,5.763116,0.0700
4.746764,5.052036,-0.385833,-0.000000,-0.038295,-0.103269,-59.600567,-27.510381,-50.112289,8.495560,5.760891,0.0660
4.746764,5.052036,-0.385833,-0.000000,-0.001823,0.046636,-59.596714,-27.510381,-50.112289,8.455565,5.758765,0.0730
4.746764,5.052036,-0.385833,-0.000000,0.091478,-0.176110,-59.590019,-27.510379,-50.112288,8.439903,5.758006,0.0410
4.746764,5.052036,-0.385833,-0.000000,0.091478,-0.176110,-59.590019,-27.510379,-50.112288,8.439903,5.758006,0.0410
4.936635,5.052036,0.385833,0.000000,0.049725,-0.213299,-59.608578,-27.510379,-50.112288,8.450702,5.752605,0.0940
4.936635,5.052036,0.385833,0.000000,-0.048350,-0.104962,-59.620312,-27.510379,-50.112288,8.467301,5.751334,0.0510
4.936635,5.052036,0.385833,0.000000,0.086772,-0.144970,-59.624847,-27.510379,-50.112288,8.487953,5.749280,0.0860
4.936635,5.052036,0.385833,0.000000,0.068801,-0.088857,-59.611881,-27.510379,-50.112288,8.500507,5.748092,0.0410
4.936635,5.052036,0.385833,0.000000,0.005442,-0.001765,-59.598598,-27.510379,-50.112288,8.505601,5.747578,0.0420
4.936635,5.052036,0.385833,0.000000,0.005442,-0.001765,-59.598598,-27.510379,-50.112288,8.505601,5.747578,0.0440
4.936635,5.052036,0.385833,0.000000,0.119626,-0.032542,-59.575703,-27.510379,-50.112288,8.542163,5.744873,0.0790
4.936635,5.052036,0.385833,0.000000,0.138592,-0.212356,-59.583565,-27.510379,-50.112288,8.559745,5.743413,0.0660
4.936635,5.052036,0.385833,0.000000,-0.043468,0.063177,-59.586399,-27.510379,-50.112288,8.566866,5.742682,0.0450
4.936635,5.052036,0.385833,0.000000,0.074085,-0.119534,-59.609104,-27.510379,-50.112288,8.590785,5.741559,0.0620
4.936635,5.052036,0.385833,0.000000,-0.008646,-0.020249,-59.609070,-27.510379,-50.112288,8.608195,5.739792,0.0720
4.936635,5.052036,0.385833,0.000000,-0.004974,-0.028718,-59.622673,-27.510379,-50.112288,8.613166,5.739241,0.0470
4.936635,5.052036,0.385833,0.000000,-0.004974,-0.028718,-59.622673,-27.510379,-50.112288,8.613166,5.739241,0.0420
4.936635,5.052036,0.385833,0.000000,-0.002253,-0.016130,-59.512566,-27.510379,-50.112288,8.657367,5.737866,0.0440
4.936635,5.052036,0.385833,0.000000,-0.018135,-0.032563,-59.524334,-27.510379,-50.112288,8.674583,5.736345,0.0860
4.936635,5.052036,0.385833,0.000000,-0.026651,-0.048216,-59.519001,-27.510377,-50.112286,8.683068,5.735253,0.0410
5.316376,5.388839,0.307900,0.273085,-0.017687,-0.062611,-59.521214,-27.510377,-50.112286,8.683902,5.736896,0.0690
5.316376,5.388839,0.307900,0.273085,-0.017687,-0.062611,-59.521214,-27.510377,-50.112286,8.683902,5.736896,0.0430
5.316376,5.388839,0.307900,0.273085,-0.017687,-0.062611,-59.521214,-27.510377,-50.112286,8.683902,5.736896,0.0430
5.316376,5.388839,0.307900,0.273085,-0.013872,0.024399,-59.543610,-27.510377,-50.112286,8.752409,5.778150,0.0920
5.316376,5.388839,0.307900,0.273085,-0.018820,0.024696,-59.531948,-27.510377,-50.112286,8.757775,5.792029,0.0460
5.316376,5.388839,0.307900,0.273085,-0.018820,0.024696,-59.531948,-27.510377,-50.112286,8.757775,5.792029,0.0400
5.316376,5.388839,0.307900,0.273085,0.009558,-0.022201,-59.536934,-27.510377,-50.112286,8.788659,5.822087,0.0770
5.316376,5.388839,0.307900,0.273085,0.004229,-0.003984,-59.543602,-27.510377,-50.112286,8.795162,5.835732,0.0480
5.316376,5.388839,0.307900,0.273085,0.006523,-0.000385,-59.542831,-27.510377,-50.112286,8.798723,5.843101,0.0430
5.316376,5.388839,0.307900,0.273085,0.006523,-0.000385,-59.542831,-27.510377,-50.112286,8.798723,5.843101,0.0410
5.316376,5.388839,0.307900,0.273085,0.006523,-0.000385,-59.542831,-27.510377,-50.112286,8.798723,5.843101,0.0400
5.316376,5.388839,0.307900,0.273085,0.013290,-0.104582,-59.498299,-27.510377,-50.112286,8.850258,5.886952,0.0710
5.316376,5.388839,0.307900,0.273085,0.009839,-0.051392,-59.513557,-27.510377,-50.112286,8.859091,5.904823,0.0640
5.316376,5.388839,0.307900,0.273085,0.004553,-0.004180,-59.523472,-27.510377,-50.112286,8.870980,5.923306,0.0680
5.316376,5.388839,0.307900,0.273085,0.006705,-0.006319,-59.524212,-27.510377,-50.112286,8.880066,5.939355,0.0650
5.316376,5.388839,0.307900,0.273085,0.004525,-0.002112,-59.530926,-27.510377,-50.112286,8.893476,5.958896,0.0780
5.316376,5.388839,0.307900,0.273085,0.003759,-0.003043,-59.546047,-27.510377,-50.112286,8.901962,5.973858,0.0590
5.316376,5.388839,0.000000,0.000000,0.003013,-0.001219,-59.550888,-27.510375,-50.112286,8.890739,5.968987,0.0440
5.316376,5.388839,0.000000,0.000000,0.003013,-0.001219,-59.550888,-27.510375,-50.112286,8.890739,5.968987,0.0410
5.316376,5.388839,0.000000,0.000000,0.003013,-0.001219,-59.550888,-27.510375,-50.112286,8.890739,5.968987,0.0450
5.316376,5.388839,0.000000,0.000000,-0.001940,0.013316,-59.550350,-27.510375,-50.112286,8.896524,5.982937,0.0970
5.316376,5.388839,0.000000,0.000000,0.004490,-0.003833,-59.558990,-27.510375,-50.112286,8.876818,5.976539,0.1010
5.316376,5.388839,0.000000,0.000000,0.004476,-0.003559,-59.563957,-27.510375,-50.112286,8.855003,5.971506,0.0860
5.316376,5.388839,0.000000,0.000000,0.004726,-0.004982,-59.563301,-27.510375,-50.112286,8.846800,5.969638,0.0400
5.316376,5.388839,0.000000,0.000000,0.004726,-0.004982,-59.563301,-27.510375,-50.112286,8.846800,5.969638,0.0410
5.316376,5.388839,0.000000,0.000000,0.004726,-0.004982,-59.563301,-27.510375,-50.112286,8.846800,5.969638,0.0410
5.316376,5.388839,0.000000,0.000000,0.004726,-0.004982,-59.563301,-27.510375,-50.112286,8.846800,5.969638,0.0410
5.316376,5.388839,0.000000,0.000000,0.004726,-0.004982,-59.563301,-27.510375,-50.112286,8.846800,5.969638,0.0440
5.316376,5.388839,0.000000,0.000000,0.026638,-0.013317,-59.578709,-27.510375,-50.112286,8.825662,5.969796,0.1700
5.316376,5.388839,0.000000,0.000000,0.003806,-0.004367,-59.572063,-27.510375,-50.112286,8.804066,5.966190,0.1330
5.506247,5.388839,0.293233,0.000000,0.004103,-0.003254,-59.573730,-27.510374,-50.112286,8.815399,5.964074,0.0760
5.506247,5.388839,0.293233,0.000000,0.004488,-0.004418,-59.575001,-27.510374,-50.112286,8.819535,5.963507,0.0520
5.506247,5.388839,0.293233,0.000000,-0.000706,0.001424,-59.579796,-27.510374,-50.112286,8.837603,5.962024,0.0950
5.506247,5.388839,0.293233,0.000000,0.001125,-0.007191,-59.583031,-27.510374,-50.112286,8.846043,5.960769,0.0410
5.506247,5.388839,0.293233,0.000000,0.001910,-0.001757,-59.588539,-27.510374,-50.112286,8.849257,5.960260,0.0450
5.506247,5.388839,0.293233,0.000000,0.003394,-0.003355,-59.581455,-27.510374,-50.112286,8.870022,5.958761,0.0890
5.506247,5.388839,0.293233,0.000000,0.003866,-0.004653,-59.584106,-27.510374,-50.112286,8.877721,5.957453,0.0450
5.506247,5.388839,0.293233,0.000000,0.004581,-0.003951,-59.593681,-27.510374,-50.112286,8.893192,5.955663,0.0940
5.506247,5.388839,0.293233,0.000000,0.003913,-0.003851,-59.596161,-27.510374,-50.112286,8.903220,5.953854,0.0660
5.506247,5.388839,0.293233,0.000000,0.004248,-0.001691,-59.589520,-27.510374,-50.112286,8.914987,5.951718,0.0810
5.506247,5.388839,0.293233,0.000000,0.004541,-0.004345,-59.589153,-27.510374,-50.112286,8.928823,5.949311,0.0960
5.506247,5.388839,0.293233,0.000000,0.004178,-0.003135,-59.599712,-27.510374,-50.112286,8.942966,5.946753,0.1010
5.506247,5.388839,0.293233,0.000000,0.004625,-0.004158,-59.601460,-27.510374,-50.112286,8.948618,5.945461,0.0410
5.506247,5.388839,0.293233,0.000000,0.004625,-0.004158,-59.601460,-27.510374,-50.112286,8.948618,5.945461,0.0430
5.506247,5.388839,0.000000,0.000000,0.017997,0.002491,-59.620174,-27.510374,-50.112286,8.962706,5.944156,0.0790
5.506247,5.388839,0.000000,0.000000,0.004505,-0.003967,-59.602028,-27.510374,-50.112286,8.952159,5.942963,0.0440
5.506247,5.388839,0.000000,0.000000,0.004289,-0.003476,-59.596657,-27.510374,-50.112286,8.944878,5.942098,0.0400
5.506247,5.388839,0.000000,0.000000,0.004289,-0.003476,-59.596657,-27.510374,-50.112286,8.944878,5.942098,0.0400
5.506247,5.388839,0.000000,0.000000,0.007571,0.059517,-59.634525,-27.510374,-50.112286,8.955987,5.941567,0.0940
5.506247,5.388839,0.000000,0.000000,0.003585,0.019839,-59.619827,-27.510374,-50.112286,8.942863,5.939816,0.0570
5.506247,5.388839,0.000000,0.000000,0.004129,-0.003351,-59.615276,-27.510374,-50.112286,8.934504,5.938599,0.0410
5.506247,5.388839,0.000000,0.000000,0.004129,-0.003351,-59.615276,-27.510374,-50.112286,8.934504,5.938599,0.0410
5.506247,5.388839,0.000000,0.000000,0.004129,-0.003351,-59.615276,-27.510374,-50.112286,8.934504,5.938599,0.0580
5.506247,5.388839,0.000000,0.000000,-0.007833,-0.006788,-59.599800,-27.510374,-50.112286,8.924201,5.936758,0.0920
5.506247,5.388839,0.000000,0.000000,0.003598,-0.003264,-59.615250,-27.510374,-50.112286,8.908132,5.934385,0.0950
5.506247,5.388839,0.000000,0.000000,0.004588,-0.003922,-59.611526,-27.510374,-50.112286,8.895655,5.932469,0.0760
5.506247,5.388839,0.000000,0.000000,0.004292,-0.003241,-59.617943,-27.510374,-50.112286,8.860393,5.926931,0.1900
7.215082,5.725642,0.105994,0.020891,0.003986,-0.003796,-59.625282,-27.510360,-50.112281,8.859304,5.927891,0.2270
7.215082,5.725642,0.105994,0.020891,0.003564,-0.004278,-59.621117,-27.510360,-50.112281,8.860928,5.928577,0.0440
7.215082,5.725642,0.105994,0.020891,0.003456,-0.003796,-59.626385,-27.510360,-50.112281,8.862157,5.929157,0.0410
7.215082,5.725642,0.105994,0.020891,0.001652,0.000426,-59.616131,-27.510360,-50.112281,8.863448,5.929794,0.0410
7.215082,5.725642,0.105994,0.020891,0.003850,-0.003468,-59.621609,-27.510360,-50.112281,8.864463,5.930332,0.0410
7.215082,5.725642,0.105994,0.020891,0.004402,-0.002535,-59.623268,-27.510360,-50.112281,8.865369,5.930858,0.0400
7.215082,5.725642,0.105994,0.020891,0.004338,-0.004150,-59.628399,-27.510360,-50.112281,8.866228,5.931384,0.0410
7.215082,5.725642,0.105994,0.020891,0.003798,-0.003832,-59.625973,-27.510360,-50.112281,8.866908,5.931847,0.0400
7.215082,5.725642,0.105994,0.020891,0.003335,-0.003936,-59.624565,-27.510360,-50.112281,8.867591,5.932306,0.0410
7.215082,5.725642,0.105994,0.020891,0.003894,-0.003757,-59.623295,-27.510360,-50.112281,8.868211,5.932803,0.0470
7.215082,5.725642,0.105994,0.020891,0.003715,-0.003487,-59.626293,-27.510360,-50.112281,8.868802,5.933237,0.0410
7.215082,5.725642,0.105994,0.020891,0.003845,-0.003823,-59.626938,-27.510360,-50.112281,8.869242,5.933630,0.0400
7.215082,5.725642,0.105994,0.020891,0.003760,-0.004052,-59.627907,-27.510360,-50.112281,8.869730,5.934029,0.0400
7.215082,5.725642,0.105994,0.020891,0.003762,-0.003823,-59.632549,-27.510360,-50.112281,8.870119,5.934408,0.0410
7.215082,5.725642,0.105994,0.020891,0.003338,-0.003407,-59.633713,-27.510360,-50.112281,8.870614,5.934814,0.0400
7.215082,5.725642,0.105994,0.020891,0.003770,-0.003890,-59.629948,-27.510360,-50.112281,8.871025,5.935228,0.0400
7.215082,5.725642,0.105994,0.020891,0.005218,-0.006687,-59.630085,-27.510360,-50.112281,8.871466,5.935656,0.0400
7.215082,5.725642,0.105994,0.020891,0.004669,-0.003607,-59.635830,-27.510360,-50.112281,8.871932,5.936074,0.0410
7.215082,5.725642,0.105994,0.020891,0.003752,-0.003955,-59.634026,-27.510360,-50.112281,8.872295,5.936448,0.0410
7.215082,5.725642,0.105994,0.020891,0.004068,-0.003725,-59.637413,-27.510360,-50.112281,8.872699,5.936838,0.0410
7.025211,6.399248,-0.131195,0.465441,0.003898,-0.003690,-59.636723,-27.510361,-50.112274,8.866627,5.949775,0.0400
7.025211,6.399248,-0.131195,0.465441,0.003521,-0.003602,-59.633842,-27.510361,-50.112274,8.855113,5.973445,0.0400
7.025211,6.399248,-0.131195,0.465441,0.003725,-0.004211,-59.631020,-27.510361,-50.112274,8.844496,5.995145,0.0400
7.025211,6.399248,-0.131195,0.465441,0.004169,-0.003372,-59.632381,-27.510361,-50.112274,8.833651,6.017589,0.0410
7.025211,6.399248,-0.131195,0.465441,0.003789,-0.003852,-59.626717,-27.510361,-50.112274,8.823625,6.038023,0.0400
7.025211,6.399248,-0.131195,0.465441,0.004216,-0.003133,-59.638874,-27.510361,-50.112274,8.812948,6.060146,0.0410
7.025211,6.399248,-0.131195,0.465441,-0.195446,-0.034259,-59.688728,-27.510361,-50.112274,8.795676,6.095704,0.0710
7.025211,6.399248,-0.131195,0.465441,0.163644,-0.028977,-59.840317,-27.510361,-50.112274,8.784787,6.118177,0.0410
7.025211,6.399248,-0.131195,0.465441,0.099686,0.105835,-59.869236,-27.510361,-50.112274,8.774734,6.138779,0.0400
7.025211,6.399248,-0.131195,0.465441,0.146397,0.043698,-59.865681,-27.510361,-50.112274,8.765122,6.158613,0.0400
7.025211,6.399248,-0.131195,0.465441,-0.130764,-0.134462,-59.885830,-27.510361,-50.112274,8.755187,6.178995,0.0400
7.025211,6.399248,-0.131195,0.465441,-0.021018,0.027305,-59.820026,-27.510361,-50.112274,8.744564,6.200775,0.0460
7.025211,6.399248,-0.131195,0.465441,-0.005640,-0.120487,-59.752094,-27.510361,-50.112274,8.735103,6.220335,0.0400
7.025211,6.399248,-0.131195,0.465441,-0.041265,-0.005148,-59.693020,-27.510361,-50.112274,8.725331,6.240432,0.0400
7.025211,6.399248,-0.131195,0.465441,0.094106,0.055172,-59.804234,-27.510361,-50.112274,8.714821,6.262197,0.0410
7.025211,6.399248,-0.131195,0.465441,0.175995,-0.025849,-59.949104,-27.510361,-50.112274,8.705130,6.282129,0.0420
7.025211,6.399248,-0.131195,0.465441,-0.058635,0.034428,-60.003620,-27.510361,-50.112274,8.694705,6.303747,0.0400
7.025211,6.399248,-0.131195,0.465441,-0.012630,-0.077167,-60.131012,-27.510361,-50.112274,8.685100,6.323537,0.0400
7.025211,6.399248,-0.131195,0.465441,0.011623,-0.052725,-60.189804,-27.510361,-50.112274,8.675141,6.344140,0.0400
7.025211,6.399248,-0.131195,0.465441,0.118811,-0.100271,-60.589371,-27.510361,-50.112274,8.664500,6.366115,0.0410
7.025211,6.399248,-0.131195,0.465441,0.077629,0.047524,-61.170940,-27.510361,-50.112274,8.655392,6.384824,0.0410
7.025211,6.399248,-0.131195,0.465441,0.117302,0.206055,-61.665836,-27.510361,-50.112274,8.646257,6.403812,0.0410
7.025211,6.399248,0.000000,0.000000,-0.047949,-0.160542,-61.710075,-27.510361,-50.112274,8.638933,6.415835,0.0410
7.025211,6.399248,0.000000,0.000000,0.012112,-0.202598,-61.874172,-27.510361,-50.112274,8.635108,6.416114,0.0400
7.025211,6.399248,0.000000,0.000000,-0.144968,0.072101,-62.164093,-27.510361,-50.112274,8.628876,6.416486,0.0670
7.025211,6.399248,0.000000,0.000000,0.094182,-0.062593,-62.360119,-27.510361,-50.112274,8.624790,6.416698,0.0410
7.025211,6.399248,0.000000,0.000000,-0.027366,-0.165458,-62.446400,-27.510361,-50.112274,8.621116,6.416436,0.0400
7.025211,6.399248,0.000000,0.000000,-0.115940,-0.020288,-62.672157,-27.510361,-50.112274,8.617291,6.416962,0.0400
7.025211,6.399248,0.000000,0.000000,-0.185821,-0.187266,-62.798817,-27.510361,-50.112274,8.613247,6.417171,0.0410
7.025211,6.399248,0.000000,0.000000,0.094576,0.285434,-62.758881,-27.510361,-50.112274,8.609382,6.417284,0.0410
7.025211,6.399248,0.000000,0.000000,0.298187,0.099939,-62.385479,-27.510361,-50.112274,8.605650,6.417536,0.0410
7.025211,6.399248,0.000000,0.000000,0.028323,-0.088322,-62.091187,-27.510361,-50.112274,8.601377,6.417703,0.0460
7.025211,6.399248,0.000000,0.000000,0.007475,-0.064459,-62.110538,-27.510361,-50.112274,8.597127,6.417861,0.0480
7.025211,6.399248,0.000000,0.000000,-0.092324,0.066624,-62.198051,-27.510361,-50.112274,8.592610,6.417981,0.0500
7.025211,6.399248,0.000000,0.000000,-0.053612,-0.109585,-62.246880,-27.510361,-50.112274,8.585219,6.418147,0.0810
7.025211,6.399248,0.000000,0.000000,0.003261,-0.054980,-62.390518,-27.510361,-50.112274,8.581309,6.418324,0.0450
7.025211,6.399248,0.000000,0.000000,0.076757,0.131615,-62.662117,-27.510361,-50.112274,8.577006,6.418380,0.0480
7.025211,6.399248,0.000000,0.000000,-0.024070,0.005862,-62.831608,-27.510361,-50.112274,8.573134,6.418543,0.0430
7.025211,6.399248,0.000000,0.000000,0.021137,0.016741,-62.888912,-27.510361,-50.112274,8.568722,6.418657,0.0500
7.025211,6.399248,0.000000,0.000000,0.052794,-0.022285,-62.765301,-27.510361,-50.112274,8.564755,6.418738,0.0460
7.025211,6.399248,0.000000,0.000000,-0.090415,-0.077361,-62.514263,-27.510361,-50.112274,8.560515,6.418910,0.0480
7.025211,6.399248,0.000000,0.000000,-0.029434,-0.302704,-62.422356,-27.510361,-50.112274,8.556584,6.418982,0.0460
7.025211,6.399248,0.000000,0.000000,0.100947,-0.003662,-62.430382,-27.510361,-50.112274,8.552386,6.419028,0.0480
7.025211,6.399248,0.000000,0.000000,-0.019904,-0.035720,-62.239983,-27.510361,-50.112274,8.548601,6.419232,0.0440
7.025211,6.399248,0.000000,0.000000,-0.028018,-0.091949,-62.049511,-27.510361,-50.112274,8.544845,6.419331,0.0450
