0.949353,-0.673605,0.020578,0.000000,0.045959,0.079470,0.324215,-27.510392,-50.112358,0.910265,-0.644297,0.2300
0.949353,-0.673605,0.020578,0.000000,0.028706,0.045808,0.325880,-27.510392,-50.112358,0.917064,-0.648450,0.0400
0.949353,-0.673605,0.020578,0.000000,0.012517,0.030036,0.326214,-27.510392,-50.112358,0.922767,-0.651797,0.0410
0.949353,-0.673605,0.000000,0.000000,0.000643,0.000650,0.325813,-27.510393,-50.112359,0.926828,-0.654280,0.0400
0.949353,-0.673605,0.000000,0.000000,-0.001178,-0.004916,0.325624,-27.510393,-50.112359,0.929651,-0.656079,0.0410
0.949353,-0.673605,0.000000,0.000000,-0.000137,0.001801,0.326133,-27.510393,-50.112359,0.931854,-0.657490,0.0450
0.949353,-0.673605,0.000000,0.000000,0.000156,0.000145,0.327243,-27.510393,-50.112359,0.933665,-0.658676,0.0400
0.949353,-0.673605,0.000000,0.000000,0.001112,-0.000712,0.329786,-27.510393,-50.112359,0.935164,-0.659630,0.0400
0.949353,-0.673605,0.000000,0.000000,-0.000087,0.000065,0.332856,-27.510393,-50.112359,0.936826,-0.660713,0.0400
0.949353,-0.673605,0.000000,0.000000,-0.007079,-0.002098,0.334539,-27.510393,-50.112359,0.938281,-0.661718,0.0570
0.949353,-0.673605,0.000000,0.000000,-0.000378,0.001075,0.335464,-27.510393,-50.112359,0.939257,-0.662369,0.0400
0.949353,-0.673605,0.000000,0.000000,0.000052,-0.000719,0.335999,-27.510393,-50.112359,0.940053,-0.662901,0.0410
0.949353,-0.673605,0.000000,0.000000,0.000100,-0.000149,0.337181,-27.510393,-50.112359,0.940748,-0.663384,0.0400
0.949353,-0.673605,0.000000,0.000000,0.005866,0.000591,0.337058,-27.510393,-50.112359,0.941404,-0.663830,0.0400
0.949353,-0.673605,0.000000,0.000000,0.000296,0.000212,0.337830,-27.510393,-50.112359,0.942088,-0.664310,0.0400
0.949353,-0.673605,0.000000,0.000000,0.000521,0.002120,0.338730,-27.510393,-50.112359,0.942634,-0.664700,0.0410
0.949353,-0.673605,0.000000,0.000000,-0.000672,-0.000140,0.339721,-27.510393,-50.112359,0.943077,-0.665036,0.0410
0.949353,-0.673605,0.000000,0.000000,0.000066,-0.000985,0.340240,-27.510393,-50.112359,0.943476,-0.665328,0.0400
0.949353,-0.673605,0.000000,0.000000,0.000512,0.000077,0.340461,-27.510393,-50.112359,0.943815,-0.665593,0.0400
0.949353,-0.673605,0.000000,0.000000,-0.001947,0.001790,0.341580,-27.510393,-50.112359,0.944505,-0.666128,0.0400
0.949353,-0.673605,0.000000,0.000000,0.000732,0.000154,0.342419,-27.510393,-50.112359,0.944804,-0.666374,0.0400
0.949353,-0.673605,0.000000,0.000000,-0.000151,0.001058,0.343563,-27.510393,-50.112359,0.945136,-0.666660,0.0410
0.949353,-0.673605,0.000000,0.000000,-0.000566,-0.000020,0.343898,-27.510393,-50.112359,0.945360,-0.666858,0.0400
0.949353,-1.010408,0.000000,-0.200633,-0.000507,0.000664,0.343904,-27.510393,-50.112361,0.945597,-0.673332,0.0410
0.949353,-1.010408,0.000000,-0.200633,-0.000634,-0.004344,0.344378,-27.510393,-50.112361,0.945788,-0.689390,0.0410
0.949353,-1.010408,0.000000,-0.200633,0.001265,0.000515,0.345776,-27.510393,-50.112361,0.945960,-0.704305,0.0400
0.949353,-1.010408,0.000000,-0.200633,-0.000300,0.000207,0.347916,-27.510393,-50.112361,0.946128,-0.719320,0.0400
0.949353,-1.010408,0.000000,-0.200633,-0.000555,0.000259,0.348969,-27.510393,-50.112361,0.946269,-0.732737,0.0400
0.949353,-1.010408,0.000000,-0.200633,0.000082,-0.000060,0.350165,-27.510393,-50.112361,0.946410,-0.746821,0.0400
0.949353,-1.010408,0.000000,-0.200633,-0.000711,0.000589,0.352536,-27.510393,-50.112361,0.946553,-0.761555,0.0410
0.949353,-1.010408,0.000000,-0.200633,-0.000224,-0.000059,0.353567,-27.510393,-50.112361,0.946673,-0.774801,0.0400
0.949353,-1.010408,0.000000,-0.200633,-0.000256,-0.000193,0.352897,-27.510393,-50.112361,0.946781,-0.786814,0.0400
0.949353,-1.010408,0.000000,-0.200633,-0.000993,-0.0006,0.353900,-27.510393,-50.112361,0.946893,-0.800312,0.0400
0.949353,-1.010408,0.000000,-0.200633,0.000408,0.000089,0.355232,-27.510393,-50.112361,0.946986,-0.812051,0.0410
0.949353,-1.010408,0.000000,-0.200633,0.000258,-0.001153,0.357630,-27.510393,-50.112361,0.947086,-0.825248,0.0410
0.949353,-1.010408,0.000000,-0.200633,0.000416,0.000176,0.359765,-27.510393,-50.112361,0.947168,-0.836137,0.0400
0.949353,-1.010408,0.000000,-0.200633,0.000675,-0.000856,0.359762,-27.510393,-50.112361,0.947270,-0.850923,0.0570
0.949353,-1.010408,0.000000,-0.200633,-0.000003,-0.000042,0.358454,-27.510393,-50.112361,0.947343,-0.861651,0.0400
0.949353,-1.010408,0.000000,-0.200633,-0.000235,-0.000111,0.358068,-27.510393,-50.112361,0.947409,-0.872050,0.0400
0.949353,-1.010408,0.000000,-0.200633,-0.000459,0.000230,0.358995,-27.510393,-50.112361,0.947470,-0.881924,0.0400
0.949353,-1.010408,0.000000,-0.200633,0.001016,-0.000605,0.360114,-27.510393,-50.112361,0.947529,-0.891933,0.0410
0.949353,-1.010408,0.000000,-0.200633,-0.000068,-0.000511,0.360833,-27.510393,-50.112361,0.947580,-0.901025,0.0400
0.949353,-1.010408,0.000000,-0.200633,0.000188,-0.000008,0.362375,-27.510393,-50.112361,0.947637,-0.911249,0.0410
0.949353,-1.010408,0.000000,-0.200633,0.001308,-0.001766,0.362829,-27.510393,-50.112361,0.947687,-0.920875,0.0410
0.949353,-1.010408,0.000000,-0.200633,-0.003902,-0.004475,0.362535,-27.510393,-50.112361,0.947731,-0.929785,0.0410
0.949353,-1.010408,0.000000,-0.200633,0.000716,0.002674,0.363847,-27.510393,-50.112361,0.947774,-0.938698,0.0400
0.949353,-1.010408,0.000000,0.000000,-0.000743,-0.000912,0.366204,-27.510394,-50.112363,0.947817,-0.944471,0.0400
0.949353,-1.010408,0.000000,0.000000,0.000184,-0.000011,0.367475,-27.510394,-50.112363,0.947860,-0.947454,0.0400
0.949353,-1.010408,0.000000,0.000000,0.000263,0.000289,0.368356,-27.510394,-50.112363,0.947900,-0.950207,0.0400
0.949353,-1.010408,0.000000,0.000000,0.000292,0.000265,0.368912,-27.510394,-50.112363,0.947934,-0.952619,0.0400
0.949353,-1.010408,0.000000,0.000000,-0.001385,-0.001561,0.369513,-27.510394,-50.112363,0.947971,-0.955144,0.0410
0.949353,-1.010408,0.000000,0.000000,0.000078,0.000139,0.369692,-27.510394,-50.112363,0.948003,-0.957266,0.0400
0.949353,-1.010408,0.000000,0.000000,0.002341,-0.003820,0.369896,-27.510394,-50.112363,0.948036,-0.959479,0.0400
0.949353,-1.010408,0.000000,0.000000,-0.000291,0.000986,0.369994,-27.510394,-50.112363,0.948066,-0.961442,0.0420
0.949353,-1.010408,0.000000,0.000000,0.000617,0.001080,0.370639,-27.510394,-50.112363,0.948093,-0.963095,0.0410
0.949353,-1.010408,0.000000,0.000000,0.000053,0.000173,0.371382,-27.510394,-50.112363,0.948120,-0.964741,0.0410
0.949353,-1.010408,0.000000,0.000000,0.000635,-0.000025,0.372572,-27.510394,-50.112363,0.948149,-0.966550,0.0410
0.949353,-1.010408,0.000000,0.000000,0.003223,0.001546,0.372822,-27.510394,-50.112363,0.948174,-0.968077,0.0400
0.949353,-1.010408,0.000000,0.000000,0.002328,-0.001842,0.373616,-27.510394,-50.112363,0.948197,-0.969436,0.0420
0.949353,-1.010408,0.000000,0.000000,0.000071,-0.000969,0.374393,-27.510394,-50.112363,0.948220,-0.970722,0.0400
0.949353,-1.010408,0.000000,0.000000,-0.000461,-0.000380,0.375650,-27.510394,-50.112363,0.948243,-0.972068,0.0410
0.949353,-1.010408,0.000000,0.000000,0.000162,-0.000100,0.376875,-27.510394,-50.112363,0.948265,-0.973268,0.0400
0.949353,-1.010408,0.000000,0.000000,-0.000353,-0.000329,0.377164,-27.510394,-50.112363,0.948286,-0.974402,0.0440
0.949353,-1.010408,0.000000,0.000000,-0.000940,-0.004734,0.378158,-27.510394,-50.112363,0.948305,-0.975469,0.0400
0.949353,-1.010408,0.000000,0.000000,-0.003473,-0.003439,0.379116,-27.510394,-50.112363,0.948323,-0.976425,0.0410
0.949353,-1.010408,0.000000,0.000000,-0.000043,-0.000625,0.379368,-27.510394,-50.112363,0.948343,-0.977482,0.0410
0.949353,-1.010408,0.000000,0.000000,0.000133,0.000456,0.380146,-27.510394,-50.112363,0.948360,-0.978331,0.0400
0.949353,-1.010408,0.000000,0.000000,-0.000162,0.000082,0.381642,-27.510394,-50.112363,0.948376,-0.979139,0.0410
0.759482,-1.684014,-0.089324,-0.316896,0.000593,0.000881,0.386314,-27.510394,-50.112367,0.938152,-1.018069,0.1450
0.759482,-1.684014,-0.089324,-0.316896,-0.006395,0.001159,0.387561,-27.510394,-50.112367,0.932670,-1.038252,0.0400
0.759482,-1.684014,-0.089324,-0.316896,0.001745,0.002121,0.388825,-27.510394,-50.112367,0.927843,-1.056032,0.0400
0.759482,-1.684014,-0.089324,-0.316896,-0.000150,-0.001199,0.390908,-27.510394,-50.112367,0.920813,-1.081820,0.0560
0.759482,-1.684014,-0.089324,-0.316896,0.000036,0.000377,0.392473,-27.510394,-50.112367,0.914852,-1.103692,0.0410
0.759482,-1.684014,-0.089324,-0.316896,0.000282,-0.000192,0.392924,-27.510394,-50.112367,0.909610,-1.122855,0.0410
0.759482,-1.684014,-0.089324,-0.316896,0.000102,-0.000357,0.393807,-27.510394,-50.112367,0.904777,-1.140533,0.0410
0.759482,-1.684014,-0.089324,-0.316896,-0.000423,-0.001151,0.394020,-27.510394,-50.112367,0.899602,-1.159433,0.0400
0.759482,-1.684014,-0.089324,-0.316896,0.000863,-0.000616,0.393639,-27.510394,-50.112367,0.894815,-1.176927,0.0410
0.759482,-1.684014,-0.089324,-0.316896,-0.005858,0.00053,0.393051,-27.510394,-50.112367,0.890105,-1.194101,0.0400
0.759482,-1.684014,-0.089324,-0.316896,0.003849,0.006493,0.393084,-27.510394,-50.112367,0.885480,-1.210935,0.0400
0.759482,-1.684014,-0.089324,-0.316896,0.002337,0.002908,0.393664,-27.510394,-50.112367,0.881012,-1.227214,0.0400
0.759482,-1.684014,-0.089324,-0.316896,0.001326,-0.004142,0.394590,-27.510394,-50.112367,0.876266,-1.244468,0.0420
0.759482,-1.684014,-0.089324,-0.316896,-0.002520,0.002161,0.396006,-27.510394,-50.112367,0.871870,-1.260455,0.0400
0.759482,-1.684014,-0.089324,-0.316896,-0.000226,0.000242,0.397284,-27.510394,-50.112367,0.865899,-1.282132,0.0400
0.759482,-1.684014,-0.089324,-0.316896,0.003406,-0.002282,0.398745,-27.510394,-50.112367,0.860893,-1.300298,0.0400
0.759482,-1.684014,-0.089324,-0.316896,0.000795,0.000188,0.400531,-27.510394,-50.112367,0.856620,-1.315802,0.0400
0.759482,-1.684014,-0.089324,-0.316896,-0.000880,0.000314,0.401837,-27.510394,-50.112367,0.852300,-1.331450,0.0410
0.759482,-1.684014,-0.089324,-0.316896,0.001300,0.004414,0.402635,-27.510394,-50.112367,0.848035,-1.346914,0.0410
0.759482,-1.684014,-0.089324,-0.316896,0.000392,-0.000608,0.404893,-27.510394,-50.112367,0.842272,-1.367758,0.0400
0.759482,-1.684014,-0.089324,-0.316896,-0.000902,-0.000724,0.406206,-27.510394,-50.112367,0.838018,-1.383151,0.0410
0.759482,-1.684014,-0.089324,-0.316896,-0.000194,0.000121,0.407165,-27.510394,-50.112367,0.833928,-1.397947,0.0410
0.569612,-2.357619,-0.108864,-0.386217,0.000558,0.001741,0.408374,-27.510397,-50.112372,0.827101,-1.422464,0.0400
0.569612,-2.357619,-0.108864,-0.386217,0.000020,0.000043,0.409780,-27.510397,-50.112372,0.819281,-1.450517,0.0400
0.569612,-2.357619,-0.108864,-0.386217,-0.000207,-0.000535,0.410847,-27.510397,-50.112372,0.813229,-1.472243,0.0400
0.569612,-2.357619,-0.108864,-0.386217,0.000111,-0.000155,0.411605,-27.510397,-50.112372,0.807160,-1.494005,0.0400
0.569612,-2.357619,-0.108864,-0.386217,-0.000522,-0.000465,0.412489,-27.510397,-50.112372,0.799722,-1.520684,0.0410
0.569612,-2.357619,-0.108864,-0.386217,-0.000200,-0.0003,0.413667,-27.510397,-50.112372,0.793424,-1.543267,0.0400
0.569612,-2.357619,-0.108864,-0.386217,-0.000828,0.000861,0.414775,-27.510397,-50.112372,0.787265,-1.565340,0.0410
0.569612,-2.357619,-0.108864,-0.386217,0.004980,-0.004089,0.415344,-27.510397,-50.112372,0.780726,-1.588783,0.0460
0.569612,-2.357619,-0.108864,-0.386217,0.000416,-0.000295,0.415696,-27.510397,-50.112372,0.774107,-1.612490,0.0420
0.569612,-2.357619,-0.108864,-0.386217,-0.003102,0.000914,0.416568,-27.510397,-50.112372,0.762578,-1.653822,0.0770
0.569612,-2.357619,-0.108864,-0.386217,0.000240,-0.000521,0.419051,-27.510397,-50.112372,0.748784,-1.703261,0.1070
0.569612,-2.357619,-0.108864,-0.386217,-0.000566,0.007072,0.422857,-27.510397,-50.112372,0.721117,-1.802324,0.2050
0.569612,-2.357619,-0.108864,-0.386217,0.000038,-0.000539,0.425252,-27.510397,-50.112372,0.707586,-1.850717,0.1090
0.569612,-2.357619,-0.108864,-0.386217,-0.000919,0.000737,0.426507,-27.510397,-50.112372,0.696992,-1.888593,0.0820
0.379741,-2.357619,-0.354967,-0.000000,0.000319,0.000657,0.426446,-27.510398,-50.112375,0.688474,-1.905389,0.0450
0.379741,-2.357619,-0.354967,-0.000000,0.002042,0.000397,0.427999,-27.510398,-50.112375,0.654907,-1.917509,0.0940
0.379741,-2.357619,-0.354967,-0.000000,-0.000022,-0.000256,0.430273,-27.510398,-50.112375,0.590464,-1.938776,0.1810
0.379741,-2.357619,-0.354967,-0.000000,0.000376,-0.000264,0.444033,-27.510398,-50.112375,0.386779,-1.989092,0.5800
0.379741,-2.357619,-0.354967,-0.000000,0.000564,-0.000244,0.448582,-27.510400,-50.112376,0.341171,-2.001169,0.1300
0.189870,-2.694422,-0.144002,-0.255439,-0.000034,0.000093,0.451028,-27.510400,-50.112376,0.307124,-2.063732,0.2030
0.189870,-2.694422,-0.144002,-0.255439,-0.000193,-0.000837,0.451780,-27.510400,-50.112376,0.293568,-2.089297,0.0800
0.189870,-2.694422,-0.144002,-0.255439,0.000430,0.000357,0.452420,-27.510400,-50.112376,0.285068,-2.106719,0.0510
0.189870,-2.694422,-0.144002,-0.255439,0.000461,-0.000023,0.459131,-27.510400,-50.112376,0.220195,-2.233089,0.3840
-0.000000,-2.020816,-0.132591,0.470393,0.001007,-0.000198,0.465541,-27.510402,-50.112368,0.165317,-2.266934,0.3820
-0.000000,-2.020816,-0.132591,0.470393,0.000480,-0.000011,0.465888,-27.510402,-50.112368,0.158340,-2.245437,0.0430
-0.000000,-2.020816,-0.132591,0.470393,0.000010,-0.000227,0.465644,-27.510402,-50.112368,0.147764,-2.217016,0.0680
-0.000000,-2.020816,-0.132591,0.470393,-0.000138,0.000961,0.465802,-27.510402,-50.112368,0.137490,-2.182677,0.0810
-0.000000,-2.020816,-0.132591,0.470393,-0.012364,0.001490,0.467614,-27.510402,-50.112368,0.123398,-2.163693,0.0780
-0.000000,-2.020816,-0.132591,0.470393,0.007064,0.002293,0.471537,-27.510402,-50.112368,0.112029,-2.124525,0.0770
-0.000000,-2.020816,-0.132591,0.470393,0.000940,-0.000683,0.473666,-27.510402,-50.112368,0.103040,-2.094158,0.0620
-0.000000,-2.020816,-0.132591,0.470393,0.007077,0.003088,0.474143,-27.510402,-50.112368,0.098009,-2.076456,0.0460
-0.000000,-2.020816,-0.132591,0.470393,0.000457,-0.000361,0.474919,-27.510402,-50.112368,0.086771,-2.046843,0.0640
-0.000000,-2.020816,-0.132591,0.470393,-0.000875,0.000268,0.474519,-27.510402,-50.112368,0.081134,-2.026556,0.0410
-0.000000,-2.020816,-0.132591,0.470393,0.000918,-0.003267,0.474125,-27.510402,-50.112368,0.077752,-2.014673,0.0450
-0.000000,-2.020816,-0.132591,0.470393,0.000308,0.000908,0.473282,-27.510402,-50.112368,0.062010,-1.969420,0.0910
-0.000000,-2.020816,-0.132591,0.470393,-0.001562,0.000670,0.474963,-27.510402,-50.112368,0.043119,-1.904476,0.1280
-0.000000,-1.684014,-0.000000,0.344678,-0.000248,-0.000573,0.473799,-27.510403,-50.112367,0.033952,-1.802466,0.2740
-0.000000,-1.684014,-0.000000,0.344678,0.000161,-0.000444,0.478458,-27.510403,-50.112367,0.033237,-1.743609,0.1660
-0.000000,-1.684014,-0.000000,0.344678,0.000372,-0.001044,0.480188,-27.510403,-50.112367,0.033014,-1.693529,0.1460
-0.000000,-1.684014,-0.000000,0.344678,-0.002500,0.002171,0.480237,-27.510403,-50.112367,0.033044,-1.679796,0.0410
-0.000000,-1.684014,-0.000000,0.344678,-0.003010,-0.003088,0.483140,-27.510403,-50.112367,0.031817,-1.644898,0.0980
-0.000000,-1.684014,-0.000000,0.344678,0.000143,0.004455,0.485732,-27.510403,-50.112367,0.031494,-1.613069,0.0930
-0.000000,-1.684014,-0.000000,0.344678,0.000339,-0.000035,0.487777,-27.510403,-50.112367,0.031137,-1.580877,0.0970
-0.000000,-1.684014,-0.000000,0.344678,0.001922,-0.002795,0.488315,-27.510403,-50.112367,0.030797,-1.551647,0.0890
-0.000000,-1.684014,-0.000000,0.344678,0.000038,0.000031,0.488550,-27.510403,-50.112367,0.030722,-1.539505,0.0400
-0.000000,-1.684014,-0.000000,0.344678,0.000038,0.000031,0.488550,-27.510405,-50.112368,0.030722,-1.539505,0.0410
-0.379741,-2.020816,-0.173194,-0.153610,0.010623,-0.005041,0.488126,-27.510405,-50.112368,0.013522,-1.531031,0.0890
-0.379741,-2.020816,-0.173194,-0.153610,0.002829,0.002875,0.496315,-27.510405,-50.112368,-0.038709,-1.585857,0.2390
-0.379741,-2.020816,-0.173194,-0.153610,0.001282,0.000139,0.504128,-27.510405,-50.112368,-0.110675,-1.653876,0.3560
-0.379741,-2.020816,-0.173194,-0.153610,-0.000081,0.000212,0.504224,-27.510405,-50.112368,-0.141245,-1.682783,0.1540
-0.379741,-2.020816,-0.173194,-0.153610,-0.000639,-0.000362,0.505250,-27.510405,-50.112368,-0.149448,-1.690797,0.0400
-0.379741,-2.020816,-0.173194,-0.153610,-0.000453,-0.000039,0.505816,-27.510405,-50.112368,-0.154079,-1.695376,0.0410
-0.949353,-2.694422,-0.272386,-0.322116,0.000142,0.000604,0.507832,-27.510411,-50.112376,-0.245038,-1.799945,0.2810
-0.949353,-2.694422,-0.272386,-0.322116,0.000814,-0.000563,0.507802,-27.510411,-50.112376,-0.259673,-1.817676,0.0410
-0.949353,-2.694422,-0.272386,-0.322116,0.000064,-0.000025,0.508406,-27.510411,-50.112376,-0.271271,-1.831772,0.0410
-0.949353,-2.694422,-0.272386,-0.322116,0.000124,0.000428,0.509418,-27.510411,-50.112376,-0.312852,-1.879823,0.1280
-0.949353,-2.694422,-0.272386,-0.322116,0.005896,-0.005018,0.519744,-27.510411,-50.112376,-0.458924,-2.055511,0.4480
-1.329094,-3.031225,-0.323295,-0.286739,-0.000621,-0.002847,0.523886,-27.510414,-50.112380,-0.567357,-2.166401,0.3010
-1.329094,-3.031225,-0.323295,-0.286739,-0.001753,-0.000220,0.524666,-27.510414,-50.112380,-0.583994,-2.181697,0.0400
-1.329094,-3.031225,-0.323295,-0.286739,0.000159,-0.000004,0.524893,-27.510414,-50.112380,-0.588399,-2.185765,0.0410
-1.329094,-3.031225,-0.323295,-0.286739,0.000217,-0.000086,0.529749,-27.510414,-50.112380,-0.633763,-2.229728,0.0900
-1.329094,-3.031225,-0.323295,-0.286739,0.000019,0.000798,0.531200,-27.510414,-50.112380,-0.659753,-2.253547,0.0660
-1.329094,-3.031225,-0.323295,-0.286739,0.000022,-0.000042,0.532898,-27.510414,-50.112380,-0.708401,-2.298584,0.1270
-1.329094,-3.031225,-0.323295,-0.286739,-0.000890,0.000161,0.533592,-27.510414,-50.112380,-0.732917,-2.321306,0.0660
-1.329094,-3.031225,-0.323295,-0.286739,0.001606,0.000446,0.534934,-27.510414,-50.112380,-0.748977,-2.336183,0.0400
-1.329094,-3.031225,-0.323295,-0.286739,0.001005,0.000339,0.535191,-27.510414,-50.112380,-0.752415,-2.339371,0.0420
-1.329094,-3.031225,-0.323295,-0.286739,0.005250,0.019909,0.542184,-27.510414,-50.112380,-0.792405,-2.376491,0.0860
-1.329094,-3.031225,-0.323295,-0.286739,-0.000355,0.001088,0.543256,-27.510414,-50.112380,-0.810505,-2.393232,0.0470
-1.329094,-3.031225,-0.323295,-0.286739,0.001224,0.000022,0.545056,-27.510414,-50.112380,-0.841468,-2.421916,0.0850
-1.708835,-3.031225,-0.411556,-0.000000,-0.000340,0.000291,0.545723,-27.510418,-50.112383,-0.888817,-2.445052,0.1040
-1.708835,-3.031225,-0.411556,-0.000000,0.000061,-0.000075,0.558150,-27.510418,-50.112383,-1.126233,-2.467656,0.5160
-1.708835,-3.031225,-0.411556,-0.000000,0.000280,0.000430,0.559038,-27.510418,-50.112383,-1.155073,-2.470206,0.0610
-1.708835,-3.031225,-0.411556,-0.000000,-0.002540,-0.001488,0.559351,-27.510418,-50.112383,-1.179764,-2.472641,0.0540
-1.708835,-3.031225,-0.411556,-0.000000,0.000262,0.000142,0.559218,-27.510418,-50.112383,-1.192269,-2.473764,0.0410
-1.708835,-3.031225,-0.411556,-0.000000,-0.000423,0.000197,0.567926,-27.510418,-50.112383,-1.325843,-2.487809,0.0730
-2.278447,-3.704830,-0.328857,-0.388896,0.000054,-0.000306,0.567847,-27.510422,-50.112388,-1.352218,-2.519339,0.0630
-2.278447,-3.704830,-0.328857,-0.388896,-0.000184,0.000545,0.571317,-27.510422,-50.112388,-1.418644,-2.597538,0.1670
-2.278447,-3.704830,-0.328857,-0.388896,0.000363,0.000345,0.579646,-27.510422,-50.112388,-1.531537,-2.730406,0.2880
-2.278447,-3.704830,-0.328857,-0.388896,0.001780,-0.000285,0.583655,-27.510422,-50.112388,-1.589403,-2.799772,0.1300
-2.278447,-3.704830,-0.328857,-0.388896,0.000459,0.000503,0.585823,-27.510422,-50.112388,-1.667291,-2.892742,0.2190
-2.278447,-3.704830,-0.328857,-0.388896,-0.001045,-0.000675,0.586215,-27.510422,-50.112388,-1.692494,-2.922953,0.0730
-2.468318,-3.704830,-0.298378,-0.000000,0.000340,0.000431,0.589433,-27.510423,-50.112387,-1.744502,-2.956655,0.1440
-2.468318,-3.704830,-0.298378,-0.000000,-0.000374,0.000081,0.590817,-27.510423,-50.112387,-1.807988,-2.967927,0.1790
-2.468318,-3.704830,-0.298378,-0.000000,-0.000994,-0.000327,0.592771,-27.510423,-50.112387,-1.831378,-2.972047,0.0680
-2.468318,-3.704830,-0.298378,-0.000000,0.000099,-0.000189,0.594187,-27.510423,-50.112387,-1.846369,-2.974383,0.0430
-2.468318,-3.704830,-0.298378,-0.000000,0.000508,-0.000609,0.597226,-27.510423,-50.112387,-1.902492,-2.985884,0.1630
-2.468318,-3.704830,-0.298378,-0.000000,0.000244,0.001845,0.601421,-27.510423,-50.112387,-1.991467,-3.001485,0.2640
-2.468318,-4.041633,0.000000,-0.344678,0.000603,0.000808,0.606858,-27.510423,-50.112394,-2.061208,-3.017234,0.2210
-2.468318,-4.041633,0.000000,-0.344678,-0.000080,0.000487,0.607928,-27.510423,-50.112394,-2.065533,-3.064407,0.1160
-2.468318,-4.041633,0.000000,-0.344678,-0.000809,-0.000059,0.611264,-27.510423,-50.112394,-2.070338,-3.113120,0.1220
-2.468318,-4.041633,0.000000,-0.344678,0.000147,0.000360,0.612723,-27.510423,-50.112394,-2.071341,-3.132145,0.0410
-2.468318,-4.041633,0.000000,-0.344678,-0.000247,-0.000554,0.614114,-27.510423,-50.112394,-2.076573,-3.165447,0.0930
-2.468318,-4.041633,0.000000,-0.344678,0.000053,-0.000453,0.615119,-27.510423,-50.112394,-2.079411,-3.204839,0.0960
-2.468318,-4.041633,0.000000,-0.344678,0.000468,0.000263,0.615893,-27.510423,-50.112394,-2.080720,-3.225268,0.0500
-2.468318,-4.041633,0.000000,-0.344678,0.002941,0.000561,0.617279,-27.510423,-50.112394,-2.082575,-3.250578,0.0630
-2.468318,-4.041633,0.000000,-0.344678,-0.000118,-0.000051,0.616949,-27.510423,-50.112394,-2.083376,-3.264968,0.0410
-2.468318,-4.041633,0.000000,-0.344678,-0.000118,-0.000051,0.616949,-27.510423,-50.112394,-2.083376,-3.264968,0.0400
-2.468318,-4.041633,0.000000,-0.344678,0.002391,-0.004827,0.618250,-27.510423,-50.112394,-2.092916,-3.312199,0.0940
-2.468318,-4.041633,0.000000,-0.344678,-0.000018,-0.000069,0.617427,-27.510432,-50.112402,-2.100997,-3.407275,0.2150
-3.227800,-5.388843,-0.318321,-0.564655,0.000430,-0.000824,0.623561,-27.510432,-50.112402,-2.215589,-3.609776,0.3110
-3.227800,-5.388843,-0.318321,-0.564655,0.000370,-0.000237,0.628970,-27.510432,-50.112402,-2.279049,-3.722259,0.1660
-3.227800,-5.388843,-0.318321,-0.564655,-0.000001,-0.000139,0.632336,-27.510432,-50.112402,-2.308640,-3.774506,0.0790
-3.227800,-5.388843,-0.318321,-0.564655,0.000228,0.000757,0.636311,-27.510432,-50.112402,-2.343852,-3.836672,0.0700
-3.417671,-5.388843,-0.478433,-0.000000,-0.000392,0.001423,0.655422,-27.510433,-50.112405,-2.691472,-4.112200,0.7760
-3.417671,-5.388843,-0.478433,-0.000000,-0.000581,-0.000447,0.669009,-27.510433,-50.112405,-2.977399,-4.162855,0.5720
-3.417671,-5.725646,0.000000,-0.406411,-0.000308,0.000357,0.674454,-27.510434,-50.112408,-3.005371,-4.287068,0.2810
-3.417671,-5.725646,0.000000,-0.406411,0.000221,0.000276,0.681047,-27.510434,-50.112408,-3.014066,-4.424725,0.2180
-3.417671,-6.062448,0.000000,-0.267511,-0.000127,0.000099,0.696085,-27.510433,-50.112410,-3.034034,-4.701579,0.6870
-3.417671,-6.062448,0.000000,-0.267511,0.000068,-0.000205,0.712997,-27.510433,-50.112410,-3.047303,-4.880964,0.4770
-3.607542,-6.062448,-0.236644,-0.000000,0.000741,0.001066,0.727225,-27.510435,-50.112411,-3.164401,-5.019411,0.7960
-3.607542,-6.062448,-0.236644,-0.000000,-0.000112,-0.000017,0.728791,-27.510435,-50.112411,-3.175627,-5.021641,0.0400
-3.607542,-6.062448,-0.236644,-0.000000,0.000869,-0.000690,0.748329,-27.510435,-50.112411,-3.312532,-5.054493,0.5210
-3.227800,-5.725646,0.073126,0.064858,-0.000334,-0.000586,0.768800,-27.510430,-50.112408,-3.264945,-5.039103,0.7350
-3.417671,-5.725646,-0.061733,-0.000000,0.000879,0.000488,0.778365,-27.510432,-50.112409,-3.253455,-5.036879,0.4000
-3.417671,-5.725646,-0.061733,-0.000000,0.000221,0.000002,0.778307,-27.510432,-50.112409,-3.256648,-5.038752,0.0400
-3.417671,-5.725646,-0.061733,-0.000000,0.000064,-0.000027,0.786868,-27.510432,-50.112409,-3.275451,-5.049038,0.2510
-3.417671,-5.725646,-0.061733,-0.000000,0.000253,-0.000307,0.800066,-27.510432,-50.112409,-3.312581,-5.068388,0.5850
-3.227800,-5.725646,0.015433,0.000000,0.000123,-0.000045,0.802292,-27.510432,-50.112409,-3.310660,-5.072167,0.1040
-3.227800,-5.725646,0.015433,0.000000,-0.015684,0.011942,0.809560,-27.510432,-50.112409,-3.304499,-5.083642,0.2960
-3.227800,-5.725646,0.015433,0.000000,-0.092272,-0.111392,0.812019,-27.510432,-50.112409,-3.302771,-5.086951,0.1270
-3.227800,-5.725646,0.015433,0.000000,-0.011413,0.011471,0.815901,-27.510432,-50.112409,-3.299662,-5.092557,0.1660
-3.417671,-6.062448,-0.055580,-0.098591,-0.355443,0.154689,0.867735,-27.510434,-50.112410,-3.313446,-5.150814,0.6530
-3.417671,-6.062448,-0.055580,-0.098591,-0.262432,0.059866,0.883434,-27.510434,-50.112410,-3.317715,-5.161188,0.0690
-3.417671,-6.062448,-0.055580,-0.098591,0.056807,-0.057734,0.910351,-27.510434,-50.112410,-3.323165,-5.174380,0.0880
-3.417671,-6.062448,-0.055580,-0.098591,-0.336628,-0.133176,1.098256,-27.510434,-50.112410,-3.333612,-5.199633,0.1740
-3.417671,-6.062448,-0.055580,-0.098591,0.492777,-0.119639,0.933110,-27.510434,-50.112410,-3.342706,-5.221703,0.1590
-3.607542,-6.062448,-0.108033,-0.000000,0.427392,-0.287749,-4.774911,-27.510435,-50.112410,-3.391343,-5.261949,0.5140
-3.607542,-6.062448,-0.108033,-0.000000,0.079060,0.403048,-9.540674,-27.510435,-50.112410,-3.430717,-5.277191,0.3680
-3.607542,-6.062448,0.000000,0.000000,-0.215865,-0.047231,-15.572913,-27.510435,-50.112410,-3.463390,-5.294652,0.1850
-3.607542,-6.062448,0.000000,0.000000,-0.183804,-0.177379,-17.014856,-27.510435,-50.112410,-3.463747,-5.296056,0.0400
-3.607542,-6.062448,0.000000,0.000000,0.331949,-0.090058,-18.685850,-27.510435,-50.112410,-3.463501,-5.299166,0.0430
-3.607542,-6.062448,0.000000,0.000000,0.471791,-0.161422,-21.460705,-27.510435,-50.112410,-3.464116,-5.301707,0.0710
-2.468318,-6.399251,0.557470,-0.164812,0.090619,-0.027361,-58.386459,-27.510423,-50.112414,-3.447076,-5.335447,0.4890
-2.468318,-6.399251,0.557470,-0.164812,-0.100477,-0.071772,-62.334415,-27.510423,-50.112414,-3.415954,-5.346632,0.0490
-2.468318,-6.399251,0.557470,-0.164812,-1.830866,0.972897,-75.906593,-27.510423,-50.112414,-3.285744,-5.393042,0.1960
-2.468318,-6.399251,0.557470,-0.164812,-2.668898,0.839414,-78.301910,-27.510423,-50.112414,-3.177685,-5.430342,0.2230
-2.468318,-6.399251,0.557470,-0.164812,-2.281606,0.228622,-79.178345,-27.510423,-50.112414,-3.149198,-5.441517,0.0400
-1.518965,-6.062448,0.407263,0.144485,1.916079,-0.504673,-86.386398,-27.510415,-50.112413,-2.886841,-5.527645,0.4560
-1.518965,-6.062448,0.407263,0.144485,1.309101,-1.283750,-100.769997,-27.510415,-50.112413,-2.713549,-5.488852,0.3810
-1.518965,-6.062448,0.407263,0.144485,0.860981,-0.411922,-104.232094,-27.510415,-50.112413,-2.690408,-5.482965,0.0480
-1.518965,-6.062448,0.407263,0.144485,1.310939,0.366270,-107.175995,-27.510415,-50.112413,-2.674677,-5.476717,0.0400
-1.518965,-6.062448,0.407263,0.144485,-1.241239,0.517280,-116.021996,-27.510415,-50.112413,-2.507894,-5.445880,0.3330
-4.367024,-7.072855,-0.732104,-0.259729,-0.149004,-0.093968,-117.452751,-27.510440,-50.112424,-2.617717,-5.504699,0.4300
-4.367024,-7.072855,-0.732104,-0.259729,0.585003,1.563832,-117.958183,-27.510440,-50.112424,-2.989955,-5.654766,0.4830
-4.367024,-7.072855,-0.732104,-0.259729,0.448833,2.045679,-117.787514,-27.510440,-50.112424,-3.027783,-5.671102,0.0440
-4.367024,-7.072855,0.000000,0.000000,3.028769,0.276661,-116.146683,-27.510440,-50.112424,-3.213133,-5.752487,0.3350
-4.367024,-7.072855,0.000000,0.000000,0.077744,-1.006293,-123.396591,-27.510440,-50.112424,-3.218564,-5.773094,0.4280
-4.367024,-7.072855,0.000000,0.000000,-0.394969,1.235062,-125.098114,-27.510440,-50.112424,-3.224227,-5.786654,0.2080
-4.367024,-7.072855,0.000000,0.000000,-0.604866,1.555905,-125.852737,-27.510440,-50.112424,-3.227222,-5.791420,0.0750
-4.367024,-7.072855,0.000000,0.000000,-0.631837,1.980343,-126.207199,-27.510440,-50.112424,-3.231660,-5.794029,0.0460
-4.367024,-7.072855,0.000000,0.000000,-0.266397,1.401677,-126.758186,-27.510440,-50.112424,-3.228002,-5.798374,0.0900
-4.367024,-7.072855,0.000000,0.000000,0.634947,1.763571,-126.871078,-27.510440,-50.112424,-3.232755,-5.803325,0.0700
-4.367024,-7.072855,0.000000,0.000000,0.672222,1.443397,-126.681854,-27.510440,-50.112424,-3.236237,-5.807170,0.0470
-4.367024,-7.072855,0.000000,0.000000,0.488583,0.660357,-126.386650,-27.510440,-50.112424,-3.239181,-5.810459,0.0420
-4.367024,-7.072855,0.000000,0.000000,0.281199,-0.521038,-125.764381,-27.510440,-50.112424,-3.240573,-5.812012,0.0860
-4.367024,-7.072855,0.000000,0.000000,-0.123300,-1.334552,-124.433182,-27.510440,-50.112424,-3.253563,-5.825471,0.2130
-4.367024,-7.072855,0.000000,0.000000,-0.626332,-2.966053,-122.192085,-27.510440,-50.112424,-3.271203,-5.849410,0.3660
-3.227800,-6.736053,0.276268,0.081677,0.643104,-2.575421,-133.695679,-27.510432,-50.112418,-3.251172,-5.872313,0.3500
-3.227800,-6.736053,0.276268,0.081677,0.820306,-2.190988,-139.665634,-27.510432,-50.112418,-3.228649,-5.870586,0.0770
-3.227800,-6.736053,0.276268,0.081677,0.649526,-1.036664,-144.541931,-27.510432,-50.112418,-3.205422,-5.870100,0.0860
-3.227800,-6.736053,0.276268,0.081677,-0.073496,-0.467544,-146.073990,-27.510432,-50.112418,-3.193262,-5.865104,0.0480
-3.227800,-6.736053,0.276268,0.081677,-0.336679,-0.114674,-146.626373,-27.510432,-50.112418,-3.185611,-5.861796,0.0400
-3.227800,-6.736053,0.276268,0.081677,-0.336679,-0.114674,-146.626373,-27.510432,-50.112418,-3.185611,-5.861796,0.0410
-3.227800,-6.736053,0.276268,0.081677,-0.120771,1.177830,-147.947098,-27.510432,-50.112418,-3.160197,-5.930139,0.0640
-3.227800,-6.736053,0.276268,0.081677,-0.642986,0.917897,-148.212952,-27.510432,-50.112418,-3.147796,-5.922070,0.0440
-3.227800,-6.736053,0.276268,0.081677,-0.764188,1.359888,-148.330719,-27.510432,-50.112418,-3.139085,-5.916364,0.0410
-3.227800,-6.736053,0.276268,0.081677,-0.764188,1.359888,-148.330719,-27.510432,-50.112418,-3.139085,-5.916364,0.0400
-3.227800,-6.736053,0.276268,0.081677,-0.764188,1.359888,-148.330719,-27.510432,-50.112418,-3.139085,-5.916364,0.0410
-3.227800,-6.736053,0.276268,0.081677,-2.339180,1.445268,-148.503967,-27.510432,-50.112418,-3.082742,-5.933047,0.1180
-3.227800,-6.736053,0.276268,0.081677,-1.462408,0.662772,-148.795563,-27.510432,-50.112418,-3.064493,-5.930463,0.0750
-3.227800,-6.736053,0.276268,0.081677,-0.718796,0.210783,-149.015610,-27.510432,-50.112418,-3.045596,-5.927483,0.0500
-3.227800,-6.736053,0.276268,0.081677,-0.631027,-0.012516,-149.147461,-27.510432,-50.112418,-3.033266,-5.925769,0.0400
-1.139224,-5.388842,0.376110,0.242605,0.617085,-0.502943,-149.419174,-27.510412,-50.112405,-3.014814,-5.916699,0.0650
-1.139224,-5.388842,0.376110,0.242605,0.091062,-0.292663,-149.535797,-27.510412,-50.112405,-2.987995,-5.900213,0.0480
-1.139224,-5.388842,0.376110,0.242605,-0.117058,-0.008929,-149.588852,-27.510412,-50.112405,-2.971403,-5.889974,0.0410
-1.139224,-5.388842,0.376110,0.242605,-1.107509,-0.860009,-149.636765,-27.510412,-50.112405,-2.928465,-5.865027,0.0890
-1.139224,-5.388842,0.376110,0.242605,-1.618169,-0.529290,-149.643723,-27.510412,-50.112405,-2.882298,-5.837747,0.0890
-1.139224,-5.388842,0.376110,0.242605,-1.969304,-0.036631,-149.618622,-27.510412,-50.112405,-2.808018,-5.796894,0.1370
-1.139224,-5.388842,0.376110,0.242605,-0.923009,-1.966452,-149.355392,-27.510412,-50.112405,-2.742543,-5.760695,0.1370
-1.139224,-5.388842,0.376110,0.242605,-0.709948,-2.499170,-149.269974,-27.510412,-50.112405,-2.713315,-5.743869,0.0640
-1.139224,-5.388842,0.376110,0.242605,-0.583242,-3.070359,-149.224274,-27.510412,-50.112405,-2.691355,-5.730662,0.0420
-1.139224,-5.388842,0.376110,0.242605,-0.583242,-3.070359,-149.224274,-27.510412,-50.112405,-2.691355,-5.730662,0.0420
-1.139224,-5.388842,0.376110,0.242605,0.833529,-3.272389,-148.854218,-27.510412,-50.112405,-2.626587,-5.693587,0.1510
-1.139224,-5.388842,0.376110,0.242605,0.320869,-2.266640,-148.756409,-27.510412,-50.112405,-2.583060,-5.660222,0.0910
-0.759483,-3.704829,0.144851,0.642360,0.110233,-1.805018,-148.818954,-27.510407,-50.112388,-2.551259,-5.612298,0.0850
-0.759483,-3.704829,0.144851,0.642360,0.225255,-1.068233,-148.858002,-27.510407,-50.112388,-2.534171,-5.546457,0.0790
-0.759483,-3.704829,0.144851,0.642360,0.643925,-0.392152,-148.850739,-27.510407,-50.112388,-2.515153,-5.481024,0.0860
-0.759483,-3.704829,0.144851,0.642360,1.050014,1.563374,-149.249374,-27.510407,-50.112388,-2.454201,-5.287468,0.2720
-0.759483,-3.704829,0.144851,0.642360,2.093606,-0.871495,-149.142075,-27.510407,-50.112388,-2.347072,-4.946177,0.4870
-3.417671,-3.031224,-0.753010,0.190818,2.233803,-1.265894,-148.801590,-27.510433,-50.112379,-2.372453,-4.908094,0.0810
-3.417671,-3.031224,-0.753010,0.190818,4.180361,-0.648613,-147.127319,-27.510433,-50.112379,-2.605222,-4.820977,0.3170
-3.417671,-3.031224,-0.753010,0.190818,3.604270,-0.668553,-146.884995,-27.510433,-50.112379,-2.655425,-4.804907,0.0580
-3.417671,-3.031224,-0.753010,0.190818,2.440710,-0.955254,-146.503143,-27.510433,-50.112379,-3.027979,-4.677357,0.4720
-3.417671,-3.031224,0.000000,0.000000,2.052116,-0.673761,-145.972824,-27.510433,-50.112379,-3.089722,-4.632511,0.4150
-3.417671,-3.031224,0.000000,0.000000,1.946882,-0.652875,-145.883667,-27.510433,-50.112379,-3.092402,-4.628182,0.0510
-3.417671,-3.031224,0.000000,0.000000,1.847280,-0.761249,-145.842163,-27.510433,-50.112379,-3.096670,-4.624353,0.0400
-3.417671,-3.031224,0.000000,0.000000,0.770779,-0.043685,-146.311752,-27.510433,-50.112379,-3.064685,-4.617943,0.2380
-3.417671,-3.031224,0.000000,0.000000,-0.474095,0.846053,-146.989975,-27.510433,-50.112379,-3.064645,-4.609072,0.1310
-3.417671,-3.031224,0.000000,0.000000,-0.713158,0.962069,-147.443192,-27.510433,-50.112379,-3.068392,-4.603049,0.0790
-3.417671,-3.031224,0.000000,0.000000,-0.654292,1.790640,-148.049591,-27.510433,-50.112379,-3.072685,-4.594193,0.0880
-3.607542,-1.010408,-0.071223,0.758039,-0.438076,0.865555,-148.298828,-27.510435,-50.112363,-3.100588,-4.247273,0.4610
-3.607542,-1.010408,-0.071223,0.758039,-0.659278,0.541557,-148.412308,-27.510435,-50.112363,-3.113100,-4.125128,0.1370
-3.607542,-1.010408,-0.071223,0.758039,-0.199712,0.695029,-148.478622,-27.510435,-50.112363,-3.119917,-4.058906,0.0750
-3.607542,-1.010408,-0.071223,0.758039,-0.116533,0.581033,-148.485855,-27.510435,-50.112363,-3.123400,-4.024893,0.0410
-3.607542,-1.010408,-0.071223,0.758039,-0.116533,0.581033,-148.485855,-27.510435,-50.112363,-3.123400,-4.024893,0.0400
-3.607542,-1.010408,-0.071223,0.758039,0.514963,-0.394526,-148.363403,-27.510435,-50.112363,-3.138417,-3.900275,0.0900
-3.607542,-1.010408,-0.071223,0.758039,-0.295450,-0.661202,-148.329117,-27.510435,-50.112363,-3.141665,-3.865533,0.0410
-3.607542,-1.010408,-0.071223,0.758039,-0.363457,-0.561858,-148.269699,-27.510435,-50.112363,-3.149509,-3.790475,0.0850
-3.607542,-1.010408,-0.071223,0.758039,-0.047026,-0.780467,-148.244858,-27.510435,-50.112363,-3.153142,-3.751568,0.0400
-3.607542,-1.010408,-0.071223,0.758039,-0.047026,-0.780467,-148.244858,-27.510435,-50.112363,-3.153142,-3.751568,0.0420
-3.607542,-1.010408,-0.071223,0.758039,-0.047026,-0.780467,-148.244858,-27.510879,-50.111294,-3.153142,-3.751568,0.0420
-53.164219,104.071579,-10.199306,21.627024,-0.017093,-0.985412,-148.289856,-27.510879,-50.111294,-3.534105,-2.896090,0.0570
-53.164219,104.071579,-10.199306,21.627024,0.057945,-1.276878,-148.374191,-27.510879,-50.111294,-4.666501,-0.497512,0.0700
-53.164219,104.071579,-10.199306,21.627024,0.077007,-1.166456,-148.529984,-27.510879,-50.111294,-5.915996,2.156293,0.0900
-53.164219,104.071579,-10.199306,21.627024,0.136292,-1.193398,-148.620438,-27.510879,-50.111294,-6.800418,4.036624,0.0710
-53.164219,104.071579,-10.199306,21.627024,-0.178360,-1.295601,-148.661331,-27.510879,-50.111294,-7.603374,5.744753,0.0620
-53.164219,104.071579,-10.199306,21.627024,-0.046540,-0.983151,-148.720367,-27.510879,-50.111294,-8.692479,8.062808,0.0870
-53.164219,104.071579,-10.199306,21.627024,-0.709379,0.077178,-149.220688,-27.510879,-50.111294,-12.927953,17.072236,0.3540
-53.164219,104.071579,-10.199306,21.627024,-0.573561,0.796771,-149.670776,-27.510879,-50.111294,-14.698686,20.834936,0.1510
-53.164219,104.071579,0.000000,0.000000,-1.191854,0.852152,-149.836014,-27.510879,-50.111294,-14.771180,20.994256,0.0410
-53.164219,104.071579,0.000000,0.000000,-1.592361,3.163475,-150.721649,-27.510879,-50.111294,-15.057193,21.611961,0.1670
-53.164219,104.071579,0.000000,0.000000,-2.202562,3.593803,-151.134506,-27.510879,-50.111294,-15.308807,22.154107,0.1600
-53.164219,104.071579,0.000000,0.000000,-2.137346,3.147390,-150.460724,-27.510879,-50.111294,-15.755737,23.117669,0.2670
-53.164219,104.071579,0.000000,0.000000,-2.030403,2.348103,-149.709534,-27.510879,-50.111294,-16.016422,23.681703,0.1780
-53.164219,104.071579,0.000000,0.000000,-0.962133,1.547765,-149.224304,-27.510879,-50.111294,-16.143305,23.957069,0.0820
-53.164219,104.071579,0.000000,0.000000,-1.337013,0.522430,-148.760727,-27.510879,-50.111294,-16.267415,24.227690,0.0830
-53.164219,104.071579,0.000000,0.000000,-0.748447,0.554602,-148.373138,-27.510879,-50.111294,-16.397471,24.508430,0.0860
-53.164219,104.071579,0.000000,0.000000,-0.695370,0.553308,-148.041794,-27.510879,-50.111294,-16.521631,24.777740,0.0790
-53.164219,104.071579,0.000000,0.000000,-1.298677,-0.063212,-147.879211,-27.510879,-50.111294,-16.577602,24.902900,0.0410
-53.164219,104.071579,0.000000,0.000000,-1.298677,-0.063212,-147.879211,-27.510879,-50.111294,-16.577602,24.902900,0.0400
-53.164219,104.071579,0.000000,0.000000,0.606992,0.437900,-147.763931,-27.510879,-50.111294,-16.821256,25.380917,0.0730
-53.164219,104.071579,0.000000,0.000000,0.440010,0.252990,-147.742233,-27.510879,-50.111294,-16.870520,25.492651,0.0430
-53.164219,104.071579,0.000000,0.000000,0.841063,0.537441,-147.735870,-27.510879,-50.111294,-16.909017,25.578782,0.0410
-53.164219,104.071579,0.000000,0.000000,0.841063,0.537441,-147.735870,-27.510879,-50.111294,-16.909017,25.578782,0.0410
-53.164219,104.071579,0.000000,0.000000,0.992319,0.922800,-147.635101,-27.510879,-50.111294,-17.076723,25.916684,0.0540
-53.164219,104.071579,0.000000,0.000000,1.180824,1.292109,-147.477875,-27.510879,-50.111294,-17.141966,26.054183,0.0630
-53.164219,104.071579,0.000000,0.000000,0.753188,0.828743,-147.319687,-27.510879,-50.111294,-17.197756,26.169777,0.0400
-53.164219,104.071579,0.000000,0.000000,0.765199,0.826215,-147.300430,-27.510879,-50.111294,-17.203777,26.182348,0.0460
-53.164219,104.071579,0.000000,0.000000,0.765199,0.826215,-147.300430,-27.510879,-50.111294,-17.203777,26.182348,0.0400
-53.164219,104.071579,0.000000,0.000000,0.765199,0.826215,-147.300430,-27.510879,-50.111294,-17.203777,26.182348,0.0410
-53.164219,104.071579,0.000000,0.000000,1.961821,-0.454709,-146.668350,-27.510879,-50.111294,-17.446576,26.708897,0.1440
-94.935875,159.306793,-13.914104,18.398804,2.321328,-0.908417,-146.796509,-27.511255,-50.110733,-17.717821,27.222654,0.1410
-94.935875,159.306793,-13.914104,18.398804,1.432590,-1.286606,-146.921173,-27.511255,-50.110733,-19.646516,29.880856,0.0710
-94.935875,159.306793,-13.914104,18.398804,1.934942,-1.540707,-146.768127,-27.511255,-50.110733,-22.521205,33.862607,0.1800
-94.935875,159.306793,-13.914104,18.398804,2.311703,-1.276158,-146.560028,-27.511255,-50.110733,-23.595739,35.353343,0.0580
-94.935875,159.306793,-13.914104,18.398804,1.971779,-1.304066,-146.375687,-27.511255,-50.110733,-24.457823,36.550701,0.0400
-94.935875,159.306793,-13.914104,18.398804,1.977512,-1.304795,-146.359100,-27.511255,-50.110733,-24.534655,36.657486,0.0410
-94.935875,159.306793,-13.914104,18.398804,1.977512,-1.304795,-146.359100,-27.511255,-50.110733,-24.534655,36.657486,0.0400
-94.935875,159.306793,-13.914104,18.398804,1.977512,-1.304795,-146.359100,-27.511255,-50.110733,-24.534655,36.657486,0.0400
-94.935875,159.306793,-13.914104,18.398804,1.977512,-1.304795,-146.359100,-27.511255,-50.110733,-24.534655,36.657486,0.0400
-94.935875,159.306793,-13.914104,18.398804,1.977512,-1.304795,-146.359100,-27.511255,-50.110733,-24.534655,36.657486,0.0410
-94.935875,159.306793,-13.914104,18.398804,1.977512,-1.304795,-146.359100,-27.511255,-50.110733,-24.534655,36.657486,0.0400
-94.935875,159.306793,-13.914104,18.398804,1.977512,-1.304795,-146.359100,-27.511255,-50.110733,-24.534655,36.657486,0.0400
-94.935875,159.306793,-13.914104,18.398804,1.977512,-1.304795,-146.359100,-27.511255,-50.110733,-24.534655,36.657486,0.0410
-94.935875,159.306793,-13.914104,18.398804,-2.982980,-1.327207,-150.440659,-27.511255,-50.110733,-28.817291,42.380925,0.0520
-94.935875,159.306793,-13.914104,18.398804,-3.151359,-1.050828,-150.788727,-27.511255,-50.110733,-30.180539,44.359615,0.0650
-94.935875,159.306793,-13.914104,18.398804,-3.838732,-0.122978,-151.450226,-27.511255,-50.110733,-31.573733,46.347219,0.0840
-94.935875,159.306793,-13.914104,18.398804,-2.871095,-0.380836,-151.941635,-27.511255,-50.110733,-32.375193,47.500883,0.0470
-104.049667,166.716385,-16.106428,13.094677,-2.553083,-1.072889,-152.346786,-27.511336,-50.110662,-33.351270,48.337340,0.0400
-104.049667,166.716385,-16.106428,13.094677,-2.553083,-1.072889,-152.346786,-27.511336,-50.110662,-33.351270,48.337340,0.0400
-104.049667,166.716385,-16.106428,13.094677,-2.553083,-1.072889,-152.346786,-27.511336,-50.110662,-33.351270,48.337340,0.0410
-104.049667,166.716385,-16.106428,13.094677,-0.831008,-0.464510,-153.341873,-27.511336,-50.110662,-36.769948,51.538855,0.0970
-104.049667,166.716385,-16.106428,13.094677,-0.841396,-1.053758,-153.630035,-27.511336,-50.110662,-38.159532,52.781117,0.0870
-104.049667,166.716385,-16.106428,13.094677,0.790127,-0.496551,-153.715439,-27.511336,-50.110662,-39.754041,54.251506,0.0810
-104.049667,166.716385,-16.106428,13.094677,-27.467918,9.441982,-153.622528,-27.511336,-50.110662,-41.179070,55.590595,0.0780
-104.049667,166.716385,-16.106428,13.094677,-27.841516,9.524516,-153.410370,-27.511336,-50.110662,-41.255902,55.663915,0.0400
-104.049667,166.716385,-16.106428,13.094677,-0.669360,4.406969,-149.803421,-27.511336,-50.110662,-42.680497,56.912488,0.0400
-104.049667,166.716385,-16.106428,13.094677,3.222592,0.633413,-150.190979,-27.511336,-50.110662,-43.908175,58.047827,0.0740
-104.049667,166.716385,-16.106428,13.094677,4.633346,-0.911443,-151.421112,-27.511336,-50.110662,-44.663478,58.755090,0.0410
-104.049667,166.716385,-16.106428,13.094677,1.876134,-0.142301,-151.888336,-27.511336,-50.110662,-45.025152,59.096209,0.0410
-104.049667,166.716385,-16.106428,13.094677,1.876134,-0.142301,-151.888336,-27.511336,-50.110662,-45.025152,59.096209,0.0400
-104.049667,166.716385,-16.106428,13.094677,1.876134,-0.142301,-151.888336,-27.511336,-50.110662,-45.025152,59.096209,0.0410
-104.049667,166.716385,-16.106428,13.094677,1.876134,-0.142301,-151.888336,-27.511336,-50.110662,-45.025152,59.096209,0.0410
-104.049667,166.716385,-16.106428,13.094677,-2.733981,-0.818203,-153.511505,-27.511336,-50.110662,-48.778580,62.340642,0.0520
-104.049667,166.716385,-16.106428,13.094677,-3.898751,-0.486266,-153.672775,-27.511336,-50.110662,-49.660092,63.185711,0.0460
-104.049667,166.716385,0.000000,0.000000,-2.119311,-1.769842,-153.763275,-27.511336,-50.110662,-50.268572,63.813931,0.0400
-104.049667,166.716385,0.000000,0.000000,-1.796600,-0.649665,-153.750092,-27.511336,-50.110662,-50.199036,63.776681,0.0410
-104.049667,166.716385,0.000000,0.000000,-1.796600,-0.649665,-153.750092,-27.511336,-50.110662,-50.199036,63.776681,0.0410
-104.049667,166.716385,0.000000,0.000000,-1.796600,-0.649665,-153.750092,-27.511336,-50.110662,-50.199036,63.776681,0.0400
-104.049667,166.716385,0.000000,0.000000,-1.796600,-0.649665,-153.750092,-27.511336,-50.110662,-50.199036,63.776681,0.0400
-104.049667,166.716385,0.000000,0.000000,-1.796600,-0.649665,-153.750092,-27.511336,-50.110662,-50.199036,63.776681,0.0410
-104.049667,166.716385,0.000000,0.000000,-1.796600,-0.649665,-153.750092,-27.511336,-50.110662,-50.199036,63.776681,0.0400
-104.049667,166.716385,0.000000,0.000000,-1.796600,-0.649665,-153.750092,-27.511336,-50.110662,-50.199036,63.776681,0.0400
-104.049667,166.716385,0.000000,0.000000,-1.796600,-0.649665,-153.750092,-27.511336,-50.110662,-50.199036,63.776681,0.0400
-104.049667,166.716385,0.000000,0.000000,-1.796600,-0.649665,-153.750092,-27.511336,-50.110662,-50.199036,63.776681,0.0410
-104.049667,166.716385,0.000000,0.000000,-1.796600,-0.649665,-153.750092,-27.511336,-50.110662,-50.199036,63.776681,0.0410
-104.049667,166.716385,0.000000,0.000000,-1.796600,-0.649665,-153.750092,-27.511336,-50.110662,-50.199036,63.776681,0.0410
-104.049667,166.716385,0.000000,0.000000,-1.796600,-0.649665,-153.750092,-27.511336,-50.110662,-50.199036,63.776681,0.0400
-104.049667,166.716385,0.000000,0.000000,-1.796600,-0.649665,-153.750092,-27.511336,-50.110662,-50.199036,63.776681,0.0400
-104.049667,166.716385,0.000000,0.000000,0.799718,6.788785,-139.869507,-27.511336,-50.110662,-55.927655,68.610952,0.0810
-104.049667,166.716385,0.000000,0.000000,-1.625375,2.854228,-137.967911,-27.511336,-50.110662,-55.345843,68.124658,0.0560
-104.049667,166.716385,0.000000,0.000000,-3.662742,2.907148,-138.447235,-27.511336,-50.110662,-55.362653,68.261862,0.0410
-104.049667,166.716385,0.000000,0.000000,-4.520631,3.632168,-138.579681,-27.511336,-50.110662,-55.369568,68.284887,0.0400
-104.049667,166.716385,0.000000,0.000000,-4.520631,3.632168,-138.579681,-27.511336,-50.110662,-55.369568,68.284887,0.0400
-104.049667,166.716385,0.000000,0.000000,-4.520631,3.632168,-138.579681,-27.511336,-50.110662,-55.369568,68.284887,0.0410
-104.049667,166.716385,0.000000,0.000000,-4.520631,3.632168,-138.579681,-27.511336,-50.110662,-55.369568,68.284887,0.0410
-104.049667,166.716385,0.000000,0.000000,-4.520631,3.632168,-138.579681,-27.511336,-50.110662,-55.369568,68.284887,0.0410
-104.049667,166.716385,0.000000,0.000000,-4.520631,3.632168,-138.579681,-27.511336,-50.110662,-55.369568,68.284887,0.0400
-104.049667,166.716385,0.000000,0.000000,-4.520631,3.632168,-138.579681,-27.511336,-50.110662,-55.369568,68.284887,0.0410
-104.049667,166.716385,0.000000,0.000000,-4.520631,3.632168,-138.579681,-27.511336,-50.110662,-55.369568,68.284887,0.0410
-104.049667,166.716385,0.000000,0.000000,-4.520631,3.632168,-138.579681,-27.511336,-50.110662,-55.369568,68.284887,0.0400
-104.049667,166.716385,0.000000,0.000000,-4.520631,3.632168,-138.579681,-27.511336,-50.110662,-55.369568,68.284887,0.0400
-104.049667,166.716385,0.000000,0.000000,-4.520631,3.632168,-138.579681,-27.511336,-50.110662,-55.369568,68.284887,0.0400
-104.049667,166.716385,0.000000,0.000000,-4.520631,3.632168,-138.579681,-27.511336,-50.110662,-55.369568,68.284887,0.0400
-104.049667,166.716385,0.000000,0.000000,-4.520631,3.632168,-138.579681,-27.511336,-50.110662,-55.369568,68.284887,0.0410
-104.049667,166.716385,0.000000,0.000000,-4.520631,3.632168,-138.579681,-27.511336,-50.110662,-55.369568,68.284887,0.0400
-104.049667,166.716385,0.000000,0.000000,-4.520631,3.632168,-138.579681,-27.511336,-50.110662,-55.369568,68.284887,0.0410
-104.049667,166.716385,0.000000,0.000000,-3.830764,2.417491,-138.931183,-27.511336,-50.110662,-55.700890,68.749608,0.0530
-104.049667,166.716385,0.000000,0.000000,-3.809090,2.415040,-138.953293,-27.511336,-50.110662,-55.753952,68.962215,0.0430
-104.049667,166.716385,0.000000,0.000000,-3.793614,2.399084,-138.972229,-27.511336,-50.110662,-55.840052,69.197047,0.0400
-104.049667,166.716385,0.000000,0.000000,-3.793614,2.399084,-138.972229,-27.511336,-50.110662,-55.840052,69.197047,0.0410
-104.049667,166.716385,0.000000,0.000000,-3.793614,2.399084,-138.972229,-27.511336,-50.110662,-55.840052,69.197047,0.0400
-104.049667,166.716385,0.000000,0.000000,-3.793614,2.399084,-138.972229,-27.511336,-50.110662,-55.840052,69.197047,0.0410
-104.049667,166.716385,0.000000,0.000000,-3.793614,2.399084,-138.972229,-27.511336,-50.110662,-55.840052,69.197047,0.0670
-104.049667,166.716385,0.000000,0.000000,-3.793614,2.399084,-138.972229,-27.511336,-50.110662,-55.840052,69.197047,0.0400
-104.049667,166.716385,0.000000,0.000000,-3.793614,2.399084,-138.972229,-27.511336,-50.110662,-55.840052,69.197047,0.0410
-104.049667,166.716385,0.000000,0.000000,-3.793614,2.399084,-138.972229,-27.511336,-50.110662,-55.840052,69.197047,0.0410
-104.049667,166.716385,0.000000,0.000000,-3.793614,2.399084,-138.972229,-27.511336,-50.110662,-55.840052,69.197047,0.0400
-104.049667,166.716385,0.000000,0.000000,-3.793614,2.399084,-138.972229,-27.511336,-50.110662,-55.840052,69.197047,0.0400
-104.049667,166.716385,0.000000,0.000000,-3.793614,2.399084,-138.972229,-27.511336,-50.110662,-55.840052,69.197047,0.0410
-104.049667,166.716385,0.000000,0.000000,-3.793614,2.399084,-138.972229,-27.511336,-50.110662,-55.840052,69.197047,0.0400
-104.049667,166.716385,0.000000,0.000000,-3.793614,2.399084,-138.972229,-27.511336,-50.110662,-55.840052,69.197047,0.0410
-104.049667,166.716385,0.000000,0.000000,-3.793614,2.399084,-138.972229,-27.511336,-50.110662,-55.840052,69.197047,0.0470
-104.049667,166.716385,0.000000,0.000000,-3.793614,2.399084,-138.972229,-27.511336,-50.110662,-55.840052,69.197047,0.0400
-104.049667,166.716385,0.000000,0.000000,-3.793614,2.399084,-138.972229,-27.511336,-50.110662,-55.840052,69.197047,0.0400
-104.049667,166.716385,0.000000,0.000000,-3.793614,2.399084,-138.972229,-27.511336,-50.110662,-55.840052,69.197047,0.0410
-104.049667,166.716385,0.000000,0.000000,-3.793614,2.399084,-138.972229,-27.511336,-50.110662,-55.840052,69.197047,0.0410
-104.049667,166.716385,0.000000,0.000000,-3.793614,2.399084,-138.972229,-27.511336,-50.110662,-55.840052,69.197047,0.0400
-104.049667,166.716385,0.000000,0.000000,-3.793614,2.399084,-138.972229,-27.511336,-50.110662,-55.840052,69.197047,0.0410
-104.049667,166.716385,0.000000,0.000000,-3.793614,2.399084,-138.972229,-27.511336,-50.110662,-55.840052,69.197047,0.0400
-104.049667,166.716385,0.000000,0.000000,-3.793614,2.399084,-138.972229,-27.511336,-50.110662,-55.840052,69.197047,0.0420
-104.049667,166.716385,0.000000,0.000000,-3.793614,2.399084,-138.972229,-27.511336,-50.110662,-55.840052,69.197047,0.0410
-104.049667,166.716385,0.000000,0.000000,-3.793614,2.399084,-138.972229,-27.511336,-50.110662,-55.840052,69.197047,0.0400
-104.049667,166.716385,0.000000,0.000000,-3.793614,2.399084,-138.972229,-27.511336,-50.110662,-55.840052,69.197047,0.0410
-104.049667,166.716385,0.000000,0.000000,-3.793614,2.399084,-138.972229,-27.511336,-50.110662,-55.840052,69.197047,0.0400
-104.049667,166.716385,0.000000,0.000000,-3.793614,2.399084,-138.972229,-27.511336,-50.110662,-55.840052,69.197047,0.0400
-104.049667,166.716385,0.000000,0.000000,-3.793614,2.399084,-138.972229,-27.511336,-50.110662,-55.840052,69.197047,0.0410
-104.049667,166.716385,0.000000,0.000000,-3.793614,2.399084,-138.972229,-27.511336,-50.110662,-55.840052,69.197047,0.0400
-104.049667,166.716385,0.000000,0.000000,-3.793614,2.399084,-138.972229,-27.511249,-50.111027,-55.840052,69.197047,0.0400
-104.049667,166.716385,0.000000,0.000000,-3.793614,2.399084,-138.972229,-27.511249,-50.111027,-55.840052,69.197047,0.0400
-94.176445,130.341980,1.817928,-6.697517,-3.108752,1.962346,-139.620758,-27.511249,-50.111027,-54.830035,64.472627,0.0510
-94.176445,130.341980,1.817928,-6.697517,-3.078515,1.944815,-139.640350,-27.511249,-50.111027,-54.757415,64.247633,0.0510
-94.176445,130.341980,1.817928,-6.697517,-3.066639,1.931320,-139.658905,-27.511249,-50.111027,-54.753324,64.138162,0.0410
-94.176445,130.341980,1.817928,-6.697517,-3.065710,1.930725,-139.659698,-27.511249,-50.111027,-54.753537,64.133917,0.0400
-94.176445,130.341980,1.817928,-6.697517,-3.065710,1.930725,-139.659698,-27.511249,-50.111027,-54.753537,64.133917,0.0400
-94.176445,130.341980,1.817928,-6.697517,-3.065710,1.930725,-139.659698,-27.511249,-50.111027,-54.753537,64.133917,0.0410
-94.176445,130.341980,1.817928,-6.697517,-3.065710,1.930725,-139.659698,-27.511249,-50.111027,-54.753537,64.133917,0.0410
-94.176445,130.341980,1.817928,-6.697517,-3.065710,1.930725,-139.659698,-27.511249,-50.111027,-54.753537,64.133917,0.0450
-94.176445,130.341980,1.817928,-6.697517,-3.065710,1.930725,-139.659698,-27.511249,-50.111027,-54.753537,64.133917,0.0400
-94.176445,130.341980,1.817928,-6.697517,-3.065710,1.930725,-139.659698,-27.511249,-50.111027,-54.753537,64.133917,0.0400
-94.176445,130.341980,1.817928,-6.697517,-3.065710,1.930725,-139.659698,-27.511249,-50.111027,-54.753537,64.133917,0.0410
-94.176445,130.341980,1.817928,-6.697517,-2.860250,1.805429,-139.821335,-27.511249,-50.111027,-54.145312,61.452110,0.0450
-94.176445,130.341980,1.817928,-6.697517,-2.833909,1.778552,-139.846054,-27.511249,-50.111027,-54.118609,61.328690,0.0660
-94.176445,130.341980,1.817928,-6.697517,-2.811911,1.771051,-139.862747,-27.511249,-50.111027,-54.184945,61.313180,0.0400
-94.176445,130.341980,1.817928,-6.697517,-2.810011,1.769831,-139.864227,-27.511249,-50.111027,-54.191198,61.312132,0.0410
-94.176445,130.341980,1.817928,-6.697517,-2.810011,1.769831,-139.864227,-27.511249,-50.111027,-54.191198,61.312132,0.0500
-94.176445,130.341980,1.817928,-6.697517,-2.810011,1.769831,-139.864227,-27.511249,-50.111027,-54.191198,61.312132,0.0410
-94.176445,130.341980,1.817928,-6.697517,-2.810011,1.769831,-139.864227,-27.511249,-50.111027,-54.191198,61.312132,0.0400
-94.176445,130.341980,1.817928,-6.697517,-2.810011,1.769831,-139.864227,-27.511252,-50.111233,-54.191198,61.312132,0.0410
-94.176445,130.341980,1.817928,-6.697517,-2.810011,1.769831,-139.864227,-27.511252,-50.111233,-54.191198,61.312132,0.0400
-94.176445,130.341980,1.817928,-6.697517,-2.810011,1.769831,-139.864227,-27.511252,-50.111233,-54.191198,61.312132,0.0690
-94.176445,130.341980,1.817928,-6.697517,-2.810011,1.769831,-139.864227,-27.511252,-50.111233,-54.191198,61.312132,0.0410
-94.176445,130.341980,1.817928,-6.697517,-2.810011,1.769831,-139.864227,-27.511252,-50.111233,-54.191198,61.312132,0.0400
-94.176445,130.341980,1.817928,-6.697517,-2.810011,1.769831,-139.864227,-27.511252,-50.111233,-54.191198,61.312132,0.0410
-94.176445,130.341980,1.817928,-6.697517,-2.810011,1.769831,-139.864227,-27.511252,-50.111233,-54.191198,61.312132,0.0400
-94.366333,110.133972,-0.044617,-4.748113,-2.498940,1.580977,-140.082947,-27.511252,-50.111233,-53.976637,58.104811,0.0740
-94.366333,110.133972,-0.044617,-4.748113,-2.476872,1.555264,-140.096893,-27.511252,-50.111233,-54.137215,58.122218,0.0410
-94.366333,110.133972,-0.044617,-4.748113,-2.464931,1.547079,-140.104736,-27.511252,-50.111233,-54.221086,58.122439,0.0410
-94.366333,110.133972,-0.044617,-4.748113,-2.464931,1.547079,-140.104736,-27.511252,-50.111233,-54.221086,58.122439,0.0410
-94.366333,110.133972,-0.044617,-4.748113,-2.464931,1.547079,-140.104736,-27.511252,-50.111233,-54.221086,58.122439,0.0410
-94.366333,110.133972,-0.044617,-4.748113,-2.464931,1.547079,-140.104736,-27.511252,-50.111233,-54.221086,58.122439,0.0410
-94.366333,110.133972,-0.044617,-4.748113,-2.362469,1.483116,-140.176239,-27.511252,-50.111233,-54.319930,57.224552,0.0410
-94.366333,110.133972,-0.044617,-4.748113,-2.334748,1.465769,-140.196701,-27.511252,-50.111233,-54.519097,57.245448,0.0600
-94.366333,110.133972,-0.044617,-4.748113,-2.318208,1.455576,-140.210373,-27.511252,-50.111233,-54.708738,57.300291,0.0400
-94.366333,110.133972,-0.044617,-4.748113,-2.288735,1.442909,-140.222519,-27.511252,-50.111233,-54.894141,57.355733,0.0400
-94.366333,110.133972,-0.044617,-4.748113,-2.274596,1.421215,-140.237823,-27.511252,-50.111233,-55.103045,57.419071,0.0400
-94.366333,110.133972,-0.044617,-4.748113,-2.255101,1.411937,-140.250900,-27.511252,-50.111233,-55.280390,57.472497,0.0400
-94.366333,110.133972,-0.044617,-4.748113,-2.228644,1.396156,-140.265701,-27.511252,-50.111233,-55.479702,57.532851,0.0410
-94.746078,100.703568,-0.150482,-3.736982,-2.202421,1.383992,-140.278870,-27.511252,-50.111330,-55.670794,57.587203,0.0410
-94.746078,100.703568,-0.150482,-3.736982,-2.180305,1.367431,-140.292435,-27.511252,-50.111330,-55.891658,57.667798,0.0410
-94.746078,100.703568,-0.150482,-3.736982,-2.157067,1.352064,-140.306396,-27.511252,-50.111330,-56.094984,57.734884,0.0400
-94.746078,100.703568,-0.150482,-3.736982,-2.132558,1.342265,-140.319824,-27.511252,-50.111330,-56.312166,57.800133,0.0400
-94.746078,100.703568,-0.150482,-3.736982,-2.106194,1.325493,-140.332916,-27.511252,-50.111330,-56.526654,57.865504,0.0400
-94.746078,100.703568,-0.150482,-3.736982,-2.080229,1.304912,-140.347717,-27.511252,-50.111330,-56.755429,57.925842,0.0400
-94.746078,100.703568,-0.150482,-3.736982,-2.064435,1.290697,-140.359192,-27.511252,-50.111330,-56.943565,57.978318,0.0400
-94.746078,100.703568,-0.150482,-3.736982,-2.034977,1.275099,-140.373779,-27.511252,-50.111330,-57.174596,58.041988,0.0400
-94.746078,100.703568,-0.150482,-3.736982,-2.011733,1.260341,-140.385696,-27.511252,-50.111330,-57.360345,58.086813,0.0400
-94.746078,100.703568,-0.150482,-3.736982,-1.986101,1.234743,-140.399536,-27.511252,-50.111330,-57.588355,58.142504,0.0410
-94.746078,100.703568,-0.150482,-3.736982,-1.963210,1.222537,-140.414307,-27.511252,-50.111330,-57.798506,58.198226,0.0500
-94.746078,100.703568,-0.150482,-3.736982,-1.945130,1.213454,-140.426544,-27.511252,-50.111330,-57.971491,58.241446,0.0410
-94.746078,100.703568,-0.150482,-3.736982,-1.920072,1.200374,-140.438156,-27.511252,-50.111330,-58.150717,58.284304,0.0400
-94.746078,100.703568,-0.150482,-3.736982,-1.898240,1.181427,-140.451843,-27.511252,-50.111330,-58.358197,58.328809,0.0400
-94.746078,100.703568,-0.150482,-3.736982,-1.872376,1.165601,-140.463608,-27.511252,-50.111330,-58.547286,58.377504,0.0410
-94.746078,100.703568,-0.150482,-3.736982,-1.845450,1.149607,-140.475845,-27.511252,-50.111330,-58.737083,58.418239,0.0400
-94.746078,100.703568,-0.150482,-3.736982,-1.826406,1.138453,-140.486694,-27.511252,-50.111330,-58.918232,58.457310,0.0400
-94.746078,100.703568,-0.150482,-3.736982,-1.792691,1.120045,-140.501190,-27.511252,-50.111330,-59.140098,58.502021,0.0410
-94.746078,100.703568,-0.150482,-3.736982,-1.772415,1.099695,-140.511902,-27.511252,-50.111330,-59.331511,58.543276,0.0410
-94.746078,100.703568,-0.150482,-3.736982,-1.745924,1.081763,-140.521713,-27.511252,-50.111330,-59.501327,58.578726,0.0400
-94.746078,100.703568,-0.150482,-3.736982,-1.714079,1.066166,-140.535324,-27.511252,-50.111330,-59.723959,58.623452,0.0400
-91.138542,91.273163,0.985206,-2.575412,-1.693193,1.056081,-140.545517,-27.511222,-50.111422,-59.877891,58.656564,0.0410
-91.138542,91.273163,0.985206,-2.575412,-1.668693,1.039869,-140.556366,-27.511222,-50.111422,-59.993645,58.702532,0.0410
-91.138542,91.273163,0.985206,-2.575412,-1.639926,1.025176,-140.566650,-27.511222,-50.111422,-60.100281,58.745868,0.0400
-91.138542,91.273163,0.985206,-2.575412,-1.619444,1.009554,-140.578140,-27.511222,-50.111422,-60.218958,58.790108,0.0410
-91.138542,91.273163,0.985206,-2.575412,-1.600341,0.992095,-140.589645,-27.511222,-50.111422,-60.324286,58.831249,0.0400
-91.138542,91.273163,0.985206,-2.575412,-1.568955,0.976856,-140.599426,-27.511222,-50.111422,-60.421586,58.867330,0.0410
-91.138542,91.273163,0.985206,-2.575412,-1.541260,0.965823,-140.608536,-27.511222,-50.111422,-60.521478,58.906033,0.0410
-91.138542,91.273163,0.985206,-2.575412,-1.521346,0.945720,-140.620270,-27.511222,-50.111422,-60.632885,58.945726,0.0410
-91.138542,91.273163,0.985206,-2.575412,-1.497395,0.926624,-140.630005,-27.511222,-50.111422,-60.735333,58.983312,0.0400
-91.138542,91.273163,0.985206,-2.575412,-1.469550,0.904587,-140.641113,-27.511222,-50.111422,-60.860043,59.026147,0.0410
-91.138542,91.273163,0.985206,-2.575412,-1.428962,0.881679,-140.655365,-27.511222,-50.111422,-61.008750,59.079360,0.0690
-91.138542,91.273163,0.985206,-2.575412,-1.410729,0.872535,-140.664734,-27.511222,-50.111422,-61.107554,59.116574,0.0410
-91.138542,91.273163,0.985206,-2.575412,-1.382518,0.856286,-140.674713,-27.511222,-50.111422,-61.210042,59.151090,0.0410
-91.138542,91.273163,0.985206,-2.575412,-1.353546,0.843935,-140.684708,-27.511222,-50.111422,-61.318570,59.188285,0.0400
-91.138542,91.273163,0.985206,-2.575412,-1.330155,0.832235,-140.694031,-27.511222,-50.111422,-61.425541,59.227004,0.0400
-91.138542,91.273163,0.985206,-2.575412,-1.299535,0.814960,-140.703201,-27.511222,-50.111422,-61.535696,59.262950,0.0410
-91.138542,91.273163,0.985206,-2.575412,-1.276610,0.793606,-140.710175,-27.511222,-50.111422,-61.633770,59.296690,0.0400
-91.138542,91.273163,0.985206,-2.575412,-1.250051,0.768550,-140.718796,-27.511222,-50.111422,-61.738103,59.330542,0.0410
-91.138542,91.273163,0.985206,-2.575412,-1.224570,0.766086,-140.727020,-27.511222,-50.111422,-61.831105,59.360092,0.0400
-91.138542,91.273163,0.985206,-2.575412,-1.200336,0.741111,-140.735825,-27.511222,-50.111422,-61.920068,59.386347,0.0400
-79.176697,83.863548,0.717234,-0.444282,-1.177887,0.736243,-140.744522,-27.511114,-50.111500,-62.018491,59.420183,0.0400
-79.176697,83.863548,0.717234,-0.444282,-1.150036,0.723264,-140.752182,-27.511114,-50.111500,-62.064095,59.504830,0.0410
-79.176697,83.863548,0.717234,-0.444282,-1.121358,0.700542,-140.760574,-27.511114,-50.111500,-62.112924,59.594044,0.0400
-79.176697,83.863548,0.717234,-0.444282,-1.095293,0.682503,-140.767242,-27.511114,-50.111500,-62.166330,59.692389,0.0540
-79.176697,83.863548,0.717234,-0.444282,-1.072150,0.661059,-140.773285,-27.511114,-50.111500,-62.212288,59.777706,0.0410
-79.176697,83.863548,0.717234,-0.444282,-1.047907,0.646766,-140.779022,-27.511114,-50.111500,-62.256303,59.858176,0.0400
-79.176697,83.863548,0.717234,-0.444282,-1.031476,0.632202,-140.784439,-27.511114,-50.111500,-62.296098,59.934406,0.0410
-79.176697,83.863548,0.717234,-0.444282,-0.999399,0.619358,-140.790375,-27.511114,-50.111500,-62.335816,60.008599,0.0400
-79.176697,83.863548,0.717234,-0.444282,-0.980680,0.606207,-140.795868,-27.511114,-50.111500,-62.375164,60.082353,0.0410
-79.176697,83.863548,0.717234,-0.444282,-0.956995,0.587161,-140.801498,-27.511114,-50.111500,-62.415813,60.158336,0.0400
-79.176697,83.863548,0.717234,-0.444282,-0.932012,0.578894,-140.809494,-27.511114,-50.111500,-62.463939,60.249660,0.0400
-79.176697,83.863548,0.717234,-0.444282,-0.907730,0.559161,-140.815353,-27.511114,-50.111500,-62.502055,60.321965,0.0410
-79.176697,83.863548,0.717234,-0.444282,-0.887394,0.539855,-140.820831,-27.511114,-50.111500,-62.541237,60.397568,0.0410
-79.176697,83.863548,0.717234,-0.444282,-0.868715,0.526113,-140.827637,-27.511114,-50.111500,-62.583250,60.477956,0.0400
-79.176697,83.863548,0.717234,-0.444282,-0.847897,0.518186,-140.833466,-27.511114,-50.111500,-62.620235,60.548832,0.0400
-79.176697,83.863548,0.717234,-0.444282,-0.828238,0.500433,-140.837967,-27.511114,-50.111500,-62.655303,60.616612,0.0410
-79.176697,83.863548,0.717234,-0.444282,-0.799664,0.489032,-140.842453,-27.511114,-50.111500,-62.694555,60.692799,0.0400
-79.176697,83.863548,0.717234,-0.444282,-0.779871,0.474232,-140.847366,-27.511114,-50.111500,-62.733403,60.768438,0.0400
-79.176697,83.863548,0.717234,-0.444282,-0.748808,0.457619,-140.852783,-27.511114,-50.111500,-62.773245,60.846936,0.0410
-79.176697,83.863548,0.717234,-0.444282,-0.719926,0.438661,-140.857895,-27.511114,-50.111500,-62.808405,60.915449,0.0410
-79.176697,83.863548,0.717234,-0.444282,-0.557670,0.361869,-140.902618,-27.511114,-50.111500,-62.843214,60.983528,0.0410
-79.176697,83.863548,0.717234,-0.444282,-0.729979,0.445309,-140.939926,-27.511114,-50.111500,-62.879056,61.054450,0.0410
-79.176697,83.863548,0.717234,-0.444282,-0.645424,0.377118,-140.902008,-27.511114,-50.111500,-62.913163,61.121622,0.0400
-79.176697,83.863548,0.717234,-0.444282,-0.405330,-0.444425,-141.038940,-27.511084,-50.111587,-62.948327,61.190947,0.0410
-75.759033,75.106728,0.314227,-0.805120,-1.112312,0.793352,-141.546539,-27.511084,-50.111587,-62.987325,61.211841,0.0410
-75.759033,75.106728,0.314227,-0.805120,-0.590764,0.561770,-141.875458,-27.511084,-50.111587,-63.030478,61.235606,0.0410
-75.759033,75.106728,0.314227,-0.805120,-0.565407,0.680651,-141.601700,-27.511084,-50.111587,-63.065992,61.254189,0.0410
-75.759033,75.106728,0.314227,-0.805120,0.313944,0.837185,-141.426788,-27.511084,-50.111587,-63.101103,61.273741,0.0400
-75.759033,75.106728,0.314227,-0.805120,-0.930456,0.480429,-141.408127,-27.511084,-50.111587,-63.140275,61.294962,0.0450
-75.759033,75.106728,0.314227,-0.805120,-0.597617,-0.087913,-141.617874,-27.511084,-50.111587,-63.174876,61.313520,0.0410
-75.759033,75.106728,0.314227,-0.805120,-0.045017,0.105012,-141.966934,-27.511084,-50.111587,-63.214971,61.334777,0.0400
-75.759033,75.106728,0.314227,-0.805120,-0.585922,0.035319,-142.081512,-27.511084,-50.111587,-63.250387,61.353981,0.0400
-75.759033,75.106728,0.314227,-0.805120,-0.340885,0.194027,-142.158707,-27.511084,-50.111587,-63.285516,61.372934,0.0430
-75.759033,75.106728,0.314227,-0.805120,-0.884107,0.250350,-142.464294,-27.511084,-50.111587,-63.321764,61.392197,0.0400
-75.759033,75.106728,0.314227,-0.805120,-0.519282,0.512679,-142.971985,-27.511084,-50.111587,-63.359120,61.411758,0.0400
-75.759033,75.106728,0.314227,-0.805120,-0.392186,0.464582,-143.155350,-27.511084,-50.111587,-63.396151,61.431078,0.0410
-75.759033,75.106728,0.314227,-0.805120,-0.133035,0.176128,-143.137009,-27.511084,-50.111587,-63.445029,61.456684,0.0610
-75.759033,75.106728,0.314227,-0.805120,-0.325362,0.097749,-142.636230,-27.511084,-50.111587,-63.499991,61.485562,0.0690
-75.759033,75.106728,0.314227,-0.805120,-0.294686,0.179152,-142.620010,-27.511084,-50.111587,-63.531827,61.502416,0.0400
-75.759033,75.106728,0.314227,-0.805120,-0.377274,-0.036048,-142.763794,-27.511084,-50.111587,-63.566059,61.520043,0.0400
