0.000000,0.000000,0.000000,0.000000,-0.045981,-0.001014,38.887688,0.000000,0.000000,0.000000,0.000000
0.000000,0.000000,0.000000,0.000000,0.030880,0.006315,57.577080,0.000000,0.000000,0.929433,-0.511615
0.000000,0.000000,0.000000,0.000000,0.042942,-0.035127,57.577312,0.000000,0.000000,0.723560,-0.399577
0.000000,0.000000,0.000000,0.000000,0.036839,-0.030213,57.577408,0.000000,0.000000,0.673216,-0.371863
0.000000,0.000000,0.000000,0.000000,-0.000360,0.000694,57.578247,0.000000,0.000000,0.556833,-0.307330
0.000000,0.000000,0.000000,0.000000,-0.023729,0.014791,57.579193,0.000000,0.000000,0.526634,-0.290613
0.000000,0.000000,0.000000,0.000000,-0.033946,0.019160,57.581539,0.000000,0.000000,0.475492,-0.262325
0.000000,0.000000,0.000000,0.000000,-0.007193,-0.011887,57.583099,0.000000,0.000000,0.433558,-0.239208
0.000000,0.000000,0.000000,0.000000,0.010314,0.005649,57.583179,0.000000,0.000000,0.382854,-0.211197
0.000000,0.000000,0.000000,0.000000,0.003468,0.001927,57.582878,0.000000,0.000000,0.368457,-0.203265
0.000000,0.000000,0.000000,0.000000,-0.001250,-0.000599,57.582451,0.000000,0.000000,0.331070,-0.182669
0.000000,0.000000,0.000000,0.000000,0.039441,0.003997,57.579910,0.000000,0.000000,0.320167,-0.176642
0.000000,0.000000,0.000000,0.000000,0.031839,0.003356,57.579205,0.000000,0.000000,0.300279,-0.165730
0.000000,0.000000,0.000000,0.000000,-0.018933,0.014018,57.579525,0.000000,0.000000,0.282697,-0.156105
0.000000,0.000000,0.000000,0.000000,-0.030605,0.012536,57.578747,0.000000,0.000000,0.267107,-0.147561
0.000000,0.000000,0.000000,0.000000,0.000624,-0.000919,57.577728,0.000000,0.000000,0.246799,-0.139922
0.000000,0.000000,0.000000,0.000000,0.034692,-0.008637,57.577927,0.000000,0.000000,0.240674,-0.133017
0.000000,0.000000,0.000000,0.000000,0.023112,-0.017994,57.578133,0.000000,0.000000,0.229246,-0.126736
0.000000,0.000000,0.000000,0.000000,0.017288,0.005041,57.578278,0.000000,0.000000,0.218816,-0.121026
0.000000,0.000000,0.000000,0.000000,-0.014872,-0.009991,57.578857,0.000000,0.000000,0.209287,-0.115808
0.000000,0.000000,0.000000,0.000000,-0.017235,-0.021449,57.578865,0.000000,0.000000,0.200566,-0.110997
0.000000,0.000000,0.000000,0.000000,-0.008702,-0.005440,57.579731,0.000000,0.000000,0.192569,-0.106560
0.000000,0.000000,0.000000,0.000000,0.001991,0.002713,57.582497,0.000000,0.000000,0.185179,-0.102458
0.000000,0.000000,0.000000,0.000000,0.023915,0.021416,57.582546,0.000000,0.000000,0.175029,-0.096907
0.000000,0.000000,0.000000,0.000000,0.001982,0.001133,57.582230,0.000000,0.000000,0.171887,-0.095189
0.000000,0.000000,0.000000,0.000000,-0.010726,-0.003197,57.583939,0.000000,0.000000,0.165941,-0.091921
0.000000,0.000000,0.000000,0.000000,0.000377,-0.005803,57.584854,0.000000,0.000000,0.160401,-0.088867
0.000000,0.000000,0.000000,0.000000,0.004380,0.012022,57.585606,0.000000,0.000000,0.152732,-0.084651
0.000000,0.000000,0.000000,0.000000,0.004572,0.018314,57.585674,0.000000,0.000000,0.150329,-0.083335
0.000000,0.000000,0.000000,0.000000,0.002012,0.002977,57.586021,0.000000,0.000000,0.145745,-0.080831
0.000000,0.000000,0.000000,0.000000,0.006619,-0.011135,57.586006,0.000000,0.000000,0.139368,-0.077330
0.000000,0.000000,0.000000,0.000000,0.002635,-0.004494,57.586048,0.000000,0.000000,0.137363,-0.076228
0.000000,0.000000,0.000000,0.000000,-0.005597,-0.004272,57.587505,0.000000,0.000000,0.131684,-0.073097
0.000000,0.000000,0.000000,0.000000,-0.024652,0.023964,57.587135,0.000000,0.000000,0.128157,-0.071152
0.000000,0.000000,0.000000,0.000000,0.001127,-0.000251,57.586540,0.000000,0.000000,0.126463,-0.070218
0.000000,0.000000,0.000000,0.000000,0.015243,-0.002734,57.586071,0.000000,0.000000,0.123200,-0.068417
0.000000,0.000000,0.000000,0.000000,0.020020,-0.019353,57.585728,0.000000,0.000000,0.118608,-0.065881
0.000000,0.000000,0.000000,0.000000,0.014337,-0.013841,57.585529,0.000000,0.000000,0.117149,-0.065074
0.000000,0.000000,0.000000,0.000000,-0.002979,-0.020527,57.585777,0.000000,0.000000,0.114336,-0.062760
0.000000,0.000000,0.000000,0.000000,0.009979,0.024075,57.585037,0.000000,0.000000,0.111654,-0.062027
0.000000,0.000000,0.000000,0.000000,0.001289,0.002170,57.583138,0.000000,0.000000,0.106664,-0.059266
0.000000,0.000000,0.000000,0.000000,0.002186,-0.006888,57.581070,0.000000,0.000000,0.103200,-0.057342
0.000000,0.000000,0.000000,0.000000,0.005104,0.003085,57.583660,0.000000,0.000000,0.099940,-0.055536
0.000000,0.000000,0.000000,0.000000,-0.004111,-0.002887,57.583679,0.000000,0.000000,0.098899,-0.054958
0.000000,0.000000,0.000000,0.000000,-0.020433,-0.006737,57.582676,0.000000,0.000000,0.095907,-0.053297
0.000000,0.000000,0.000000,0.000000,-0.005739,0.024031,57.583241,0.000000,0.000000,0.093090,-0.051735
0.000000,0.000000,0.000000,0.000000,0.000186,-0.002115,57.582451,0.000000,0.000000,0.091296,-0.050738
0.000000,0.000000,0.000000,0.000000,-0.000365,-0.024768,57.579212,0.000000,0.000000,0.089573,-0.049780
0.000000,0.000000,0.000000,0.000000,0.026130,-0.013389,57.569901,0.000000,0.000000,0.087104,-0.048406
0.000000,0.000000,0.000000,0.000000,0.073688,0.041093,57.565304,0.000000,0.000000,0.085523,-0.047534
0.000000,0.000000,0.000000,0.000000,0.070617,0.037812,57.563988,0.000000,0.000000,0.083251,-0.046283
0.000000,0.000000,0.000000,0.000000,0.005501,-0.000656,57.562336,0.000000,0.000000,0.081813,-0.045482
0.000000,0.000000,0.000000,0.000000,-0.011147,-0.007800,57.561508,0.000000,0.000000,0.080435,-0.044701
0.000000,0.000000,0.000000,0.000000,-0.017391,0.000127,57.562634,0.000000,0.000000,0.079100,-0.043949
0.000000,0.000000,0.000000,0.000000,0.009986,0.025168,57.565128,0.000000,0.000000,0.077807,-0.043222
0.000000,0.000000,0.000000,0.000000,-0.038629,0.035936,57.563393,0.000000,0.000000,0.075347,-0.041838
0.000000,0.000000,0.000000,0.000000,-0.023388,0.007135,57.563175,0.000000,0.000000,0.074175,-0.041501
0.000000,0.000000,0.000000,0.000000,-0.012541,-0.039857,57.563160,0.000000,0.000000,0.073601,-0.040835
0.000000,0.000000,0.000000,0.000000,0.021504,-0.041481,57.563736,0.000000,0.000000,0.072475,-0.040184
0.000000,0.000000,0.000000,0.000000,0.050996,-0.048172,57.563087,0.000000,0.000000,0.070843,-0.039258
0.000000,0.000000,0.000000,0.000000,0.014154,-0.002500,57.560490,0.000000,0.000000,0.069814,-0.038670
0.000000,0.000000,0.000000,0.000000,-0.052557,0.065542,57.560940,0.000000,0.000000,0.068825,-0.038102
0.000000,0.000000,0.000000,0.000000,-0.005335,0.001110,57.561295,0.000000,0.000000,0.067373,-0.037275
0.000000,0.000000,0.000000,0.000000,0.026408,-0.048409,57.561291,0.000000,0.000000,0.065973,-0.036453
0.000000,0.000000,0.000000,0.000000,0.000012,0.000163,57.561466,0.000000,0.000000,0.065069,-0.035941
0.000000,0.000000,0.000000,0.000000,-0.022830,0.020749,57.560741,0.000000,0.000000,0.063787,-0.035196
0.000000,0.000000,0.000000,0.000000,-0.044769,0.028805,57.562225,0.000000,0.000000,0.062956,-0.034720
0.000000,0.000000,0.000000,0.000000,-0.027768,0.009474,57.562786,0.000000,0.000000,0.062140,-0.034248
0.000000,0.000000,0.000000,0.000000,0.021900,-0.038811,57.560905,0.000000,0.000000,0.060945,-0.033551
0.000000,0.000000,0.000000,0.000000,0.045506,-0.019659,57.559891,0.000000,0.000000,0.060558,-0.033326
0.000000,0.000000,0.000000,0.000000,-0.008300,0.012337,57.558926,0.000000,0.000000,0.059076,-0.032483
0.000000,0.000000,0.000000,0.000000,-0.003887,0.005923,57.558201,0.000000,0.000000,0.058720,-0.032279
0.000000,0.000000,0.000000,0.000000,-0.010159,0.010526,57.555004,0.000000,0.000000,0.057676,-0.031680
0.000000,0.000000,0.000000,0.000000,0.019554,-0.006385,57.555038,0.000000,0.000000,0.056992,-0.031292
0.000000,0.000000,0.000000,0.000000,0.036542,-0.041516,57.554909,0.000000,0.000000,0.056333,-0.030908
0.000000,0.000000,0.000000,0.000000,-0.037943,0.021672,57.557198,0.000000,0.000000,0.055067,-0.030190
0.000000,0.000000,0.000000,0.000000,-0.017485,0.031267,57.558666,0.000000,0.000000,0.054451,-0.029846
0.000000,0.000000,0.000000,0.000000,-0.010745,0.033464,57.561932,0.000000,0.000000,0.053849,-0.029505
0.000000,0.000000,0.000000,0.000000,-0.011713,-0.019915,57.565697,0.000000,0.000000,0.052963,-0.028998
0.000000,0.000000,0.000000,0.000000,0.000691,-0.057535,57.565887,0.000000,0.000000,0.052389,-0.028668
0.000000,0.000000,0.000000,0.000000,0.022032,-0.002069,57.562771,0.000000,0.000000,0.051272,-0.028067
0.000000,0.000000,0.000000,0.000000,0.010671,0.039488,57.561588,0.000000,0.000000,0.050467,-0.027639
0.000000,0.000000,0.000000,0.000000,0.009846,-0.001794,57.561596,0.000000,0.000000,0.049949,-0.027350
0.000000,0.000000,0.000000,0.000000,-0.000597,-0.032998,57.559643,0.000000,0.000000,0.049197,-0.026925
0.000000,0.000000,0.000000,0.000000,-0.014782,-0.017246,57.559826,0.000000,0.000000,0.048951,-0.026789
0.000000,0.000000,0.000000,0.000000,0.018742,0.028122,57.559624,0.000000,0.000000,0.048224,-0.026394
0.000000,0.000000,0.000000,0.000000,0.022904,0.011928,57.558685,0.000000,0.000000,0.047753,-0.026135
0.000000,0.000000,0.000000,0.000000,-0.004330,0.011229,57.560188,0.000000,0.000000,0.047073,-0.025751
0.000000,0.000000,0.000000,0.000000,-0.002587,0.001154,57.560738,0.000000,0.000000,0.046643,-0.025501
0.000000,0.000000,0.000000,0.000000,-0.016925,-0.007641,57.563011,0.000000,0.000000,0.046003,-0.025255
0.000000,0.000000,0.000000,0.000000,0.000403,-0.007111,57.563728,0.000000,0.000000,0.045371,-0.024783
0.000000,0.000000,0.000000,0.000000,-0.012507,0.039648,57.563255,0.000000,0.000000,0.045167,-0.024671
0.000000,0.000000,0.000000,0.000000,0.021465,-0.001855,57.563347,0.000000,0.000000,0.044558,-0.024327
0.000000,0.000000,0.000000,0.000000,0.032522,-0.033057,57.562702,0.000000,0.000000,0.044173,-0.024101
0.000000,0.000000,0.000000,0.000000,-0.002115,-0.012902,57.563961,0.000000,0.000000,0.043806,-0.023884
0.000000,0.000000,0.000000,0.000000,-0.020817,0.036392,57.566685,0.000000,0.000000,0.043091,-0.023478
0.000000,0.000000,0.000000,0.000000,-0.004151,0.015438,57.567032,0.000000,0.000000,0.042546,-0.023165
0.000000,0.000000,0.000000,0.000000,-0.002894,-0.001148,57.565990,0.000000,0.000000,0.042193,-0.022954
0.000000,0.000000,0.000000,0.000000,0.011838,-0.019378,57.563770,0.000000,0.000000,0.041674,-0.022745
0.000000,0.000000,0.000000,0.000000,-0.001277,-0.008509,57.564247,0.000000,0.000000,0.041335,-0.022447
0.000000,0.000000,0.000000,0.000000,-0.003188,0.014787,57.564816,0.000000,0.000000,0.040839,-0.022163
0.000000,0.000000,0.000000,0.000000,0.010189,0.020731,57.566933,0.000000,0.000000,0.040518,-0.021972
0.000000,0.000000,0.000000,0.000000,-0.030069,-0.014442,57.567688,0.000000,0.000000,0.040042,-0.021686
0.000000,0.000000,0.000000,0.000000,-0.019274,0.004470,57.568413,0.000000,0.000000,0.039734,-0.021499
0.000000,0.000000,0.000000,0.000000,0.002446,0.001925,57.569054,0.000000,0.000000,0.039421,-0.021318
0.000000,0.000000,0.000000,0.000000,0.008814,-0.000234,57.569355,0.000000,0.000000,0.038962,-0.021050
0.000000,0.000000,0.000000,0.000000,-0.003935,0.002596,57.569473,0.000000,0.000000,0.038526,-0.020787
0.000000,0.000000,0.000000,0.000000,0.002821,-0.001307,57.569710,0.000000,0.000000,0.038383,-0.020700
0.000000,0.000000,0.000000,0.000000,0.017168,-0.012417,57.569042,0.000000,0.000000,0.037949,-0.020446
0.000000,0.000000,0.000000,0.000000,0.003402,0.002112,57.570026,0.000000,0.000000,0.037670,-0.020280
0.000000,0.000000,0.000000,0.000000,0.002119,-0.000793,57.569752,0.000000,0.000000,0.037123,-0.019955
0.000000,0.000000,0.000000,0.000000,-0.005055,0.001774,57.569767,0.000000,0.000000,0.036990,-0.019874
0.000000,0.000000,0.000000,0.000000,0.001668,-0.022555,57.568611,0.000000,0.000000,0.036725,-0.019715
0.000000,0.000000,0.000000,0.000000,-0.014021,-0.005581,57.568169,0.000000,0.000000,0.036465,-0.019560
0.000000,0.000000,0.000000,0.000000,0.003211,-0.001561,57.568428,0.000000,0.000000,0.036077,-0.019336
0.000000,0.000000,0.000000,0.000000,0.000492,0.000524,57.568939,0.000000,0.000000,0.035702,-0.019118
0.000000,0.000000,0.000000,0.000000,0.002030,-0.002821,57.569916,0.000000,0.000000,0.035458,-0.018975
0.000000,0.000000,0.000000,0.000000,0.000207,-0.009477,57.567997,0.000000,0.000000,0.035336,-0.018904
0.000000,0.000000,0.000000,0.000000,0.004285,-0.012494,57.566994,0.000000,0.000000,0.035098,-0.018766
0.000000,0.000000,0.000000,0.000000,0.001764,0.006756,57.568024,0.000000,0.000000,0.034864,-0.018634
0.000000,0.000000,0.000000,0.000000,-0.000613,0.009623,57.568066,0.000000,0.000000,0.034403,-0.018371
0.000000,0.000000,0.000000,0.000000,-0.006874,-0.001677,57.568836,0.000000,0.000000,0.034068,-0.018175
0.000000,0.000000,0.000000,0.000000,-0.001266,-0.002613,57.569214,0.000000,0.000000,0.033845,-0.018049
0.000000,0.000000,0.000000,0.000000,0.011495,-0.001838,57.569233,0.000000,0.000000,0.033734,-0.017987
0.000000,0.000000,0.000000,0.000000,-0.007370,0.000082,57.569485,0.000000,0.000000,0.033517,-0.017865
0.000000,0.000000,0.000000,0.000000,-0.000182,-0.011107,57.570271,0.000000,0.000000,0.033091,-0.017624
0.000000,0.000000,0.000000,0.000000,-0.000242,-0.000395,57.571774,0.000000,0.000000,0.032880,-0.017507
0.000000,0.000000,0.000000,0.000000,0.000320,-0.002391,57.571461,0.000000,0.000000,0.032674,-0.017393
0.000000,0.000000,0.000000,0.000000,0.023780,0.015859,57.571957,0.000000,0.000000,0.032471,-0.017280
0.000000,0.000000,0.000000,0.000000,0.003254,0.000847,57.570797,0.000000,0.000000,0.032174,-0.017109
0.000000,0.000000,0.000000,0.000000,-0.001576,-0.000552,57.568714,0.000000,0.000000,0.031886,-0.016941
0.000000,0.000000,0.000000,0.000000,0.000758,0.000499,57.568886,0.000000,0.000000,0.031696,-0.016829
0.000000,0.000000,0.000000,0.000000,0.005190,-0.008962,57.569950,0.000000,0.000000,0.031507,-0.016720
0.000000,0.000000,0.000000,0.000000,0.001322,-0.007118,57.569691,0.000000,0.000000,0.031418,-0.016667
0.000000,0.000000,0.000000,0.000000,0.011237,0.007365,57.570225,0.000000,0.000000,0.031237,-0.016564
0.000000,0.000000,0.000000,0.000000,-0.002001,0.002463,57.569649,0.000000,0.000000,0.030879,-0.016356
0.000000,0.000000,0.000000,0.000000,-0.001557,-0.000224,57.568897,0.000000,0.000000,0.030701,-0.016253
0.000000,0.000000,0.000000,0.000000,0.004383,-0.006025,57.569000,0.000000,0.000000,0.030530,-0.016150
0.000000,0.000000,0.000000,0.000000,0.000029,0.000556,57.569778,0.000000,0.000000,0.030356,-0.016049
0.000000,0.000000,0.000000,0.000000,-0.008033,-0.002055,57.569767,0.000000,0.000000,0.030105,-0.015949
0.000000,0.000000,0.000000,0.000000,-0.002031,0.000474,57.570263,0.000000,0.000000,0.029936,-0.015802
0.000000,0.000000,0.000000,0.000000,-0.011475,0.036837,57.569294,0.000000,0.000000,0.029772,-0.015705
0.000000,0.000000,0.000000,0.000000,-0.002057,-0.000720,57.569035,0.000000,0.000000,0.029604,-0.015601
0.000000,0.000000,0.000000,0.000000,-0.000955,0.001521,57.570190,0.000000,0.000000,0.029355,-0.015443
0.000000,0.000000,0.000000,0.000000,0.000665,-0.000205,57.569759,0.000000,0.000000,0.029193,-0.015338
0.000000,0.000000,0.000000,0.000000,-0.000354,-0.001455,57.568897,0.000000,0.000000,0.028949,-0.015186
0.000000,0.000000,0.000000,0.000000,-0.006629,0.016880,57.570961,0.000000,0.000000,0.028789,-0.015081
0.000000,0.000000,0.000000,0.000000,-0.000773,-0.002749,57.570484,0.000000,0.000000,0.028548,-0.014925
0.000000,0.000000,0.000000,0.000000,0.004876,-0.004380,57.570530,0.000000,0.000000,0.028312,-0.014771
0.000000,0.000000,0.000000,0.000000,0.003899,0.002625,57.571808,0.000000,0.000000,0.028080,-0.014672
0.000000,0.000000,0.000000,0.000000,0.003459,0.001715,57.571693,0.000000,0.000000,0.027926,-0.014523
0.000000,0.000000,0.000000,0.000000,-0.004424,-0.004125,57.572163,0.000000,0.000000,0.027774,-0.014422
0.000000,0.000000,0.000000,0.000000,0.001886,0.001656,57.573555,0.000000,0.000000,0.027621,-0.014327
0.000000,0.000000,0.000000,0.000000,-0.004898,0.004590,57.573017,0.000000,0.000000,0.027471,-0.014229
0.000000,0.000000,0.000000,0.000000,0.001127,0.000020,57.573235,0.000000,0.000000,0.027321,-0.014136
0.000000,0.000000,0.000000,0.000000,0.003331,-0.002779,57.574963,0.000000,0.000000,0.027100,-0.013999
0.000000,0.000000,0.000000,0.000000,-0.003239,0.003040,57.575150,0.000000,0.000000,0.026955,-0.013906
0.000000,0.000000,0.000000,0.000000,0.006073,-0.006928,57.574738,0.000000,0.000000,0.026739,-0.013767
0.000000,0.000000,0.000000,0.000000,0.000650,-0.003953,57.574341,0.000000,0.000000,0.026668,-0.013723
0.000000,0.000000,0.000000,0.000000,0.016718,-0.010738,57.573925,0.000000,0.000000,0.026528,-0.013633
0.000000,0.000000,0.000000,0.000000,0.000316,-0.000561,57.574875,0.000000,0.000000,0.026249,-0.013452
0.000000,0.000000,0.000000,0.000000,-0.002700,0.000550,57.575462,0.000000,0.000000,0.026035,-0.013310
0.000000,0.000000,0.000000,0.000000,-0.001431,-0.037207,57.574642,0.000000,0.000000,0.025895,-0.013213
0.000000,0.000000,0.000000,0.000000,-0.023981,0.010157,57.573570,0.000000,0.000000,0.025687,-0.013085
0.000000,0.000000,0.000000,0.000000,-0.003427,0.017341,57.572948,0.000000,0.000000,0.025544,-0.012994
0.000000,0.000000,0.000000,0.000000,-0.003658,-0.003530,57.572716,0.000000,0.000000,0.025333,-0.012862
0.000000,0.000000,0.000000,0.000000,0.003244,-0.010482,57.572048,0.000000,0.000000,0.025192,-0.012769
0.000000,0.000000,0.000000,0.000000,-0.003690,0.006825,57.569870,0.000000,0.000000,0.024989,-0.012643
0.000000,0.000000,0.000000,0.000000,-0.004399,0.003661,57.570026,0.000000,0.000000,0.024921,-0.012600
0.000000,0.000000,0.000000,0.000000,-0.022091,0.001276,57.569717,0.000000,0.000000,0.024787,-0.012516
0.000000,0.000000,0.000000,0.000000,-0.003558,-0.008559,57.569122,0.000000,0.000000,0.024518,-0.012351
0.000000,0.000000,0.000000,0.000000,0.001346,-0.005767,57.569801,0.000000,0.000000,0.024386,-0.012275
0.000000,0.000000,0.000000,0.000000,0.001533,-0.002178,57.570461,0.000000,0.000000,0.024253,-0.012197
0.000000,0.000000,0.000000,0.000000,-0.008084,-0.002118,57.571098,0.000000,0.000000,0.024124,-0.012125
0.000000,0.000000,0.000000,0.000000,-0.020151,-0.002210,57.571991,0.000000,0.000000,0.023931,-0.012015
0.000000,0.000000,0.000000,0.000000,0.001543,0.008363,57.571705,0.000000,0.000000,0.023795,-0.011938
0.000000,0.000000,0.000000,0.000000,-0.003847,0.001235,57.571617,0.000000,0.000000,0.023664,-0.011865
0.000000,0.000000,0.000000,0.000000,-0.011875,-0.007212,57.572014,0.000000,0.000000,0.023531,-0.011789
0.000000,0.000000,0.000000,0.000000,0.028628,0.020653,57.571041,0.000000,0.000000,0.023333,-0.011683
0.000000,0.000000,0.000000,0.000000,0.000604,-0.000970,57.571175,0.000000,0.000000,0.023210,-0.011611
0.000000,0.000000,0.000000,0.000000,-0.010888,-0.004205,57.573692,0.000000,0.000000,0.023030,-0.011498
0.000000,0.000000,0.000000,0.000000,0.001287,-0.010929,57.572800,0.000000,0.000000,0.022909,-0.011462
0.000000,0.000000,0.000000,0.000000,-0.004001,0.004648,57.572472,0.000000,0.000000,0.022791,-0.011361
0.000000,0.000000,0.000000,0.000000,-0.000681,-0.000184,57.573261,0.000000,0.000000,0.022672,-0.011292
0.000000,0.000000,0.000000,0.000000,-0.000761,0.002657,57.573147,0.000000,0.000000,0.022499,-0.011189
0.000000,0.000000,0.000000,0.000000,0.001151,-0.000546,57.573944,0.000000,0.000000,0.022387,-0.011121
0.000000,0.000000,0.000000,0.000000,0.011485,-0.010957,57.574883,0.000000,0.000000,0.022273,-0.011050
0.000000,0.000000,0.000000,0.000000,-0.017523,-0.004388,57.575108,0.000000,0.000000,0.022165,-0.010986
0.000000,0.000000,0.000000,0.000000,-0.000119,-0.002067,57.576180,0.000000,0.000000,0.022055,-0.010919
0.000000,0.000000,0.000000,0.000000,0.016706,0.000560,57.577007,0.000000,0.000000,0.021893,-0.010825
0.000000,0.000000,0.000000,0.000000,0.002681,0.005311,57.575714,0.000000,0.000000,0.021789,-0.010758
0.000000,0.000000,0.000000,0.000000,0.008296,-0.027507,57.575012,0.000000,0.000000,0.021687,-0.010693
0.000000,0.000000,0.000000,0.000000,0.014242,-0.016184,57.575386,0.000000,0.000000,0.021540,-0.010602
0.000000,0.000000,0.000000,0.000000,0.009228,-0.010389,57.574799,0.000000,0.000000,0.021493,-0.010576
0.000000,0.000000,0.000000,0.000000,-0.020733,0.020946,57.576275,0.000000,0.000000,0.021352,-0.010497
0.000000,0.000000,0.000000,0.000000,0.000102,0.006689,57.575695,0.000000,0.000000,0.021200,-0.010407
0.000000,0.000000,0.000000,0.000000,0.003183,-0.001478,57.577175,0.000000,0.000000,0.021101,-0.010348
0.000000,0.000000,0.000000,0.000000,-0.006395,-0.019955,57.580139,0.000000,0.000000,0.021004,-0.010285
0.000000,0.000000,0.000000,0.000000,-0.005560,-0.033083,57.578556,0.000000,0.000000,0.020860,-0.010206
0.000000,0.000000,0.000000,0.000000,0.014245,0.028915,57.577465,0.000000,0.000000,0.020662,-0.010125
0.000000,0.000000,0.000000,0.000000,0.056327,0.046667,57.576420,0.000000,0.000000,0.020525,-0.010047
0.000000,0.000000,0.000000,0.000000,0.012704,-0.019798,57.576023,0.000000,0.000000,0.020453,-0.009980
0.000000,0.000000,0.000000,0.000000,-0.030005,0.023291,57.576370,0.000000,0.000000,0.020355,-0.009896
0.000000,0.000000,0.000000,0.000000,-0.021878,0.044710,57.575825,0.000000,0.000000,0.020281,-0.009837
0.000000,0.000000,0.000000,0.000000,-0.025009,0.033657,57.576370,0.000000,0.000000,0.020154,-0.009739
0.000000,0.000000,0.000000,0.000000,-0.010575,0.005166,57.575790,0.000000,0.000000,0.020059,-0.009652
0.000000,0.000000,0.000000,0.000000,0.019580,-0.039444,57.570545,0.000000,0.000000,0.019921,-0.009537
0.000000,0.000000,0.000000,0.000000,0.047978,-0.002251,57.568066,0.000000,0.000000,0.019796,-0.009442
0.000000,0.000000,0.000000,0.000000,0.025319,-0.004961,57.568810,0.000000,0.000000,0.019707,-0.009356
0.000000,0.000000,0.000000,0.000000,-0.004417,-0.005498,57.568436,0.000000,0.000000,0.019655,-0.009304
0.000000,0.000000,0.000000,0.000000,-0.027994,0.014812,57.569725,0.000000,0.000000,0.019599,-0.009255
0.000000,0.000000,0.000000,0.000000,-0.009657,0.012698,57.572121,0.000000,0.000000,0.019505,-0.009172
0.000000,0.000000,0.000000,0.000000,0.007538,-0.000486,57.572437,0.000000,0.000000,0.019412,-0.009083
0.000000,0.000000,0.000000,0.000000,0.018030,0.035306,57.572437,0.000000,0.000000,0.019347,-0.009031
0.000000,0.000000,0.000000,0.000000,-0.005487,0.007872,57.570839,0.000000,0.000000,0.019260,-0.008937
0.000000,0.000000,0.000000,0.000000,0.011904,-0.031918,57.570587,0.000000,0.000000,0.019180,-0.008837
0.000000,0.000000,0.000000,0.000000,0.003243,-0.002770,57.570164,0.000000,0.000000,0.019130,-0.008809
0.000000,0.000000,0.000000,0.000000,-0.000756,-0.000205,57.570099,0.000000,0.000000,0.019105,-0.008758
0.000000,0.000000,0.000000,0.000000,0.015366,0.013286,57.570339,0.000000,0.000000,0.019060,-0.008706
0.000000,0.000000,0.000000,0.000000,-0.000062,-0.000011,57.570244,0.000000,0.000000,0.018989,-0.008628
0.000000,0.000000,0.000000,0.000000,0.019425,-0.010083,57.569111,0.000000,0.000000,0.018928,-0.008551
0.000000,0.000000,0.000000,0.000000,0.002105,-0.005669,57.568958,0.000000,0.000000,0.018908,-0.008529
0.000000,0.000000,0.000000,0.000000,-0.014550,0.044483,57.569241,0.000000,0.000000,0.018872,-0.008483
0.000000,0.000000,0.000000,0.000000,-0.010819,0.016397,57.569889,0.000000,0.000000,0.018828,-0.008429
0.000000,0.000000,0.000000,0.000000,-0.002180,-0.000569,57.570286,0.000000,0.000000,0.018757,-0.008341
0.000000,0.000000,0.000000,0.000000,0.000357,-0.001632,57.570141,0.000000,0.000000,0.018713,-0.008277
0.000000,0.000000,0.000000,0.000000,0.016432,0.011357,57.570259,0.000000,0.000000,0.018663,-0.008221
0.000000,0.000000,0.000000,0.000000,-0.020901,0.006639,57.570873,0.000000,0.000000,0.018624,-0.008157
0.000000,0.000000,0.000000,0.000000,-0.015927,0.008872,57.571117,0.000000,0.000000,0.018553,-0.008070
0.000000,0.000000,0.000000,0.000000,-0.012371,0.013905,57.570065,0.000000,0.000000,0.018504,-0.008010
0.000000,0.000000,0.000000,0.000000,0.000230,0.005003,57.570797,0.000000,0.000000,0.018428,-0.007907
0.000000,0.000000,0.000000,0.000000,-0.003035,0.002305,57.570847,0.000000,0.000000,0.018349,-0.007809
0.000000,0.000000,0.000000,0.000000,-0.001841,-0.000124,57.571720,0.000000,0.000000,0.018325,-0.007774
0.000000,0.000000,0.000000,0.000000,-0.005056,0.000894,57.573399,0.000000,0.000000,0.018225,-0.007650
0.000000,0.000000,0.000000,0.000000,0.005706,0.008780,57.573872,0.000000,0.000000,0.018174,-0.007593
0.000000,0.000000,0.000000,0.000000,-0.009742,0.004543,57.574047,0.000000,0.000000,0.018126,-0.007529
0.000000,0.000000,0.000000,0.000000,-0.020432,0.001997,57.574287,0.000000,0.000000,0.018074,-0.007461
0.000000,0.000000,0.000000,0.000000,0.015037,-0.006942,57.570969,0.000000,0.000000,0.017981,-0.007367
0.000000,0.000000,0.000000,0.000000,0.004307,-0.065185,57.570286,0.000000,0.000000,0.017925,-0.007306
0.000000,0.000000,0.000000,0.000000,0.017948,0.020438,57.572430,0.000000,0.000000,0.017911,-0.007233
0.000000,0.000000,0.000000,0.000000,-0.082667,-0.020576,57.570892,0.000000,0.000000,0.017920,-0.007192
0.000000,0.000000,0.000000,0.000000,-0.074025,-0.106333,57.570477,0.000000,0.000000,0.017912,-0.007146
0.000000,0.000000,0.000000,0.000000,-0.013661,-0.049903,57.577820,0.000000,0.000000,0.017891,-0.007122
0.000000,0.000000,0.000000,0.000000,0.042168,0.100878,57.579506,0.000000,0.000000,0.017871,-0.007111
0.000000,0.000000,0.000000,0.000000,0.039226,0.086353,57.574608,0.000000,0.000000,0.017846,-0.007047
0.000000,0.000000,0.000000,0.000000,0.060398,-0.118296,57.577396,0.000000,0.000000,0.017862,-0.006969
0.000000,0.000000,0.000000,0.000000,-0.032390,-0.088058,57.583775,0.000000,0.000000,0.017878,-0.006928
0.000000,0.000000,0.000000,0.000000,-0.104828,0.024461,57.581909,0.000000,0.000000,0.017894,-0.006910
0.000000,0.000000,0.000000,0.000000,-0.028583,0.070225,57.575954,0.000000,0.000000,0.017879,-0.006881
0.000000,0.000000,0.000000,0.000000,0.077710,-0.084564,57.579853,0.000000,0.000000,0.017823,-0.006804
0.000000,0.000000,0.000000,0.000000,0.112618,-0.038899,57.585598,0.000000,0.000000,0.017815,-0.006767
0.000000,0.000000,0.000000,0.000000,0.007757,0.013505,57.582355,0.000000,0.000000,0.017820,-0.006745
0.000000,0.000000,0.000000,0.000000,-0.407862,0.234391,57.559971,0.000000,0.000000,0.017792,-0.006668
0.000000,0.000000,0.000000,0.000000,0.509693,-0.307769,57.536770,0.000000,0.000000,0.017629,-0.006536
0.000000,0.000000,0.000000,0.000000,0.604572,-0.111917,57.597843,0.000000,0.000000,0.017724,-0.006496
0.000000,0.000000,0.000000,0.000000,-0.207311,0.018419,57.605419,0.000000,0.000000,0.017831,-0.006495
0.000000,0.000000,0.000000,0.000000,-0.382266,-0.240491,57.587177,0.000000,0.000000,0.018005,-0.006492
0.000000,0.000000,0.000000,0.000000,-0.270612,0.045645,57.567425,0.000000,0.000000,0.018025,-0.006577
0.000000,0.000000,0.000000,0.000000,-0.069507,0.219318,57.595818,0.000000,0.000000,0.017869,-0.006681
0.000000,0.000000,0.000000,0.000000,0.359314,-0.134212,57.584930,0.000000,0.000000,0.017805,-0.006683
0.000000,0.000000,0.000000,0.000000,0.058336,-0.088145,57.581787,0.000000,0.000000,0.017900,-0.006785
0.000000,0.000000,0.000000,0.000000,-0.070836,0.014433,57.590851,0.000000,0.000000,0.017975,-0.006912
0.000000,0.000000,0.000000,0.000000,-0.055744,-0.015727,57.603001,0.000000,0.000000,0.018096,-0.007018
0.000000,0.000000,0.000000,0.000000,-0.035377,-0.063050,57.602783,0.000000,0.000000,0.018122,-0.007066
0.000000,0.000000,0.000000,0.000000,-0.021950,0.035534,57.612347,0.000000,0.000000,0.018185,-0.007215
0.000000,0.000000,0.000000,0.000000,0.024799,0.039337,57.612869,0.000000,0.000000,0.018189,-0.007395
0.000000,0.000000,0.000000,0.000000,0.091661,-0.067632,57.604687,0.000000,0.000000,0.018216,-0.007502
0.000000,0.000000,0.000000,0.000000,0.025873,-0.027908,57.598289,0.000000,0.000000,0.018282,-0.007637
0.000000,0.000000,0.000000,0.000000,-0.004486,0.016291,57.596840,0.000000,0.000000,0.018376,-0.007820
0.000000,0.000000,0.000000,0.000000,-0.009391,-0.023985,57.595299,0.000000,0.000000,0.018502,-0.008031
0.000000,0.000000,0.000000,0.000000,0.004230,-0.021914,57.595688,0.000000,0.000000,0.018551,-0.008136
0.000000,0.000000,0.000000,0.000000,-0.001004,-0.001195,57.593479,0.000000,0.000000,0.018644,-0.008331
0.000000,0.000000,0.000000,0.000000,-0.010683,0.041041,57.591854,0.000000,0.000000,0.018738,-0.008508
0.000000,0.000000,0.000000,0.000000,0.013422,0.028880,57.587612,0.000000,0.000000,0.018831,-0.008683
0.000000,0.000000,0.000000,0.000000,0.037992,-0.022429,57.585133,0.000000,0.000000,0.018900,-0.008786
0.000000,0.000000,0.000000,0.000000,-0.008643,-0.022087,57.582653,0.000000,0.000000,0.019022,-0.008871
0.000000,0.000000,0.000000,0.000000,-0.005631,-0.014827,57.581978,0.000000,0.000000,0.019062,-0.009006
0.000000,0.000000,0.000000,0.000000,0.000700,0.000666,57.581833,0.000000,0.000000,0.019141,-0.009122
0.000000,0.000000,0.000000,0.000000,-0.017972,0.033559,57.581932,0.000000,0.000000,0.019230,-0.009249
0.000000,0.000000,0.000000,0.000000,0.012044,-0.042087,57.580891,0.000000,0.000000,0.019463,-0.009533
0.000000,0.000000,0.000000,0.000000,-0.010256,0.001340,57.583725,0.000000,0.000000,0.019590,-0.009682
0.000000,0.000000,0.000000,0.000000,-0.030185,0.031247,57.583725,0.000000,0.000000,0.019705,-0.009824
0.000000,0.000000,0.000000,0.000000,-0.005971,-0.000114,57.581280,0.000000,0.000000,0.019820,-0.009963
0.000000,0.000000,0.000000,0.000000,0.016041,0.006450,57.580822,0.000000,0.000000,0.019862,-0.010025
0.000000,0.000000,0.000000,0.000000,0.023748,-0.011586,57.580101,0.000000,0.000000,0.019946,-0.010120
0.000000,0.000000,0.000000,0.000000,-0.013385,-0.000115,57.579781,0.000000,0.000000,0.020031,-0.010223
0.000000,0.000000,0.000000,0.000000,-0.010941,-0.001283,57.578281,0.000000,0.000000,0.020112,-0.010313
0.000000,0.000000,0.000000,0.000000,-0.039548,0.005312,57.578053,0.000000,0.000000,0.020184,-0.010403
0.000000,0.000000,0.000000,0.000000,-0.000093,-0.025170,57.578606,0.000000,0.000000,0.020249,-0.010515
0.000000,0.000000,0.000000,0.000000,0.025148,0.039683,57.579876,0.000000,0.000000,0.020325,-0.010639
0.000000,0.000000,0.000000,0.000000,0.000230,-0.000299,57.576412,0.000000,0.000000,0.020406,-0.010718
0.000000,0.000000,0.000000,0.000000,-0.041103,-0.065217,57.573162,0.000000,0.000000,0.020468,-0.010777
0.000000,0.000000,0.000000,0.000000,-0.002185,-0.001305,57.572670,0.000000,0.000000,0.020532,-0.010854
0.000000,0.000000,0.000000,0.000000,0.012845,0.008818,57.572895,0.000000,0.000000,0.020588,-0.010918
0.000000,0.000000,0.000000,0.000000,-0.016187,0.032272,57.571125,0.000000,0.000000,0.020704,-0.011033
0.000000,0.000000,0.000000,0.000000,0.010201,-0.041074,57.568810,0.000000,0.000000,0.020738,-0.011071
0.000000,0.000000,0.000000,0.000000,-0.008865,-0.005964,57.568981,0.000000,0.000000,0.020809,-0.011152
0.000000,0.000000,0.000000,0.000000,0.000543,0.027943,57.570717,0.000000,0.000000,0.020851,-0.011212
0.000000,0.000000,0.000000,0.000000,0.041508,0.014034,57.570469,0.000000,0.000000,0.020945,-0.011306
0.000000,0.000000,0.000000,0.000000,0.000935,0.001013,57.567722,0.000000,0.000000,0.021005,-0.011352
0.000000,0.000000,0.000000,0.000000,-0.029373,-0.014687,57.566639,0.000000,0.000000,0.021097,-0.011418
0.000000,0.000000,0.000000,0.000000,0.003650,-0.000068,57.567314,0.000000,0.000000,0.021171,-0.011486
0.000000,0.000000,0.000000,0.000000,0.000027,-0.000067,57.568134,0.000000,0.000000,0.021250,-0.011553
0.000000,0.000000,0.000000,0.000000,0.021385,-0.007502,57.567368,0.000000,0.000000,0.021301,-0.011599
0.000000,0.000000,0.000000,0.000000,-0.007538,-0.000055,57.566795,0.000000,0.000000,0.021411,-0.011688
0.000000,0.000000,0.000000,0.000000,-0.016602,-0.014421,57.566158,0.000000,0.000000,0.021464,-0.011736
0.000000,0.000000,0.000000,0.000000,-0.005217,0.007797,57.567287,0.000000,0.000000,0.021541,-0.011806
0.000000,0.000000,0.000000,0.000000,0.019268,0.007200,57.568897,0.000000,0.000000,0.021590,-0.011854
0.000000,0.000000,0.000000,0.000000,0.000177,0.000061,57.569889,0.000000,0.000000,0.021674,-0.011927
0.000000,0.000000,0.000000,0.000000,-0.017675,0.016228,57.571304,0.000000,0.000000,0.021771,-0.012006
0.000000,0.000000,0.000000,0.000000,0.001658,0.020675,57.570919,0.000000,0.000000,0.021856,-0.012063
0.000000,0.000000,0.000000,0.000000,0.069979,-0.034588,57.572540,0.000000,0.000000,0.021924,-0.012104
0.000000,0.000000,0.000000,0.000000,-0.073475,0.036779,57.580975,0.000000,0.000000,0.022035,-0.012169
0.000000,0.000000,0.000000,0.000000,-0.146742,0.043191,57.587040,0.000000,0.000000,0.022130,-0.012224
0.000000,0.000000,0.000000,0.000000,-0.103270,0.000363,57.584438,0.000000,0.000000,0.022180,-0.012277
0.000000,0.000000,0.000000,0.000000,0.091515,-0.052427,57.583595,0.000000,0.000000,0.022169,-0.012332
0.000000,0.000000,0.000000,0.000000,0.105581,-0.057845,57.582150,0.000000,0.000000,0.022169,-0.012365
0.000000,0.000000,0.000000,0.000000,0.048094,-0.026956,57.579220,0.000000,0.000000,0.022212,-0.012427
0.000000,0.000000,0.000000,0.000000,-0.041416,0.026033,57.577442,0.000000,0.000000,0.022278,-0.012505
0.000000,0.000000,0.000000,0.000000,-0.015681,0.003132,57.577675,0.000000,0.000000,0.022349,-0.012616
0.000000,0.000000,0.000000,0.000000,0.060346,-0.017495,57.581123,0.000000,0.000000,0.022398,-0.012703
0.000000,0.000000,0.000000,0.000000,0.032991,0.000236,57.586548,0.000000,0.000000,0.022508,-0.012815
0.000000,0.000000,0.000000,0.000000,0.014581,-0.015653,57.587837,0.000000,0.000000,0.022572,-0.012871
0.000000,0.000000,0.000000,0.000000,-0.056916,0.005373,57.586418,0.000000,0.000000,0.022695,-0.012981
0.000000,0.000000,0.000000,0.000000,-0.038211,-0.016528,57.584518,0.000000,0.000000,0.022730,-0.013030
0.000000,0.000000,0.000000,0.000000,0.022700,-0.011551,57.580242,0.000000,0.000000,0.022791,-0.013138
0.000000,0.000000,0.000000,0.000000,0.051824,-0.049918,57.577450,0.000000,0.000000,0.022812,-0.013191
0.000000,0.000000,0.000000,0.000000,0.110642,0.039443,57.577984,0.000000,0.000000,0.022902,-0.013315
0.000000,0.000000,0.000000,0.000000,0.030932,0.070820,57.584347,0.000000,0.000000,0.023015,-0.013404
0.000000,0.000000,0.000000,0.000000,-0.084415,-0.010883,57.587757,0.000000,0.000000,0.023160,-0.013485
0.000000,0.000000,0.000000,0.000000,-0.114956,-0.029594,57.585712,0.000000,0.000000,0.023233,-0.013563
0.000000,0.000000,0.000000,0.000000,0.017872,-0.002753,57.586540,0.000000,0.000000,0.023258,-0.013647
0.000000,0.000000,0.000000,0.000000,0.088287,0.007952,57.585934,0.000000,0.000000,0.023257,-0.013720
0.000000,0.000000,0.000000,0.000000,0.195337,0.023197,57.588760,0.000000,0.000000,0.023291,-0.013815
0.000000,0.000000,0.000000,0.000000,-0.117754,0.048987,57.595024,0.000000,0.000000,0.023432,-0.013889
0.000000,0.000000,0.000000,0.000000,-0.215555,-0.104158,57.585865,0.000000,0.000000,0.023588,-0.013955
0.000000,0.000000,0.000000,0.000000,-0.044412,-0.086695,57.580593,0.000000,0.000000,0.023588,-0.013995
0.000000,0.000000,0.000000,0.000000,0.119128,0.054933,57.584377,0.000000,0.000000,0.023574,-0.014098
0.000000,0.000000,0.000000,0.000000,0.157585,0.059827,57.587490,0.000000,0.000000,0.023580,-0.014166
0.000000,0.000000,0.000000,0.000000,-0.038115,-0.081359,57.574322,0.000000,0.000000,0.023665,-0.014191
0.000000,0.000000,0.000000,0.000000,-0.022889,0.007370,57.579292,0.000000,0.000000,0.023777,-0.014241
0.000000,0.000000,0.000000,0.000000,-0.048901,0.014527,57.583241,0.000000,0.000000,0.023849,-0.014276
0.000000,0.000000,0.000000,0.000000,-0.033552,-0.067522,57.583206,0.000000,0.000000,0.023913,-0.014298
0.000000,0.000000,0.000000,0.000000,-0.004918,-0.008202,57.585072,0.000000,0.000000,0.023978,-0.014368
0.000000,0.000000,0.000000,0.000000,0.041328,0.041339,57.585728,0.000000,0.000000,0.023997,-0.014385
0.000000,0.000000,0.000000,0.000000,0.106632,-0.015434,57.582218,0.000000,0.000000,0.024061,-0.014419
0.000000,0.000000,0.000000,0.000000,-0.041053,0.002018,57.580578,0.000000,0.000000,0.024201,-0.014465
0.000000,0.000000,0.000000,0.000000,-0.033139,0.001700,57.578773,0.000000,0.000000,0.024246,-0.014480
0.000000,0.000000,0.000000,0.000000,-0.004055,-0.004586,57.581684,0.000000,0.000000,0.024345,-0.014513
0.000000,0.000000,0.000000,0.000000,0.030769,0.021397,57.586273,0.000000,0.000000,0.024463,-0.014555
0.000000,0.000000,0.000000,0.000000,0.050786,0.013238,57.586826,0.000000,0.000000,0.024530,-0.014576
0.000000,0.000000,0.000000,0.000000,0.006273,-0.008493,57.587784,0.000000,0.000000,0.024668,-0.014600
0.000000,0.000000,0.000000,0.000000,-0.025742,0.004524,57.587757,0.000000,0.000000,0.024776,-0.014617
0.000000,0.000000,0.000000,0.000000,-0.001312,0.011476,57.588665,0.000000,0.000000,0.024943,-0.014645
0.000000,0.000000,0.000000,0.000000,0.003436,0.005906,57.590538,0.000000,0.000000,0.025018,-0.014650
0.000000,0.000000,0.000000,0.000000,-0.000901,0.006224,57.590633,0.000000,0.000000,0.025129,-0.014664
0.000000,0.000000,0.000000,0.000000,-0.000578,0.002286,57.590851,0.000000,0.000000,0.025206,-0.014667
0.000000,0.000000,0.000000,0.000000,0.013811,0.015001,57.588882,0.000000,0.000000,0.025294,-0.014673
0.000000,0.000000,0.000000,0.000000,-0.042982,-0.004484,57.586472,0.000000,0.000000,0.025471,-0.014681
0.000000,0.000000,0.000000,0.000000,-0.040488,-0.002148,57.586697,0.000000,0.000000,0.025562,-0.014680
0.000000,0.000000,0.000000,0.000000,0.059017,0.012116,57.588509,0.000000,0.000000,0.025666,-0.014695
0.000000,0.000000,0.000000,0.000000,0.051131,0.010459,57.588329,0.000000,0.000000,0.025688,-0.014694
0.000000,0.000000,0.000000,0.000000,0.002725,-0.003598,57.586971,0.000000,0.000000,0.025816,-0.014700
0.000000,0.000000,0.000000,0.000000,-0.028248,0.062909,57.586464,0.000000,0.000000,0.025881,-0.014699
0.000000,0.000000,0.000000,0.000000,-0.002894,-0.007558,57.583809,0.000000,0.000000,0.025968,-0.014681
0.000000,0.000000,0.000000,0.000000,-0.014775,-0.107311,57.583626,0.000000,0.000000,0.026040,-0.014670
0.000000,0.000000,0.000000,0.000000,-0.050156,0.139337,57.586548,0.000000,0.000000,0.026129,-0.014702
0.000000,0.000000,0.000000,0.000000,0.032350,0.247748,57.584026,0.000000,0.000000,0.026181,-0.014704
0.000000,0.000000,0.000000,0.000000,-0.047446,-0.198794,57.566418,0.000000,0.000000,0.026356,-0.014511
0.000000,0.000000,0.000000,0.000000,-0.086527,-0.117346,57.563904,0.000000,0.000000,0.026412,-0.014460
0.000000,0.000000,0.000000,0.000000,0.063147,0.188758,57.580544,0.000000,0.000000,0.026504,-0.014442
0.000000,0.000000,0.000000,0.000000,0.098765,0.234707,57.583134,0.000000,0.000000,0.026529,-0.014404
0.000000,0.000000,0.000000,0.000000,0.071964,-0.006145,57.583031,0.000000,0.000000,0.026615,-0.014285
0.000000,0.000000,0.000000,0.000000,-0.029755,-0.018078,57.579422,0.000000,0.000000,0.026739,-0.014125
0.000000,0.000000,0.000000,0.000000,0.014151,0.077006,57.583885,0.000000,0.000000,0.026869,-0.013977
0.000000,0.000000,0.000000,0.000000,0.028703,-0.010256,57.580421,0.000000,0.000000,0.026909,-0.013919
0.000000,0.000000,0.000000,0.000000,0.021342,-0.099454,57.579376,0.000000,0.000000,0.026996,-0.013806
0.000000,0.000000,0.000000,0.000000,0.007218,-0.029985,57.581581,0.000000,0.000000,0.027103,-0.013710
0.000000,0.000000,0.000000,0.000000,-0.005219,0.082382,57.583084,0.000000,0.000000,0.027220,-0.013509
0.000000,0.000000,0.000000,0.000000,-0.003619,0.003654,57.580563,0.000000,0.000000,0.027337,-0.013440
0.000000,0.000000,0.000000,0.000000,-0.000026,-0.026963,57.578926,0.000000,0.000000,0.027446,-0.013277
0.000000,0.000000,0.000000,0.000000,0.036784,0.025474,57.578884,0.000000,0.000000,0.027548,-0.013166
0.000000,0.000000,0.000000,0.000000,-0.028421,0.002796,57.579185,0.000000,0.000000,0.027698,-0.012998
0.000000,0.000000,0.000000,0.000000,0.013976,0.028412,57.580769,0.000000,0.000000,0.027828,-0.012830
0.000000,0.000000,0.000000,0.000000,-0.001109,0.004840,57.582218,0.000000,0.000000,0.027950,-0.012694
0.000000,0.000000,0.000000,0.000000,-0.005226,-0.012371,57.580475,0.000000,0.000000,0.028067,-0.012526
0.000000,0.000000,0.000000,0.000000,0.002598,-0.001932,57.582989,0.000000,0.000000,0.028220,-0.012344
0.000000,0.000000,0.000000,0.000000,-0.002050,0.001389,57.584034,0.000000,0.000000,0.028336,-0.012181
0.000000,0.000000,0.000000,0.000000,0.013525,-0.048418,57.584976,0.000000,0.000000,0.028485,-0.011989
0.000000,0.000000,0.000000,0.000000,-0.000195,0.000078,57.585434,0.000000,0.000000,0.028568,-0.011885
0.000000,0.000000,0.000000,0.000000,-0.009747,-0.023507,57.582928,0.000000,0.000000,0.028688,-0.011769
0.000000,0.000000,0.000000,0.000000,0.011248,0.065614,57.583794,0.000000,0.000000,0.028767,-0.011678
0.000000,0.000000,0.000000,0.000000,0.010021,0.037218,57.584450,0.000000,0.000000,0.028934,-0.011490
0.000000,0.000000,0.000000,0.000000,0.003312,-0.013281,57.584408,0.000000,0.000000,0.029019,-0.011370
0.000000,0.000000,0.000000,0.000000,-0.003928,-0.022038,57.585407,0.000000,0.000000,0.029142,-0.011229
0.000000,0.000000,0.000000,0.000000,-0.007989,0.004043,57.585182,0.000000,0.000000,0.029224,-0.011117
0.000000,0.000000,0.000000,0.000000,0.022514,0.003057,57.583904,0.000000,0.000000,0.029324,-0.010986
0.000000,0.000000,0.000000,0.000000,-0.005554,-0.011408,57.582973,0.000000,0.000000,0.029452,-0.010810
0.000000,0.000000,0.000000,0.000000,-0.036022,-0.029872,57.585018,0.000000,0.000000,0.029706,-0.010466
0.000000,0.000000,0.000000,0.000000,-0.025690,-0.029498,57.588223,0.000000,0.000000,0.029832,-0.010299
0.000000,0.000000,0.000000,0.000000,-0.004127,-0.003030,57.587326,0.000000,0.000000,0.029966,-0.010099
0.000000,0.000000,0.000000,0.000000,-0.005065,-0.001279,57.587120,0.000000,0.000000,0.030036,-0.009993
0.000000,0.000000,0.000000,0.000000,-0.014057,-0.018959,57.584656,0.000000,0.000000,0.030118,-0.009884
0.000000,0.000000,0.000000,0.000000,-0.017182,0.015731,57.585365,0.000000,0.000000,0.030220,-0.009744
0.000000,0.000000,0.000000,0.000000,-0.000064,0.000346,57.586342,0.000000,0.000000,0.030293,-0.009644
0.000000,0.000000,0.000000,0.000000,-0.003917,0.004066,57.585918,0.000000,0.000000,0.030374,-0.009538
0.000000,0.000000,0.000000,0.000000,-0.030905,0.038334,57.586990,0.000000,0.000000,0.030426,-0.009446
0.000000,0.000000,0.000000,0.000000,0.045658,-0.014786,57.586212,0.000000,0.000000,0.030483,-0.009334
0.000000,0.000000,0.000000,0.000000,0.002111,-0.000340,57.584114,0.000000,0.000000,0.030620,-0.009128
0.000000,0.000000,0.000000,0.000000,0.001948,0.002076,57.584709,0.000000,0.000000,0.030669,-0.009073
0.000000,0.000000,0.000000,0.000000,-0.011607,-0.072903,57.585632,0.000000,0.000000,0.030755,-0.008935
0.000000,0.000000,0.000000,0.000000,-0.017567,0.003335,57.586746,0.000000,0.000000,0.030838,-0.008867
0.000000,0.000000,0.000000,0.000000,0.021363,-0.004471,57.587933,0.000000,0.000000,0.030901,-0.008793
0.000000,0.000000,0.000000,0.000000,-0.028260,-0.006353,57.585979,0.000000,0.000000,0.031049,-0.008642
0.000000,0.000000,0.000000,0.000000,-0.024130,-0.001440,57.585121,0.000000,0.000000,0.031111,-0.008575
0.000000,0.000000,0.000000,0.000000,0.021392,-0.026557,57.583500,0.000000,0.000000,0.031167,-0.008512
0.000000,0.000000,0.000000,0.000000,0.024583,-0.000137,57.584015,0.000000,0.000000,0.031207,-0.008479
0.000000,0.000000,0.000000,0.000000,-0.012859,0.002051,57.586201,0.000000,0.000000,0.031282,-0.008397
0.000000,0.000000,0.000000,0.000000,-0.006193,-0.043459,57.584957,0.000000,0.000000,0.031399,-0.008299
0.000000,0.000000,0.000000,0.000000,-0.009496,0.056113,57.584335,0.000000,0.000000,0.031441,-0.008254
0.000000,0.000000,0.000000,0.000000,0.004230,0.052806,57.586037,0.000000,0.000000,0.031512,-0.008190
0.000000,0.000000,0.000000,0.000000,0.028274,-0.003267,57.585701,0.000000,0.000000,0.031597,-0.008071
0.000000,0.000000,0.000000,0.000000,-0.006285,-0.076509,57.586040,0.000000,0.000000,0.031725,-0.007942
0.000000,0.000000,0.000000,0.000000,-0.004201,-0.004627,57.586983,0.000000,0.000000,0.031794,-0.007887
0.000000,0.000000,0.000000,0.000000,-0.009593,0.013172,57.587196,0.000000,0.000000,0.031850,-0.007830
0.000000,0.000000,0.000000,0.000000,-0.032169,-0.088745,57.585381,0.000000,0.000000,0.031934,-0.007750
0.000000,0.000000,0.000000,0.000000,0.005054,0.004606,57.585754,0.000000,0.000000,0.031998,-0.007692
0.000000,0.000000,0.000000,0.000000,-0.008729,-0.003801,57.587025,0.000000,0.000000,0.032068,-0.007669
0.000000,0.000000,0.000000,0.000000,0.004530,-0.001978,57.589321,0.000000,0.000000,0.032109,-0.007648
0.000000,0.000000,0.000000,0.000000,-0.015163,0.048473,57.590637,0.000000,0.000000,0.032179,-0.007625
0.000000,0.000000,0.000000,0.000000,-0.003060,-0.005601,57.589622,0.000000,0.000000,0.032218,-0.007597
0.000000,0.000000,0.000000,0.000000,-0.007755,-0.085648,57.588329,0.000000,0.000000,0.032281,-0.007571
0.000000,0.000000,0.000000,0.000000,-0.002499,-0.000339,57.590221,0.000000,0.000000,0.032326,-0.007571
0.000000,0.000000,0.000000,0.000000,-0.030679,-0.025264,57.590340,0.000000,0.000000,0.032415,-0.007576
0.000000,0.000000,0.000000,0.000000,0.005710,-0.026275,57.589954,0.000000,0.000000,0.032472,-0.007604
0.000000,0.000000,0.000000,0.000000,0.004647,0.052472,57.592182,0.000000,0.000000,0.032484,-0.007619
0.000000,0.000000,0.000000,0.000000,0.001257,-0.046909,57.591499,0.000000,0.000000,0.032528,-0.007629
0.000000,0.000000,0.000000,0.000000,-0.016735,-0.025371,57.591549,0.000000,0.000000,0.032549,-0.007641
0.000000,0.000000,0.000000,0.000000,-0.026764,0.037800,57.593288,0.000000,0.000000,0.032591,-0.007683
0.000000,0.000000,0.000000,0.000000,-0.012677,-0.019442,57.592579,0.000000,0.000000,0.032614,-0.007705
0.000000,0.000000,0.000000,0.000000,0.007265,-0.023495,57.592468,0.000000,0.000000,0.032648,-0.007733
0.000000,0.000000,0.000000,0.000000,0.000060,-0.000446,57.592278,0.000000,0.000000,0.032657,-0.007754
0.000000,0.000000,0.000000,0.000000,0.015175,0.012876,57.591629,0.000000,0.000000,0.032685,-0.007785
0.000000,0.000000,0.000000,0.000000,0.008442,0.005540,57.591644,0.000000,0.000000,0.032701,-0.007811
0.000000,0.000000,0.000000,0.000000,0.008439,0.002227,57.591808,0.000000,0.000000,0.032749,-0.007833
0.000000,0.000000,0.000000,0.000000,-0.050099,0.047936,57.590099,0.000000,0.000000,0.032761,-0.007856
0.000000,0.000000,0.000000,0.000000,-0.014249,-0.065736,57.588570,0.000000,0.000000,0.032791,-0.007859
0.000000,0.000000,0.000000,0.000000,0.003399,0.010489,57.589184,0.000000,0.000000,0.032784,-0.007868
0.000000,0.000000,0.000000,0.000000,-0.026527,-0.061673,57.588127,0.000000,0.000000,0.032803,-0.007886
0.000000,0.000000,0.000000,0.000000,-0.023560,-0.054656,57.586945,0.000000,0.000000,0.032800,-0.007890
0.000000,0.000000,0.000000,0.000000,-0.000104,0.003089,57.587852,0.000000,0.000000,0.032803,-0.007918
0.000000,0.000000,0.000000,0.000000,0.005572,0.005088,57.589211,0.000000,0.000000,0.032790,-0.007960
0.000000,0.000000,0.000000,0.000000,-0.008910,0.025457,57.589176,0.000000,0.000000,0.032786,-0.008009
0.000000,0.000000,0.000000,0.000000,-0.008143,0.016817,57.590599,0.000000,0.000000,0.032776,-0.008077
0.000000,0.000000,0.000000,0.000000,-0.001748,0.016264,57.591621,0.000000,0.000000,0.032771,-0.008093
0.000000,0.000000,0.000000,0.000000,-0.031938,0.020621,57.590221,0.000000,0.000000,0.032754,-0.008134
0.000000,0.000000,0.000000,0.000000,-0.028887,-0.045816,57.588078,0.000000,0.000000,0.032744,-0.008167
0.000000,0.000000,0.000000,0.000000,-0.017873,-0.140911,57.586071,0.000000,0.000000,0.032722,-0.008213
0.000000,0.000000,0.000000,0.000000,0.040140,0.076021,57.590618,0.000000,0.000000,0.032681,-0.008339
0.000000,0.000000,0.000000,0.000000,-0.007588,-0.000985,57.585312,0.000000,0.000000,0.032694,-0.008449
0.000000,0.000000,0.000000,0.000000,-0.006795,-0.114328,57.583241,0.000000,0.000000,0.032717,-0.008548
0.000000,0.000000,0.000000,0.000000,0.005988,0.068164,57.583508,0.000000,0.000000,0.032718,-0.008653
0.000000,0.000000,0.000000,0.000000,0.033175,0.092538,57.584190,0.000000,0.000000,0.032736,-0.008774
0.000000,0.000000,0.000000,0.000000,-0.047029,-0.075740,57.580700,0.000000,0.000000,0.032768,-0.008929
0.000000,0.000000,0.000000,0.000000,0.012413,0.011709,57.583302,0.000000,0.000000,0.032765,-0.009018
0.000000,0.000000,0.000000,0.000000,0.019714,0.023864,57.586254,0.000000,0.000000,0.032772,-0.009129
0.000000,0.000000,0.000000,0.000000,-0.022069,-0.022922,57.584641,0.000000,0.000000,0.032792,-0.009241
0.000000,0.000000,0.000000,0.000000,-0.024855,-0.031652,57.582150,0.000000,0.000000,0.032800,-0.009390
0.000000,0.000000,0.000000,0.000000,0.022402,0.014111,57.583748,0.000000,0.000000,0.032810,-0.009585
0.000000,0.000000,0.000000,0.000000,0.013267,-0.018985,57.582348,0.000000,0.000000,0.032814,-0.009698
0.000000,0.000000,0.000000,0.000000,0.008914,-0.012769,57.581390,0.000000,0.000000,0.032819,-0.009755
0.000000,0.000000,0.000000,0.000000,-0.020702,-0.006962,57.580074,0.000000,0.000000,0.032835,-0.009884
0.000000,0.000000,0.000000,0.000000,-0.009495,0.031695,57.580482,0.000000,0.000000,0.032833,-0.010053
0.000000,0.000000,0.000000,0.000000,0.011285,0.014376,57.581417,0.000000,0.000000,0.032830,-0.010161
0.000000,0.000000,0.000000,0.000000,0.046304,-0.022905,57.582531,0.000000,0.000000,0.032844,-0.010288
0.000000,0.000000,0.000000,0.000000,-0.000950,0.001128,57.582443,0.000000,0.000000,0.032860,-0.010438
0.000000,0.000000,0.000000,0.000000,-0.115200,0.013125,57.590244,0.000000,0.000000,0.032860,-0.010719
0.000000,0.000000,0.000000,0.000000,-0.002442,0.002966,57.586205,0.000000,0.000000,0.032814,-0.010791
0.000000,0.000000,0.000000,0.000000,0.073967,-0.285047,57.580811,0.000000,0.000000,0.032776,-0.011009
0.000000,0.000000,0.000000,0.000000,-0.080741,0.226815,57.589035,0.000000,0.000000,0.032740,-0.011471
0.000000,0.000000,0.000000,0.000000,0.272569,0.085990,57.585945,0.000000,0.000000,0.032668,-0.011591
0.000000,0.000000,0.000000,0.000000,0.224368,-0.077014,57.585796,0.000000,0.000000,0.032688,-0.011713
0.000000,0.000000,0.000000,0.000000,-0.118386,-0.179781,57.585121,0.000000,0.000000,0.032807,-0.011911
0.000000,0.000000,0.000000,0.000000,-0.076692,-0.129087,57.588078,0.000000,0.000000,0.032864,-0.011987
0.000000,0.000000,0.000000,0.000000,0.042147,0.079570,57.595318,0.000000,0.000000,0.032901,-0.012342
0.000000,0.000000,0.000000,0.000000,0.003316,0.149662,57.601131,0.000000,0.000000,0.032938,-0.012540
0.000000,0.000000,0.000000,0.000000,-0.035212,0.045205,57.597702,0.000000,0.000000,0.032994,-0.012737
0.000000,0.000000,0.000000,0.000000,0.003272,-0.042633,57.593376,0.000000,0.000000,0.033040,-0.013132
0.000000,0.000000,0.000000,0.000000,0.222234,0.071978,57.595394,0.000000,0.000000,0.033051,-0.013373
0.000000,0.000000,0.000000,0.000000,0.194893,0.166467,57.599701,0.000000,0.000000,0.033075,-0.013489
0.000000,0.000000,0.000000,0.000000,-0.061026,-0.008177,57.600391,0.000000,0.000000,0.033184,-0.013695
0.000000,0.000000,0.000000,0.000000,-0.133975,-0.220527,57.581863,0.000000,0.000000,0.033277,-0.013972
0.000000,0.000000,0.000000,0.000000,-0.016893,-0.002976,57.575401,0.000000,0.000000,0.033314,-0.014304
0.000000,0.000000,0.000000,0.000000,0.213924,0.325679,57.577805,0.000000,0.000000,0.033356,-0.014627
0.000000,0.000000,0.000000,0.000000,0.178942,-0.168851,57.570892,0.000000,0.000000,0.033477,-0.014757
0.000000,0.000000,0.000000,0.000000,-0.004962,-0.196934,57.569485,0.000000,0.000000,0.033686,-0.014931
0.000000,0.000000,0.000000,0.000000,-0.154702,-0.045964,57.580242,0.000000,0.000000,0.033884,-0.015142
0.000000,0.000000,0.000000,0.000000,0.034757,0.074804,57.587421,0.000000,0.000000,0.034074,-0.015429
0.000000,0.000000,0.000000,0.000000,0.130913,-0.042553,57.585503,0.000000,0.000000,0.034240,-0.015634
0.000000,0.000000,0.000000,0.000000,0.115776,-0.103761,57.583595,0.000000,0.000000,0.034510,-0.015883
0.000000,0.000000,0.000000,0.000000,0.023905,0.003119,57.583290,0.000000,0.000000,0.034660,-0.016029
0.000000,0.000000,0.000000,0.000000,-0.052346,0.063543,57.584995,0.000000,0.000000,0.034894,-0.016233
0.000000,0.000000,0.000000,0.000000,0.017736,-0.059789,57.585476,0.000000,0.000000,0.035117,-0.016426
0.000000,0.000000,0.000000,0.000000,0.029537,-0.028574,57.586117,0.000000,0.000000,0.035327,-0.016615
0.000000,0.000000,0.000000,0.000000,0.001234,0.018951,57.584148,0.000000,0.000000,0.035558,-0.016833
0.000000,0.000000,0.000000,0.000000,-0.000173,-0.000904,57.577785,0.000000,0.000000,0.035738,-0.016995
0.000000,0.000000,0.000000,0.000000,-0.001769,-0.004111,57.573620,0.000000,0.000000,0.036000,-0.017244
0.000000,0.000000,0.000000,0.000000,0.011137,0.038052,57.569847,0.000000,0.000000,0.036271,-0.017516
0.000000,0.000000,0.000000,0.000000,0.041922,0.040462,57.565067,0.000000,0.000000,0.036406,-0.017646
0.000000,0.000000,0.000000,0.000000,0.024059,0.001246,57.561604,0.000000,0.000000,0.036632,-0.017823
0.000000,0.000000,0.000000,0.000000,-0.045423,-0.037796,57.560368,0.000000,0.000000,0.036948,-0.018058
0.000000,0.000000,0.000000,0.000000,-0.026621,0.004160,57.560505,0.000000,0.000000,0.037129,-0.018216
0.000000,0.000000,0.000000,0.000000,0.005061,0.053487,57.564610,0.000000,0.000000,0.037409,-0.018464
0.000000,0.000000,0.000000,0.000000,-0.000407,0.000287,57.565784,0.000000,0.000000,0.037497,-0.018534
0.000000,0.000000,0.000000,0.000000,-0.033006,-0.060870,57.567913,0.000000,0.000000,0.037776,-0.018763
0.000000,0.000000,0.000000,0.000000,-0.029320,-0.054172,57.568729,0.000000,0.000000,0.037939,-0.018925
0.000000,0.000000,0.000000,0.000000,0.019199,0.010385,57.570286,0.000000,0.000000,0.038079,-0.019078
0.000000,0.000000,0.000000,0.000000,-0.030942,-0.018984,57.574684,0.000000,0.000000,0.038607,-0.019588
0.000000,0.000000,0.000000,0.000000,-0.059408,-0.025056,57.578964,0.000000,0.000000,0.038802,-0.019789
0.000000,0.000000,0.000000,0.000000,-0.000591,0.039531,57.580536,0.000000,0.000000,0.039058,-0.019980
0.000000,0.000000,0.000000,0.000000,0.003214,0.015964,57.579983,0.000000,0.000000,0.039137,-0.020180
0.000000,0.000000,0.000000,0.000000,0.006144,-0.019266,57.578243,0.000000,0.000000,0.039293,-0.020355
0.000000,0.000000,0.000000,0.000000,-0.010237,-0.015230,57.575584,0.000000,0.000000,0.039514,-0.020608
0.000000,0.000000,0.000000,0.000000,0.011148,0.002849,57.575600,0.000000,0.000000,0.039791,-0.020924
0.000000,0.000000,0.000000,0.000000,-0.010666,0.008418,57.576275,0.000000,0.000000,0.039872,-0.021018
0.000000,0.000000,0.000000,0.000000,-0.026325,-0.003603,57.576069,0.000000,0.000000,0.040051,-0.021221
0.000000,0.000000,0.000000,0.000000,-0.004325,0.008719,57.575912,0.000000,0.000000,0.040205,-0.021406
0.000000,0.000000,0.000000,0.000000,-0.009734,0.024371,57.574623,0.000000,0.000000,0.040522,-0.021788
0.000000,0.000000,0.000000,0.000000,0.009184,-0.004325,57.572670,0.000000,0.000000,0.040639,-0.021936
0.000000,0.000000,0.000000,0.000000,0.012239,-0.007137,57.570805,0.000000,0.000000,0.040832,-0.022158
0.000000,0.000000,0.000000,0.000000,-0.003174,0.006311,57.571671,0.000000,0.000000,0.041073,-0.022439
0.000000,0.000000,0.000000,0.000000,0.002143,-0.000516,57.571659,0.000000,0.000000,0.041152,-0.022531
0.000000,0.000000,0.000000,0.000000,-0.000686,-0.018621,57.571564,0.000000,0.000000,0.041387,-0.022804
0.000000,0.000000,0.000000,0.000000,-0.001637,-0.002113,57.570503,0.000000,0.000000,0.041577,-0.023023
0.000000,0.000000,0.000000,0.000000,-0.010724,0.011217,57.570782,0.000000,0.000000,0.041729,-0.023208
0.000000,0.000000,0.000000,0.000000,0.001125,0.003901,57.571323,0.000000,0.000000,0.041879,-0.023389
0.000000,0.000000,0.000000,0.000000,-0.000179,0.000795,57.569355,0.000000,0.000000,0.042123,-0.023570
0.000000,0.000000,0.000000,0.000000,0.002863,-0.003815,57.568924,0.000000,0.000000,0.042335,-0.023933
0.000000,0.000000,0.000000,0.000000,-0.003376,-0.001650,57.569664,0.000000,0.000000,0.042562,-0.024208
0.000000,0.000000,0.000000,0.000000,-0.004188,0.001926,57.569084,0.000000,0.000000,0.042678,-0.024355
0.000000,0.000000,0.000000,0.000000,-0.004683,-0.006215,57.569084,0.000000,0.000000,0.042788,-0.024573
0.000000,0.000000,0.000000,0.000000,0.006935,-0.004195,57.568550,0.000000,0.000000,0.042992,-0.024737
0.000000,0.000000,0.000000,0.000000,-0.003226,0.000394,57.567451,0.000000,0.000000,0.043215,-0.025008
0.000000,0.000000,0.000000,0.000000,-0.000353,0.000022,57.567177,0.000000,0.000000,0.043377,-0.025203
0.000000,0.000000,0.000000,0.000000,0.008585,0.002764,57.568523,0.000000,0.000000,0.043667,-0.025551
0.000000,0.000000,0.000000,0.000000,0.006595,0.006760,57.569569,0.000000,0.000000,0.043869,-0.025791
0.000000,0.000000,0.000000,0.000000,0.005004,0.003238,57.570038,0.000000,0.000000,0.043981,-0.025927
0.000000,0.000000,0.000000,0.000000,-0.000048,0.000079,57.570374,0.000000,0.000000,0.044236,-0.026217
0.000000,0.000000,0.000000,0.000000,0.003951,-0.017624,57.569916,0.000000,0.000000,0.044347,-0.026353
0.000000,0.000000,0.000000,0.000000,-0.005666,0.006266,57.570587,0.000000,0.000000,0.044493,-0.026525
0.000000,0.000000,0.000000,0.000000,0.012683,-0.011565,57.569378,0.000000,0.000000,0.044654,-0.026711
0.000000,0.000000,0.000000,0.000000,0.000537,0.005051,57.568058,0.000000,0.000000,0.044855,-0.026949
0.000000,0.000000,0.000000,0.000000,0.015852,0.019508,57.569252,0.000000,0.000000,0.045057,-0.027183
0.000000,0.000000,0.000000,0.000000,-0.014699,-0.000860,57.571541,0.000000,0.000000,0.045436,-0.027584
0.000000,0.000000,0.000000,0.000000,-0.000548,-0.000891,57.572178,0.000000,0.000000,0.045585,-0.027745
0.000000,0.000000,0.000000,0.000000,0.008700,0.003593,57.571213,0.000000,0.000000,0.045791,-0.027966
0.000000,0.000000,0.000000,0.000000,-0.003059,0.000248,57.571857,0.000000,0.000000,0.045979,-0.028151
0.000000,0.000000,0.000000,0.000000,-0.024771,-0.020036,57.573475,0.000000,0.000000,0.046225,-0.028410
0.000000,0.000000,0.000000,0.000000,-0.030241,-0.004321,57.574772,0.000000,0.000000,0.046396,-0.028600
0.000000,0.000000,0.000000,0.000000,-0.034232,-0.006371,57.575333,0.000000,0.000000,0.046575,-0.028822
0.000000,0.000000,0.000000,0.000000,-0.085026,0.029550,57.572689,0.000000,0.000000,0.046707,-0.028995
0.000000,0.000000,0.000000,0.000000,0.079360,-0.006051,57.563217,0.000000,0.000000,0.046826,-0.029174
0.000000,0.000000,0.000000,0.000000,0.074180,0.013220,57.557354,0.000000,0.000000,0.046965,-0.029367
0.000000,0.000000,0.000000,0.000000,0.033229,0.066816,57.558525,0.000000,0.000000,0.047221,-0.029525
0.000000,0.000000,0.000000,0.000000,0.029924,0.059976,57.560341,0.000000,0.000000,0.047302,-0.029673
0.000000,0.000000,0.000000,0.000000,-0.042845,0.031021,57.569450,0.000000,0.000000,0.047548,-0.029833
0.000000,0.000000,0.000000,0.000000,-0.058056,-0.050131,57.575012,0.000000,0.000000,0.047711,-0.029938
0.000000,0.000000,0.000000,0.000000,0.010609,-0.008776,57.580433,0.000000,0.000000,0.047969,-0.030180
0.000000,0.000000,0.000000,0.000000,0.032289,0.015639,57.582005,0.000000,0.000000,0.048054,-0.030355
0.000000,0.000000,0.000000,0.000000,0.000484,0.000479,57.583923,0.000000,0.000000,0.048229,-0.030450
0.000000,0.000000,0.000000,0.000000,-0.038616,0.022870,57.576355,0.000000,0.000000,0.048448,-0.030659
0.000000,0.000000,0.000000,0.000000,-0.005896,0.044776,57.572052,0.000000,0.000000,0.048572,-0.030783
0.000000,0.000000,0.000000,0.000000,0.009673,0.024071,57.569069,0.000000,0.000000,0.048646,-0.030858
0.000000,0.000000,0.000000,0.000000,0.017753,0.011444,57.566090,0.000000,0.000000,0.048782,-0.030970
0.000000,0.000000,0.000000,0.000000,-0.003013,-0.043786,57.564957,0.000000,0.000000,0.048879,-0.031045
0.000000,0.000000,0.000000,0.000000,0.030651,-0.033335,57.564404,0.000000,0.000000,0.049051,-0.031191
0.000000,0.000000,0.000000,0.000000,-0.017841,-0.012049,57.567280,0.000000,0.000000,0.049177,-0.031302
0.000000,0.000000,0.000000,0.000000,0.002542,0.006301,57.576328,0.000000,0.000000,0.049356,-0.031463
0.000000,0.000000,0.000000,0.000000,0.078714,0.101688,57.580715,0.000000,0.000000,0.049509,-0.031571
0.000000,0.000000,0.000000,0.000000,-0.016787,-0.052482,57.582081,0.000000,0.000000,0.049621,-0.031631
0.000000,0.000000,0.000000,0.000000,1.127855,-0.769037,57.387646,0.000000,0.000000,0.049739,-0.031741
0.000000,0.000000,0.000000,0.000000,-1.346402,2.657265,55.725647,0.000000,0.000000,0.050479,-0.032126
0.000000,0.000000,0.000000,0.000000,0.014108,0.020314,55.060352,0.000000,0.000000,0.050511,-0.031672
0.000000,0.000000,0.000000,0.000000,0.017701,-0.097604,54.991348,0.000000,0.000000,0.050589,-0.031111
0.000000,0.000000,0.000000,0.000000,-0.236404,-0.020571,54.892982,0.000000,0.000000,0.050656,-0.030534
0.000000,0.000000,0.000000,0.000000,-0.468284,-0.165938,54.763840,0.000000,0.000000,0.050593,-0.030011
0.000000,0.000000,0.000000,0.000000,0.008505,-0.079714,54.644718,0.000000,0.000000,0.050369,-0.029575
0.000000,0.000000,0.000000,0.000000,-0.032757,0.501433,54.554249,0.000000,0.000000,0.050074,-0.028984
0.000000,0.000000,0.000000,0.000000,-0.722507,0.126399,54.333675,0.000000,0.000000,0.049705,-0.027931
0.000000,0.000000,0.000000,0.000000,0.073805,0.200900,54.340256,0.000000,0.000000,0.049161,-0.027212
0.000000,0.000000,0.000000,0.000000,-0.114368,0.010807,54.342674,0.000000,0.000000,0.048899,-0.026830
0.000000,0.000000,0.000000,0.000000,-0.976936,-0.203799,54.357662,0.000000,0.000000,0.048554,-0.026373
0.000000,0.000000,0.000000,0.000000,-1.444607,-0.996999,54.897076,0.000000,0.000000,0.047586,-0.025964
0.000000,0.000000,0.000000,0.000000,-0.063870,0.442409,55.641155,0.000000,0.000000,0.046207,-0.026079
0.000000,0.000000,0.000000,0.000000,1.135525,0.726102,56.591797,0.000000,0.000000,0.044843,-0.026167
0.000000,0.000000,0.000000,0.000000,0.741297,-0.055620,57.234169,0.000000,0.000000,0.043967,-0.026018
0.000000,0.000000,0.000000,0.000000,-0.565949,0.002594,57.819969,0.000000,0.000000,0.043130,-0.025794
0.000000,0.000000,0.000000,0.000000,0.025178,0.187394,58.678284,0.000000,0.000000,0.041674,-0.025581
0.000000,0.000000,0.000000,0.000000,0.171354,0.433686,59.501980,0.000000,0.000000,0.040665,-0.025305
0.000000,0.000000,0.000000,0.000000,0.531249,0.452857,60.402435,0.000000,0.000000,0.039624,-0.024729
0.000000,0.000000,0.000000,0.000000,0.353364,0.078129,60.849739,0.000000,0.000000,0.039107,-0.024133
0.000000,0.000000,0.000000,0.000000,0.289531,0.077790,61.142452,0.000000,0.000000,0.038814,-0.023607
0.000000,0.000000,0.000000,0.000000,-0.105929,-0.249474,61.344120,0.000000,0.000000,0.038524,-0.022692
0.000000,0.000000,0.000000,0.000000,-0.153723,-0.059866,61.423763,0.000000,0.000000,0.038243,-0.021755
0.000000,0.000000,0.000000,0.000000,-0.108541,0.010537,61.432892,0.000000,0.000000,0.038138,-0.021488
0.000000,0.000000,0.000000,0.000000,-0.285796,-0.041094,61.453526,0.000000,0.000000,0.037718,-0.020673
0.000000,0.000000,0.000000,0.000000,-0.243341,-0.034984,61.494728,0.000000,0.000000,0.037372,-0.020221
0.000000,0.000000,0.000000,0.000000,0.139288,0.113136,61.585556,0.000000,0.000000,0.036707,-0.019503
0.000000,0.000000,0.000000,0.000000,-0.018139,0.033095,61.671738,0.000000,0.000000,0.036022,-0.018641
0.000000,0.000000,0.000000,0.000000,-0.211094,-0.161035,61.700123,0.000000,0.000000,0.035646,-0.018132
0.000000,0.000000,0.000000,0.000000,-0.080286,0.000653,61.728374,0.000000,0.000000,0.034918,-0.017260
0.000000,0.000000,0.000000,0.000000,-0.028987,0.030743,61.751194,0.000000,0.000000,0.034482,-0.016773
0.000000,0.000000,0.000000,0.000000,0.082500,0.018099,61.772484,0.000000,0.000000,0.033932,-0.016159
0.000000,0.000000,0.000000,0.000000,-0.194199,0.211985,61.791813,0.000000,0.000000,0.033464,-0.015620
0.000000,0.000000,0.000000,0.000000,-0.157464,0.000693,61.864780,0.000000,0.000000,0.032781,-0.015055
0.000000,0.000000,0.000000,0.000000,0.171395,0.141570,61.850853,0.000000,0.000000,0.032581,-0.014499
0.000000,0.000000,0.000000,0.000000,-0.292309,-0.070836,61.784332,0.000000,0.000000,0.032175,-0.013866
0.000000,0.000000,0.000000,0.000000,-0.037820,-0.033789,61.606461,0.000000,0.000000,0.031613,-0.012791
0.000000,0.000000,0.000000,0.000000,0.069082,-0.152397,61.565449,0.000000,0.000000,0.030990,-0.012302
0.000000,0.000000,0.000000,0.000000,-0.315051,0.312937,61.461353,0.000000,0.000000,0.030525,-0.011674
0.000000,0.000000,0.000000,0.000000,0.052118,0.070814,61.429207,0.000000,0.000000,0.029973,-0.010954
0.000000,0.000000,0.000000,0.000000,0.167126,0.063444,61.448799,0.000000,0.000000,0.029266,-0.009995
0.000000,0.000000,0.000000,0.000000,-0.121893,-0.124546,61.432190,0.000000,0.000000,0.028552,-0.008900
0.000000,0.000000,0.000000,0.000000,0.040797,-0.016107,61.375698,0.000000,0.000000,0.027551,-0.007612
0.000000,0.000000,0.000000,0.000000,0.294537,-0.151963,61.351532,0.000000,0.000000,0.026982,-0.006895
0.000000,0.000000,0.000000,0.000000,0.105584,0.002841,61.357323,0.000000,0.000000,0.026155,-0.005686
0.000000,0.000000,0.000000,0.000000,-0.006854,-0.079305,61.321686,0.000000,0.000000,0.025956,-0.005376
0.000000,0.000000,0.000000,0.000000,-0.080307,-0.030613,61.219109,0.000000,0.000000,0.025392,-0.004496
0.000000,0.000000,0.000000,0.000000,0.321102,-0.218436,61.153259,0.000000,0.000000,0.024677,-0.003527
0.000000,0.000000,0.000000,0.000000,0.099430,0.213894,61.174110,0.000000,0.000000,0.024467,-0.003232
0.000000,0.000000,0.000000,0.000000,-0.059582,-0.093375,61.231552,0.000000,0.000000,0.024112,-0.002697
0.000000,0.000000,0.000000,0.000000,-0.162872,0.000505,61.333679,0.000000,0.000000,0.023550,-0.001983
0.000000,0.000000,0.000000,0.000000,-0.026979,-0.045294,61.475323,0.000000,0.000000,0.022645,-0.001034
0.000000,0.000000,0.000000,0.000000,0.037912,0.155572,61.512028,0.000000,0.000000,0.022278,-0.000659
0.000000,0.000000,0.000000,0.000000,-0.000322,-0.042841,61.594517,0.000000,0.000000,0.021566,0.000142
0.000000,0.000000,0.000000,0.000000,0.324103,0.290548,61.625813,0.000000,0.000000,0.021121,0.000687
0.000000,0.000000,0.000000,0.000000,0.327076,0.298410,61.635052,0.000000,0.000000,0.020928,0.001027
0.000000,0.000000,0.000000,0.000000,-0.222590,-0.081427,61.553719,0.000000,0.000000,0.020266,0.002434
0.000000,0.000000,0.000000,0.000000,-0.117043,0.026946,61.526733,0.000000,0.000000,0.019951,0.002991
0.000000,0.000000,0.000000,0.000000,-0.093479,0.002192,61.498550,0.000000,0.000000,0.019473,0.003219
0.000000,0.000000,0.000000,0.000000,0.013953,-0.054139,61.492062,0.000000,0.000000,0.018818,0.003733
0.000000,0.000000,0.000000,0.000000,-0.245546,0.245946,61.243027,0.000000,0.000000,0.018085,0.004106
0.000000,0.000000,0.000000,0.000000,0.154701,0.000554,61.070366,0.000000,0.000000,0.017366,0.004855
0.000000,0.000000,0.000000,0.000000,0.506587,0.068213,61.030594,0.000000,0.000000,0.017126,0.005051
0.000000,0.000000,0.000000,0.000000,-0.063801,-0.004627,60.925457,0.000000,0.000000,0.016632,0.005619
0.000000,0.000000,0.000000,0.000000,0.010579,0.003315,60.757538,0.000000,0.000000,0.016066,0.006248
0.000000,0.000000,0.000000,0.000000,-0.032180,-0.091078,60.673767,0.000000,0.000000,0.015748,0.006594
0.000000,0.000000,0.000000,0.000000,-0.009335,-0.067060,60.587227,0.000000,0.000000,0.015230,0.007130
0.000000,0.000000,0.000000,0.000000,-0.044748,-0.075457,60.532894,0.000000,0.000000,0.014832,0.007516
0.000000,0.000000,0.000000,0.000000,-0.005825,0.008997,60.493073,0.000000,0.000000,0.014508,0.007801
0.000000,0.000000,0.000000,0.000000,0.019094,0.047436,60.452271,0.000000,0.000000,0.014144,0.008140
0.000000,0.000000,0.000000,0.000000,0.061277,0.048673,60.427708,0.000000,0.000000,0.013790,0.008490
0.000000,0.000000,0.000000,0.000000,0.023168,0.076756,60.403214,0.000000,0.000000,0.013301,0.009036
0.000000,0.000000,0.000000,0.000000,-0.026370,0.037899,60.372574,0.000000,0.000000,0.013020,0.009378
0.000000,0.000000,0.000000,0.000000,-0.086352,-0.119153,60.317558,0.000000,0.000000,0.012676,0.009789
0.000000,0.000000,0.000000,0.000000,0.006146,-0.099439,60.228329,0.000000,0.000000,0.012166,0.010262
0.000000,0.000000,0.000000,0.000000,0.002506,0.012998,60.196499,0.000000,0.000000,0.011763,0.010575
0.000000,0.000000,0.000000,0.000000,-0.048911,-0.051954,60.146412,0.000000,0.000000,0.010972,0.011220
0.000000,0.000000,0.000000,0.000000,0.045038,0.029931,60.110767,0.000000,0.000000,0.010117,0.011853
0.000000,0.000000,0.000000,0.000000,0.039961,0.030651,60.108990,0.000000,0.000000,0.009906,0.012018
0.000000,0.000000,0.000000,0.000000,0.013845,-0.005820,60.102921,0.000000,0.000000,0.009403,0.012426
0.000000,0.000000,0.000000,0.000000,-0.027002,-0.087414,60.091049,0.000000,0.000000,0.009030,0.012733
0.000000,0.000000,0.000000,0.000000,-0.007985,-0.004569,60.076370,0.000000,0.000000,0.008499,0.013119
0.000000,0.000000,0.000000,0.000000,-0.007495,-0.000669,60.064766,0.000000,0.000000,0.008112,0.013392
0.000000,0.000000,0.000000,0.000000,0.037771,0.013715,60.055428,0.000000,0.000000,0.007700,0.013686
0.000000,0.000000,0.000000,0.000000,0.001693,-0.001893,60.047935,0.000000,0.000000,0.007355,0.013941
0.000000,0.000000,0.000000,0.000000,0.058472,-0.060820,60.041584,0.000000,0.000000,0.006874,0.014298
0.000000,0.000000,0.000000,0.000000,-0.026633,0.017196,60.032001,0.000000,0.000000,0.006401,0.014645
0.000000,0.000000,0.000000,0.000000,-0.033266,0.041624,60.019913,0.000000,0.000000,0.005875,0.014895
0.000000,0.000000,0.000000,0.000000,0.001040,-0.001892,60.013382,0.000000,0.000000,0.005546,0.015276
0.000000,0.000000,0.000000,0.000000,0.007859,-0.002344,60.010273,0.000000,0.000000,0.005354,0.015421
0.000000,0.000000,0.000000,0.000000,0.030483,-0.027186,59.999680,0.000000,0.000000,0.004837,0.015809
0.000000,0.000000,0.000000,0.000000,-0.006829,-0.012683,59.991531,0.000000,0.000000,0.004545,0.016026
0.000000,0.000000,0.000000,0.000000,-0.023314,0.003776,59.982265,0.000000,0.000000,0.004177,0.016300
0.000000,0.000000,0.000000,0.000000,-0.024830,-0.018163,59.973042,0.000000,0.000000,0.003877,0.016515
0.000000,0.000000,0.000000,0.000000,0.007811,-0.013752,59.954586,0.000000,0.000000,0.003324,0.016767
0.000000,0.000000,0.000000,0.000000,0.004148,-0.014213,59.943340,0.000000,0.000000,0.003020,0.017110
0.000000,0.000000,0.000000,0.000000,0.014226,0.006268,59.934147,0.000000,0.000000,0.002422,0.017518
0.000000,0.000000,0.000000,0.000000,-0.047252,0.022580,59.929890,0.000000,0.000000,0.001914,0.017883
0.000000,0.000000,0.000000,0.000000,-0.020930,-0.016839,59.924431,0.000000,0.000000,0.001573,0.018122
0.000000,0.000000,0.000000,0.000000,0.016710,-0.000855,59.919304,0.000000,0.000000,0.001193,0.018377
0.000000,0.000000,0.000000,0.000000,0.028256,0.001605,59.913574,0.000000,0.000000,0.000615,0.018632
0.000000,0.000000,0.000000,0.000000,-0.007257,-0.002288,59.910622,0.000000,0.000000,0.000302,0.018991
0.000000,0.000000,0.000000,0.000000,-0.013083,0.004258,59.904900,0.000000,0.000000,-0.000097,0.019272
0.000000,0.000000,0.000000,0.000000,-0.005592,0.004284,59.899086,0.000000,0.000000,-0.000473,0.019530
0.000000,0.000000,0.000000,0.000000,-0.014630,-0.008377,59.893486,0.000000,0.000000,-0.000824,0.019767
0.000000,0.000000,0.000000,0.000000,0.031114,-0.016608,59.890938,0.000000,0.000000,-0.001176,0.019998
0.000000,0.000000,0.000000,0.000000,0.013143,0.043808,59.885139,0.000000,0.000000,-0.001690,0.020334
0.000000,0.000000,0.000000,0.000000,-0.002974,-0.014079,59.877979,0.000000,0.000000,-0.002079,0.020610
0.000000,0.000000,0.000000,0.000000,-0.010317,-0.008501,59.865200,0.000000,0.000000,-0.002413,0.020842
0.000000,0.000000,0.000000,0.000000,0.000588,0.005419,59.854565,0.000000,0.000000,-0.002888,0.021159
0.000000,0.000000,0.000000,0.000000,0.011860,0.017616,59.843056,0.000000,0.000000,-0.003250,0.021408
0.000000,0.000000,0.000000,0.000000,-0.003484,-0.006214,59.824070,0.000000,0.000000,-0.003940,0.021755
0.000000,0.000000,0.000000,0.000000,-0.001900,-0.000980,59.815308,0.000000,0.000000,-0.004716,0.022402
0.000000,0.000000,0.000000,0.000000,-0.014717,0.020540,59.814972,0.000000,0.000000,-0.005017,0.022601
0.000000,0.000000,0.000000,0.000000,-0.013419,-0.027572,59.813168,0.000000,0.000000,-0.005536,0.022953
0.000000,0.000000,0.000000,0.000000,-0.002528,-0.002148,59.810581,0.000000,0.000000,-0.005729,0.023082
0.000000,0.000000,0.000000,0.000000,0.002276,-0.007441,59.809055,0.000000,0.000000,-0.006197,0.023388
0.000000,0.000000,0.000000,0.000000,-0.001120,0.001140,59.804680,0.000000,0.000000,-0.006744,0.023750
0.000000,0.000000,0.000000,0.000000,0.028157,-0.005714,59.804871,0.000000,0.000000,-0.007047,0.023945
0.000000,0.000000,0.000000,0.000000,0.003236,-0.000850,59.804127,0.000000,0.000000,-0.007422,0.024198
0.000000,0.000000,0.000000,0.000000,-0.003539,-0.010176,59.802826,0.000000,0.000000,-0.007848,0.024481
0.000000,0.000000,0.000000,0.000000,0.033501,-0.018770,59.800819,0.000000,0.000000,-0.008327,0.024798
0.000000,0.000000,0.000000,0.000000,0.000187,-0.000240,59.800251,0.000000,0.000000,-0.008692,0.025042
0.000000,0.000000,0.000000,0.000000,-0.019278,-0.004791,59.798244,0.000000,0.000000,-0.009111,0.025308
0.000000,0.000000,0.000000,0.000000,-0.003413,-0.000469,59.796757,0.000000,0.000000,-0.009485,0.025546
0.000000,0.000000,0.000000,0.000000,-0.023902,0.012661,59.796249,0.000000,0.000000,-0.009859,0.025783
0.000000,0.000000,0.000000,0.000000,0.006345,0.001102,59.793243,0.000000,0.000000,-0.010292,0.026048
0.000000,0.000000,0.000000,0.000000,-0.013545,-0.000515,59.789562,0.000000,0.000000,-0.010644,0.026268
0.000000,0.000000,0.000000,0.000000,0.023562,0.005890,59.788082,0.000000,0.000000,-0.011139,0.026568
0.000000,0.000000,0.000000,0.000000,0.019619,-0.007413,59.788353,0.000000,0.000000,-0.011492,0.026786
0.000000,0.000000,0.000000,0.000000,-0.014125,0.007001,59.786926,0.000000,0.000000,-0.011861,0.027019
0.000000,0.000000,0.000000,0.000000,0.016117,-0.024997,59.785629,0.000000,0.000000,-0.012281,0.027276
0.000000,0.000000,0.000000,0.000000,-0.013294,0.031400,59.784374,0.000000,0.000000,-0.012616,0.027486
0.000000,0.000000,0.000000,0.000000,-0.011807,0.007653,59.783176,0.000000,0.000000,-0.012979,0.027717
0.000000,0.000000,0.000000,0.000000,0.021253,-0.041169,59.783165,0.000000,0.000000,-0.013319,0.027929
0.000000,0.000000,0.000000,0.000000,-0.046953,-0.032174,59.782631,0.000000,0.000000,-0.013628,0.028109
0.000000,0.000000,0.000000,0.000000,0.005617,-0.099523,59.782387,0.000000,0.000000,-0.014202,0.028416
0.000000,0.000000,0.000000,0.000000,-0.024560,0.055304,59.784515,0.000000,0.000000,-0.015259,0.028895
0.000000,0.000000,0.000000,0.000000,0.018703,-0.024782,59.778214,0.000000,0.000000,-0.015575,0.029035
0.000000,0.000000,0.000000,0.000000,0.016299,0.019824,59.779572,0.000000,0.000000,-0.016073,0.029244
0.000000,0.000000,0.000000,0.000000,-0.015800,-0.008967,59.783001,0.000000,0.000000,-0.016418,0.029386
0.000000,0.000000,0.000000,0.000000,-0.022372,-0.094510,59.777618,0.000000,0.000000,-0.016791,0.029537
0.000000,0.000000,0.000000,0.000000,-0.011660,0.068004,59.773029,0.000000,0.000000,-0.017141,0.029649
0.000000,0.000000,0.000000,0.000000,0.000216,0.002578,59.770657,0.000000,0.000000,-0.017569,0.029811
0.000000,0.000000,0.000000,0.000000,0.031723,-0.077354,59.765617,0.000000,0.000000,-0.018114,0.030047
0.000000,0.000000,0.000000,0.000000,0.069522,0.022217,59.764427,0.000000,0.000000,-0.018461,0.030173
0.000000,0.000000,0.000000,0.000000,-0.061027,-0.021641,59.755630,0.000000,0.000000,-0.018883,0.030333
0.000000,0.000000,0.000000,0.000000,-0.006131,0.001338,59.746841,0.000000,0.000000,-0.019220,0.030457
0.000000,0.000000,0.000000,0.000000,0.078525,0.013376,59.738358,0.000000,0.000000,-0.019632,0.030603
0.000000,0.000000,0.000000,0.000000,0.042184,0.027625,59.740433,0.000000,0.000000,-0.019942,0.030736
0.000000,0.000000,0.000000,0.000000,-0.029591,-0.023442,59.740501,0.000000,0.000000,-0.020234,0.030876
0.000000,0.000000,0.000000,0.000000,-0.028538,-0.058514,59.735531,0.000000,0.000000,-0.020698,0.031062
0.000000,0.000000,0.000000,0.000000,-0.011992,0.007251,59.733257,0.000000,0.000000,-0.020843,0.031100
0.000000,0.000000,0.000000,0.000000,0.034522,0.041707,59.724117,0.000000,0.000000,-0.021247,0.031215
0.000000,0.000000,0.000000,0.000000,-0.040614,-0.031556,59.720142,0.000000,0.000000,-0.021546,0.031328
0.000000,0.000000,0.000000,0.000000,0.004026,-0.033123,59.712452,0.000000,0.000000,-0.022025,0.031484
0.000000,0.000000,0.000000,0.000000,0.037910,0.038695,59.713619,0.000000,0.000000,-0.022312,0.031563
0.000000,0.000000,0.000000,0.000000,0.042655,0.038172,59.717033,0.000000,0.000000,-0.022476,0.031619
0.000000,0.000000,0.000000,0.000000,-0.068372,-0.053316,59.716793,0.000000,0.000000,-0.022854,0.031747
0.000000,0.000000,0.000000,0.000000,-0.097708,0.007835,59.708748,0.000000,0.000000,-0.023138,0.031822
0.000000,0.000000,0.000000,0.000000,0.007796,0.075061,59.692211,0.000000,0.000000,-0.023536,0.031921
0.000000,0.000000,0.000000,0.000000,0.114786,0.028980,59.689625,0.000000,0.000000,-0.023818,0.031993
0.000000,0.000000,0.000000,0.000000,-0.020946,-0.112534,59.679897,0.000000,0.000000,-0.024118,0.032087
0.000000,0.000000,0.000000,0.000000,0.004825,0.002460,59.670200,0.000000,0.000000,-0.024441,0.032155
0.000000,0.000000,0.000000,0.000000,0.091449,0.102111,59.680866,0.000000,0.000000,-0.024732,0.032214
0.000000,0.000000,0.000000,0.000000,-0.046855,-0.033486,59.683765,0.000000,0.000000,-0.024953,0.032282
0.000000,0.000000,0.000000,0.000000,-0.157451,-0.049002,59.681641,0.000000,0.000000,-0.025234,0.032366
0.000000,0.000000,0.000000,0.000000,0.014893,0.048355,59.681160,0.000000,0.000000,-0.025591,0.032442
0.000000,0.000000,0.000000,0.000000,0.147439,0.050332,59.678387,0.000000,0.000000,-0.025913,0.032526
0.000000,0.000000,0.000000,0.000000,0.016775,-0.023042,59.680138,0.000000,0.000000,-0.026165,0.032614
0.000000,0.000000,0.000000,0.000000,-0.156466,-0.181590,59.681087,0.000000,0.000000,-0.026438,0.032704
0.000000,0.000000,0.000000,0.000000,0.071800,0.254431,59.694843,0.000000,0.000000,-0.026904,0.032705
0.000000,0.000000,0.000000,0.000000,0.020362,0.401957,59.690647,0.000000,0.000000,-0.027020,0.032699
0.000000,0.000000,0.000000,0.000000,-0.093978,-0.046419,59.678764,0.000000,0.000000,-0.027626,0.032880
0.000000,0.000000,0.000000,0.000000,0.164059,-0.073349,59.667107,0.000000,0.000000,-0.027977,0.032964
0.000000,0.000000,0.000000,0.000000,0.055346,-0.033043,59.659477,0.000000,0.000000,-0.028313,0.033032
0.000000,0.000000,0.000000,0.000000,-0.031132,0.005427,59.657085,0.000000,0.000000,-0.028800,0.033120
0.000000,0.000000,0.000000,0.000000,0.012659,0.004934,59.659271,0.000000,0.000000,-0.028955,0.033146
0.000000,0.000000,0.000000,0.000000,-0.012728,-0.034879,59.659428,0.000000,0.000000,-0.029444,0.033202
0.000000,0.000000,0.000000,0.000000,0.011773,-0.042048,59.655739,0.000000,0.000000,-0.029599,0.033274
0.000000,0.000000,0.000000,0.000000,0.015622,0.071765,59.652107,0.000000,0.000000,-0.029961,0.033347
0.000000,0.000000,0.000000,0.000000,-0.015996,-0.037204,59.648861,0.000000,0.000000,-0.030474,0.033462
0.000000,0.000000,0.000000,0.000000,-0.007247,0.011834,59.642597,0.000000,0.000000,-0.030801,0.033529
0.000000,0.000000,0.000000,0.000000,-0.006449,-0.001394,59.640980,0.000000,0.000000,-0.031251,0.033630
0.000000,0.000000,0.000000,0.000000,0.009739,-0.012365,59.637146,0.000000,0.000000,-0.031577,0.033707
0.000000,0.000000,0.000000,0.000000,-0.012721,0.011198,59.631466,0.000000,0.000000,-0.031928,0.033791
0.000000,0.000000,0.000000,0.000000,-0.001632,-0.023100,59.629238,0.000000,0.000000,-0.032256,0.033867
0.000000,0.000000,0.000000,0.000000,-0.002259,0.007513,59.626152,0.000000,0.000000,-0.032528,0.033919
0.000000,0.000000,0.000000,0.000000,-0.015707,0.023548,59.623344,0.000000,0.000000,-0.032974,0.034004
0.000000,0.000000,0.000000,0.000000,-0.009871,-0.000989,59.620407,0.000000,0.000000,-0.033299,0.034076
0.000000,0.000000,0.000000,0.000000,0.237221,-0.086982,59.618694,0.000000,0.000000,-0.033648,0.034155
0.000000,0.000000,0.000000,0.000000,-0.096054,0.103946,59.632927,0.000000,0.000000,-0.033878,0.034197
0.000000,0.000000,0.000000,0.000000,-0.056366,-0.194434,59.626888,0.000000,0.000000,-0.034192,0.034281
0.000000,0.000000,0.000000,0.000000,-0.006382,0.067437,59.629635,0.000000,0.000000,-0.034529,0.034319
0.000000,0.000000,0.000000,0.000000,0.085297,0.047752,59.625706,0.000000,0.000000,-0.034891,0.034371
0.000000,0.000000,0.000000,0.000000,-0.048335,-0.024306,59.618931,0.000000,0.000000,-0.035148,0.034413
0.000000,0.000000,0.000000,0.000000,-0.005545,-0.006031,59.613029,0.000000,0.000000,-0.035474,0.034462
0.000000,0.000000,0.000000,0.000000,0.059627,0.013836,59.609814,0.000000,0.000000,-0.035822,0.034516
0.000000,0.000000,0.000000,0.000000,0.038154,-0.017431,59.600967,0.000000,0.000000,-0.036227,0.034577
0.000000,0.000000,0.000000,0.000000,-0.004859,0.060214,59.593079,0.000000,0.000000,-0.036381,0.034602
0.000000,0.000000,0.000000,0.000000,-0.010034,0.001356,59.591343,0.000000,0.000000,-0.036639,0.034647
0.000000,0.000000,0.000000,0.000000,0.015314,0.016570,59.593147,0.000000,0.000000,-0.037062,0.034727
0.000000,0.000000,0.000000,0.000000,0.009996,0.010942,59.592316,0.000000,0.000000,-0.037181,0.034748
0.000000,0.000000,0.000000,0.000000,-0.005298,-0.032290,59.590599,0.000000,0.000000,-0.037514,0.034802
0.000000,0.000000,0.000000,0.000000,0.021182,0.007854,59.591160,0.000000,0.000000,-0.037923,0.034863
0.000000,0.000000,0.000000,0.000000,-0.035000,-0.046704,59.598885,0.000000,0.000000,-0.038137,0.034888
0.000000,0.000000,0.000000,0.000000,0.000944,0.048762,59.592499,0.000000,0.000000,-0.038550,0.034923
0.000000,0.000000,0.000000,0.000000,-0.025972,0.020318,59.584957,0.000000,0.000000,-0.038670,0.034935
0.000000,0.000000,0.000000,0.000000,0.013121,-0.012771,59.594341,0.000000,0.000000,-0.039027,0.034985
0.000000,0.000000,0.000000,0.000000,0.052356,-0.134087,59.597839,0.000000,0.000000,-0.039301,0.035021
0.000000,0.000000,0.000000,0.000000,-0.050402,0.116666,59.600216,0.000000,0.000000,-0.039703,0.035018
0.000000,0.000000,0.000000,0.000000,0.015215,0.128461,59.601734,0.000000,0.000000,-0.039951,0.035038
0.000000,0.000000,0.000000,0.000000,-0.009173,-0.043754,59.601952,0.000000,0.000000,-0.040095,0.035067
0.000000,0.000000,0.000000,0.000000,0.004253,0.047376,59.600960,0.000000,0.000000,-0.040521,0.035127
0.000000,0.000000,0.000000,0.000000,0.025119,-0.025123,59.596741,0.000000,0.000000,-0.040905,0.035204
0.000000,0.000000,0.000000,0.000000,-0.024049,-0.030976,59.598557,0.000000,0.000000,-0.041168,0.035255
0.000000,0.000000,0.000000,0.000000,0.033204,0.077588,59.598549,0.000000,0.000000,-0.041639,0.035301
0.000000,0.000000,0.000000,0.000000,0.026458,0.057194,59.598511,0.000000,0.000000,-0.041905,0.035343
0.000000,0.000000,0.000000,0.000000,-0.011453,-0.093283,59.597355,0.000000,0.000000,-0.042109,0.035379
0.000000,0.000000,0.000000,0.000000,0.069836,-0.090287,59.600792,0.000000,0.000000,-0.042395,0.035413
0.000000,0.000000,0.000000,0.000000,-0.067454,0.088029,59.603764,0.000000,0.000000,-0.042658,0.035417
0.000000,0.000000,0.000000,0.000000,-0.032041,0.070853,59.603039,0.000000,0.000000,-0.042926,0.035441
0.000000,0.000000,0.000000,0.000000,-0.015700,-0.044359,59.605408,0.000000,0.000000,-0.043182,0.035482
0.000000,0.000000,0.000000,0.000000,0.059896,0.004515,59.608456,0.000000,0.000000,-0.043564,0.035515
0.000000,0.000000,0.000000,0.000000,0.190896,0.561218,59.610962,0.000000,0.000000,-0.043825,0.035523
0.000000,0.000000,0.000000,0.000000,-0.019146,-0.083106,59.600613,0.000000,0.000000,-0.044062,0.035680
0.000000,0.000000,0.000000,0.000000,-0.141004,-0.441416,59.611397,0.000000,0.000000,-0.044246,0.035839
0.000000,0.000000,0.000000,0.000000,-0.025930,0.076175,59.613712,0.000000,0.000000,-0.044399,0.035895
0.000000,0.000000,0.000000,0.000000,-0.134784,0.010917,59.607601,0.000000,0.000000,-0.044682,0.036019
0.000000,0.000000,0.000000,0.000000,0.111687,-0.031979,59.606945,0.000000,0.000000,-0.044929,0.036110
0.000000,0.000000,0.000000,0.000000,0.005400,-0.100058,59.602367,0.000000,0.000000,-0.045213,0.036223
0.000000,0.000000,0.000000,0.000000,-0.081448,-0.015557,59.600368,0.000000,0.000000,-0.045399,0.036265
0.000000,0.000000,0.000000,0.000000,0.000798,0.010468,59.600578,0.000000,0.000000,-0.045802,0.036348
0.000000,0.000000,0.000000,0.000000,0.082129,0.004629,59.601719,0.000000,0.000000,-0.046020,0.036391
0.000000,0.000000,0.000000,0.000000,-0.051819,-0.037863,59.599567,0.000000,0.000000,-0.046393,0.036477
0.000000,0.000000,0.000000,0.000000,-0.087344,-0.027125,59.600723,0.000000,0.000000,-0.046506,0.036494
0.000000,0.000000,0.000000,0.000000,-0.011658,0.034150,59.601330,0.000000,0.000000,-0.046750,0.036527
0.000000,0.000000,0.000000,0.000000,0.038793,0.000062,59.602062,0.000000,0.000000,-0.047023,0.036580
0.000000,0.000000,0.000000,0.000000,-0.015026,-0.021979,59.601925,0.000000,0.000000,-0.047306,0.036639
0.000000,0.000000,0.000000,0.000000,-0.048354,0.016562,59.601330,0.000000,0.000000,-0.047545,0.036677
0.000000,0.000000,0.000000,0.000000,0.007377,0.008370,59.602684,0.000000,0.000000,-0.047796,0.036716
0.000000,0.000000,0.000000,0.000000,0.001511,0.001869,59.601261,0.000000,0.000000,-0.048210,0.036792
0.000000,0.000000,0.000000,0.000000,-0.018942,-0.000852,59.600018,0.000000,0.000000,-0.048471,0.036843
0.000000,0.000000,0.000000,0.000000,0.018267,0.005845,59.599377,0.000000,0.000000,-0.048662,0.036870
0.000000,0.000000,0.000000,0.000000,0.014078,0.003113,59.599335,0.000000,0.000000,-0.048923,0.036920
0.000000,0.000000,0.000000,0.000000,0.004369,0.025961,59.598408,0.000000,0.000000,-0.049157,0.036961
0.000000,0.000000,0.000000,0.000000,-0.008525,0.000782,59.596489,0.000000,0.000000,-0.049580,0.037058
0.000000,0.000000,0.000000,0.000000,0.000360,-0.000823,59.596420,0.000000,0.000000,-0.049698,0.037083
0.000000,0.000000,0.000000,0.000000,-0.012011,0.002265,59.596100,0.000000,0.000000,-0.050069,0.037165
0.000000,0.000000,0.000000,0.000000,-0.001391,-0.002738,59.595558,0.000000,0.000000,-0.050275,0.037210
0.000000,0.000000,0.000000,0.000000,0.009728,0.003303,59.597309,0.000000,0.000000,-0.050666,0.037304
0.000000,0.000000,0.000000,0.000000,-0.002049,-0.004083,59.598087,0.000000,0.000000,-0.050891,0.037357
0.000000,0.000000,0.000000,0.000000,0.002435,0.001303,59.596508,0.000000,0.000000,-0.051315,0.037451
0.000000,0.000000,0.000000,0.000000,-0.008409,0.001266,59.594891,0.000000,0.000000,-0.051853,0.037567
0.000000,0.000000,0.000000,0.000000,-0.015993,0.031804,59.594772,0.000000,0.000000,-0.052192,0.037642
0.000000,0.000000,0.000000,0.000000,0.022892,0.005024,59.595127,0.000000,0.000000,-0.052306,0.037671
0.000000,0.000000,0.000000,0.000000,-0.000669,-0.001039,59.594944,0.000000,0.000000,-0.052529,0.037729
0.000000,0.000000,0.000000,0.000000,-0.014443,-0.011933,59.592560,0.000000,0.000000,-0.052908,0.037834
0.000000,0.000000,0.000000,0.000000,-0.007834,-0.007429,59.591461,0.000000,0.000000,-0.053020,0.037862
0.000000,0.000000,0.000000,0.000000,0.007568,-0.013133,59.591919,0.000000,0.000000,-0.053266,0.037923
0.000000,0.000000,0.000000,0.000000,-0.005511,0.007297,59.591118,0.000000,0.000000,-0.053615,0.038003
0.000000,0.000000,0.000000,0.000000,0.007744,-0.005088,59.592171,0.000000,0.000000,-0.053855,0.038060
0.000000,0.000000,0.000000,0.000000,0.010374,0.004025,59.593723,0.000000,0.000000,-0.053962,0.038084
0.000000,0.000000,0.000000,0.000000,-0.022618,0.011802,59.592144,0.000000,0.000000,-0.054174,0.038131
0.000000,0.000000,0.000000,0.000000,-0.000986,-0.000964,59.591919,0.000000,0.000000,-0.054410,0.038188
0.000000,0.000000,0.000000,0.000000,0.033691,-0.004831,59.592190,0.000000,0.000000,-0.054778,0.038274
0.000000,0.000000,0.000000,0.000000,0.000032,-0.000168,59.592411,0.000000,0.000000,-0.054882,0.038295
0.000000,0.000000,0.000000,0.000000,-0.008739,0.025611,59.593693,0.000000,0.000000,-0.055088,0.038337
0.000000,0.000000,0.000000,0.000000,-0.013990,0.008602,59.593128,0.000000,0.000000,-0.055295,0.038383
0.000000,0.000000,0.000000,0.000000,0.014001,-0.006930,59.593258,0.000000,0.000000,-0.055574,0.038451
0.000000,0.000000,0.000000,0.000000,-0.000197,0.000838,59.593761,0.000000,0.000000,-0.055758,0.038485
0.000000,0.000000,0.000000,0.000000,-0.002868,-0.000249,59.593189,0.000000,0.000000,-0.056106,0.038558
0.000000,0.000000,0.000000,0.000000,-0.027498,0.022310,59.597897,0.000000,0.000000,-0.056286,0.038588
0.000000,0.000000,0.000000,0.000000,0.014149,-0.044687,59.597908,0.000000,0.000000,-0.056540,0.038643
0.000000,0.000000,0.000000,0.000000,-0.181260,-0.170227,59.598953,0.000000,0.000000,-0.056768,0.038684
0.000000,0.000000,0.000000,0.000000,-0.196896,0.036029,59.587124,0.000000,0.000000,-0.056962,0.038697
0.000000,0.000000,0.000000,0.000000,-0.033351,0.002897,59.573574,0.000000,0.000000,-0.057237,0.038763
0.000000,0.000000,0.000000,0.000000,0.059688,-0.009275,59.569454,0.000000,0.000000,-0.057495,0.038827
0.000000,0.000000,0.000000,0.000000,-0.064581,-0.044802,59.553852,0.000000,0.000000,-0.057933,0.038923
0.000000,0.000000,0.000000,0.000000,-0.018118,-0.018407,59.551212,0.000000,0.000000,-0.058051,0.038941
0.000000,0.000000,0.000000,0.000000,0.022837,0.001028,59.552544,0.000000,0.000000,-0.058289,0.038973
0.000000,0.000000,0.000000,0.000000,0.038810,0.074144,59.553886,0.000000,0.000000,-0.058569,0.039020
0.000000,0.000000,0.000000,0.000000,-0.085884,0.035380,59.553513,0.000000,0.000000,-0.058818,0.039088
0.000000,0.000000,0.000000,0.000000,0.155853,-0.245427,59.540070,0.000000,0.000000,-0.059033,0.039147
0.000000,0.000000,0.000000,0.000000,0.221299,-0.260508,59.541969,0.000000,0.000000,-0.059325,0.039241
0.000000,0.000000,0.000000,0.000000,-0.154179,0.113858,59.500393,0.000000,0.000000,-0.059623,0.039269
0.000000,0.000000,0.000000,0.000000,-0.205508,0.090611,59.498333,0.000000,0.000000,-0.059711,0.039279
0.000000,0.000000,0.000000,0.000000,0.217376,-0.126725,59.504635,0.000000,0.000000,-0.060026,0.039346
0.000000,0.000000,0.000000,0.000000,0.019123,-0.229266,59.506718,0.000000,0.000000,-0.060279,0.039394
