0.000000,0.000000,0.000000,0.000000,0.060322,0.061974,9.459062,0.000000,0.000000,0.000000,0.000000
0.000000,0.000000,0.000000,0.000000,-0.004069,0.010808,28.133350,0.000000,0.000000,-1.879124,-2.352431
0.000000,0.000000,0.000000,0.000000,-0.000241,-0.001589,28.133993,0.000000,0.000000,-1.557682,-1.949760
0.000000,0.000000,0.000000,0.000000,0.005543,-0.010396,28.136158,0.000000,0.000000,-1.282945,-1.605715
0.000000,0.000000,0.000000,0.000000,-0.000109,0.000116,28.137430,0.000000,0.000000,-1.090307,-1.364474
0.000000,0.000000,0.000000,0.000000,-0.010011,-0.007304,28.137058,0.000000,0.000000,-0.947767,-1.185944
0.000000,0.000000,0.000000,0.000000,-0.000012,0.001150,28.138044,0.000000,0.000000,-0.837979,-1.048398
0.000000,0.000000,0.000000,0.000000,-0.012191,0.003317,28.137480,0.000000,0.000000,-0.750879,-0.939308
0.000000,0.000000,0.000000,0.000000,0.007587,-0.005831,28.138956,0.000000,0.000000,-0.693154,-0.867033
0.000000,0.000000,0.000000,0.000000,-0.001514,-0.000034,28.140190,0.000000,0.000000,-0.632306,-0.790849
0.000000,0.000000,0.000000,0.000000,-0.002822,-0.016529,28.140663,0.000000,0.000000,-0.590740,-0.738822
0.000000,0.000000,0.000000,0.000000,0.006484,0.002583,28.142637,0.000000,0.000000,-0.545801,-0.682577
0.000000,0.000000,0.000000,0.000000,-0.000053,0.000460,28.143192,0.000000,0.000000,-0.514489,-0.643393
0.000000,0.000000,0.000000,0.000000,0.013578,-0.004948,28.144310,0.000000,0.000000,-0.479993,-0.600237
0.000000,0.000000,0.000000,0.000000,-0.030137,0.008518,28.146191,0.000000,0.000000,-0.455528,-0.569628
0.000000,0.000000,0.000000,0.000000,0.000586,-0.000480,28.147327,0.000000,0.000000,-0.428192,-0.535447
0.000000,0.000000,0.000000,0.000000,0.001522,0.000141,28.148052,0.000000,0.000000,-0.408545,-0.510868
0.000000,0.000000,0.000000,0.000000,-0.006435,0.004957,28.148407,0.000000,0.000000,-0.386357,-0.483122
0.000000,0.000000,0.000000,0.000000,-0.001483,0.003013,28.150433,0.000000,0.000000,-0.370243,-0.462963
0.000000,0.000000,0.000000,0.000000,0.005427,-0.009216,28.153412,0.000000,0.000000,-0.351907,-0.440016
0.000000,0.000000,0.000000,0.000000,0.002702,-0.001102,28.154760,0.000000,0.000000,-0.335251,-0.419184
0.000000,0.000000,0.000000,0.000000,0.002028,-0.003169,28.154358,0.000000,0.000000,-0.322982,-0.403841
0.000000,0.000000,0.000000,0.000000,0.015243,-0.009012,28.155602,0.000000,0.000000,-0.311608,-0.389611
0.000000,0.000000,0.000000,0.000000,-0.004766,0.010115,28.155453,0.000000,0.000000,-0.298419,-0.373123
0.000000,0.000000,0.000000,0.000000,-0.012095,-0.017621,28.155563,0.000000,0.000000,-0.288622,-0.360876
0.000000,0.000000,0.000000,0.000000,0.000685,-0.000473,28.155754,0.000000,0.000000,-0.277227,-0.346633
0.000000,0.000000,0.000000,0.000000,-0.012048,-0.013266,28.156445,0.000000,0.000000,-0.266706,-0.333481
0.000000,0.000000,0.000000,0.000000,0.016268,-0.010717,28.156200,0.000000,0.000000,-0.258818,-0.323619
0.000000,0.000000,0.000000,0.000000,0.000307,0.000529,28.157906,0.000000,0.000000,-0.249597,-0.312096
0.000000,0.000000,0.000000,0.000000,-0.001888,0.000411,28.158779,0.000000,0.000000,-0.242657,-0.303426
0.000000,0.000000,0.000000,0.000000,0.005224,0.001646,28.158047,0.000000,0.000000,-0.234501,-0.293236
0.000000,0.000000,0.000000,0.000000,0.003629,-0.007829,28.158955,0.000000,0.000000,-0.226860,-0.283692
0.000000,0.000000,0.000000,0.000000,0.003492,0.017023,28.160507,0.000000,0.000000,-0.221081,-0.276477
0.000000,0.000000,0.000000,0.000000,-0.003643,0.000527,28.162809,0.000000,0.000000,-0.214252,-0.267951
0.000000,0.000000,0.000000,0.000000,0.000218,-0.000190,28.162788,0.000000,0.000000,-0.209073,-0.261485
0.000000,0.000000,0.000000,0.000000,-0.001323,-0.002404,28.162804,0.000000,0.000000,-0.193807,-0.242453
0.000000,0.000000,0.000000,0.000000,-0.001935,0.000096,28.163204,0.000000,0.000000,-0.187460,-0.234539
0.000000,0.000000,0.000000,0.000000,-0.003923,-0.000418,28.164381,0.000000,0.000000,-0.183449,-0.229534
0.000000,0.000000,0.000000,0.000000,-0.002911,0.002409,28.164717,0.000000,0.000000,-0.179588,-0.224718
0.000000,0.000000,0.000000,0.000000,0.005036,-0.021201,28.165344,0.000000,0.000000,-0.175005,-0.218994
0.000000,0.000000,0.000000,0.000000,0.010176,0.002321,28.166666,0.000000,0.000000,-0.168947,-0.211439
0.000000,0.000000,0.000000,0.000000,-0.008482,0.001665,28.167318,0.000000,0.000000,-0.164057,-0.205348
0.000000,0.000000,0.000000,0.000000,0.000879,-0.008370,28.165775,0.000000,0.000000,-0.160178,-0.200518
0.000000,0.000000,0.000000,0.000000,0.014002,-0.004742,28.163807,0.000000,0.000000,-0.156471,-0.195905
0.000000,0.000000,0.000000,0.000000,0.006032,0.007097,28.162764,0.000000,0.000000,-0.152923,-0.191491
0.000000,0.000000,0.000000,0.000000,-0.005066,0.011368,28.164055,0.000000,0.000000,-0.149525,-0.187267
0.000000,0.000000,0.000000,0.000000,0.001249,0.004868,28.164406,0.000000,0.000000,-0.145630,-0.182426
0.000000,0.000000,0.000000,0.000000,-0.000242,0.000334,28.163424,0.000000,0.000000,-0.142531,-0.178577
0.000000,0.000000,0.000000,0.000000,-0.004188,-0.001951,28.162731,0.000000,0.000000,-0.139548,-0.174879
0.000000,0.000000,0.000000,0.000000,0.000946,0.001268,28.163118,0.000000,0.000000,-0.137246,-0.172026
0.000000,0.000000,0.000000,0.000000,-0.005148,0.001978,28.165447,0.000000,0.000000,-0.133922,-0.167910
0.000000,0.000000,0.000000,0.000000,0.001770,-0.002172,28.166014,0.000000,0.000000,-0.131273,-0.164629
0.000000,0.000000,0.000000,0.000000,0.001221,-0.007228,28.167522,0.000000,0.000000,-0.128710,-0.161459
0.000000,0.000000,0.000000,0.000000,0.000540,0.000981,28.167408,0.000000,0.000000,-0.126250,-0.158416
0.000000,0.000000,0.000000,0.000000,0.002429,0.006458,28.167406,0.000000,0.000000,-0.123861,-0.155470
0.000000,0.000000,0.000000,0.000000,0.000584,0.001565,28.170223,0.000000,0.000000,-0.121574,-0.152641
0.000000,0.000000,0.000000,0.000000,-0.018283,-0.015555,28.173052,0.000000,0.000000,-0.119368,-0.149909
0.000000,0.000000,0.000000,0.000000,-0.000873,-0.005794,28.173939,0.000000,0.000000,-0.117240,-0.147274
0.000000,0.000000,0.000000,0.000000,-0.000051,0.000131,28.173851,0.000000,0.000000,-0.115179,-0.144727
0.000000,0.000000,0.000000,0.000000,-0.016491,-0.007125,28.172630,0.000000,0.000000,-0.113184,-0.142265
0.000000,0.000000,0.000000,0.000000,-0.007808,0.005324,28.174959,0.000000,0.000000,-0.110878,-0.139415
0.000000,0.000000,0.000000,0.000000,-0.003193,0.008703,28.176167,0.000000,0.000000,-0.109039,-0.137131
0.000000,0.000000,0.000000,0.000000,0.004262,0.003284,28.176893,0.000000,0.000000,-0.107248,-0.134911
0.000000,0.000000,0.000000,0.000000,-0.001031,-0.006217,28.177116,0.000000,0.000000,-0.105846,-0.133177
0.000000,0.000000,0.000000,0.000000,0.009075,0.004320,28.177698,0.000000,0.000000,-0.103823,-0.130666
0.000000,0.000000,0.000000,0.000000,-0.001666,-0.000685,28.176725,0.000000,0.000000,-0.102183,-0.128628
0.000000,0.000000,0.000000,0.000000,0.004592,0.031603,28.176796,0.000000,0.000000,-0.100591,-0.126650
0.000000,0.000000,0.000000,0.000000,0.006969,0.007897,28.177469,0.000000,0.000000,-0.099047,-0.124727
0.000000,0.000000,0.000000,0.000000,-0.010076,0.006025,28.178028,0.000000,0.000000,-0.097538,-0.122846
0.000000,0.000000,0.000000,0.000000,-0.008013,-0.010839,28.179802,0.000000,0.000000,-0.096077,-0.121024
0.000000,0.000000,0.000000,0.000000,0.007872,-0.000157,28.179924,0.000000,0.000000,-0.094375,-0.118907
0.000000,0.000000,0.000000,0.000000,0.006291,0.007742,28.178919,0.000000,0.000000,-0.092987,-0.117185
0.000000,0.000000,0.000000,0.000000,-0.000333,-0.000076,28.180082,0.000000,0.000000,-0.091647,-0.115518
0.000000,0.000000,0.000000,0.000000,0.001268,-0.000237,28.182028,0.000000,0.000000,-0.090341,-0.113896
0.000000,0.000000,0.000000,0.000000,-0.002106,-0.007917,28.182135,0.000000,0.000000,-0.089063,-0.112312
0.000000,0.000000,0.000000,0.000000,-0.006922,-0.004429,28.182953,0.000000,0.000000,-0.087816,-0.110768
0.000000,0.000000,0.000000,0.000000,-0.002112,-0.006781,28.183115,0.000000,0.000000,-0.086611,-0.109274
0.000000,0.000000,0.000000,0.000000,-0.005587,-0.000668,28.184792,0.000000,0.000000,-0.085437,-0.107817
0.000000,0.000000,0.000000,0.000000,-0.011521,-0.002256,28.187469,0.000000,0.000000,-0.084292,-0.106395
0.000000,0.000000,0.000000,0.000000,-0.003315,0.004824,28.187841,0.000000,0.000000,-0.082734,-0.104462
0.000000,0.000000,0.000000,0.000000,-0.012197,-0.001567,28.187883,0.000000,0.000000,-0.081436,-0.102855
0.000000,0.000000,0.000000,0.000000,0.004595,-0.003100,28.188511,0.000000,0.000000,-0.080387,-0.101552
0.000000,0.000000,0.000000,0.000000,0.007452,0.007350,28.188791,0.000000,0.000000,-0.079360,-0.100281
0.000000,0.000000,0.000000,0.000000,-0.000467,-0.001146,28.188238,0.000000,0.000000,-0.078349,-0.099035
0.000000,0.000000,0.000000,0.000000,-0.001855,0.012553,28.186808,0.000000,0.000000,-0.077356,-0.097818
0.000000,0.000000,0.000000,0.000000,0.001370,-0.000806,28.187277,0.000000,0.000000,-0.076393,-0.096634
0.000000,0.000000,0.000000,0.000000,-0.001573,0.000062,28.187729,0.000000,0.000000,-0.075441,-0.095470
0.000000,0.000000,0.000000,0.000000,0.005327,0.000168,28.188108,0.000000,0.000000,-0.074520,-0.094336
0.000000,0.000000,0.000000,0.000000,-0.005473,0.000691,28.186800,0.000000,0.000000,-0.073789,-0.093437
0.000000,0.000000,0.000000,0.000000,0.003294,-0.001726,28.185892,0.000000,0.000000,-0.072730,-0.092127
0.000000,0.000000,0.000000,0.000000,-0.007007,-0.004659,28.187532,0.000000,0.000000,-0.071869,-0.091061
0.000000,0.000000,0.000000,0.000000,-0.011351,-0.010274,28.188959,0.000000,0.000000,-0.071032,-0.090021
0.000000,0.000000,0.000000,0.000000,0.005723,-0.005424,28.189348,0.000000,0.000000,-0.070054,-0.088806
0.000000,0.000000,0.000000,0.000000,0.003219,0.002841,28.189529,0.000000,0.000000,-0.069255,-0.087815
0.000000,0.000000,0.000000,0.000000,0.001091,-0.000135,28.189880,0.000000,0.000000,-0.068473,-0.086842
0.000000,0.000000,0.000000,0.000000,-0.000743,0.000270,28.190786,0.000000,0.000000,-0.067705,-0.085883
0.000000,0.000000,0.000000,0.000000,0.000110,-0.000157,28.190613,0.000000,0.000000,-0.066957,-0.084943
0.000000,0.000000,0.000000,0.000000,-0.000076,-0.000384,28.191423,0.000000,0.000000,-0.066231,-0.084025
0.000000,0.000000,0.000000,0.000000,0.004393,0.012049,28.191301,0.000000,0.000000,-0.065521,-0.083115
0.000000,0.000000,0.000000,0.000000,-0.010681,0.018035,28.190311,0.000000,0.000000,-0.064828,-0.082211
0.000000,0.000000,0.000000,0.000000,-0.002420,-0.008272,28.191942,0.000000,0.000000,-0.064155,-0.081318
0.000000,0.000000,0.000000,0.000000,0.001704,0.020549,28.192295,0.000000,0.000000,-0.063494,-0.080445
0.000000,0.000000,0.000000,0.000000,0.005324,0.002476,28.191835,0.000000,0.000000,-0.062837,-0.079580
0.000000,0.000000,0.000000,0.000000,-0.002546,0.002324,28.193436,0.000000,0.000000,-0.062194,-0.078739
0.000000,0.000000,0.000000,0.000000,0.000406,0.007761,28.193834,0.000000,0.000000,-0.061561,-0.077907
0.000000,0.000000,0.000000,0.000000,0.005743,0.000344,28.194044,0.000000,0.000000,-0.060947,-0.077097
0.000000,0.000000,0.000000,0.000000,-0.002686,-0.001116,28.195246,0.000000,0.000000,-0.060342,-0.076298
0.000000,0.000000,0.000000,0.000000,0.007824,-0.006631,28.195246,0.000000,0.000000,-0.059749,-0.075509
0.000000,0.000000,0.000000,0.000000,0.001151,-0.005993,28.197470,0.000000,0.000000,-0.059170,-0.074746
0.000000,0.000000,0.000000,0.000000,-0.000330,-0.002315,28.198366,0.000000,0.000000,-0.058598,-0.073991
0.000000,0.000000,0.000000,0.000000,0.001047,0.005149,28.199389,0.000000,0.000000,-0.057929,-0.073104
0.000000,0.000000,0.000000,0.000000,0.012261,-0.000380,28.198090,0.000000,0.000000,-0.057165,-0.072096
0.000000,0.000000,0.000000,0.000000,0.011033,0.011557,28.198965,0.000000,0.000000,-0.056627,-0.071388
0.000000,0.000000,0.000000,0.000000,0.005249,-0.002218,28.199524,0.000000,0.000000,-0.055996,-0.070558
0.000000,0.000000,0.000000,0.000000,-0.004843,-0.006017,28.198984,0.000000,0.000000,-0.055488,-0.069877
0.000000,0.000000,0.000000,0.000000,0.005371,0.006476,28.198009,0.000000,0.000000,-0.054991,-0.069206
0.000000,0.000000,0.000000,0.000000,-0.007409,0.000744,28.199509,0.000000,0.000000,-0.054501,-0.068541
0.000000,0.000000,0.000000,0.000000,-0.000071,0.001292,28.201309,0.000000,0.000000,-0.054026,-0.067882
0.000000,0.000000,0.000000,0.000000,-0.004315,0.010482,28.201935,0.000000,0.000000,-0.053563,-0.067244
0.000000,0.000000,0.000000,0.000000,0.000022,-0.000043,28.202375,0.000000,0.000000,-0.052929,-0.066360
0.000000,0.000000,0.000000,0.000000,0.000009,0.000282,28.201927,0.000000,0.000000,-0.052483,-0.065727
0.000000,0.000000,0.000000,0.000000,0.005451,-0.003875,28.203100,0.000000,0.000000,-0.052052,-0.065103
0.000000,0.000000,0.000000,0.000000,0.009472,0.025635,28.204268,0.000000,0.000000,-0.051548,-0.064371
0.000000,0.000000,0.000000,0.000000,0.001231,-0.001336,28.204779,0.000000,0.000000,-0.051213,-0.063873
0.000000,0.000000,0.000000,0.000000,-0.000837,-0.006236,28.206266,0.000000,0.000000,-0.050721,-0.063150
0.000000,0.000000,0.000000,0.000000,0.018717,-0.006009,28.206491,0.000000,0.000000,-0.050321,-0.062555
0.000000,0.000000,0.000000,0.000000,-0.000069,0.000172,28.205641,0.000000,0.000000,-0.049920,-0.061968
0.000000,0.000000,0.000000,0.000000,-0.000593,0.012757,28.206276,0.000000,0.000000,-0.049525,-0.061392
0.000000,0.000000,0.000000,0.000000,0.000551,0.000101,28.206583,0.000000,0.000000,-0.049135,-0.060823
0.000000,0.000000,0.000000,0.000000,-0.000339,0.008309,28.207308,0.000000,0.000000,-0.048669,-0.060150
0.000000,0.000000,0.000000,0.000000,0.000083,-0.000150,28.206051,0.000000,0.000000,-0.048284,-0.059602
0.000000,0.000000,0.000000,0.000000,0.012476,-0.000750,28.206354,0.000000,0.000000,-0.047901,-0.059053
0.000000,0.000000,0.000000,0.000000,-0.001944,-0.005079,28.204378,0.000000,0.000000,-0.047523,-0.058526
0.000000,0.000000,0.000000,0.000000,-0.011333,0.012281,28.204784,0.000000,0.000000,-0.047153,-0.058001
0.000000,0.000000,0.000000,0.000000,0.016295,-0.011363,28.205254,0.000000,0.000000,-0.046716,-0.057383
0.000000,0.000000,0.000000,0.000000,-0.005205,-0.005291,28.205280,0.000000,0.000000,-0.046343,-0.056869
0.000000,0.000000,0.000000,0.000000,-0.010593,0.006409,28.205702,0.000000,0.000000,-0.046049,-0.056468
0.000000,0.000000,0.000000,0.000000,-0.008250,0.004552,28.208296,0.000000,0.000000,-0.045617,-0.055864
0.000000,0.000000,0.000000,0.000000,0.001370,-0.000547,28.208860,0.000000,0.000000,-0.045271,-0.055371
0.000000,0.000000,0.000000,0.000000,0.011227,-0.003084,28.210827,0.000000,0.000000,-0.044927,-0.054885
0.000000,0.000000,0.000000,0.000000,0.006374,-0.001204,28.211708,0.000000,0.000000,-0.044587,-0.054411
0.000000,0.000000,0.000000,0.000000,0.001808,0.001773,28.211992,0.000000,0.000000,-0.044252,-0.053939
0.000000,0.000000,0.000000,0.000000,-0.007973,-0.008325,28.212271,0.000000,0.000000,-0.043923,-0.053483
0.000000,0.000000,0.000000,0.000000,-0.000641,-0.005876,28.214144,0.000000,0.000000,-0.043600,-0.053033
0.000000,0.000000,0.000000,0.000000,-0.002397,0.000141,28.215408,0.000000,0.000000,-0.043215,-0.052502
0.000000,0.000000,0.000000,0.000000,0.000981,0.003813,28.216806,0.000000,0.000000,-0.042893,-0.052063
0.000000,0.000000,0.000000,0.000000,0.014993,0.000864,28.216911,0.000000,0.000000,-0.042570,-0.051624
0.000000,0.000000,0.000000,0.000000,-0.012554,-0.010996,28.218534,0.000000,0.000000,-0.042248,-0.051189
0.000000,0.000000,0.000000,0.000000,-0.007738,-0.005201,28.218830,0.000000,0.000000,-0.041935,-0.050762
0.000000,0.000000,0.000000,0.000000,0.005853,0.010917,28.219908,0.000000,0.000000,-0.041628,-0.050341
0.000000,0.000000,0.000000,0.000000,0.000302,-0.005056,28.219961,0.000000,0.000000,-0.041321,-0.049927
0.000000,0.000000,0.000000,0.000000,0.011651,0.006003,28.219412,0.000000,0.000000,-0.041018,-0.049523
0.000000,0.000000,0.000000,0.000000,-0.006093,-0.000018,28.219143,0.000000,0.000000,-0.040715,-0.049126
0.000000,0.000000,0.000000,0.000000,-0.010950,-0.000764,28.219511,0.000000,0.000000,-0.040352,-0.048653
0.000000,0.000000,0.000000,0.000000,0.012693,0.001456,28.221262,0.000000,0.000000,-0.040114,-0.048340
0.000000,0.000000,0.000000,0.000000,0.002645,-0.000173,28.223602,0.000000,0.000000,-0.039768,-0.047889
0.000000,0.000000,0.000000,0.000000,0.003202,0.001116,28.226051,0.000000,0.000000,-0.039483,-0.047511
0.000000,0.000000,0.000000,0.000000,-0.000064,-0.004299,28.226410,0.000000,0.000000,-0.039199,-0.047140
0.000000,0.000000,0.000000,0.000000,-0.000650,0.000155,28.228664,0.000000,0.000000,-0.038802,-0.046630
0.000000,0.000000,0.000000,0.000000,0.000677,-0.001554,28.230900,0.000000,0.000000,-0.038526,-0.046272
0.000000,0.000000,0.000000,0.000000,-0.000632,-0.001928,28.232750,0.000000,0.000000,-0.038253,-0.045905
0.000000,0.000000,0.000000,0.000000,0.003301,0.000971,28.234280,0.000000,0.000000,-0.037986,-0.045541
0.000000,0.000000,0.000000,0.000000,-0.000499,0.001362,28.236588,0.000000,0.000000,-0.037727,-0.045182
0.000000,0.000000,0.000000,0.000000,-0.000331,0.002381,28.236216,0.000000,0.000000,-0.037476,-0.044826
0.000000,0.000000,0.000000,0.000000,0.003312,0.000493,28.236015,0.000000,0.000000,-0.037229,-0.044473
0.000000,0.000000,0.000000,0.000000,0.004305,0.003002,28.237129,0.000000,0.000000,-0.036938,-0.044061
0.000000,0.000000,0.000000,0.000000,-0.008668,0.009597,28.238388,0.000000,0.000000,-0.036742,-0.043774
0.000000,0.000000,0.000000,0.000000,-0.001096,-0.016971,28.238918,0.000000,0.000000,-0.036509,-0.043434
0.000000,0.000000,0.000000,0.000000,0.002074,-0.000435,28.241589,0.000000,0.000000,-0.036233,-0.043041
0.000000,0.000000,0.000000,0.000000,-0.004344,-0.010897,28.241903,0.000000,0.000000,-0.035950,-0.042650
0.000000,0.000000,0.000000,0.000000,0.006796,-0.003669,28.241051,0.000000,0.000000,-0.035716,-0.042331
0.000000,0.000000,0.000000,0.000000,0.001389,0.002018,28.240473,0.000000,0.000000,-0.035485,-0.042006
0.000000,0.000000,0.000000,0.000000,-0.009451,0.003475,28.240953,0.000000,0.000000,-0.035262,-0.041691
0.000000,0.000000,0.000000,0.000000,0.003530,0.000579,28.241457,0.000000,0.000000,-0.035041,-0.041379
0.000000,0.000000,0.000000,0.000000,0.003692,0.001881,28.240688,0.000000,0.000000,-0.034829,-0.041068
0.000000,0.000000,0.000000,0.000000,0.000779,-0.000318,28.241161,0.000000,0.000000,-0.034622,-0.040759
0.000000,0.000000,0.000000,0.000000,0.016691,0.002323,28.240465,0.000000,0.000000,-0.034424,-0.040457
0.000000,0.000000,0.000000,0.000000,0.009965,0.010096,28.239424,0.000000,0.000000,-0.034222,-0.040160
0.000000,0.000000,0.000000,0.000000,-0.000300,-0.000283,28.240892,0.000000,0.000000,-0.034023,-0.039861
0.000000,0.000000,0.000000,0.000000,-0.004036,-0.007907,28.241238,0.000000,0.000000,-0.033827,-0.039563
0.000000,0.000000,0.000000,0.000000,-0.000828,0.002843,28.241209,0.000000,0.000000,-0.033631,-0.039278
0.000000,0.000000,0.000000,0.000000,0.000596,0.000471,28.241726,0.000000,0.000000,-0.033436,-0.038992
0.000000,0.000000,0.000000,0.000000,-0.002927,-0.025275,28.240681,0.000000,0.000000,-0.033240,-0.038706
0.000000,0.000000,0.000000,0.000000,0.010995,0.003719,28.241259,0.000000,0.000000,-0.033005,-0.038375
0.000000,0.000000,0.000000,0.000000,0.007525,0.020165,28.242048,0.000000,0.000000,-0.032807,-0.038100
0.000000,0.000000,0.000000,0.000000,-0.002335,0.002629,28.243700,0.000000,0.000000,-0.032611,-0.037828
0.000000,0.000000,0.000000,0.000000,0.000386,0.000119,28.245514,0.000000,0.000000,-0.032416,-0.037568
0.000000,0.000000,0.000000,0.000000,-0.010930,-0.001538,28.246572,0.000000,0.000000,-0.032219,-0.037310
0.000000,0.000000,0.000000,0.000000,0.002255,0.005164,28.247187,0.000000,0.000000,-0.032023,-0.037049
0.000000,0.000000,0.000000,0.000000,-0.003646,0.005052,28.247831,0.000000,0.000000,-0.031791,-0.036753
0.000000,0.000000,0.000000,0.000000,0.013379,-0.003091,28.248695,0.000000,0.000000,-0.031600,-0.036511
0.000000,0.000000,0.000000,0.000000,-0.014102,-0.023671,28.250650,0.000000,0.000000,-0.031405,-0.036267
0.000000,0.000000,0.000000,0.000000,-0.006888,-0.004366,28.252979,0.000000,0.000000,-0.031218,-0.036030
0.000000,0.000000,0.000000,0.000000,-0.009878,-0.002080,28.253811,0.000000,0.000000,-0.031040,-0.035801
0.000000,0.000000,0.000000,0.000000,-0.004797,0.002641,28.254827,0.000000,0.000000,-0.030864,-0.035576
0.000000,0.000000,0.000000,0.000000,0.010049,-0.016760,28.254934,0.000000,0.000000,-0.030693,-0.035351
0.000000,0.000000,0.000000,0.000000,-0.008076,-0.000903,28.255045,0.000000,0.000000,-0.030520,-0.035135
0.000000,0.000000,0.000000,0.000000,0.000018,-0.000003,28.255789,0.000000,0.000000,-0.030285,-0.034794
0.000000,0.000000,0.000000,0.000000,0.010537,0.003854,28.256433,0.000000,0.000000,-0.030069,-0.034580
0.000000,0.000000,0.000000,0.000000,-0.003545,0.007049,28.255348,0.000000,0.000000,-0.029886,-0.034364
0.000000,0.000000,0.000000,0.000000,-0.007048,0.005190,28.256485,0.000000,0.000000,-0.029708,-0.034153
0.000000,0.000000,0.000000,0.000000,0.001327,-0.000651,28.255262,0.000000,0.000000,-0.029532,-0.033948
0.000000,0.000000,0.000000,0.000000,-0.000374,-0.000536,28.256329,0.000000,0.000000,-0.029357,-0.033745
0.000000,0.000000,0.000000,0.000000,-0.003168,0.002008,28.257509,0.000000,0.000000,-0.029182,-0.033542
0.000000,0.000000,0.000000,0.000000,0.009058,-0.005802,28.259737,0.000000,0.000000,-0.029009,-0.033334
0.000000,0.000000,0.000000,0.000000,-0.002694,-0.001807,28.259142,0.000000,0.000000,-0.028840,-0.033134
0.000000,0.000000,0.000000,0.000000,-0.014525,0.016084,28.260126,0.000000,0.000000,-0.028675,-0.032938
0.000000,0.000000,0.000000,0.000000,0.005480,-0.001092,28.259911,0.000000,0.000000,-0.028513,-0.032739
0.000000,0.000000,0.000000,0.000000,-0.001657,0.002164,28.260054,0.000000,0.000000,-0.028351,-0.032541
0.000000,0.000000,0.000000,0.000000,0.003092,-0.014025,28.260088,0.000000,0.000000,-0.028156,-0.032310
0.000000,0.000000,0.000000,0.000000,-0.007901,-0.004129,28.260866,0.000000,0.000000,-0.027986,-0.032129
0.000000,0.000000,0.000000,0.000000,-0.001359,0.003681,28.261671,0.000000,0.000000,-0.027822,-0.031953
0.000000,0.000000,0.000000,0.000000,0.007138,-0.005790,28.261864,0.000000,0.000000,-0.027660,-0.031775
0.000000,0.000000,0.000000,0.000000,-0.002841,0.001073,28.261620,0.000000,0.000000,-0.027498,-0.031597
0.000000,0.000000,0.000000,0.000000,0.004622,-0.004703,28.261345,0.000000,0.000000,-0.027339,-0.031420
0.000000,0.000000,0.000000,0.000000,-0.000387,0.005949,28.262125,0.000000,0.000000,-0.027179,-0.031239
0.000000,0.000000,0.000000,0.000000,-0.000631,0.012816,28.261395,0.000000,0.000000,-0.027025,-0.031058
0.000000,0.000000,0.000000,0.000000,0.000883,0.000703,28.260881,0.000000,0.000000,-0.026871,-0.030871
0.000000,0.000000,0.000000,0.000000,-0.008524,0.006402,28.261724,0.000000,0.000000,-0.026692,-0.030650
0.000000,0.000000,0.000000,0.000000,0.000021,0.001485,28.260956,0.000000,0.000000,-0.026545,-0.030459
0.000000,0.000000,0.000000,0.000000,-0.004044,0.010250,28.260937,0.000000,0.000000,-0.026425,-0.030302
0.000000,0.000000,0.000000,0.000000,-0.000385,0.002522,28.263494,0.000000,0.000000,-0.026249,-0.030064
0.000000,0.000000,0.000000,0.000000,0.008780,-0.003169,28.262541,0.000000,0.000000,-0.026107,-0.029871
0.000000,0.000000,0.000000,0.000000,0.013752,-0.000325,28.262157,0.000000,0.000000,-0.025934,-0.029641
0.000000,0.000000,0.000000,0.000000,0.013583,-0.017807,28.261847,0.000000,0.000000,-0.025765,-0.029410
0.000000,0.000000,0.000000,0.000000,0.006746,0.000180,28.263533,0.000000,0.000000,-0.025573,-0.029147
0.000000,0.000000,0.000000,0.000000,-0.003681,-0.011740,28.264790,0.000000,0.000000,-0.025466,-0.029000
0.000000,0.000000,0.000000,0.000000,-0.002115,-0.035738,28.265560,0.000000,0.000000,-0.025308,-0.028776
0.000000,0.000000,0.000000,0.000000,0.001226,-0.001639,28.267212,0.000000,0.000000,-0.025180,-0.028601
0.000000,0.000000,0.000000,0.000000,0.003506,0.001698,28.267994,0.000000,0.000000,-0.025023,-0.028398
0.000000,0.000000,0.000000,0.000000,0.012420,-0.004127,28.268600,0.000000,0.000000,-0.024889,-0.028241
0.000000,0.000000,0.000000,0.000000,0.002902,-0.000064,28.268028,0.000000,0.000000,-0.024749,-0.028089
0.000000,0.000000,0.000000,0.000000,-0.016171,0.006784,28.269588,0.000000,0.000000,-0.024610,-0.027947
0.000000,0.000000,0.000000,0.000000,-0.006273,0.005280,28.269859,0.000000,0.000000,-0.024477,-0.027805
0.000000,0.000000,0.000000,0.000000,-0.003171,0.000196,28.269787,0.000000,0.000000,-0.024348,-0.027665
0.000000,0.000000,0.000000,0.000000,-0.002157,-0.004917,28.270391,0.000000,0.000000,-0.024220,-0.027523
0.000000,0.000000,0.000000,0.000000,0.001801,0.001673,28.271105,0.000000,0.000000,-0.024092,-0.027382
0.000000,0.000000,0.000000,0.000000,0.002922,-0.005475,28.269522,0.000000,0.000000,-0.023878,-0.027150
0.000000,0.000000,0.000000,0.000000,-0.001465,0.002835,28.270065,0.000000,0.000000,-0.023747,-0.027014
0.000000,0.000000,0.000000,0.000000,0.000481,-0.011134,28.270910,0.000000,0.000000,-0.023618,-0.026879
0.000000,0.000000,0.000000,0.000000,-0.002392,-0.013504,28.271208,0.000000,0.000000,-0.023492,-0.026749
0.000000,0.000000,0.000000,0.000000,-0.001826,-0.002588,28.271496,0.000000,0.000000,-0.023333,-0.026599
0.000000,0.000000,0.000000,0.000000,0.000137,-0.001457,28.272392,0.000000,0.000000,-0.023202,-0.026473
0.000000,0.000000,0.000000,0.000000,0.001171,0.002152,28.275171,0.000000,0.000000,-0.023074,-0.026350
0.000000,0.000000,0.000000,0.000000,-0.007894,0.004996,28.275965,0.000000,0.000000,-0.022947,-0.026228
0.000000,0.000000,0.000000,0.000000,0.018340,-0.010041,28.276772,0.000000,0.000000,-0.022819,-0.026102
0.000000,0.000000,0.000000,0.000000,0.001285,0.001217,28.279089,0.000000,0.000000,-0.022653,-0.025962
0.000000,0.000000,0.000000,0.000000,-0.015359,0.012144,28.280935,0.000000,0.000000,-0.022514,-0.025847
0.000000,0.000000,0.000000,0.000000,0.017119,0.009473,28.280806,0.000000,0.000000,-0.022348,-0.025699
0.000000,0.000000,0.000000,0.000000,-0.008120,0.018407,28.280401,0.000000,0.000000,-0.022209,-0.025577
0.000000,0.000000,0.000000,0.000000,0.000858,0.002938,28.281628,0.000000,0.000000,-0.022071,-0.025449
0.000000,0.000000,0.000000,0.000000,-0.008813,0.011284,28.284269,0.000000,0.000000,-0.021934,-0.025321
0.000000,0.000000,0.000000,0.000000,-0.000390,-0.006068,28.284092,0.000000,0.000000,-0.021781,-0.025168
0.000000,0.000000,0.000000,0.000000,-0.002217,0.011653,28.285467,0.000000,0.000000,-0.021656,-0.025042
0.000000,0.000000,0.000000,0.000000,-0.002902,-0.000897,28.286711,0.000000,0.000000,-0.021540,-0.024912
0.000000,0.000000,0.000000,0.000000,0.001736,-0.001205,28.288303,0.000000,0.000000,-0.021449,-0.024809
0.000000,0.000000,0.000000,0.000000,0.003611,-0.002843,28.289997,0.000000,0.000000,-0.021316,-0.024658
0.000000,0.000000,0.000000,0.000000,0.010457,-0.003375,28.289959,0.000000,0.000000,-0.021206,-0.024539
0.000000,0.000000,0.000000,0.000000,0.000419,-0.000044,28.289183,0.000000,0.000000,-0.021096,-0.024426
0.000000,0.000000,0.000000,0.000000,0.011896,0.016295,28.288202,0.000000,0.000000,-0.020995,-0.024319
0.000000,0.000000,0.000000,0.000000,0.006067,0.002669,28.289751,0.000000,0.000000,-0.020894,-0.024212
0.000000,0.000000,0.000000,0.000000,-0.000914,-0.000980,28.290400,0.000000,0.000000,-0.020773,-0.024082
0.000000,0.000000,0.000000,0.000000,0.004513,-0.000770,28.292128,0.000000,0.000000,-0.020673,-0.023973
0.000000,0.000000,0.000000,0.000000,0.000666,0.000608,28.292728,0.000000,0.000000,-0.020569,-0.023862
0.000000,0.000000,0.000000,0.000000,-0.000543,0.000555,28.291727,0.000000,0.000000,-0.020466,-0.023754
0.000000,0.000000,0.000000,0.000000,0.003766,-0.006820,28.291939,0.000000,0.000000,-0.020365,-0.023652
0.000000,0.000000,0.000000,0.000000,0.006446,0.030104,28.291975,0.000000,0.000000,-0.020261,-0.023552
0.000000,0.000000,0.000000,0.000000,-0.018822,0.008722,28.292122,0.000000,0.000000,-0.020166,-0.023437
0.000000,0.000000,0.000000,0.000000,-0.002493,0.001498,28.291964,0.000000,0.000000,-0.020086,-0.023316
0.000000,0.000000,0.000000,0.000000,-0.002495,-0.002740,28.292704,0.000000,0.000000,-0.019991,-0.023172
0.000000,0.000000,0.000000,0.000000,-0.017839,0.010315,28.291885,0.000000,0.000000,-0.019913,-0.023053
0.000000,0.000000,0.000000,0.000000,-0.009977,-0.003697,28.293737,0.000000,0.000000,-0.019844,-0.022930
0.000000,0.000000,0.000000,0.000000,0.000101,-0.000971,28.292332,0.000000,0.000000,-0.019773,-0.022811
0.000000,0.000000,0.000000,0.000000,-0.003740,0.003649,28.291828,0.000000,0.000000,-0.019681,-0.022670
0.000000,0.000000,0.000000,0.000000,0.001769,0.002365,28.292068,0.000000,0.000000,-0.019610,-0.022547
0.000000,0.000000,0.000000,0.000000,0.004132,-0.000458,28.293409,0.000000,0.000000,-0.019551,-0.022452
0.000000,0.000000,0.000000,0.000000,-0.009030,-0.002814,28.294384,0.000000,0.000000,-0.019435,-0.022258
0.000000,0.000000,0.000000,0.000000,-0.001960,0.002948,28.291597,0.000000,0.000000,-0.019371,-0.022139
0.000000,0.000000,0.000000,0.000000,0.009246,0.001968,28.293308,0.000000,0.000000,-0.019289,-0.021996
0.000000,0.000000,0.000000,0.000000,0.005025,0.001950,28.293737,0.000000,0.000000,-0.019217,-0.021877
0.000000,0.000000,0.000000,0.000000,0.001022,-0.001579,28.292917,0.000000,0.000000,-0.019131,-0.021733
0.000000,0.000000,0.000000,0.000000,-0.000226,-0.016801,28.291759,0.000000,0.000000,-0.019059,-0.021611
0.000000,0.000000,0.000000,0.000000,-0.004433,0.003494,28.292501,0.000000,0.000000,-0.018972,-0.021467
0.000000,0.000000,0.000000,0.000000,0.009146,0.006554,28.293943,0.000000,0.000000,-0.018897,-0.021348
0.000000,0.000000,0.000000,0.000000,0.002486,-0.002704,28.295752,0.000000,0.000000,-0.018818,-0.021226
0.000000,0.000000,0.000000,0.000000,-0.001150,0.002507,28.296982,0.000000,0.000000,-0.018743,-0.021110
0.000000,0.000000,0.000000,0.000000,0.000516,-0.005792,28.298229,0.000000,0.000000,-0.018655,-0.020966
0.000000,0.000000,0.000000,0.000000,0.008113,0.001398,28.298981,0.000000,0.000000,-0.018583,-0.020852
0.000000,0.000000,0.000000,0.000000,-0.000076,-0.000015,28.299767,0.000000,0.000000,-0.018490,-0.020711
0.000000,0.000000,0.000000,0.000000,0.002792,-0.001134,28.300430,0.000000,0.000000,-0.018413,-0.020593
0.000000,0.000000,0.000000,0.000000,0.005208,0.001788,28.300039,0.000000,0.000000,-0.018339,-0.020482
0.000000,0.000000,0.000000,0.000000,-0.002268,0.000261,28.299011,0.000000,0.000000,-0.018252,-0.020347
0.000000,0.000000,0.000000,0.000000,-0.018604,-0.015681,28.299185,0.000000,0.000000,-0.018178,-0.020243
0.000000,0.000000,0.000000,0.000000,0.001961,0.008502,28.300268,0.000000,0.000000,-0.018108,-0.020143
0.000000,0.000000,0.000000,0.000000,0.014321,0.012661,28.301378,0.000000,0.000000,-0.018025,-0.020019
0.000000,0.000000,0.000000,0.000000,-0.000426,-0.004947,28.301613,0.000000,0.000000,-0.017951,-0.019913
0.000000,0.000000,0.000000,0.000000,-0.000124,-0.002323,28.303610,0.000000,0.000000,-0.017862,-0.019788
0.000000,0.000000,0.000000,0.000000,0.000144,0.000237,28.304928,0.000000,0.000000,-0.017788,-0.019685
0.000000,0.000000,0.000000,0.000000,0.000001,-0.034765,28.304462,0.000000,0.000000,-0.017700,-0.019585
0.000000,0.000000,0.000000,0.000000,-0.000754,-0.002565,28.305613,0.000000,0.000000,-0.017631,-0.019479
0.000000,0.000000,0.000000,0.000000,0.016927,0.014450,28.305256,0.000000,0.000000,-0.017569,-0.019396
0.000000,0.000000,0.000000,0.000000,-0.000898,-0.000577,28.305752,0.000000,0.000000,-0.017487,-0.019289
0.000000,0.000000,0.000000,0.000000,-0.000648,-0.007542,28.305742,0.000000,0.000000,-0.017418,-0.019200
0.000000,0.000000,0.000000,0.000000,-0.005199,-0.003793,28.306616,0.000000,0.000000,-0.017350,-0.019094
0.000000,0.000000,0.000000,0.000000,0.000959,0.000662,28.306759,0.000000,0.000000,-0.017270,-0.019004
0.000000,0.000000,0.000000,0.000000,0.008942,0.020661,28.305569,0.000000,0.000000,-0.017205,-0.018915
0.000000,0.000000,0.000000,0.000000,0.007388,-0.001234,28.304558,0.000000,0.000000,-0.017124,-0.018800
0.000000,0.000000,0.000000,0.000000,-0.010554,-0.001514,28.303677,0.000000,0.000000,-0.017045,-0.018679
0.000000,0.000000,0.000000,0.000000,-0.024036,-0.005846,28.304399,0.000000,0.000000,-0.016983,-0.018584
0.000000,0.000000,0.000000,0.000000,-0.001894,0.000697,28.305593,0.000000,0.000000,-0.016929,-0.018497
0.000000,0.000000,0.000000,0.000000,0.012127,0.005704,28.305393,0.000000,0.000000,-0.016862,-0.018398
0.000000,0.000000,0.000000,0.000000,-0.007243,-0.021100,28.305723,0.000000,0.000000,-0.016805,-0.018313
0.000000,0.000000,0.000000,0.000000,0.000196,0.001323,28.305567,0.000000,0.000000,-0.016754,-0.018231
0.000000,0.000000,0.000000,0.000000,-0.004970,-0.008750,28.306131,0.000000,0.000000,-0.016701,-0.018155
0.000000,0.000000,0.000000,0.000000,-0.000727,0.000373,28.307409,0.000000,0.000000,-0.016640,-0.018069
0.000000,0.000000,0.000000,0.000000,-0.001199,-0.000200,28.308254,0.000000,0.000000,-0.016591,-0.017995
0.000000,0.000000,0.000000,0.000000,0.016223,0.003726,28.308777,0.000000,0.000000,-0.016526,-0.017891
0.000000,0.000000,0.000000,0.000000,0.013412,0.015751,28.308477,0.000000,0.000000,-0.016466,-0.017803
0.000000,0.000000,0.000000,0.000000,0.003836,-0.002793,28.309557,0.000000,0.000000,-0.016410,-0.017724
0.000000,0.000000,0.000000,0.000000,0.003501,0.002036,28.310390,0.000000,0.000000,-0.016355,-0.017646
0.000000,0.000000,0.000000,0.000000,-0.000102,0.000171,28.310057,0.000000,0.000000,-0.016287,-0.017553
0.000000,0.000000,0.000000,0.000000,-0.014218,0.000953,28.309750,0.000000,0.000000,-0.016222,-0.017457
0.000000,0.000000,0.000000,0.000000,0.002038,0.003715,28.309359,0.000000,0.000000,-0.016168,-0.017377
0.000000,0.000000,0.000000,0.000000,-0.002821,0.000404,28.309675,0.000000,0.000000,-0.016115,-0.017299
0.000000,0.000000,0.000000,0.000000,0.012584,-0.007779,28.310743,0.000000,0.000000,-0.016048,-0.017213
0.000000,0.000000,0.000000,0.000000,0.003285,-0.002926,28.310589,0.000000,0.000000,-0.015990,-0.017144
0.000000,0.000000,0.000000,0.000000,0.001562,-0.003027,28.312260,0.000000,0.000000,-0.015934,-0.017076
0.000000,0.000000,0.000000,0.000000,0.012018,-0.007360,28.311419,0.000000,0.000000,-0.015869,-0.016995
0.000000,0.000000,0.000000,0.000000,0.003973,0.000311,28.312124,0.000000,0.000000,-0.015817,-0.016930
0.000000,0.000000,0.000000,0.000000,-0.009118,-0.005950,28.311640,0.000000,0.000000,-0.015741,-0.016846
0.000000,0.000000,0.000000,0.000000,-0.002610,-0.004347,28.310602,0.000000,0.000000,-0.015671,-0.016775
0.000000,0.000000,0.000000,0.000000,0.000485,-0.000572,28.310097,0.000000,0.000000,-0.015601,-0.016696
0.000000,0.000000,0.000000,0.000000,-0.001342,-0.001852,28.310316,0.000000,0.000000,-0.015521,-0.016594
0.000000,0.000000,0.000000,0.000000,-0.017090,-0.009060,28.311001,0.000000,0.000000,-0.015451,-0.016510
0.000000,0.000000,0.000000,0.000000,-0.001047,0.010207,28.309835,0.000000,0.000000,-0.015387,-0.016431
0.000000,0.000000,0.000000,0.000000,-0.026850,0.007863,28.308704,0.000000,0.000000,-0.015309,-0.016331
0.000000,0.000000,0.000000,0.000000,0.021578,-0.009903,28.307178,0.000000,0.000000,-0.015252,-0.016244
0.000000,0.000000,0.000000,0.000000,0.001048,0.001116,28.308676,0.000000,0.000000,-0.015177,-0.016152
0.000000,0.000000,0.000000,0.000000,-0.008694,0.001768,28.308445,0.000000,0.000000,-0.015115,-0.016071
0.000000,0.000000,0.000000,0.000000,0.001081,-0.000282,28.308359,0.000000,0.000000,-0.015055,-0.015990
0.000000,0.000000,0.000000,0.000000,-0.424456,0.236961,28.165483,0.000000,0.000000,-0.015182,-0.015461
0.000000,0.000000,0.000000,0.000000,0.276286,-0.790812,28.080290,0.000000,0.000000,-0.015828,-0.014092
0.000000,0.000000,0.000000,0.000000,0.015972,-0.099677,28.106394,0.000000,0.000000,-0.016365,-0.013122
0.000000,0.000000,0.000000,0.000000,-0.479727,0.763016,28.142979,0.000000,0.000000,-0.016715,-0.012518
0.000000,0.000000,0.000000,0.000000,-0.124066,0.163221,28.238056,0.000000,0.000000,-0.017877,-0.010887
0.000000,0.000000,0.000000,0.000000,0.143030,0.039446,28.346079,0.000000,0.000000,-0.019214,-0.009073
0.000000,0.000000,0.000000,0.000000,0.024499,-0.231853,28.408789,0.000000,0.000000,-0.020386,-0.007328
0.000000,0.000000,0.000000,0.000000,0.243101,-0.308602,28.348051,0.000000,0.000000,-0.021274,-0.006093
0.000000,0.000000,0.000000,0.000000,0.052968,-0.028500,28.253479,0.000000,0.000000,-0.022092,-0.004928
0.000000,0.000000,0.000000,0.000000,0.385310,-0.606582,28.291214,0.000000,0.000000,-0.022861,-0.003800
0.000000,0.000000,0.000000,0.000000,0.258541,-0.382934,28.303995,0.000000,0.000000,-0.023162,-0.003403
0.000000,0.000000,0.000000,0.000000,-0.028095,0.045760,28.307724,0.000000,0.000000,-0.023198,-0.003397
0.000000,0.000000,0.000000,0.000000,-0.026145,0.045860,28.310961,0.000000,0.000000,-0.023233,-0.003349
0.000000,0.000000,0.000000,0.000000,-0.019168,-0.000715,28.315279,0.000000,0.000000,-0.023297,-0.003259
0.000000,0.000000,0.000000,0.000000,0.001426,0.004147,28.318748,0.000000,0.000000,-0.023373,-0.003162
0.000000,0.000000,0.000000,0.000000,0.003381,-0.000271,28.323315,0.000000,0.000000,-0.023491,-0.003003
0.000000,0.000000,0.000000,0.000000,0.004282,-0.001073,28.326857,0.000000,0.000000,-0.023563,-0.002906
0.000000,0.000000,0.000000,0.000000,0.122221,0.269934,28.857805,0.000000,0.000000,-0.024054,-0.003174
0.000000,0.000000,0.000000,0.000000,0.146188,-0.044331,29.499969,0.000000,0.000000,-0.024595,-0.003527
0.000000,0.000000,0.000000,0.000000,0.187548,-0.398598,29.990818,0.000000,0.000000,-0.025003,-0.003909
0.000000,0.000000,0.000000,0.000000,0.044104,0.120061,30.669329,0.000000,0.000000,-0.025337,-0.004690
0.000000,0.000000,0.000000,0.000000,-0.004309,0.007483,30.980267,0.000000,0.000000,-0.025572,-0.005319
0.000000,0.000000,0.000000,0.000000,0.326149,-0.197763,31.075127,0.000000,0.000000,-0.025813,-0.005879
0.000000,0.000000,0.000000,0.000000,-0.236620,0.167874,30.924067,0.000000,0.000000,-0.025812,-0.006869
0.000000,0.000000,0.000000,0.000000,0.149067,-0.343452,30.735489,0.000000,0.000000,-0.025895,-0.007766
0.000000,0.000000,0.000000,0.000000,-0.061336,-0.099150,30.542419,0.000000,0.000000,-0.025953,-0.008785
0.000000,0.000000,0.000000,0.000000,0.036171,-0.040706,30.450506,0.000000,0.000000,-0.026090,-0.009905
0.000000,0.000000,0.000000,0.000000,-0.103631,0.124721,30.449638,0.000000,0.000000,-0.026195,-0.011194
0.000000,0.000000,0.000000,0.000000,-1.033064,1.731307,30.550913,0.000000,0.000000,-0.026420,-0.012113
0.000000,0.000000,0.000000,0.000000,-0.202567,0.255443,30.767488,0.000000,0.000000,-0.027359,-0.011776
0.000000,0.000000,0.000000,0.000000,0.340045,-0.646572,30.921181,0.000000,0.000000,-0.028587,-0.011057
0.000000,0.000000,0.000000,0.000000,-0.175421,0.186020,30.846743,0.000000,0.000000,-0.029662,-0.010838
0.000000,0.000000,0.000000,0.000000,-0.667850,1.299998,30.669540,0.000000,0.000000,-0.030786,-0.010457
0.000000,0.000000,0.000000,0.000000,-0.017743,0.007883,30.635752,0.000000,0.000000,-0.032314,-0.009158
0.000000,0.000000,0.000000,0.000000,0.008589,-0.000464,30.636517,0.000000,0.000000,-0.033872,-0.007807
0.000000,0.000000,0.000000,0.000000,-0.000876,-0.000787,30.636278,0.000000,0.000000,-0.035754,-0.006171
0.000000,0.000000,0.000000,0.000000,0.000156,-0.003459,30.634798,0.000000,0.000000,-0.037357,-0.004781
0.000000,0.000000,0.000000,0.000000,-0.004980,0.002852,30.632681,0.000000,0.000000,-0.039209,-0.003168
0.000000,0.000000,0.000000,0.000000,-1.917094,3.332959,30.574492,0.000000,0.000000,-0.040712,-0.001809
0.000000,0.000000,0.000000,0.000000,-0.639029,0.542690,30.554628,0.000000,0.000000,-0.043302,0.001260
0.000000,0.000000,0.000000,0.000000,1.162083,-1.348845,31.144440,0.000000,0.000000,-0.047354,0.005725
0.000000,0.000000,0.000000,0.000000,0.562845,-0.661083,31.428699,0.000000,0.000000,-0.050231,0.008668
0.000000,0.000000,0.000000,0.000000,0.014379,0.026024,31.377455,0.000000,0.000000,-0.051687,0.010154
0.000000,0.000000,0.000000,0.000000,-0.005261,0.029516,31.379614,0.000000,0.000000,-0.053286,0.011794
0.000000,0.000000,0.000000,0.000000,0.000947,-0.000043,31.384090,0.000000,0.000000,-0.054913,0.013504
0.000000,0.000000,0.000000,0.000000,-0.001249,0.012261,31.386570,0.000000,0.000000,-0.056356,0.015008
0.000000,0.000000,0.000000,0.000000,0.182104,-0.001577,31.388895,0.000000,0.000000,-0.058109,0.016823
0.000000,0.000000,0.000000,0.000000,-0.119980,0.801261,31.556799,0.000000,0.000000,-0.059399,0.018557
0.000000,0.000000,0.000000,0.000000,0.144818,-0.630281,31.671026,0.000000,0.000000,-0.061005,0.022430
0.000000,0.000000,0.000000,0.000000,0.450467,0.310459,31.534933,0.000000,0.000000,-0.062135,0.025250
0.000000,0.000000,0.000000,0.000000,0.435153,0.162975,31.457550,0.000000,0.000000,-0.063204,0.028892
0.000000,0.000000,0.000000,0.000000,0.667502,-0.795380,30.594322,0.000000,0.000000,-0.063637,0.032336
0.000000,0.000000,0.000000,0.000000,-0.258009,-0.364549,28.738390,0.000000,0.000000,-0.063441,0.035036
0.000000,0.000000,0.000000,0.000000,-1.369682,0.209254,26.843204,0.000000,0.000000,-0.063272,0.037532
0.000000,0.000000,0.000000,0.000000,-1.930038,0.256361,25.787151,0.000000,0.000000,-0.064342,0.039844
0.000000,0.000000,0.000000,0.000000,0.010528,0.038871,25.811464,0.000000,0.000000,-0.068643,0.043083
0.000000,0.000000,0.000000,0.000000,-0.002896,0.001283,25.810490,0.000000,0.000000,-0.072009,0.045331
0.000000,0.000000,0.000000,0.000000,0.026271,-0.000044,25.809179,0.000000,0.000000,-0.075885,0.047936
0.000000,0.000000,0.000000,0.000000,-0.000493,0.002489,25.804687,0.000000,0.000000,-0.079179,0.050161
0.000000,0.000000,0.000000,0.000000,0.008019,-0.029542,25.800127,0.000000,0.000000,-0.082996,0.052740
0.000000,0.000000,0.000000,0.000000,-0.012630,-0.147676,25.884865,0.000000,0.000000,-0.087111,0.055291
0.000000,0.000000,0.000000,0.000000,-0.637698,-0.282222,25.994251,0.000000,0.000000,-0.091093,0.057403
0.000000,0.000000,0.000000,0.000000,0.135114,-0.142419,26.506132,0.000000,0.000000,-0.096369,0.059760
0.000000,0.000000,0.000000,0.000000,-0.137631,-0.132034,26.764416,0.000000,0.000000,-0.100629,0.061448
0.000000,0.000000,0.000000,0.000000,-0.727814,-0.198721,26.827517,0.000000,0.000000,-0.104819,0.062881
0.000000,0.000000,0.000000,0.000000,0.498952,-0.034712,27.197206,0.000000,0.000000,-0.110917,0.064539
0.000000,0.000000,0.000000,0.000000,-0.247579,0.060184,27.268028,0.000000,0.000000,-0.115876,0.065888
0.000000,0.000000,0.000000,0.000000,0.027595,-0.093432,27.299244,0.000000,0.000000,-0.120195,0.067037
0.000000,0.000000,0.000000,0.000000,-0.074172,0.287980,27.374905,0.000000,0.000000,-0.124691,0.068333
0.000000,0.000000,0.000000,0.000000,-0.163559,0.096590,27.550341,0.000000,0.000000,-0.130206,0.070334
0.000000,0.000000,0.000000,0.000000,1.182185,0.266301,27.885744,0.000000,0.000000,-0.135265,0.072436
0.000000,0.000000,0.000000,0.000000,0.699149,0.173789,28.073412,0.000000,0.000000,-0.138585,0.074622
0.000000,0.000000,0.000000,0.000000,0.569892,0.254663,28.014845,0.000000,0.000000,-0.141261,0.077565
0.000000,0.000000,0.000000,0.000000,0.004465,-0.003776,28.037643,0.000000,0.000000,-0.143267,0.080231
0.000000,0.000000,0.000000,0.000000,0.015856,0.024689,28.040998,0.000000,0.000000,-0.145584,0.083303
0.000000,0.000000,0.000000,0.000000,0.000395,-0.006168,28.046238,0.000000,0.000000,-0.147561,0.085929
0.000000,0.000000,0.000000,0.000000,-0.024812,0.014848,28.700377,0.000000,0.000000,-0.149703,0.088566
0.000000,0.000000,0.000000,0.000000,0.001892,0.011864,29.144581,0.000000,0.000000,-0.151128,0.090270
0.000000,0.000000,0.000000,0.000000,0.098311,0.113175,30.032963,0.000000,0.000000,-0.153330,0.093017
0.000000,0.000000,0.000000,0.000000,0.180449,0.108825,31.291422,0.000000,0.000000,-0.155275,0.095763
0.000000,0.000000,0.000000,0.000000,0.119543,-0.081746,32.285366,0.000000,0.000000,-0.156842,0.098423
0.000000,0.000000,0.000000,0.000000,0.090907,-0.259695,32.809700,0.000000,0.000000,-0.157880,0.100858
0.000000,0.000000,0.000000,0.000000,0.199460,-0.106380,32.836594,0.000000,0.000000,-0.158848,0.103536
0.000000,0.000000,0.000000,0.000000,0.045041,-0.059815,32.546757,0.000000,0.000000,-0.159642,0.105491
0.000000,0.000000,0.000000,0.000000,-0.116752,-0.038998,31.972754,0.000000,0.000000,-0.160684,0.107596
0.000000,0.000000,0.000000,0.000000,-0.460676,0.065695,31.701387,0.000000,0.000000,-0.161879,0.109423
0.000000,0.000000,0.000000,0.000000,0.212167,-0.233985,31.785351,0.000000,0.000000,-0.163515,0.111646
0.000000,0.000000,0.000000,0.000000,0.133654,-0.455718,31.429211,0.000000,0.000000,-0.164655,0.113350
0.000000,0.000000,0.000000,0.000000,-0.391406,-0.052849,30.478708,0.000000,0.000000,-0.165806,0.114670
0.000000,0.000000,0.000000,0.000000,-1.215262,0.540562,29.437677,0.000000,0.000000,-0.167836,0.116097
0.000000,0.000000,0.000000,0.000000,-0.016555,-0.002393,29.014629,0.000000,0.000000,-0.170669,0.117235
0.000000,0.000000,0.000000,0.000000,0.003942,-0.025736,29.009323,0.000000,0.000000,-0.174479,0.118421
0.000000,0.000000,0.000000,0.000000,0.008534,-0.002583,29.010502,0.000000,0.000000,-0.178019,0.119534
0.000000,0.000000,0.000000,0.000000,-0.002599,-0.024373,29.012638,0.000000,0.000000,-0.181531,0.120647
0.000000,0.000000,0.000000,0.000000,-0.050138,0.046075,29.010460,0.000000,0.000000,-0.186007,0.122290
0.000000,0.000000,0.000000,0.000000,0.007613,0.001417,29.010374,0.000000,0.000000,-0.190332,0.123277
0.000000,0.000000,0.000000,0.000000,-0.004449,-0.003710,29.012865,0.000000,0.000000,-0.194459,0.124478
0.000000,0.000000,0.000000,0.000000,0.004632,-0.000027,29.013161,0.000000,0.000000,-0.197987,0.125514
0.000000,0.000000,0.000000,0.000000,-0.002581,-0.004010,29.016153,0.000000,0.000000,-0.202055,0.126706
0.000000,0.000000,0.000000,0.000000,-0.004614,-0.000388,29.015747,0.000000,0.000000,-0.205537,0.127728
0.000000,0.000000,0.000000,0.000000,-0.001557,0.000178,29.016672,0.000000,0.000000,-0.209729,0.128955
0.000000,0.000000,0.000000,0.000000,0.002574,-0.001495,29.017458,0.000000,0.000000,-0.213721,0.130116
0.000000,0.000000,0.000000,0.000000,-0.002841,-0.013745,29.019070,0.000000,0.000000,-0.217140,0.131115
0.000000,0.000000,0.000000,0.000000,0.000635,0.000434,29.019705,0.000000,0.000000,-0.220371,0.132047
0.000000,0.000000,0.000000,0.000000,-0.000273,-0.000132,29.021717,0.000000,0.000000,-0.224452,0.133239
0.000000,0.000000,0.000000,0.000000,-0.006305,-0.006507,29.022863,0.000000,0.000000,-0.227642,0.134164
0.000000,0.000000,0.000000,0.000000,0.002755,0.002154,29.024500,0.000000,0.000000,-0.231674,0.135339
0.000000,0.000000,0.000000,0.000000,0.002759,-0.011547,29.025555,0.000000,0.000000,-0.234820,0.136457
0.000000,0.000000,0.000000,0.000000,0.022548,-0.004009,29.026108,0.000000,0.000000,-0.238801,0.137417
0.000000,0.000000,0.000000,0.000000,-0.008785,0.013627,29.027214,0.000000,0.000000,-0.242419,0.138463
0.000000,0.000000,0.000000,0.000000,-0.005096,-0.000640,29.029772,0.000000,0.000000,-0.245657,0.139417
0.000000,0.000000,0.000000,0.000000,-0.001839,0.009891,29.029633,0.000000,0.000000,-0.248716,0.140310
0.000000,0.000000,0.000000,0.000000,0.003700,-0.001272,29.029230,0.000000,0.000000,-0.252262,0.141338
0.000000,0.000000,0.000000,0.000000,0.000586,-0.000234,29.029362,0.000000,0.000000,-0.255279,0.142208
