0.000000,0.000000,0.976474,-0.207608,-0.005030,-0.000673,0.1880
0.000000,0.000000,0.976797,-0.206082,-0.004985,-0.000682,0.0400
0.000000,0.000000,0.977172,-0.204300,-0.004943,-0.000690,0.0400
0.000000,0.000000,0.977439,-0.203018,-0.004919,-0.000697,0.0410
0.000000,0.000000,0.977743,-0.201550,-0.004887,-0.000703,0.0400
0.000000,0.000000,0.978153,-0.199553,-0.004846,-0.000726,0.0410
0.000000,0.000000,0.978471,-0.197986,-0.004802,-0.000736,0.0400
0.000000,0.000000,0.978797,-0.196367,-0.004756,-0.000749,0.0400
0.000000,0.000000,0.979055,-0.195079,-0.004716,-0.000754,0.0410
0.000000,0.000000,0.979354,-0.193575,-0.004675,-0.000769,0.0400
0.000000,0.000000,0.979644,-0.192102,-0.004637,-0.000789,0.0410
0.000000,0.000000,0.979929,-0.190644,-0.004621,-0.000797,0.0410
0.000000,0.000000,0.980206,-0.189213,-0.004584,-0.000811,0.0400
0.000000,0.000000,0.980469,-0.187846,-0.004546,-0.000827,0.0400
0.000000,0.000000,0.980737,-0.186447,-0.004512,-0.000831,0.0400
0.000000,0.000000,0.980982,-0.185153,-0.004474,-0.000834,0.0410
0.000000,0.000000,0.981266,-0.183644,-0.004426,-0.000836,0.0410
0.000000,0.000000,0.981543,-0.182158,-0.004382,-0.000841,0.0410
0.189871,-0.336803,0.981859,-0.180446,-0.004334,-0.000846,0.0410
0.189871,-0.336803,0.982184,-0.178673,-0.004284,-0.000857,0.0410
0.189871,-0.336803,0.982605,-0.176345,-0.004228,-0.000873,0.0410
0.189871,-0.336803,0.982880,-0.174807,-0.004180,-0.000883,0.0410
0.189871,-0.336803,0.983175,-0.173140,-0.004141,-0.000889,0.0400
0.189871,-0.336803,0.983508,-0.171237,-0.004093,-0.000905,0.0410
0.189871,-0.336803,0.983743,-0.169881,-0.004050,-0.000925,0.0400
0.189871,-0.336803,0.983998,-0.168403,-0.003995,-0.000939,0.0400
0.189871,-0.336803,0.984314,-0.166547,-0.003939,-0.000947,0.0410
0.189871,-0.336803,0.984671,-0.164423,-0.003876,-0.000973,0.0400
0.189871,-0.336803,0.984928,-0.162874,-0.003839,-0.000985,0.0410
0.189871,-0.336803,0.985160,-0.161471,-0.003809,-0.000998,0.0400
0.189871,-0.336803,0.985397,-0.160016,-0.003772,-0.001017,0.0400
0.189871,-0.336803,0.985647,-0.158468,-0.003746,-0.001028,0.0410
0.189871,-0.336803,0.985860,-0.157141,-0.003715,-0.001032,0.0400
0.189871,-0.336803,0.986129,-0.155447,-0.003673,-0.001037,0.0400
0.189871,-0.336803,0.986419,-0.153596,-0.003626,-0.001051,0.0410
0.189871,-0.336803,0.986635,-0.152199,-0.003597,-0.001059,0.0400
0.189871,-0.336803,0.986853,-0.150785,-0.003563,-0.001060,0.0410
0.189871,-0.336803,0.987052,-0.149473,-0.003526,-0.001064,0.0400
0.189871,-0.336803,0.987283,-0.147944,-0.003482,-0.001075,0.0400
0.189871,-0.336803,0.987515,-0.146383,-0.003440,-0.001082,0.0400
0.189871,-0.336803,0.987805,-0.144420,-0.003388,-0.001094,0.0400
0.189871,-0.336803,0.988048,-0.142745,-0.003347,-0.001093,0.0400
0.189871,-0.336803,0.988310,-0.140922,-0.003309,-0.001085,0.0410
0.189871,-0.336803,0.988556,-0.139185,-0.003265,-0.001084,0.0400
0.189871,-0.336803,0.988795,-0.137479,-0.003226,-0.001091,0.0410
0.189871,-0.336803,0.989009,-0.135932,-0.003190,-0.001098,0.0400
0.189871,-0.336803,0.989241,-0.134231,-0.003144,-0.001103,0.0400
0.189871,-0.336803,0.989470,-0.132537,-0.003098,-0.001095,0.0400
0.189871,-0.336803,0.989768,-0.130296,-0.003031,-0.001094,0.0410
0.189871,-0.336803,0.990064,-0.128030,-0.002978,-0.001102,0.0400
0.189871,-0.336803,0.990244,-0.126630,-0.002963,-0.001105,0.0400
0.189871,-0.336803,0.990510,-0.124528,-0.002922,-0.001115,0.0410
0.189871,-0.336803,0.990691,-0.123087,-0.002894,-0.001117,0.0410
0.189871,-0.336803,0.990965,-0.120861,-0.002827,-0.001124,0.0410
0.189871,-0.336803,0.991162,-0.119235,-0.002801,-0.001122,0.0400
0.189871,-0.336803,0.991386,-0.117357,-0.002751,-0.001130,0.0400
0.189871,-0.336803,0.991590,-0.115621,-0.002686,-0.001128,0.0410
0.189871,-0.336803,0.991831,-0.113540,-0.002629,-0.001131,0.0400
0.189871,-0.336803,0.991995,-0.112096,-0.002582,-0.001131,0.0410
0.189871,-0.336803,0.992176,-0.110484,-0.002541,-0.001132,0.0400
0.189871,-0.336803,0.992363,-0.108794,-0.002492,-0.001132,0.0400
0.189871,-0.336803,0.992556,-0.107020,-0.002440,-0.001131,0.0400
0.189871,-0.336803,0.992707,-0.105606,-0.002405,-0.001138,0.0430
0.189871,-0.336803,0.992867,-0.104094,-0.002375,-0.001148,0.0410
0.189871,-0.336803,0.993062,-0.102217,-0.002328,-0.001139,0.0410
0.189871,-0.336803,0.993224,-0.100636,-0.002290,-0.001145,0.0400
0.189871,-0.336803,0.993393,-0.098952,-0.002249,-0.001149,0.0410
0.189871,-0.336803,0.993553,-0.097336,-0.002206,-0.001150,0.0400
0.189871,-0.336803,0.993740,-0.095403,-0.002156,-0.001155,0.0400
0.189871,-0.336803,0.993907,-0.093654,-0.002102,-0.001165,0.0400
0.189871,-0.336803,0.994050,-0.092125,-0.002048,-0.001175,0.0410
0.189871,-0.336803,0.994244,-0.090011,-0.001992,-0.001183,0.0400
0.189871,-0.336803,0.994381,-0.088483,-0.001939,-0.001182,0.0400
0.189871,-0.336803,0.994516,-0.086954,-0.001898,-0.001187,0.0400
0.189871,-0.336803,0.994654,-0.085364,-0.001855,-0.001193,0.0400
0.189871,-0.336803,0.994780,-0.083885,-0.001818,-0.001197,0.0400
0.189871,-0.336803,0.994910,-0.082323,-0.001793,-0.001191,0.0400
0.189871,-0.336803,0.995036,-0.080786,-0.001763,-0.001190,0.0400
0.189871,-0.336803,0.995149,-0.079385,-0.001739,-0.001194,0.0400
0.189871,-0.336803,0.995287,-0.077638,-0.001701,-0.001201,0.0410
0.189871,-0.336803,0.995395,-0.076234,-0.001680,-0.001211,0.0410
0.189871,-0.336803,0.995515,-0.074656,-0.001649,-0.001224,0.0400
0.189871,-0.336803,0.995655,-0.072764,-0.001605,-0.001229,0.0400
0.189871,-0.336803,0.995757,-0.071357,-0.001567,-0.001229,0.0410
0.189871,-0.336803,0.995867,-0.069800,-0.001528,-0.001229,0.0400
0.189871,-0.336803,0.995960,-0.068466,-0.001495,-0.001233,0.0410
0.189871,-0.336803,0.996073,-0.066797,-0.001457,-0.001240,0.0400
0.189871,-0.336803,0.996172,-0.065314,-0.001431,-0.001246,0.0400
0.189871,-0.336803,0.996295,-0.063412,-0.001393,-0.001245,0.0410
0.189871,-0.336803,0.996401,-0.061715,-0.001360,-0.001258,0.0400
0.189871,-0.336803,0.996509,-0.059954,-0.001326,-0.001270,0.0410
0.189871,-0.336803,0.996615,-0.058159,-0.001300,-0.001281,0.0410
0.189871,-0.336803,0.996731,-0.056146,-0.001274,-0.001292,0.0410
0.189871,-0.336803,0.996828,-0.054395,-0.001241,-0.001299,0.0400
0.189871,-0.336803,0.996913,-0.052815,-0.001205,-0.001296,0.0410
0.189871,-0.336803,0.996990,-0.051331,-0.001163,-0.001305,0.0410
0.189871,-0.336803,0.997071,-0.049742,-0.001125,-0.001314,0.0410
0.189871,-0.336803,0.997142,-0.048289,-0.001100,-0.001323,0.0410
0.189871,-0.336803,0.997219,-0.046683,-0.001069,-0.001341,0.0410
0.189871,-0.336803,0.997305,-0.044807,-0.001043,-0.001371,0.0400
0.189871,-0.336803,0.997364,-0.043466,-0.001027,-0.001382,0.0400
0.189871,-0.336803,0.997430,-0.041927,-0.000994,-0.001390,0.0410
0.189871,-0.336803,0.997516,-0.039839,-0.000929,-0.001407,0.0620
0.189871,-0.336803,0.997584,-0.038083,-0.000868,-0.001415,0.0400
0.189871,-0.336803,0.997638,-0.036665,-0.000833,-0.001418,0.0410
0.189871,-0.336803,0.997706,-0.034748,-0.000794,-0.001425,0.0400
0.189871,-0.336803,0.997759,-0.033197,-0.000755,-0.001424,0.0410
0.189871,-0.336803,0.997805,-0.031784,-0.000708,-0.001422,0.0400
0.189871,-0.336803,0.997856,-0.030145,-0.000657,-0.001426,0.0400
0.189871,-0.336803,0.997901,-0.028605,-0.000622,-0.001421,0.0410
0.189871,-0.336803,0.997941,-0.027198,-0.000581,-0.001421,0.0400
0.189871,-0.336803,0.997978,-0.025792,-0.000545,-0.001427,0.0410
0.189871,-0.336803,0.998020,-0.024097,-0.000501,-0.001440,0.0410
0.189871,-0.336803,0.998055,-0.022626,-0.000459,-0.001457,0.0400
0.189871,-0.673606,0.998102,-0.020463,-0.000399,-0.001473,0.0410
0.189871,-0.673606,0.998136,-0.018691,-0.000352,-0.001485,0.0410
0.189871,-0.673606,0.998165,-0.017092,-0.000336,-0.001504,0.0410
0.189871,-0.673606,0.998189,-0.015613,-0.000288,-0.001516,0.0400
0.189871,-0.673606,0.998212,-0.014063,-0.000226,-0.001527,0.0410
0.189871,-0.673606,0.998234,-0.012390,-0.000167,-0.001540,0.0410
0.189871,-0.673606,0.998252,-0.010906,-0.000141,-0.001539,0.0410
0.189871,-0.673606,0.998267,-0.009359,-0.000131,-0.001539,0.0400
0.189871,-0.673606,0.998282,-0.007623,-0.000175,-0.001552,0.0400
0.189871,-0.673606,0.998299,-0.004993,-0.000145,-0.001575,0.0410
0.189871,-0.673606,0.998305,-0.003565,-0.000083,-0.001583,0.0410
0.189871,-0.673606,0.998309,-0.001869,-0.000133,-0.001575,0.0410
0.189871,-0.673606,0.998311,-0.000450,-0.000192,-0.001572,0.0400
0.189871,-0.673606,0.998311,0.000096,-0.000253,-0.001572,0.0400
0.189871,-0.673606,0.998311,0.000290,-0.000118,-0.001578,0.0400
0.189871,-0.673606,0.998311,0.000091,-0.000301,-0.001575,0.0400
0.189871,-0.673606,0.998311,0.000696,0.000004,-0.001577,0.0400
0.189871,-0.673606,0.998311,0.000356,0.000048,-0.001576,0.0400
0.189871,-0.673606,0.998311,0.000151,-0.000154,-0.001571,0.0410
0.379741,-0.673606,0.998311,0.000056,-0.000188,-0.001567,0.0410
0.379741,-0.673606,0.998311,0.000241,-0.000008,-0.001567,0.0400
0.379741,-0.673606,0.998311,0.000523,0.000024,-0.001577,0.0400
0.379741,-0.673606,0.998311,0.000402,-0.000132,-0.001586,0.0400
0.379741,-0.673606,0.998311,0.000269,-0.000088,-0.001584,0.0400
0.379741,-0.673606,0.998311,0.000446,-0.000137,-0.001584,0.0580
0.379741,-0.673606,0.998311,0.000321,-0.000219,-0.001591,0.0410
0.379741,-0.673606,0.998311,0.000350,-0.000087,-0.001601,0.0410
0.379741,-0.673606,0.998311,0.000370,-0.000096,-0.001610,0.0410
0.379741,-0.673606,0.998311,0.000228,-0.000554,-0.001611,0.0400
0.379741,-0.673606,0.998311,0.000463,-0.000475,-0.001618,0.0400
0.379741,-0.673606,0.998311,0.000273,-0.000115,-0.001631,0.0410
0.379741,-0.673606,0.998311,0.000382,-0.000268,-0.001641,0.0400
0.379741,-0.673606,0.998311,0.000568,-0.000065,-0.001643,0.0410
0.379741,-0.673606,0.998311,0.000656,-0.000012,-0.001651,0.0400
0.379741,-0.673606,0.998311,0.000101,-0.000146,-0.001656,0.0410
0.379741,-0.673606,0.998311,0.000202,-0.000023,-0.001658,0.0400
0.379741,-0.673606,0.998311,0.000407,-0.000135,-0.001654,0.0400
0.379741,-0.673606,0.998311,0.000617,0.000060,-0.001657,0.0400
0.379741,-0.673606,0.998311,0.000607,-0.000286,-0.001656,0.0400
0.379741,-0.673606,0.998311,0.000389,-0.000223,-0.001652,0.0400
0.379741,-0.673606,0.998311,0.000546,0.000189,-0.001652,0.0410
0.379741,-0.673606,0.998311,0.000462,-0.000344,-0.001653,0.0400
0.379741,-0.673606,0.998311,0.000332,-0.000365,-0.001649,0.0400
0.379741,-0.673606,0.998311,0.000067,0.000146,-0.001649,0.0410
0.379741,-0.673606,0.998311,0.000582,0.000042,-0.001651,0.0400
0.379741,-0.673606,0.998311,0.000441,-0.000548,-0.001656,0.0400
0.379741,-0.673606,0.998311,0.000493,0.000018,-0.001661,0.0400
0.379741,-0.673606,0.998311,0.000446,-0.000210,-0.001664,0.0400
0.379741,-0.673606,0.998311,0.000299,-0.000352,-0.001671,0.0400
0.379741,-0.673606,0.998311,0.000856,0.000039,-0.001672,0.0400
0.379741,-0.673606,0.998311,0.000738,-0.000334,-0.001674,0.0410
0.379741,-0.673606,0.998311,0.000555,-0.000564,-0.001684,0.0410
0.379741,-0.673606,0.998311,0.000518,-0.000128,-0.001698,0.0410
0.379741,-0.673606,0.998311,0.000218,-0.000552,-0.001708,0.0410
0.379741,-0.673606,0.998311,0.000256,-0.000251,-0.001720,0.0400
0.379741,-0.673606,0.998311,0.000298,-0.000146,-0.001731,0.0400
0.379741,-0.673606,0.998311,0.000260,-0.000440,-0.001742,0.0410
0.379741,-0.673606,0.998311,0.000698,-0.000415,-0.001747,0.0410
0.379741,-0.673606,0.998311,0.000546,-0.000221,-0.001745,0.0410
0.379741,-0.673606,0.998311,0.000738,-0.000160,-0.001733,0.0400
1.329094,-0.673606,0.998311,0.000712,-0.000247,-0.001730,0.0410
1.329094,-0.673606,0.998311,0.000358,0.000347,-0.001733,0.0400
1.329094,-0.673606,0.998311,0.000169,-0.000222,-0.001735,0.0560
1.329094,-0.673606,0.998311,0.000399,-0.000136,-0.001743,0.0400
1.329094,-0.673606,0.998311,0.000439,-0.000371,-0.001746,0.0400
1.329094,-0.673606,0.998311,0.000406,0.000069,-0.001759,0.0400
1.329094,-0.673606,0.998311,0.000341,0.000034,-0.001766,0.0400
1.329094,-0.673606,0.998311,0.000277,-0.000261,-0.001773,0.0400
1.329094,-0.673606,0.998311,0.000453,-0.000348,-0.001785,0.0410
1.329094,-0.673606,0.998311,0.000602,-0.000338,-0.001793,0.0400
1.329094,-0.673606,0.998311,0.000699,0.000125,-0.001790,0.0410
1.329094,-0.673606,0.998311,0.000242,-0.000358,-0.001796,0.0410
1.329094,-0.673606,0.998311,0.000241,-0.000656,-0.001805,0.0400
1.329094,-0.673606,0.998311,0.000348,-0.000434,-0.001815,0.0440
1.329094,-0.673606,0.998311,0.000355,-0.000531,-0.001815,0.0400
1.329094,-0.673606,0.998311,0.000478,-0.000122,-0.001824,0.0410
1.329094,-0.673606,0.998311,0.000503,-0.000269,-0.001833,0.0410
1.329094,-0.673606,0.998311,0.000309,-0.000373,-0.001833,0.0400
1.329094,-0.673606,0.998311,0.000164,-0.000252,-0.001831,0.0400
1.139224,-1.010409,0.998311,0.000326,-0.000100,-0.001839,0.0410
1.139224,-1.010409,0.998311,0.000360,-0.000197,-0.001835,0.0400
1.139224,-1.010409,0.998311,0.000481,-0.000310,-0.001832,0.0410
1.139224,-1.010409,0.998311,0.000335,-0.000442,-0.001831,0.0410
1.139224,-1.010409,0.998311,0.000388,-0.000263,-0.001847,0.0400
1.139224,-1.010409,0.998310,0.000551,-0.000643,-0.001845,0.0400
1.139224,-1.010409,0.998310,0.000728,-0.000124,-0.001846,0.0410
1.139224,-1.010409,0.998310,0.000691,-0.000309,-0.001847,0.0410
1.139224,-1.010409,0.998311,0.000442,-0.000392,-0.001851,0.0410
1.139224,-1.010409,0.998310,0.000757,-0.000189,-0.001867,0.0400
1.139224,-1.010409,0.998310,0.000823,-0.000136,-0.001878,0.0400
1.139224,-1.010409,0.998310,0.000747,-0.000283,-0.001888,0.0410
1.139224,-1.010409,0.998310,0.000741,-0.000362,-0.001900,0.0410
1.139224,-1.010409,0.998310,0.000707,-0.000140,-0.001910,0.0400
1.139224,-1.010409,0.998310,0.001033,-0.000458,-0.001925,0.0400
1.139224,-1.010409,0.998310,0.000881,-0.000429,-0.001927,0.0400
1.139224,-1.010409,0.998310,0.000844,-0.000128,-0.001928,0.0410
1.139224,-1.010409,0.998310,0.000637,-0.000160,-0.001924,0.0400
1.139224,-1.010409,0.998310,0.000561,-0.000481,-0.001938,0.0400
1.139224,-1.010409,0.998310,0.000188,-0.000315,-0.001949,0.0540
0.949353,-1.010409,0.998310,0.000524,-0.000149,-0.001967,0.0410
0.949353,-1.010409,0.998310,0.000581,-0.000540,-0.001985,0.0400
0.949353,-1.010409,0.998310,0.000712,-0.000458,-0.002002,0.0400
0.949353,-1.010409,0.998310,0.000370,-0.000100,-0.002008,0.0410
0.949353,-1.010409,0.998310,0.000599,-0.000259,-0.002005,0.0410
0.949353,-1.010409,0.998310,0.000688,0.000141,-0.002006,0.0400
0.949353,-1.010409,0.998310,0.000371,-0.000118,-0.002011,0.0420
0.949353,-1.010409,0.998310,0.000307,-0.000344,-0.002018,0.0400
0.949353,-1.010409,0.998310,0.000313,-0.000229,-0.002033,0.0410
0.949353,-1.010409,0.998310,0.000565,0.000056,-0.002041,0.0410
0.949353,-1.010409,0.998310,0.000641,-0.000005,-0.002055,0.0410
0.949353,-1.010409,0.998310,0.000265,-0.000223,-0.002067,0.0410
0.949353,-1.010409,0.998310,-0.000219,-0.000253,-0.002087,0.0400
0.949353,-1.010409,0.998310,0.000392,-0.000336,-0.002097,0.0400
0.949353,-1.010409,0.998310,0.000467,-0.000203,-0.002108,0.0410
0.949353,-1.010409,0.998310,0.000210,-0.000463,-0.002120,0.0400
0.949353,-1.010409,0.998310,0.000664,-0.000356,-0.002129,0.0400
0.949353,-1.010409,0.998310,0.000418,-0.000268,-0.002139,0.0410
0.949353,-1.010409,0.998310,0.000338,-0.000329,-0.002133,0.0410
0.949353,-1.010409,0.998310,0.000695,-0.000265,-0.002137,0.0400
0.949353,-1.010409,0.998310,0.000520,0.000057,-0.002139,0.0400
0.949353,-1.010409,0.998310,0.000368,-0.000321,-0.002156,0.0410
0.949353,-1.010409,0.998310,0.000471,-0.000408,-0.002165,0.0400
0.949353,-1.010409,0.998310,0.000446,0.000014,-0.002198,0.0410
0.949353,-1.010409,0.998310,0.000658,-0.000166,-0.002216,0.0400
0.949353,-1.010409,0.998310,0.000491,-0.000524,-0.002217,0.0410
0.949353,-1.010409,0.998310,0.000812,-0.000130,-0.002229,0.0400
0.949353,-1.010409,0.998310,0.000723,-0.000209,-0.002233,0.0400
0.949353,-1.010409,0.998309,0.000865,-0.000346,-0.002229,0.0400
0.949353,-1.010409,0.998309,0.000760,-0.000585,-0.002231,0.0400
0.949353,-1.010409,0.998310,0.000354,-0.000351,-0.002237,0.0410
0.949353,-1.010409,0.998310,0.000798,-0.000173,-0.002241,0.0400
0.949353,-1.010409,0.998310,0.000813,-0.000292,-0.002258,0.0410
0.949353,-1.010409,0.998310,0.000585,-0.000143,-0.002272,0.0400
0.949353,-1.010409,0.998310,0.000571,-0.000419,-0.002284,0.0410
0.949353,-1.010409,0.998310,0.000544,-0.000256,-0.002293,0.0400
0.949353,-1.010409,0.998310,0.000257,-0.000254,-0.002307,0.0410
0.949353,-1.010409,0.998310,0.000284,-0.000317,-0.002323,0.0760
0.949353,-1.010409,0.998309,0.000187,-0.000569,-0.002334,0.0400
0.949353,-1.010409,0.998309,0.000591,-0.000657,-0.002343,0.0400
0.949353,-1.010409,0.998310,0.000362,-0.000048,-0.002355,0.0400
0.949353,-1.010409,0.998309,0.000561,-0.000240,-0.002371,0.0400
0.949353,-1.010409,0.998309,0.000394,-0.000284,-0.002373,0.0410
0.949353,-1.010409,0.998309,0.000439,-0.000455,-0.002367,0.0410
0.949353,-1.010409,0.998309,0.000491,-0.000108,-0.002373,0.0410
0.949353,-1.010409,0.998309,0.000332,-0.000230,-0.002381,0.0400
0.949353,-1.010409,0.998309,0.000422,-0.000157,-0.002387,0.0400
0.949353,-1.010409,0.998309,0.000783,-0.000425,-0.002396,0.0410
0.949353,-1.010409,0.998309,0.000748,-0.000531,-0.002400,0.0410
0.949353,-1.010409,0.998309,0.000393,-0.000579,-0.002395,0.0410
0.949353,-1.010409,0.998309,0.000787,-0.000257,-0.002408,0.0400
0.949353,-1.010409,0.998309,0.000942,-0.000670,-0.002422,0.0400
0.949353,-1.010409,0.998309,0.000911,-0.000470,-0.002427,0.0410
0.949353,-1.010409,0.998309,0.000724,-0.000815,-0.002428,0.0400
0.949353,-1.010409,0.998309,0.000827,-0.000383,-0.002421,0.0410
0.949353,-1.010409,0.998309,0.000816,-0.000651,-0.002429,0.0400
0.949353,-1.010409,0.998309,0.000708,-0.000198,-0.002438,0.0400
0.949353,-1.010409,0.998309,0.000621,-0.000156,-0.002440,0.0400
0.949353,-1.010409,0.998309,0.000684,0.000189,-0.002444,0.0410
0.949353,-1.010409,0.998309,0.001025,-0.000345,-0.002441,0.0410
0.949353,-1.010409,0.998309,0.000288,-0.000281,-0.002446,0.0400
0.949353,-1.010409,0.998309,0.000684,-0.000751,-0.002446,0.0400
0.949353,-1.010409,0.998309,0.000280,-0.000481,-0.002447,0.0410
0.949353,-1.010409,0.998309,0.000755,-0.000275,-0.002455,0.0410
0.949353,-1.010409,0.998309,0.000911,-0.000273,-0.002453,0.0410
0.949353,-1.010409,0.998309,0.000501,-0.000179,-0.002463,0.0400
0.949353,-1.010409,0.998309,0.000571,-0.000136,-0.002479,0.0410
0.949353,-1.010409,0.998309,0.000447,-0.000335,-0.002492,0.0410
0.949353,-1.010409,0.998309,0.000520,-0.000379,-0.002498,0.0400
0.949353,-1.010409,0.998309,0.000773,-0.000277,-0.002509,0.0400
0.949353,-1.010409,0.998309,0.000558,-0.000558,-0.002520,0.0410
0.949353,-1.010409,0.998309,0.000441,-0.000258,-0.002531,0.0400
0.949353,-1.010409,0.998309,0.000825,-0.000405,-0.002544,0.0410
0.949353,-1.010409,0.998309,0.000660,-0.000201,-0.002557,0.0580
0.949353,-1.010409,0.998309,0.000545,-0.000406,-0.002566,0.0400
0.949353,-1.010409,0.998309,0.000620,-0.000506,-0.002580,0.0410
0.949353,-1.010409,0.998309,0.000621,-0.000412,-0.002601,0.0410
0.949353,-1.010409,0.998309,0.000287,-0.000280,-0.002611,0.0410
0.949353,-1.010409,0.998309,0.000609,-0.000048,-0.002617,0.0410
0.949353,-1.010409,0.998309,0.000444,-0.000455,-0.002618,0.0410
0.949353,-1.010409,0.998308,0.000639,-0.000782,-0.002629,0.0400
0.949353,-1.010409,0.998308,0.000932,-0.000407,-0.002630,0.0400
0.949353,-1.010409,0.998308,0.000647,-0.000639,-0.002637,0.0400
0.949353,-1.010409,0.998308,0.000756,-0.000542,-0.002650,0.0400
0.949353,-1.010409,0.998308,0.000671,-0.000602,-0.002663,0.0410
0.949353,-1.010409,0.998308,0.000675,-0.000580,-0.002662,0.0400
0.949353,-1.010409,0.998308,0.000396,-0.000760,-0.002661,0.0410
0.949353,-1.010409,0.998309,0.000695,-0.000208,-0.002680,0.0400
0.949353,-1.010409,0.998308,0.000926,-0.000302,-0.002691,0.0410
0.949353,-1.010409,0.998308,0.000855,-0.000381,-0.002697,0.0400
0.949353,-1.010409,0.998308,0.000592,-0.000451,-0.002700,0.0400
0.949353,-1.010409,0.998308,0.000966,-0.000242,-0.002705,0.0400
0.949353,-1.010409,0.998308,0.000606,-0.000427,-0.002716,0.0400
0.949353,-1.010409,0.998308,0.000752,-0.000151,-0.002726,0.0410
0.949353,-1.010409,0.998308,0.001208,-0.000304,-0.002728,0.0410
0.949353,-1.010409,0.998308,0.000766,-0.000246,-0.002736,0.0410
0.949353,-1.010409,0.998308,0.001012,-0.000112,-0.002742,0.0400
0.949353,-1.010409,0.998308,0.001053,-0.000426,-0.002752,0.0410
0.189871,-1.347212,0.998308,0.000738,-0.000575,-0.002769,0.0400
0.189871,-1.347212,0.998308,0.000992,-0.000589,-0.002780,0.0400
0.189871,-1.347212,0.998308,0.000690,-0.000425,-0.002793,0.0420
0.189871,-1.347212,0.998308,0.000566,-0.000512,-0.002803,0.0410
0.189871,-1.347212,0.998308,0.001013,-0.000545,-0.002810,0.0400
0.189871,-1.347212,0.998308,0.000438,-0.000276,-0.002820,0.0410
0.189871,-1.347212,0.998308,0.000892,-0.000323,-0.002829,0.0400
0.189871,-1.347212,0.998308,0.000866,-0.000317,-0.002849,0.0400
0.189871,-1.347212,0.998308,0.000768,-0.000476,-0.002869,0.0400
0.189871,-1.347212,0.998308,0.000698,-0.000497,-0.002891,0.0400
0.189871,-1.347212,0.998308,0.000811,-0.000146,-0.002898,0.0410
0.189871,-1.347212,0.998308,0.000484,-0.000244,-0.002907,0.0580
0.189871,-1.347212,0.998308,0.000755,-0.000728,-0.002920,0.0400
0.189871,-1.347212,0.998308,0.000764,-0.000034,-0.002930,0.0410
0.189871,-1.347212,0.998308,0.000605,-0.000301,-0.002927,0.0410
0.189871,-1.347212,0.998308,0.000310,-0.000437,-0.002924,0.0400
0.189871,-1.347212,0.998308,0.000075,-0.000648,-0.002923,0.0400
0.189871,-1.347212,0.998308,0.000638,-0.000492,-0.002927,0.0400
0.189871,-1.347212,0.998308,0.000480,-0.000698,-0.002932,0.0400
0.189871,-1.347212,0.998308,0.000622,-0.000129,-0.002936,0.0400
-0.000000,-1.347212,0.998308,0.000539,-0.000146,-0.002932,0.0400
-0.000000,-1.347212,0.998308,0.000322,-0.000192,-0.002927,0.0410
-0.000000,-1.347212,0.998308,0.000570,-0.000346,-0.002931,0.0400
-0.000000,-1.347212,0.998308,0.000851,-0.000207,-0.002941,0.0400
-0.000000,-1.347212,0.998308,0.000693,-0.000261,-0.002956,0.0400
-0.000000,-1.347212,0.998308,0.000623,-0.000195,-0.002962,0.0410
-0.000000,-1.347212,0.998308,0.000864,-0.000425,-0.002967,0.0400
-0.000000,-1.347212,0.998308,0.000486,-0.000213,-0.002977,0.0410
-0.000000,-1.347212,0.998308,0.000486,-0.000003,-0.002990,0.0410
-0.000000,-1.347212,0.998308,0.000532,-0.000084,-0.003003,0.0410
-0.000000,-1.347212,0.998308,0.000750,-0.000276,-0.003006,0.0400
-0.000000,-1.347212,0.998308,0.000759,-0.000292,-0.003012,0.0410
-0.000000,-1.347212,0.998307,0.000867,-0.000331,-0.003012,0.0400
-0.000000,-1.347212,0.998307,0.000629,-0.000551,-0.003015,0.0400
-0.000000,-1.347212,0.998308,0.000398,-0.000548,-0.003024,0.0410
-0.000000,-1.347212,0.998308,0.000488,-0.000517,-0.003023,0.0400
-0.000000,-1.347212,0.998307,0.000907,-0.000194,-0.003016,0.0400
-0.000000,-1.347212,0.998307,0.000962,-0.000167,-0.003010,0.0400
-0.000000,-1.347212,0.998308,0.000581,-0.000186,-0.003016,0.0400
0.759482,-1.347212,0.998307,0.000897,-0.000253,-0.003017,0.0410
0.759482,-1.347212,0.998307,0.000926,-0.000506,-0.003029,0.0400
0.759482,-1.347212,0.998308,0.000598,-0.000123,-0.003035,0.0410
0.759482,-1.347212,0.998308,0.000557,0.000003,-0.003053,0.0410
0.759482,-1.347212,0.998308,0.000519,-0.000372,-0.003075,0.0400
0.759482,-1.347212,0.998307,0.000470,-0.000759,-0.003096,0.0400
0.759482,-1.347212,0.998307,0.000283,-0.000559,-0.003108,0.0400
0.759482,-1.347212,0.998307,0.000706,-0.000230,-0.003116,0.0410
0.759482,-1.347212,0.998307,0.000688,-0.000207,-0.003135,0.0400
0.759482,-1.347212,0.998307,0.000481,-0.000339,-0.003161,0.0410
0.759482,-1.347212,0.998307,0.000428,-0.000377,-0.003170,0.0590
0.759482,-1.347212,0.998307,0.000789,-0.000368,-0.003177,0.0400
0.759482,-1.347212,0.998307,0.000595,-0.000216,-0.003188,0.0400
0.759482,-1.347212,0.998307,0.000150,-0.000201,-0.003204,0.0410
0.759482,-1.347212,0.998307,0.000376,-0.000533,-0.003209,0.0410
0.759482,-1.347212,0.998307,0.000406,-0.000176,-0.003223,0.0410
0.759482,-1.347212,0.998307,0.000719,-0.000417,-0.003246,0.0410
0.759482,-1.347212,0.998307,0.001014,-0.000468,-0.003265,0.0400
0.759482,-1.347212,0.998307,0.000782,-0.000190,-0.003292,0.0400
0.379741,-1.347212,0.998306,0.000981,-0.000144,-0.003324,0.0410
0.379741,-1.347212,0.998306,0.000889,-0.000893,-0.003343,0.0410
0.379741,-1.347212,0.998306,0.000632,-0.000676,-0.003354,0.0400
0.379741,-1.347212,0.998307,0.000546,-0.000212,-0.003361,0.0410
0.379741,-1.347212,0.998306,0.000851,-0.000624,-0.003370,0.0410
0.379741,-1.347212,0.998306,0.000817,-0.000678,-0.003380,0.0400
0.379741,-1.347212,0.998306,0.000667,-0.000255,-0.003392,0.0410
0.379741,-1.347212,0.998306,0.000415,-0.000565,-0.003395,0.0420
0.379741,-1.347212,0.998306,0.000754,-0.000405,-0.003403,0.0400
0.379741,-1.347212,0.998306,0.000415,-0.000478,-0.003405,0.0400
0.379741,-1.347212,0.998306,0.000666,-0.000105,-0.003406,0.0410
0.379741,-1.347212,0.998306,0.000758,-0.000225,-0.003401,0.0400
0.379741,-1.347212,0.998306,0.000559,-0.000259,-0.003416,0.0400
0.379741,-1.347212,0.998306,0.000846,-0.000542,-0.003440,0.0410
0.379741,-1.347212,0.998306,0.000162,-0.000558,-0.003458,0.0410
0.379741,-1.347212,0.998306,0.000775,-0.000517,-0.003469,0.0410
0.379741,-1.347212,0.998306,0.000562,-0.000473,-0.003480,0.0410
0.379741,-1.347212,0.998306,0.000577,-0.000416,-0.003489,0.0410
0.379741,-1.347212,0.998306,0.000555,-0.000412,-0.003505,0.0410
0.379741,-1.347212,0.998306,0.000749,-0.000477,-0.003520,0.0410
0.379741,-1.684015,0.998306,0.000540,-0.000696,-0.003541,0.0410
0.379741,-1.684015,0.998305,0.001007,-0.000654,-0.003551,0.0410
0.379741,-1.684015,0.998306,0.001023,-0.000353,-0.003553,0.0410
0.379741,-1.684015,0.998306,0.000773,-0.000392,-0.003556,0.0400
0.379741,-1.684015,0.998306,0.000411,-0.000316,-0.003565,0.0400
0.379741,-1.684015,0.998306,0.000911,-0.000197,-0.003570,0.0400
0.379741,-1.684015,0.998305,0.001111,0.000003,-0.003579,0.0410
0.379741,-1.684015,0.998306,0.000707,-0.000233,-0.003595,0.0570
0.379741,-1.684015,0.998305,0.000823,-0.000317,-0.003596,0.0400
0.379741,-1.684015,0.998305,0.000956,-0.000188,-0.003600,0.0410
0.379741,-1.684015,0.998305,0.000708,-0.000498,-0.003603,0.0410
0.379741,-1.684015,0.998306,0.000520,-0.000523,-0.003607,0.0410
0.379741,-1.684015,0.998305,0.000773,-0.000289,-0.003620,0.0400
0.379741,-1.684015,0.998305,0.000698,-0.000560,-0.003642,0.0410
0.379741,-1.684015,0.998305,0.000603,-0.000407,-0.003660,0.0400
0.379741,-1.684015,0.998305,0.000713,-0.000590,-0.003677,0.0400
0.379741,-1.684015,0.998305,0.000758,-0.000654,-0.003684,0.0400
0.379741,-1.684015,0.998305,0.000685,-0.000325,-0.003697,0.0410
0.379741,-1.684015,0.998305,0.001105,-0.000545,-0.003708,0.0400
0.379741,-1.684015,0.998305,0.000851,-0.000389,-0.003719,0.0410
0.189870,-1.684015,0.998305,0.000726,-0.000050,-0.003726,0.0400
0.189870,-1.684015,0.998305,0.000858,-0.000322,-0.003727,0.0400
0.189870,-1.684015,0.998305,0.000586,-0.000360,-0.003731,0.0410
0.189870,-1.684015,0.998305,0.001119,-0.000351,-0.003752,0.0400
0.189870,-1.684015,0.998305,0.000971,-0.000175,-0.003768,0.0400
0.189870,-1.684015,0.998305,0.000899,-0.000423,-0.003782,0.0400
0.189870,-1.684015,0.998305,0.000535,-0.000289,-0.003787,0.0410
0.189870,-1.684015,0.998305,0.000921,0.000168,-0.003802,0.0420
0.189870,-1.684015,0.998305,0.000864,-0.000259,-0.003799,0.0410
0.189870,-1.684015,0.998305,0.000543,0.000087,-0.003799,0.0410
0.189870,-1.684015,0.998305,0.000628,-0.000535,-0.003802,0.0410
0.189870,-1.684015,0.998305,0.000604,-0.000405,-0.003816,0.0410
0.189870,-1.684015,0.998305,0.000596,-0.000515,-0.003824,0.0410
0.189870,-1.684015,0.998305,0.000548,-0.000458,-0.003835,0.0410
0.189870,-1.684015,0.998304,0.000892,-0.000175,-0.003845,0.0400
0.189870,-1.684015,0.998304,0.001411,-0.000313,-0.003847,0.0410
0.189870,-1.684015,0.998304,0.000934,-0.000564,-0.003848,0.0400
0.189870,-1.684015,0.998305,0.000640,-0.000542,-0.003866,0.0400
0.189870,-1.684015,0.998305,0.000677,-0.000312,-0.003893,0.0410
0.189870,-1.684015,0.998304,0.000779,-0.000400,-0.003907,0.0410
-0.000000,-1.684015,0.998304,0.000746,-0.000232,-0.003908,0.0410
-0.000000,-1.684015,0.998304,0.000924,-0.000115,-0.003909,0.0410
-0.000000,-1.684015,0.998304,0.000750,-0.000641,-0.003922,0.0400
-0.000000,-1.684015,0.998304,0.000442,-0.000430,-0.003944,0.0400
-0.000000,-1.684015,0.998304,0.000446,-0.000209,-0.003955,0.0570
-0.000000,-1.684015,0.998304,0.000875,-0.000608,-0.003966,0.0400
-0.000000,-1.684015,0.998304,0.000742,-0.000473,-0.003978,0.0400
-0.000000,-1.684015,0.998304,0.000562,-0.000368,-0.003985,0.0400
-0.000000,-1.684015,0.998304,0.000689,-0.000274,-0.003995,0.0410
-0.000000,-1.684015,0.998304,0.000607,-0.000351,-0.004002,0.0400
-0.000000,-1.684015,0.998304,0.000524,-0.000382,-0.004009,0.0440
-0.000000,-1.684015,0.998304,0.000443,-0.000401,-0.004024,0.0400
-0.000000,-1.684015,0.998304,0.000532,-0.000344,-0.004032,0.0400
-0.000000,-1.684015,0.998304,0.000525,-0.000878,-0.004047,0.0400
-0.000000,-1.684015,0.998304,0.000754,-0.000557,-0.004064,0.0410
-0.000000,-1.684015,0.998304,0.000274,-0.000594,-0.004089,0.0410
-0.000000,-1.684015,0.998304,0.000224,-0.000248,-0.004100,0.0400
-0.000000,-1.684015,0.998304,0.000637,-0.000540,-0.004112,0.0400
-0.000000,-1.684015,0.998303,0.000904,-0.000403,-0.004138,0.0410
-0.000000,-1.684015,0.998303,0.000817,-0.000450,-0.004147,0.0410
-0.000000,-1.684015,0.998303,0.000665,-0.000049,-0.004161,0.0410
-0.000000,-1.684015,0.998304,0.000526,-0.000225,-0.004174,0.0400
-0.000000,-1.684015,0.998303,0.000626,-0.000183,-0.004182,0.0400
-0.000000,-1.684015,0.998303,0.000655,-0.000268,-0.004196,0.0410
-0.000000,-1.684015,0.998303,0.000744,-0.000291,-0.004204,0.0400
-0.000000,-1.684015,0.998303,0.000860,-0.000471,-0.004221,0.0400
-0.000000,-1.684015,0.998303,0.000730,-0.000260,-0.004236,0.0400
-0.000000,-1.684015,0.998303,0.001057,-0.000520,-0.004248,0.0410
-0.000000,-1.684015,0.998303,0.000985,-0.000233,-0.004247,0.0400
-0.000000,-1.684015,0.998303,0.000701,0.000109,-0.004253,0.0410
-0.000000,-1.684015,0.998303,0.000476,-0.000413,-0.004264,0.0400
-0.000000,-1.684015,0.998303,0.000824,0.000035,-0.004271,0.0400
-0.000000,-1.684015,0.998303,0.000726,-0.000360,-0.004280,0.0400
-0.000000,-1.684015,0.998303,0.000690,-0.000304,-0.004293,0.0620
-0.000000,-1.684015,0.998303,0.000419,-0.000311,-0.004299,0.0400
-0.000000,-1.684015,0.998303,0.000437,-0.000507,-0.004317,0.0400
-0.000000,-1.684015,0.998303,0.000573,-0.000424,-0.004340,0.0400
-0.000000,-1.684015,0.998303,0.000840,-0.000331,-0.004354,0.0400
-0.000000,-1.684015,0.998303,0.000669,0.000043,-0.004364,0.0400
-0.000000,-1.684015,0.998302,0.000994,-0.000131,-0.004368,0.0410
-0.000000,-1.684015,0.998302,0.001018,-0.000219,-0.004365,0.0410
-0.000000,-1.684015,0.998303,0.000635,-0.000294,-0.004365,0.0400
-0.000000,-1.684015,0.998303,0.000392,-0.000573,-0.004375,0.0410
-0.000000,-1.684015,0.998303,0.000349,-0.000366,-0.004385,0.0410
-0.000000,-1.684015,0.998303,0.000368,-0.000258,-0.004394,0.0400
-0.000000,-1.684015,0.998303,0.000480,-0.000111,-0.004399,0.0410
-0.000000,-1.684015,0.998303,0.000337,-0.000297,-0.004411,0.0400
-0.000000,-1.684015,0.998302,0.000736,-0.000496,-0.004419,0.0400
-0.000000,-1.684015,0.998302,0.000862,-0.000104,-0.004432,0.0410
-0.000000,-1.684015,0.998302,0.000856,-0.000349,-0.004446,0.0410
-0.000000,-1.684015,0.998302,0.000735,-0.000786,-0.004443,0.0400
-0.000000,-1.684015,0.998302,0.000558,0.000007,-0.004450,0.0410
-0.000000,-1.684015,0.998302,0.000701,-0.000326,-0.004461,0.0400
-0.000000,-1.684015,0.998302,0.000934,-0.000424,-0.004468,0.0400
-0.000000,-1.684015,0.998302,0.000651,-0.000628,-0.004480,0.0410
-0.000000,-1.684015,0.998302,0.000546,0.000102,-0.004496,0.0400
-0.000000,-1.684015,0.998302,0.000657,-0.000413,-0.004513,0.0400
-0.000000,-1.684015,0.998302,0.000597,-0.000437,-0.004531,0.0400
-0.000000,-1.684015,0.998302,0.000944,-0.000377,-0.004540,0.0410
-0.000000,-2.020818,0.998302,0.000885,-0.000450,-0.004541,0.0410
-0.000000,-2.020818,0.998302,0.000529,-0.000299,-0.004548,0.0410
-0.000000,-2.020818,0.998302,0.000758,-0.000311,-0.004565,0.0400
-0.000000,-2.020818,0.998302,0.000640,-0.000511,-0.004571,0.0410
-0.000000,-2.020818,0.998302,0.000522,-0.000526,-0.004576,0.0600
-0.000000,-2.020818,0.998302,0.000466,-0.000062,-0.004581,0.0400
-0.000000,-2.020818,0.998301,0.001010,-0.000382,-0.004593,0.0400
-0.000000,-2.020818,0.998301,0.000914,-0.000594,-0.004602,0.0400
-0.000000,-2.020818,0.998301,0.000514,-0.000518,-0.004610,0.0410
-0.000000,-2.020818,0.998302,0.000432,-0.000221,-0.004636,0.0410
-0.000000,-2.020818,0.998301,0.000401,-0.000244,-0.004653,0.0410
-0.000000,-2.020818,0.998301,0.000901,-0.000675,-0.004660,0.0410
-0.000000,-2.020818,0.998301,0.000708,-0.000097,-0.004667,0.0400
-0.000000,-2.020818,0.998301,0.000249,-0.000217,-0.004680,0.0430
-0.000000,-2.020818,0.998301,0.000688,-0.000339,-0.004705,0.0410
-0.000000,-2.020818,0.998301,0.000332,-0.000695,-0.004729,0.0410
-0.000000,-2.020818,0.998301,0.000544,-0.000593,-0.004747,0.0410
-0.000000,-2.020818,0.998301,0.000563,-0.000754,-0.004764,0.0400
-0.000000,-2.020818,0.998301,0.000508,-0.000386,-0.004778,0.0410
-0.000000,-2.020818,0.998301,0.000815,-0.000256,-0.004789,0.0410
-0.000000,-2.020818,0.998301,0.000492,-0.000189,-0.004809,0.0410
-0.000000,-2.020818,0.998300,0.000796,-0.000391,-0.004830,0.0400
-0.000000,-2.020818,0.998300,0.001011,-0.000601,-0.004855,0.0400
-0.000000,-2.020818,0.998300,0.000426,0.000184,-0.004879,0.0400
-0.000000,-2.020818,0.998300,0.000614,-0.000055,-0.004899,0.0400
-0.000000,-2.020818,0.998300,0.000808,-0.000431,-0.004920,0.0400
-0.000000,-2.020818,0.998300,0.000631,-0.000030,-0.004946,0.0400
-0.000000,-2.020818,0.998300,0.000680,0.000004,-0.004968,0.0410
-0.000000,-2.020818,0.998300,0.000770,-0.000219,-0.004977,0.0400
-0.000000,-2.020818,0.998299,0.000926,-0.000152,-0.004994,0.0400
-0.000000,-2.020818,0.998299,0.000845,-0.000221,-0.005010,0.0410
-0.000000,-2.020818,0.998299,0.000971,-0.000304,-0.005016,0.0410
-0.000000,-2.020818,0.998299,0.000898,-0.000629,-0.005018,0.0410
-0.000000,-2.020818,0.998299,0.000770,-0.000349,-0.005022,0.0400
-0.000000,-2.020818,0.998299,0.000624,-0.000289,-0.005042,0.0400
-0.000000,-2.020818,0.998299,0.000598,-0.000106,-0.005058,0.0400
-0.000000,-2.020818,0.998299,0.000654,-0.000507,-0.005060,0.0410
-0.000000,-2.020818,0.998299,0.000752,-0.000150,-0.005071,0.0410
-0.000000,-2.020818,0.998299,0.000416,-0.000391,-0.005082,0.0400
-0.000000,-2.020818,0.998299,0.000456,-0.000859,-0.005101,0.0400
-0.000000,-2.020818,0.998299,0.000558,-0.000449,-0.005119,0.0400
-0.000000,-2.020818,0.998299,0.000512,-0.000703,-0.005146,0.0410
-0.000000,-2.020818,0.998298,0.000818,-0.000724,-0.005174,0.0400
-0.000000,-2.020818,0.998299,0.000524,-0.000471,-0.005198,0.0410
-0.000000,-2.020818,0.998298,0.000817,-0.000959,-0.005218,0.0410
-0.000000,-2.020818,0.998298,0.000679,-0.001016,-0.005231,0.0410
-0.000000,-2.020818,0.998298,0.000773,-0.000325,-0.005250,0.0410
-0.000000,-2.020818,0.998298,0.000738,-0.000398,-0.005265,0.0410
-0.000000,-2.020818,0.998298,0.000738,-0.000679,-0.005282,0.0400
-0.000000,-2.020818,0.998298,0.000940,-0.000835,-0.005309,0.0400
-0.000000,-2.020818,0.998298,0.000493,-0.000568,-0.005326,0.0410
-0.000000,-2.020818,0.998298,0.000611,-0.000403,-0.005339,0.0410
-0.000000,-2.020818,0.998298,0.000475,-0.000505,-0.005366,0.0400
-0.000000,-2.020818,0.998298,0.000649,-0.000366,-0.005389,0.0410
-0.000000,-2.020818,0.998297,0.001072,-0.000454,-0.005415,0.0400
-0.000000,-2.020818,0.998297,0.000825,-0.000490,-0.005430,0.0410
-0.000000,-2.020818,0.998297,0.000815,-0.000410,-0.005437,0.0400
-0.000000,-2.020818,0.998297,0.001116,-0.000262,-0.005444,0.0400
-0.000000,-2.020818,0.998297,0.000584,-0.000304,-0.005451,0.0410
-0.000000,-2.020818,0.998298,0.000278,-0.000296,-0.005455,0.0400
-0.000000,-2.020818,0.998297,0.000581,-0.000498,-0.005466,0.0410
-0.000000,-2.020818,0.998297,0.000406,-0.000138,-0.005474,0.0400
-0.000000,-2.020818,0.998297,0.000183,-0.000670,-0.005488,0.0400
-0.000000,-2.020818,0.998297,0.000649,-0.000649,-0.005501,0.0410
-0.000000,-2.020818,0.998297,0.000558,-0.000591,-0.005517,0.0410
-0.000000,-2.020818,0.998297,0.000771,-0.000385,-0.005527,0.0410
-0.000000,-2.020818,0.998297,0.000906,-0.000433,-0.005541,0.0400
-0.000000,-2.020818,0.998296,0.000693,-0.000612,-0.005566,0.0400
-0.000000,-2.020818,0.998296,0.001094,-0.000712,-0.005594,0.0410
-0.000000,-2.020818,0.998296,0.000748,-0.000500,-0.005628,0.0400
-0.000000,-2.020818,0.998296,0.001005,-0.000591,-0.005644,0.0410
-0.000000,-2.020818,0.998296,0.000603,-0.000713,-0.005661,0.0410
-0.000000,-2.020818,0.998296,0.000535,-0.000353,-0.005671,0.0410
-0.000000,-2.020818,0.998296,0.000718,-0.000439,-0.005682,0.0400
-0.000000,-2.020818,0.998296,0.000226,-0.000085,-0.005700,0.0410
-0.000000,-2.020818,0.998296,0.000716,-0.000357,-0.005713,0.0410
-0.000000,-2.020818,0.998296,0.000469,-0.000657,-0.005734,0.0400
-0.000000,-2.020818,0.998296,0.000482,-0.000496,-0.005755,0.0400
-0.000000,-2.020818,0.998295,0.000753,-0.000648,-0.005775,0.0400
-0.000000,-2.020818,0.998295,0.000595,0.000068,-0.005794,0.0400
-0.000000,-2.020818,0.998295,0.000873,-0.000148,-0.005801,0.0410
-0.000000,-2.020818,0.998295,0.000698,-0.000072,-0.005807,0.0400
-0.000000,-2.020818,0.998295,0.000736,-0.000512,-0.005824,0.0410
-0.000000,-2.020818,0.998295,0.001015,-0.000574,-0.005846,0.0420
-0.000000,-2.020818,0.998295,0.000933,-0.000523,-0.005867,0.0410
-0.000000,-2.020818,0.998295,0.000673,-0.000374,-0.005875,0.0410
-0.000000,-2.020818,0.998295,0.000387,-0.000687,-0.005889,0.0410
-0.000000,-2.020818,0.998294,0.000836,-0.000800,-0.005900,0.0410
-0.000000,-2.020818,0.998294,0.000974,-0.000441,-0.005908,0.0400
-0.000000,-2.020818,0.998294,0.000494,-0.000726,-0.005923,0.0400
-0.000000,-2.020818,0.998294,0.000631,-0.000674,-0.005938,0.0400
-0.000000,-2.020818,0.998294,0.000781,-0.000249,-0.005962,0.0410
-0.000000,-2.020818,0.998294,0.001027,-0.000479,-0.005982,0.0410
-0.000000,-2.020818,0.998294,0.000368,-0.000563,-0.005997,0.0410
-0.000000,-2.020818,0.998294,0.000391,-0.000860,-0.006019,0.0400
-0.000000,-2.020818,0.998294,0.000850,-0.000605,-0.006033,0.0400
-0.000000,-2.020818,0.998294,0.000761,-0.000622,-0.006043,0.0410
-0.000000,-2.020818,0.998294,0.000822,-0.000510,-0.006049,0.0400
0.189870,-2.020818,0.998294,0.000641,-0.000545,-0.006057,0.0410
0.189870,-2.020818,0.998294,0.000586,-0.000407,-0.006070,0.0610
0.189870,-2.020818,0.998294,0.000521,-0.000540,-0.006091,0.0410
0.189870,-2.020818,0.998293,0.000864,-0.000421,-0.006114,0.0410
0.189870,-2.020818,0.998293,0.000423,-0.000745,-0.006131,0.0400
0.189870,-2.020818,0.998293,0.000736,-0.000485,-0.006140,0.0400
0.189870,-2.020818,0.998293,0.000979,-0.000421,-0.006149,0.0410
0.189870,-2.020818,0.998293,0.000666,-0.000255,-0.006152,0.0400
0.189870,-2.020818,0.998293,0.000714,-0.000514,-0.006167,0.0400
0.189870,-2.020818,0.998293,0.000745,-0.000198,-0.006189,0.0410
0.189870,-2.020818,0.998293,0.000662,-0.000160,-0.006206,0.0410
0.189870,-2.020818,0.998293,0.000652,-0.000222,-0.006213,0.0400
0.189870,-2.020818,0.998293,0.000483,-0.000305,-0.006226,0.0410
0.189870,-2.020818,0.998292,0.000904,-0.000488,-0.006239,0.0410
0.189870,-2.020818,0.998292,0.000834,-0.000351,-0.006252,0.0410
0.189870,-2.020818,0.998292,0.000658,-0.000619,-0.006261,0.0400
0.189870,-2.020818,0.998292,0.000757,-0.000415,-0.006271,0.0410
0.189870,-2.020818,0.998292,0.000804,-0.000269,-0.006278,0.0400
0.189870,-2.020818,0.998292,0.000678,-0.000604,-0.006288,0.0400
0.189870,-2.020818,0.998292,0.000820,-0.000694,-0.006291,0.0400
0.189870,-2.020818,0.998292,0.001021,-0.000560,-0.006292,0.0400
0.189870,-2.020818,0.998292,0.000856,-0.000513,-0.006325,0.0400
0.189870,-2.020818,0.998292,0.000749,-0.000622,-0.006338,0.0400
0.189870,-2.020818,0.998292,0.000583,-0.000611,-0.006341,0.0400
0.189870,-2.020818,0.998292,0.000756,-0.000443,-0.006340,0.0400
0.189870,-2.020818,0.998292,0.000801,-0.000708,-0.006347,0.0400
0.189870,-2.020818,0.998291,0.000946,-0.000582,-0.006360,0.0400
0.189870,-2.020818,0.998292,0.000725,-0.000569,-0.006381,0.0400
0.189870,-2.020818,0.998291,0.000833,-0.000399,-0.006402,0.0400
0.189870,-2.020818,0.998291,0.000918,-0.000658,-0.006417,0.0400
0.189870,-2.020818,0.998291,0.000676,-0.000271,-0.006432,0.0630
0.189870,-2.020818,0.998291,0.000853,-0.000321,-0.006447,0.0400
0.189870,-2.020818,0.998291,0.000877,-0.000048,-0.006456,0.0400
0.189870,-2.020818,0.998291,0.001058,-0.000581,-0.006469,0.0400
0.189870,-2.020818,0.998291,0.000914,-0.000408,-0.006480,0.0400
0.189870,-2.020818,0.998291,0.000623,-0.000646,-0.006495,0.0400
0.189870,-2.020818,0.998291,0.000790,-0.000272,-0.006512,0.0400
0.189870,-2.020818,0.998291,0.000748,-0.000378,-0.006529,0.0400
0.189870,-2.020818,0.998290,0.000765,-0.000755,-0.006553,0.0400
-0.000000,-2.020818,0.998290,0.001058,-0.000436,-0.006593,0.0930
-0.000000,-2.020818,0.998290,0.000820,-0.000923,-0.006613,0.0960
-0.000000,-2.020818,0.998290,0.000766,-0.000595,-0.006631,0.0620
-0.000000,-2.020818,0.998290,0.000552,-0.000302,-0.006644,0.0400
-0.000000,-2.020818,0.998290,0.000651,-0.000749,-0.006656,0.0400
-0.000000,-2.020818,0.998290,0.000651,-0.000749,-0.006656,0.0400
-0.000000,-2.020818,0.998286,0.002839,0.000598,-0.006718,0.0400
-0.000000,-2.020818,0.998289,0.001025,-0.000521,-0.006747,0.0670
-0.000000,-2.020818,0.998289,0.001055,-0.000287,-0.006759,0.0400
-0.000000,-2.020818,0.998288,0.001253,-0.000854,-0.006787,0.0750
-0.000000,-2.020818,0.998288,0.001425,-0.000625,-0.006800,0.0400
-0.000000,-2.020818,0.998289,0.000297,-0.000742,-0.006807,0.0400
-0.000000,-2.020818,0.998289,0.000564,-0.000508,-0.006809,0.0570
-0.000000,-2.020818,0.998288,0.000708,-0.000887,-0.006818,0.0410
-0.000000,-2.020818,0.998288,0.000629,-0.000840,-0.006843,0.0740
-0.000000,-2.020818,0.998288,0.001047,-0.000399,-0.006875,0.0770
-0.000000,-2.020818,0.998288,0.001211,-0.000603,-0.006899,0.0400
0.379741,-2.020818,0.998287,0.001558,-0.000801,-0.006919,0.0400
0.379741,-2.020818,0.998287,0.001558,-0.000801,-0.006919,0.0400
0.379741,-2.020818,0.998286,-0.001466,0.001177,-0.006942,0.0430
0.379741,-2.020818,0.998288,-0.000194,0.000248,-0.006958,0.0670
0.379741,-2.020818,0.998287,0.000952,-0.000691,-0.006977,0.0400
0.379741,-2.020818,0.998288,0.000770,-0.000571,-0.006992,0.0700
0.379741,-2.020818,0.998287,0.001009,-0.000509,-0.007007,0.0400
0.379741,-2.020818,0.998287,0.000686,-0.000132,-0.007034,0.0670
0.379741,-2.020818,0.998287,0.000920,-0.000355,-0.007051,0.0400
0.379741,-2.020818,0.998287,0.001104,-0.000646,-0.007081,0.0740
0.379741,-2.020818,0.998287,0.000691,-0.000658,-0.007100,0.0440
0.379741,-2.020818,0.998286,0.000997,-0.000629,-0.007117,0.0540
0.379741,-2.020818,0.998287,0.000561,-0.000496,-0.007136,0.0520
0.379741,-2.020818,0.998286,0.000767,-0.000364,-0.007144,0.0610
0.379741,-2.020818,0.998286,0.000758,-0.000709,-0.007156,0.0400
0.379741,-2.020818,0.998286,0.000772,-0.000774,-0.007157,0.0400
0.379741,-2.020818,0.998285,0.001304,-0.000347,-0.007221,0.0650
0.379741,-2.020818,0.998285,0.001219,-0.000482,-0.007235,0.0410
0.759482,-2.020818,0.998285,0.001005,-0.000509,-0.007244,0.0410
0.759482,-2.020818,0.998285,0.001035,-0.000456,-0.007267,0.0880
0.759482,-2.020818,0.998285,0.000435,-0.000550,-0.007298,0.0790
0.759482,-2.020818,0.998285,0.000480,-0.000536,-0.007314,0.0420
0.759482,-2.020818,0.998285,0.000691,-0.000584,-0.007329,0.0650
0.759482,-2.020818,0.998285,0.000910,-0.000738,-0.007336,0.0410
0.759482,-2.020818,0.998285,0.000651,-0.000550,-0.007365,0.0400
0.759482,-2.020818,0.998285,0.000445,-0.000793,-0.007375,0.0490
0.759482,-2.020818,0.998285,0.000472,-0.000311,-0.007388,0.0550
0.759482,-2.020818,0.998284,0.000897,-0.000655,-0.007414,0.0550
0.759482,-2.020818,0.998284,0.000711,-0.000133,-0.007455,0.0760
0.759482,-2.020818,0.998284,0.000832,-0.000350,-0.007484,0.0410
0.759482,-2.020818,0.998284,0.000788,-0.000348,-0.007513,0.1070
0.759482,-2.020818,0.998284,0.000792,-0.000560,-0.007533,0.0600
0.759482,-2.020818,0.998283,0.000859,-0.000875,-0.007547,0.0410
0.759482,-2.020818,0.998283,0.000793,-0.000522,-0.007553,0.0530
0.759482,-1.684015,0.998283,0.000903,-0.000484,-0.007571,0.0600
0.759482,-1.684015,0.998283,0.000791,-0.000534,-0.007588,0.0510
0.759482,-1.684015,0.998283,0.001047,-0.000685,-0.007606,0.0690
0.759482,-1.684015,0.998283,0.000723,-0.000406,-0.007615,0.0400
0.759482,-1.684015,0.998283,0.001063,-0.000536,-0.007621,0.0400
0.759482,-1.684015,0.998283,0.001063,-0.000536,-0.007621,0.0400
0.759482,-1.684015,0.998283,0.000441,-0.000738,-0.007662,0.0700
0.759482,-1.684015,0.998282,0.000603,-0.000747,-0.007680,0.0450
0.759482,-1.684015,0.998282,0.000617,-0.000657,-0.007695,0.0610
0.759482,-1.684015,0.998282,0.000875,-0.000370,-0.007709,0.0410
0.759482,-1.684015,0.998282,0.000810,-0.000384,-0.007739,0.0760
0.759482,-1.684015,0.998282,0.000689,-0.000317,-0.007748,0.0520
0.759482,-1.684015,0.998282,0.000780,-0.000232,-0.007754,0.0410
0.759482,-1.684015,0.998282,0.000847,-0.000226,-0.007769,0.0450
0.759482,-1.684015,0.998282,0.000847,-0.000226,-0.007769,0.0410
0.759482,-1.684015,0.998282,0.001090,-0.000673,-0.007756,0.0900
0.759482,-1.684015,0.998282,0.000835,-0.000238,-0.007774,0.0730
0.759482,-1.684015,0.998281,0.001011,-0.000287,-0.007799,0.1060
0.759482,-1.684015,0.998281,0.001220,-0.000512,-0.007816,0.0800
0.759482,-1.684015,0.998281,0.000907,-0.000646,-0.007821,0.0770
0.759482,-1.684015,0.998281,0.001115,-0.000477,-0.007816,0.1370
0.759482,-1.684015,0.998281,0.000633,-0.000534,-0.007830,0.1600
0.759482,-1.684015,0.998282,0.000542,-0.000284,-0.007838,0.0400
0.759482,-1.684015,0.998281,0.001013,-0.000489,-0.007855,0.0410
0.759482,-1.684015,0.998281,0.001108,-0.000537,-0.007868,0.1230
0.759482,-1.684015,0.998281,0.000774,-0.000409,-0.007890,0.0770
0.759482,-1.684015,0.998281,0.000779,-0.000650,-0.007908,0.0770
0.759482,-1.684015,0.998281,0.000666,-0.000503,-0.007929,0.0970
0.759482,-1.684015,0.998280,0.000833,-0.000050,-0.007944,0.0410
0.759482,-1.684015,0.998280,0.000925,-0.000334,-0.007956,0.0410
0.759482,-1.684015,0.998280,0.000822,-0.000385,-0.007974,0.0450
0.759482,-1.684015,0.998280,0.000668,-0.000247,-0.007980,0.0790
0.759482,-1.684015,0.998280,0.000541,-0.000345,-0.007986,0.0480
0.759482,-1.684015,0.998280,0.000785,-0.000370,-0.007989,0.0400
0.759482,-1.684015,0.998280,0.000855,-0.000427,-0.007996,0.0400
0.759482,-1.684015,0.998279,0.001008,-0.000736,-0.008013,0.0820
0.759482,-1.684015,0.998279,0.001187,-0.000740,-0.008019,0.0660
0.759482,-1.684015,0.998279,0.001109,-0.000802,-0.008016,0.0400
0.759482,-1.684015,0.998279,0.001025,-0.000676,-0.008016,0.0520
0.759482,-1.684015,0.998279,0.001090,-0.000836,-0.008028,0.0410
0.759482,-1.684015,0.998279,0.000989,-0.000845,-0.008047,0.0400
0.759482,-1.684015,0.998280,0.000341,-0.000140,-0.008059,0.0410
0.759482,-1.684015,0.998279,0.000542,-0.000516,-0.008075,0.0560
0.759482,-1.684015,0.998279,0.001030,-0.000235,-0.008085,0.0400
0.759482,-1.684015,0.998279,0.000729,-0.000337,-0.008092,0.0410
0.759482,-1.684015,0.998279,0.001136,-0.000116,-0.008091,0.0520
0.759482,-1.684015,0.998279,0.001312,-0.000197,-0.008092,0.0410
0.379741,-1.684015,0.998279,0.001144,0.000067,-0.008110,0.0680
0.379741,-1.684015,0.998279,0.000673,0.000070,-0.008127,0.0400
0.379741,-1.684015,0.998279,0.000688,-0.000233,-0.008134,0.0420
0.379741,-1.684015,0.998279,0.000719,-0.000324,-0.008144,0.0400
0.379741,-1.684015,0.998279,0.000321,-0.000856,-0.008155,0.0400
0.379741,-1.684015,0.998278,0.000883,-0.000508,-0.008182,0.0690
0.379741,-1.684015,0.998278,0.001196,-0.000340,-0.008193,0.0400
0.379741,-1.684015,0.998278,0.001196,-0.000340,-0.008194,0.0400
0.379741,-1.684015,0.998279,0.000359,-0.000374,-0.008204,0.0430
0.379741,-1.684015,0.998279,0.000674,-0.000291,-0.008201,0.0430
0.379741,-1.684015,0.998278,0.000783,-0.000510,-0.008203,0.0400
0.379741,-1.684015,0.998278,0.001152,-0.000553,-0.008208,0.0720
0.379741,-1.684015,0.998278,0.000889,-0.000341,-0.008221,0.0400
0.379741,-1.684015,0.998278,0.000554,-0.000557,-0.008242,0.0920
0.379741,-1.684015,0.998278,0.000895,-0.000089,-0.008252,0.0440
0.379741,-1.684015,0.998278,0.000759,-0.000424,-0.008256,0.0580
0.379741,-1.684015,0.998278,0.000958,-0.000623,-0.008266,0.0400
0.379741,-1.684015,0.998277,0.001006,-0.000486,-0.008273,0.0400
0.189870,-1.684015,0.998278,0.000565,-0.000831,-0.008280,0.0460
0.189870,-1.684015,0.998278,0.000487,-0.000288,-0.008292,0.0420
0.189870,-1.684015,0.998278,0.000652,-0.000099,-0.008299,0.0690
0.189870,-1.684015,0.998278,0.000612,-0.000082,-0.008304,0.0400
0.189870,-1.684015,0.998277,0.000849,-0.000485,-0.008304,0.0400
0.189870,-1.684015,0.998277,0.000965,-0.000569,-0.008308,0.0510
0.189870,-1.684015,0.998277,0.000972,-0.000261,-0.008309,0.0400
0.189870,-1.684015,0.998277,0.000712,-0.000457,-0.008310,0.0400
0.189870,-1.684015,0.998277,0.000931,-0.000407,-0.008311,0.0600
0.189870,-1.684015,0.998277,0.000392,-0.000432,-0.008329,0.0400
0.189870,-1.684015,0.998277,0.000707,-0.000282,-0.008334,0.0410
0.189870,-1.684015,0.998277,0.000754,-0.000633,-0.008331,0.0780
0.189870,-1.684015,0.998277,0.000445,-0.000088,-0.008345,0.0400
0.189870,-1.684015,0.998277,0.000455,-0.000152,-0.008354,0.0400
0.189870,-1.684015,0.998276,0.001641,-0.000275,-0.008388,0.0430
0.189870,-1.684015,0.998277,0.000808,-0.000207,-0.008408,0.0580
0.189870,-1.684015,0.998276,0.000798,-0.000032,-0.008433,0.0400
0.189870,-1.684015,0.998276,0.000692,-0.000275,-0.008448,0.0580
0.189870,-1.684015,0.998276,0.000991,0.000026,-0.008451,0.0460
-0.189871,-1.347212,0.998276,0.000698,-0.000198,-0.008453,0.0520
-0.189871,-1.347212,0.998276,0.000762,-0.000229,-0.008462,0.0400
-0.189871,-1.347212,0.998276,0.000943,0.000691,-0.008473,0.0410
-0.189871,-1.347212,0.998276,0.000849,-0.000046,-0.008486,0.0620
-0.189871,-1.347212,0.998276,0.000468,-0.000648,-0.008493,0.0400
-0.189871,-1.347212,0.998276,0.000541,-0.000472,-0.008496,0.0400
-0.189871,-1.347212,0.998273,0.002391,-0.000258,-0.008509,0.0410
-0.189871,-1.347212,0.998276,0.000738,-0.000249,-0.008504,0.0500
-0.189871,-1.347212,0.998276,0.000669,-0.000477,-0.008508,0.0400
-0.189871,-1.347212,0.998276,0.000452,-0.000409,-0.008508,0.0400
-0.189871,-1.347212,0.998271,0.002334,-0.001769,-0.008559,0.0410
-0.189871,-1.347212,0.998274,0.001316,-0.000984,-0.008574,0.0410
-0.189871,-1.347212,0.998275,0.000468,-0.000535,-0.008583,0.0620
-0.189871,-1.347212,0.998275,0.000445,-0.000664,-0.008582,0.0400
-0.189871,-1.347212,0.998274,-0.001352,0.001381,-0.008593,0.0400
-0.189871,-1.347212,0.998275,-0.000097,0.000026,-0.008601,0.0660
-0.189871,-1.347212,0.998275,0.000391,-0.000145,-0.008602,0.0400
-0.189871,-1.347212,0.998275,0.000267,-0.000390,-0.008604,0.0400
-0.189871,-1.347212,0.998275,0.000301,-0.000447,-0.008609,0.0500
-0.189871,-1.347212,0.998275,0.000498,-0.000485,-0.008611,0.0400
1.329094,-1.010409,0.998275,0.000524,-0.000395,-0.008611,0.0410
1.329094,-1.010409,0.998275,0.000305,-0.000193,-0.008622,0.0600
1.329094,-1.010409,0.998275,0.000742,-0.000355,-0.008623,0.0400
1.329094,-1.010409,0.998275,0.000974,-0.000448,-0.008621,0.0400
1.329094,-1.010409,0.998275,0.000974,-0.000448,-0.008621,0.0400
1.329094,-1.010409,0.998275,0.000974,-0.000448,-0.008621,0.0400
1.329094,-1.010409,0.998275,0.000974,-0.000448,-0.008621,0.0400
1.329094,-1.010409,0.998275,0.000974,-0.000448,-0.008621,0.0400
1.329094,-1.010409,0.998275,0.000974,-0.000448,-0.008621,0.0400
1.329094,-1.010409,0.998240,-0.003176,0.007668,-0.008672,0.0480
1.329094,-1.010409,0.998251,-0.002583,0.006427,-0.008667,0.0510
1.329094,-1.010409,0.998260,-0.001977,0.005010,-0.008676,0.0400
1.329094,-1.010409,0.998260,-0.001977,0.005010,-0.008676,0.0400
1.329094,-1.010409,0.998273,-0.000361,0.001470,-0.008709,0.0400
1.329094,-1.010409,0.998274,0.000269,0.000399,-0.008708,0.0460
1.329094,-1.010409,0.998274,0.000608,-0.000097,-0.008710,0.0400
1.329094,-1.010409,0.998274,0.000608,-0.000097,-0.008710,0.0400
1.329094,-1.010409,0.998274,0.000608,-0.000097,-0.008710,0.0400
1.329094,-1.010409,0.998262,0.004808,0.001120,-0.008714,0.0400
1.708835,-1.347212,0.998270,0.003013,0.000455,-0.008724,0.0630
1.708835,-1.347212,0.998273,0.001649,-0.000128,-0.008738,0.0400
1.708835,-1.347212,0.998273,0.001423,-0.000175,-0.008739,0.0400
1.708835,-1.347212,0.998274,-0.000881,-0.000748,-0.008734,0.0400
1.708835,-1.347212,0.998274,0.000636,-0.000335,-0.008729,0.0660
1.708835,-1.347212,0.998274,0.000614,-0.000029,-0.008732,0.0410
1.708835,-1.347212,0.998274,0.000642,-0.000091,-0.008734,0.0400
1.708835,-1.347212,0.998272,-0.000669,-0.001688,-0.008759,0.0400
1.708835,-1.347212,0.998274,0.000695,-0.000322,-0.008768,0.0600
1.708835,-1.347212,0.998274,0.000674,-0.000577,-0.008767,0.0450
1.708835,-1.347212,0.998273,0.000876,-0.000235,-0.008802,0.0900
1.708835,-1.347212,0.998273,0.000993,-0.000087,-0.008782,0.0400
1.708835,-1.347212,0.998273,-0.000971,0.000548,-0.008748,0.0400
1.708835,-1.347212,0.998273,-0.000623,0.000924,-0.008788,0.0580
1.708835,-1.347212,0.998274,-0.000231,0.000090,-0.008789,0.0400
1.708835,-1.347212,0.998273,0.000524,0.000435,-0.008823,0.0650
1.708835,-1.347212,0.998273,0.000827,-0.000005,-0.008843,0.0500
1.708835,-1.347212,0.998272,0.001376,-0.001021,-0.008851,0.0450
1.708835,-1.347212,0.998272,0.001115,-0.000617,-0.008871,0.0410
1.898706,-1.684015,0.998273,0.000326,-0.000170,-0.008898,0.0400
1.898706,-1.684015,0.998273,0.000245,-0.000270,-0.008899,0.0400
1.898706,-1.684015,0.998273,0.000245,-0.000270,-0.008899,0.0400
1.898706,-1.684015,0.998273,0.000245,-0.000270,-0.008899,0.0400
1.898706,-1.684015,0.998273,0.000245,-0.000270,-0.008899,0.0400
1.898706,-1.684015,0.998273,0.000245,-0.000270,-0.008899,0.0400
1.898706,-1.684015,0.998273,0.000245,-0.000270,-0.008899,0.0400
1.898706,-1.684015,0.998273,0.000245,-0.000270,-0.008899,0.0400
1.898706,-1.684015,0.998273,0.000245,-0.000270,-0.008899,0.0400
1.898706,-1.684015,0.998273,0.000245,-0.000270,-0.008899,0.0400
1.898706,-1.684015,0.998162,-0.006235,-0.013042,-0.009554,0.0400
1.898706,-1.684015,0.998178,-0.004745,-0.012413,-0.009587,0.0480
1.898706,-1.684015,0.998200,-0.003796,-0.010900,-0.009579,0.0400
1.898706,-1.684015,0.998209,-0.003296,-0.010161,-0.009561,0.0400
1.898706,-1.684015,0.998209,-0.003296,-0.010161,-0.009561,0.0400
1.898706,-1.684015,0.998209,-0.003296,-0.010161,-0.009561,0.0400
1.898706,-1.684015,0.998262,0.000393,-0.005598,-0.008312,0.0400
1.898706,-1.684015,0.998257,0.002592,-0.006200,-0.008082,0.0410
1.898706,-1.684015,0.998255,0.004101,-0.006057,-0.007829,0.0400
1.898706,-1.684015,0.998250,0.004902,-0.006210,-0.007843,0.0400
1.898706,-1.684015,0.998250,0.004902,-0.006210,-0.007843,0.0400
1.898706,-1.684015,0.998250,0.004902,-0.006210,-0.007843,0.0400
1.898706,-1.684015,0.998250,0.004902,-0.006210,-0.007843,0.0400
1.898706,-1.684015,0.998250,0.004902,-0.006210,-0.007843,0.0400
2.848059,-1.347211,0.998072,0.011390,0.018651,-0.001687,0.0420
2.848059,-1.347211,0.997933,0.012338,0.024321,-0.003544,0.0710
2.848059,-1.347211,0.997779,0.012774,0.028802,-0.008521,0.0530
2.848059,-1.347211,0.997620,0.012991,0.031902,-0.013980,0.0430
2.848059,-1.347211,0.997431,0.010803,0.034231,-0.021685,0.0620
2.848059,-1.347211,0.997431,0.010803,0.034231,-0.021685,0.0400
2.848059,-1.347211,0.996722,-0.003375,0.034126,-0.044683,0.0680
2.848059,-1.347211,0.996105,-0.006755,0.035442,-0.055687,0.0400
2.848059,-1.347211,0.995051,-0.009724,0.041969,-0.068160,0.0680
2.848059,-1.347211,0.988578,-0.040242,0.103433,-0.083799,0.1680
2.848059,-1.347211,0.985889,-0.050776,0.121562,-0.085406,0.0480
2.848059,-1.347211,0.983056,-0.061796,0.137385,-0.086808,0.0400
2.848059,-1.347211,0.980520,-0.072095,0.149195,-0.088043,0.0430
2.848059,-1.347211,0.978025,-0.095210,0.152911,-0.087453,0.1600
2.848059,-1.347211,0.979048,-0.098878,0.144508,-0.086221,0.0410
2.848059,-1.347211,0.982183,-0.089863,0.128720,-0.085439,0.0400
2.848059,-1.347211,0.983739,-0.083940,0.120794,-0.085140,0.0400
2.848059,-1.347211,0.983739,-0.083940,0.120794,-0.085140,0.0400
2.848059,-1.347211,0.983739,-0.083940,0.120794,-0.085140,0.0400
2.848059,-1.347211,0.983739,-0.083940,0.120794,-0.085140,0.0400
2.848059,-1.347211,0.983739,-0.083940,0.120794,-0.085140,0.0400
2.848059,-1.347211,0.983739,-0.083940,0.120794,-0.085140,0.0400
2.848059,-1.347211,0.983739,-0.083940,0.120794,-0.085140,0.0400
2.848059,-1.347211,0.983739,-0.083940,0.120794,-0.085140,0.0400
2.848059,-1.347211,0.983739,-0.083940,0.120794,-0.085140,0.0400
2.848059,-1.347211,0.983739,-0.083940,0.120794,-0.085140,0.0400
2.848059,-1.347211,0.983739,-0.083940,0.120794,-0.085140,0.0400
2.848059,-1.347211,0.983739,-0.083940,0.120794,-0.085140,0.0400
2.848059,-1.347211,0.986534,-0.080331,0.107883,-0.072703,0.0420
2.848059,-1.347211,0.986795,-0.078972,0.107183,-0.071685,0.0540
2.848059,-1.347211,0.987233,-0.075029,0.106614,-0.070737,0.0400
3.227800,-1.347211,0.987790,-0.067212,0.107391,-0.069628,0.0420
3.227800,-1.347211,0.987918,-0.059018,0.111317,-0.069077,0.0530
3.227800,-1.347211,0.987762,-0.048613,0.117725,-0.068783,0.0400
3.227800,-1.347211,0.987415,-0.041771,0.123449,-0.068231,0.0640
3.227800,-1.347211,0.987107,-0.040928,0.126770,-0.067098,0.0410
3.227800,-1.347211,0.987098,-0.041012,0.126861,-0.067010,0.0460
3.227800,-1.347211,0.990413,-0.033781,0.105319,-0.058958,0.2460
3.227800,-1.347211,0.992150,-0.026055,0.092495,-0.055058,0.1730
3.227800,-1.347211,0.992982,0.014943,0.084773,-0.056618,0.2340
3.797412,-1.010409,0.992835,0.031492,0.080777,-0.058218,0.1010
3.797412,-1.010409,0.992772,0.035458,0.079545,-0.058713,0.0490
3.797412,-1.010409,0.993294,0.023166,0.077049,-0.059337,0.1070
3.797412,-1.010409,0.993781,-0.011045,0.075084,-0.057164,0.1790
3.797412,-1.010409,0.993845,-0.016056,0.073667,-0.056695,0.0430
3.797412,-1.010409,0.994004,-0.025838,0.069844,-0.055113,0.1460
3.797412,-1.010409,0.994089,-0.028127,0.067944,-0.054845,0.0400
3.797412,-1.010409,0.992296,-0.062863,0.073271,-0.051538,0.2750
11.202365,-2.020817,0.972158,-0.111670,0.188186,-0.060440,0.4270
11.202365,-2.020817,0.973991,-0.107902,0.181519,-0.058114,0.1030
11.202365,-2.020817,0.993988,-0.050614,0.061709,-0.047380,0.3240
11.202365,-2.020817,0.992250,-0.040972,0.088009,-0.051423,0.1930
14.050424,-3.031227,0.983565,-0.037239,0.158779,-0.051285,0.2330
14.050424,-3.031227,0.981912,-0.036555,0.170010,-0.047303,0.1920
14.050424,-3.031227,0.984735,-0.038577,0.151923,-0.048541,0.0400
14.050424,-3.031227,0.985707,-0.038991,0.145195,-0.049062,0.0400
14.050424,-3.031227,0.991991,-0.040157,0.091441,-0.051058,0.0730
14.050424,-3.031227,0.993878,-0.038926,0.068202,-0.051638,0.0570
14.050424,-3.031227,0.994677,-0.036313,0.054647,-0.054229,0.0450
14.050424,-3.031227,0.994714,-0.033387,0.042619,-0.065127,0.0570
14.050424,-3.031227,0.994457,-0.030133,0.036448,-0.073801,0.0400
14.050424,-3.031227,0.994382,-0.022997,0.031927,-0.079274,0.0400
14.050424,-3.031227,0.994382,-0.022997,0.031927,-0.079274,0.0400
14.050424,-3.031227,0.994382,-0.022997,0.031927,-0.079274,0.0400
14.050424,-3.031227,0.990344,0.037490,0.081812,-0.088023,0.0430
17.278223,-3.704834,0.986945,0.054207,0.106015,-0.091592,0.0640
17.278223,-3.704834,0.980759,0.065729,0.146709,-0.094314,0.2280
17.278223,-3.704834,0.974545,0.115484,0.154524,-0.098365,0.3410
17.278223,-3.704834,0.982592,0.112611,0.091090,-0.100811,0.2630
22.214859,-5.388852,0.985605,0.109979,0.052430,-0.101817,0.1200
22.214859,-5.388852,0.986848,0.106304,0.035249,-0.101076,0.0990
22.214859,-5.388852,0.988396,0.097993,0.022647,-0.097907,0.1130
22.214859,-5.388852,0.993889,-0.024761,0.026725,-0.086518,0.3390
22.214859,-5.388852,0.993854,-0.032029,0.027041,-0.084411,0.0450
22.214859,-5.388852,0.993828,-0.038967,0.026557,-0.081910,0.0440
22.214859,-5.388852,0.994904,-0.050446,0.021565,-0.061521,0.2640
22.784472,-4.378441,0.987013,-0.047350,0.036464,0.137334,0.3760
22.784472,-4.378441,0.974816,-0.043621,0.047479,0.205436,0.1130
22.784472,-4.378441,0.929385,-0.041139,0.060541,0.357089,0.1790
22.784472,-4.378441,0.883012,-0.080331,0.060049,0.454818,0.2050
22.784472,-4.378441,0.874141,-0.099899,0.060001,0.467895,0.0400
22.784472,-4.378441,0.865633,-0.126614,0.060919,0.477038,0.0400
22.784472,-4.378441,0.865633,-0.126614,0.060919,0.477038,0.0400
22.784472,-4.378441,0.865633,-0.126614,0.060919,0.477038,0.0400
22.784472,-4.378441,0.865633,-0.126614,0.060919,0.477038,0.0410
23.164213,-3.704834,0.876007,-0.165527,0.047175,0.446783,0.0430
23.164213,-3.704834,0.888753,-0.168207,0.053754,0.419003,0.0830
23.164213,-3.704834,0.903035,-0.163499,0.060603,0.388266,0.0610
23.164213,-3.704834,0.919421,-0.148656,0.063803,0.353728,0.0590
23.164213,-3.704834,0.995300,0.025385,0.016125,0.071424,0.3500
23.164213,-3.704834,0.995725,0.031467,0.024357,-0.059797,0.1990
22.974342,-6.062459,0.941226,-0.054372,0.056154,-0.323438,0.3490
22.974342,-6.062459,0.929986,-0.059882,0.058687,-0.353162,0.0440
22.974342,-6.062459,0.903977,-0.067458,0.063505,-0.413365,0.0430
22.974342,-6.062459,0.749507,-0.061970,0.074445,-0.652291,0.3590
22.974342,-6.062459,0.608099,-0.044240,0.090429,-0.785308,0.3550
23.164213,-7.409673,0.576128,-0.041084,0.093520,-0.808870,0.0540
23.164213,-7.409673,0.521767,-0.076521,0.061332,-0.845441,0.3290
23.164213,-7.409673,0.521447,-0.093723,0.023250,-0.845811,0.2690
24.873049,-7.072869,0.598814,-0.006517,-0.086199,-0.794089,0.3630
24.873049,-7.072869,0.634552,0.028912,-0.125468,-0.759864,0.2710
24.873049,-7.072869,0.635744,0.042137,-0.131594,-0.757208,0.1660
24.873049,-7.072869,0.642532,0.079626,-0.018355,-0.759673,0.2560
24.873049,-7.072869,0.641535,0.088302,0.001507,-0.759777,0.1240
24.873049,-7.072869,0.640144,0.095388,0.015151,-0.759944,0.0400
27.151497,-7.746477,0.638043,0.090206,0.047055,-0.761038,0.3160
27.151497,-7.746477,0.647866,-0.000677,0.071594,-0.756155,0.2940
27.151497,-7.746477,0.650373,-0.007043,0.058818,-0.755072,0.1200
27.151497,-7.746477,0.651228,-0.004131,0.045158,-0.755297,0.0410
27.151497,-7.746477,0.652492,0.000535,0.019776,-0.755309,0.0440
27.151497,-7.746477,0.652494,0.000231,-0.023083,-0.755213,0.2650
25.632532,-8.083281,0.651888,-0.008717,-0.027636,-0.755533,0.1680
25.632532,-8.083281,0.651891,-0.011241,-0.027544,-0.755500,0.0570
25.632532,-8.083281,0.651860,-0.013258,-0.026920,-0.755517,0.0400
25.632532,-8.083281,0.651130,-0.022455,-0.028945,-0.755854,0.3560
25.632532,-8.083281,0.649796,-0.049661,-0.009513,-0.756199,0.3310
25.632532,-8.083281,0.649257,-0.056128,-0.003371,-0.756262,0.0700
24.493309,-8.420084,0.648920,-0.061476,0.000871,-0.756141,0.0500
24.493309,-8.420084,0.652395,-0.058096,-0.012492,-0.753311,0.2760
24.493309,-8.420084,0.655730,-0.043416,-0.026380,-0.751042,0.1370
24.493309,-8.420084,0.657130,-0.031738,-0.025570,-0.750431,0.0430
24.493309,-8.420084,0.661482,0.056892,0.011167,-0.745458,0.3260
24.683180,-9.093691,0.659917,0.108656,0.049630,-0.739505,0.2500
24.683180,-9.093691,0.655932,0.140610,0.083955,-0.734548,0.1900
24.683180,-9.093691,0.655155,0.146162,0.089573,-0.733494,0.0480
24.683180,-9.093691,0.654591,0.149997,0.094315,-0.732628,0.0400
24.683180,-9.093691,0.654419,0.151083,0.096103,-0.732326,0.0410
24.683180,-9.093691,0.654719,0.151883,0.098180,-0.731617,0.0510
24.683180,-9.093691,0.660861,0.104614,0.054876,-0.738874,0.1730
24.683180,-9.093691,0.663576,0.071444,0.024129,-0.742029,0.1400
24.683180,-9.093691,0.664211,0.064132,0.017723,-0.742310,0.0410
24.683180,-9.093691,0.664720,0.058738,0.013755,-0.742385,0.0400
22.024992,-8.420084,0.667852,0.041738,0.003526,-0.740842,0.1860
22.024992,-8.420084,0.671542,0.031559,0.000576,-0.738012,0.1990
22.024992,-8.420084,0.668480,-0.012204,0.025885,-0.740907,0.2810
22.024992,-8.420084,0.666684,-0.040126,0.037484,-0.741043,0.1190
22.024992,-8.420084,0.665420,-0.059396,0.040687,-0.740716,0.0410
22.024992,-8.420084,0.664395,-0.074666,0.041038,-0.740235,0.0460
22.024992,-8.420084,0.663220,-0.091790,0.039046,-0.739471,0.0440
22.024992,-8.420084,0.662399,-0.102258,0.037366,-0.738920,0.0580
22.024992,-8.420084,0.661319,-0.114887,0.034772,-0.738158,0.0460
21.075640,-8.083281,0.661019,-0.134256,0.026914,-0.735481,0.1990
21.075640,-8.083281,0.665514,-0.113114,-0.006417,-0.735448,0.1370
21.075640,-8.083281,0.667767,0.015297,-0.014053,-0.741811,0.3490
21.075640,-8.083281,0.666781,0.046608,-0.000081,-0.741524,0.0850
21.075640,-8.083281,0.662857,0.083029,0.022616,-0.741514,0.2590
20.885769,-8.083281,0.661314,0.083042,0.019460,-0.742979,0.0760
20.885769,-8.083281,0.660193,0.080745,0.017668,-0.744272,0.0400
20.885769,-8.083281,0.658995,0.077145,0.013126,-0.745808,0.0400
20.885769,-8.083281,0.656908,0.067856,0.003601,-0.748653,0.0430
20.885769,-8.083281,0.656576,0.041985,-0.008478,-0.750800,0.2540
20.885769,-8.083281,0.658458,0.033144,-0.007852,-0.749600,0.0710
20.885769,-8.083281,0.668449,0.008601,0.000008,-0.741438,0.2680
18.607323,-7.409674,0.668659,-0.022366,-0.004511,-0.740947,0.3080
18.607323,-7.409674,0.679711,0.009261,-0.002744,-0.731113,0.2490
18.607323,-7.409674,0.700937,-0.078511,-0.020750,-0.706202,0.1170
18.607323,-7.409674,0.717055,-0.049660,0.001413,-0.692814,0.0520
18.607323,-7.409674,0.725594,-0.008096,0.036237,-0.684663,0.0410
18.607323,-7.409674,0.726432,0.008247,0.050825,-0.682842,0.0400
18.607323,-7.409674,0.726430,0.013516,0.051903,-0.682679,0.0400
18.607323,-7.409674,0.726430,0.013516,0.051903,-0.682679,0.0400
18.607323,-7.409674,0.726430,0.013516,0.051903,-0.682679,0.0400
18.607323,-7.409674,0.726430,0.013516,0.051903,-0.682679,0.0400
18.607323,-7.409674,0.726430,0.013516,0.051903,-0.682679,0.0400
18.607323,-7.409674,0.726430,0.013516,0.051903,-0.682679,0.0400
18.607323,-7.409674,0.726430,0.013516,0.051903,-0.682679,0.0400
18.607323,-7.409674,0.726430,0.013516,0.051903,-0.682679,0.0400
18.607323,-7.409674,0.726430,0.013516,0.051903,-0.682679,0.0410
18.607323,-7.409674,0.726430,0.013516,0.051903,-0.682679,0.0400
18.607323,-7.409674,0.726430,0.013516,0.051903,-0.682679,0.0400
18.607323,-7.409674,0.726430,0.013516,0.051903,-0.682679,0.0400
18.607323,-7.409674,0.726430,0.013516,0.051903,-0.682679,0.0400
18.607323,-7.409674,0.726430,0.013516,0.051903,-0.682679,0.0400
18.607323,-7.409674,0.726430,0.013516,0.051903,-0.682679,0.0400
18.607323,-7.409674,0.726430,0.013516,0.051903,-0.682679,0.0400
18.607323,-7.409674,0.726430,0.013516,0.051903,-0.682679,0.0400
18.607323,-7.409674,0.726430,0.013516,0.051903,-0.682679,0.0400
16.328876,-7.072870,0.727457,0.020222,0.020761,-0.683076,0.0400
16.328876,-7.072870,0.727430,0.020782,0.020350,-0.683102,0.0430
16.328876,-7.072870,0.727444,0.021496,0.020565,-0.683057,0.0400
16.328876,-7.072870,0.727413,0.021583,0.020946,-0.683076,0.0400
16.328876,-7.072870,0.727413,0.021583,0.020946,-0.683076,0.0400
16.328876,-7.072870,0.727413,0.021583,0.020946,-0.683076,0.0400
16.328876,-7.072870,0.727413,0.021583,0.020946,-0.683076,0.0400
16.328876,-7.072870,0.727413,0.021583,0.020946,-0.683076,0.0400
16.328876,-7.072870,0.727413,0.021583,0.020946,-0.683076,0.0400
16.328876,-7.072870,0.727413,0.021583,0.020946,-0.683076,0.0410
16.328876,-7.072870,0.727413,0.021583,0.020946,-0.683076,0.0400
16.328876,-7.072870,0.727413,0.021583,0.020946,-0.683076,0.0440
16.328876,-7.072870,0.727413,0.021583,0.020946,-0.683076,0.0400
16.328876,-7.072870,0.727413,0.021583,0.020946,-0.683076,0.0400
16.328876,-7.072870,0.727413,0.021583,0.020946,-0.683076,0.0400
16.328876,-7.072870,0.727413,0.021583,0.020946,-0.683076,0.0400
16.328876,-7.072870,0.727413,0.021583,0.020946,-0.683076,0.0400
16.328876,-7.072870,0.727413,0.021583,0.020946,-0.683076,0.0400
16.328876,-7.072870,0.727413,0.021583,0.020946,-0.683076,0.0400
16.328876,-7.072870,0.727413,0.021583,0.020946,-0.683076,0.0400
13.480818,-6.736067,0.726818,0.040223,0.041701,-0.681913,0.0400
13.480818,-6.736067,0.726880,0.039481,0.040845,-0.681943,0.0450
13.480818,-6.736067,0.726913,0.038467,0.039480,-0.682046,0.0400
13.480818,-6.736067,0.726971,0.037850,0.038700,-0.682064,0.0400
13.480818,-6.736067,0.726971,0.037850,0.038700,-0.682064,0.0400
13.480818,-6.736067,0.726971,0.037850,0.038700,-0.682064,0.0410
13.480818,-6.736067,0.726971,0.037850,0.038700,-0.682064,0.0400
13.480818,-6.736067,0.726971,0.037850,0.038700,-0.682064,0.0420
13.480818,-6.736067,0.726971,0.037850,0.038700,-0.682064,0.0400
13.480818,-6.736067,0.726971,0.037850,0.038700,-0.682064,0.0400
13.480818,-6.736067,0.726971,0.037850,0.038700,-0.682064,0.0400
10.822630,-6.736067,0.728249,0.029074,0.028427,-0.681636,0.0540
10.822630,-6.736067,0.728257,0.028013,0.027310,-0.681718,0.0400
10.822630,-6.736067,0.728303,0.027399,0.026566,-0.681722,0.0400
10.822630,-6.736067,0.728303,0.027399,0.026566,-0.681722,0.0400
10.822630,-6.736067,0.728303,0.027399,0.026566,-0.681722,0.0400
10.822630,-6.736067,0.728303,0.027399,0.026566,-0.681722,0.0400
10.822630,-6.736067,0.728303,0.027399,0.026566,-0.681722,0.0410
10.822630,-6.736067,0.728303,0.027399,0.026566,-0.681722,0.0400
10.822630,-6.736067,0.728303,0.027399,0.026566,-0.681722,0.0400
10.822630,-6.736067,0.728303,0.027399,0.026566,-0.681722,0.0400
10.822630,-6.736067,0.728303,0.027399,0.026566,-0.681722,0.0410
10.822630,-6.736067,0.728303,0.027399,0.026566,-0.681722,0.0400
10.822630,-6.736067,0.728083,0.016668,0.012505,-0.682707,0.0400
10.822630,-6.736067,0.728049,0.017375,0.013574,-0.682705,0.0400
10.822630,-6.736067,0.727977,0.018289,0.014852,-0.682731,0.0400
10.822630,-6.736067,0.727950,0.018790,0.015574,-0.682730,0.0400
10.822630,-6.736067,0.727950,0.018790,0.015574,-0.682730,0.0400
10.822630,-6.736067,0.727950,0.018790,0.015574,-0.682730,0.0400
10.822630,-6.736067,0.727950,0.018790,0.015574,-0.682730,0.0400
10.822630,-6.736067,0.727950,0.018790,0.015574,-0.682730,0.0400
10.822630,-6.736067,0.727950,0.018790,0.015574,-0.682730,0.0400
10.822630,-6.736067,0.727950,0.018790,0.015574,-0.682730,0.0400
10.822630,-6.736067,0.727950,0.018790,0.015574,-0.682730,0.0400
10.822630,-6.736067,0.727950,0.018790,0.015574,-0.682730,0.0400
10.822630,-6.736067,0.727950,0.018790,0.015574,-0.682730,0.0400
10.822630,-6.736067,0.727950,0.018790,0.015574,-0.682730,0.0400
10.822630,-6.736067,0.727950,0.018790,0.015574,-0.682730,0.0400
10.822630,-6.736067,0.727950,0.018790,0.015574,-0.682730,0.0400
10.822630,-6.736067,0.727950,0.018790,0.015574,-0.682730,0.0400
10.822630,-6.736067,0.727950,0.018790,0.015574,-0.682730,0.0400
10.822630,-6.736067,0.727950,0.018790,0.015574,-0.682730,0.0400
10.822630,-6.736067,0.727950,0.018790,0.015574,-0.682730,0.0400
10.822630,-6.736067,0.727950,0.018790,0.015574,-0.682730,0.0400
10.822630,-6.736067,0.727950,0.018790,0.015574,-0.682730,0.0400
10.822630,-6.736067,0.727950,0.018790,0.015574,-0.682730,0.0400
10.822630,-6.736067,0.727950,0.018790,0.015574,-0.682730,0.0400
10.822630,-6.736067,0.727950,0.018790,0.015574,-0.682730,0.0400
10.822630,-6.736067,0.727950,0.018790,0.015574,-0.682730,0.0400
10.822630,-6.736067,0.727950,0.018790,0.015574,-0.682730,0.0400
10.822630,-6.736067,0.727950,0.018790,0.015574,-0.682730,0.0400
10.822630,-6.736067,0.727950,0.018790,0.015574,-0.682730,0.0400
10.822630,-6.736067,0.727950,0.018790,0.015574,-0.682730,0.0400
10.822630,-6.736067,0.727950,0.018790,0.015574,-0.682730,0.0400
10.822630,-6.736067,0.727950,0.018790,0.015574,-0.682730,0.0400
10.822630,-6.736067,0.727950,0.018790,0.015574,-0.682730,0.0400
10.822630,-6.736067,0.727950,0.018790,0.015574,-0.682730,0.0400
10.822630,-6.736067,0.727950,0.018790,0.015574,-0.682730,0.0560
10.822630,-6.736067,0.727950,0.018790,0.015574,-0.682730,0.0400
10.822630,-6.736067,0.727950,0.018790,0.015574,-0.682730,0.0400
10.822630,-6.736067,0.727950,0.018790,0.015574,-0.682730,0.0400
10.822630,-6.736067,0.727950,0.018790,0.015574,-0.682730,0.0400
10.822630,-6.736067,0.727950,0.018790,0.015574,-0.682730,0.0400
10.822630,-6.736067,0.727950,0.018790,0.015574,-0.682730,0.0400
