1.329094,-0.336803,0.012632,-0.022407,-0.001055,-0.000558,0.047448,-27.510348,-50.112368,1.254462,-0.320001,0.012667,-0.022433,0.1920
1.329094,-0.336803,0.012632,-0.022407,-0.000050,0.000093,0.048229,-27.510348,-50.112368,1.269830,-0.324356,0.012656,-0.022430,0.0400
1.329094,-0.336803,0.012632,-0.022407,-0.000143,0.000176,0.049127,-27.510348,-50.112368,1.279896,-0.327358,0.012644,-0.022420,0.0400
1.329094,-0.336803,0.012632,-0.022407,0.000135,-0.000110,0.049216,-27.510348,-50.112368,1.288461,-0.330066,0.012647,-0.022415,0.0400
1.329094,-0.336803,0.012632,-0.022407,0.000024,0.000042,0.049626,-27.510348,-50.112368,1.294046,-0.331962,0.012645,-0.022421,0.0410
1.329094,-0.336803,0.012632,-0.022407,-0.000429,0.000070,0.050667,-27.510348,-50.112368,1.298618,-0.333605,0.012628,-0.022417,0.0400
1.329094,-0.336803,0.012632,-0.022407,0.000063,-0.000853,0.050974,-27.510348,-50.112368,1.302463,-0.335106,0.012626,-0.022447,0.0410
1.329094,-0.336803,0.012632,-0.022407,0.000759,0.000955,0.050384,-27.510348,-50.112368,1.305735,-0.336463,0.012652,-0.022392,0.0400
1.329094,-0.336803,0.012632,-0.022407,-0.001134,0.000175,0.050268,-27.510348,-50.112368,1.308415,-0.337670,0.012646,-0.022404,0.0400
0.949353,-0.000000,-0.346388,0.307221,-0.000034,-0.000102,0.050743,-27.510351,-50.112366,1.272351,-0.304415,-0.042411,0.028151,0.0400
0.949353,-0.000000,-0.346388,0.307221,0.000779,0.000139,0.050755,-27.510351,-50.112366,1.236705,-0.271669,-0.091644,0.073382,0.0400
0.949353,-0.000000,-0.346388,0.307221,-0.000555,0.000700,0.051394,-27.510351,-50.112366,1.202779,-0.240555,-0.133906,0.112147,0.0400
0.949353,-0.000000,-0.346388,0.307221,0.000563,-0.000900,0.051205,-27.510351,-50.112366,1.174778,-0.214892,-0.165550,0.141209,0.0400
0.949353,-0.000000,-0.346388,0.307221,-0.000391,-0.000264,0.050958,-27.510351,-50.112366,1.147427,-0.189865,-0.193344,0.166721,0.0400
0.949353,-0.000000,-0.346388,0.307221,-0.000510,-0.000000,0.050732,-27.510351,-50.112366,1.118157,-0.163107,-0.219870,0.191065,0.0400
0.949353,-0.000000,-0.346388,0.307221,0.000383,-0.000363,0.050188,-27.510351,-50.112366,1.094090,-0.141136,-0.239149,0.208764,0.0400
0.949353,-0.000000,-0.346388,0.307221,0.000160,0.000108,0.049933,-27.510351,-50.112366,1.070668,-0.119767,-0.256062,0.224289,0.0400
0.949353,-0.000000,-0.346388,0.307221,0.000037,0.000123,0.050402,-27.510351,-50.112366,1.046008,-0.097297,-0.271674,0.238626,0.0410
0.949353,-0.000000,-0.346388,0.307221,0.000453,-0.002259,0.051651,-27.510351,-50.112366,1.027769,-0.080694,-0.281860,0.247948,0.0410
0.949353,-0.000000,-0.346388,0.307221,-0.000555,0.001474,0.053323,-27.510351,-50.112366,1.005706,-0.060635,-0.292688,0.257871,0.0400
0.949353,-0.000000,-0.346388,0.307221,0.000537,0.000694,0.054782,-27.510351,-50.112366,0.986030,-0.042761,-0.301126,0.265647,0.0400
0.949353,-0.000000,-0.346388,0.307221,-0.000693,-0.001341,0.054853,-27.510351,-50.112366,0.967624,-0.026027,-0.308481,0.272343,0.0400
0.949353,-0.000000,-0.346388,0.307221,-0.000255,-0.000246,0.055865,-27.510351,-50.112366,0.946052,-0.006484,-0.315170,0.278503,0.0450
0.949353,-0.000000,0.000000,0.000000,0.000874,0.000459,0.063652,-27.510352,-50.112366,0.862905,0.068792,-0.255489,0.226233,0.3400
0.949353,-0.000000,0.000000,0.000000,0.000299,0.001005,0.061042,-27.510352,-50.112366,0.863172,0.069171,-0.145227,0.128595,0.1880
0.949353,-0.000000,0.000000,0.000000,0.000039,-0.000031,0.061000,-27.510352,-50.112366,0.864069,0.068515,-0.126001,0.111601,0.0400
0.949353,-0.000000,0.000000,0.000000,-0.000505,0.000300,0.061291,-27.510352,-50.112366,0.865753,0.067206,-0.104251,0.092343,0.0400
0.949353,-0.000000,0.000000,0.000000,0.000459,0.001035,0.061169,-27.510352,-50.112366,0.867105,0.066195,-0.085231,0.075526,0.0600
0.949353,-0.000000,0.000000,0.000000,-0.000820,0.001215,0.060363,-27.510352,-50.112366,0.870797,0.063365,-0.049822,0.044124,0.1650
0.949353,-0.000000,0.000000,0.000000,0.000946,-0.001495,0.060206,-27.510352,-50.112366,0.872722,0.061846,-0.038780,0.034285,0.0840
0.949353,-0.000000,0.000000,0.000000,0.000041,-0.000818,0.059667,-27.510352,-50.112366,0.874277,0.060613,-0.031732,0.028070,0.0490
0.949353,-0.000000,0.000000,0.000000,0.005083,-0.000406,0.060490,-27.510352,-50.112366,0.877035,0.058412,-0.021719,0.019201,0.1320
0.949353,-0.000000,0.000000,0.000000,0.000105,-0.000649,0.060495,-27.510352,-50.112366,0.879852,0.056157,-0.014543,0.012908,0.1130
0.949353,-0.000000,0.000000,0.000000,-0.000767,-0.000467,0.061539,-27.510352,-50.112367,0.882957,0.053662,-0.009100,0.008022,0.1480
0.949353,-0.000000,0.000000,0.000000,0.000059,-0.000161,0.064633,-27.510352,-50.112367,0.889354,0.048507,-0.003008,0.002677,0.3270
0.949353,-0.000000,0.000000,0.000000,-0.000062,0.000749,0.066261,-27.510352,-50.112367,0.892124,0.046270,-0.001748,0.001529,0.1720
0.949353,-0.000000,0.000000,0.000000,-0.000168,-0.000139,0.066474,-27.510352,-50.112367,0.892891,0.045650,-0.001482,0.001320,0.0410
0.949353,-0.000000,0.000000,0.000000,-0.000030,-0.000951,0.067662,-27.510352,-50.112367,0.894663,0.044217,-0.001054,0.000897,0.0600
0.949353,-0.336803,0.000000,-0.056589,-0.000911,0.000481,0.070912,-27.510351,-50.112368,0.898840,0.030249,-0.000403,-0.013467,0.3510
0.949353,-0.336803,0.000000,-0.056589,-0.001444,0.000242,0.074476,-27.510351,-50.112368,0.904057,-0.031547,-0.000082,-0.046913,0.4490
0.949353,-0.336803,0.000000,-0.056589,0.002439,-0.000135,0.075351,-27.510351,-50.112368,0.907229,-0.070930,-0.000006,-0.053358,0.3500
0.949353,-0.336803,0.000000,-0.056589,0.000031,-0.000285,0.075531,-27.510351,-50.112368,0.907610,-0.075696,-0.000002,-0.053781,0.0420
0.949353,-0.336803,0.000000,-0.056589,-0.000288,-0.000161,0.075810,-27.510351,-50.112368,0.908024,-0.080759,-0.000017,-0.054214,0.0410
0.949353,-0.336803,0.000000,0.000000,-0.001085,0.000305,0.076323,-27.510351,-50.112369,0.909272,-0.091546,-0.000064,-0.039235,0.1210
0.949353,-0.336803,0.000000,0.000000,0.000874,0.000193,0.082874,-27.510351,-50.112369,0.911738,-0.107160,0.000024,-0.013587,0.3470
0.949353,-0.336803,0.000000,0.000000,-0.000228,-0.000092,0.091347,-27.510351,-50.112369,0.914464,-0.123966,0.000039,-0.003583,0.3930
0.949353,-0.000000,-0.000000,0.277800,-0.001558,-0.002741,0.095553,-27.510350,-50.112367,0.916360,-0.080351,0.000049,0.119061,0.3500
0.949353,-0.000000,-0.000000,0.277800,-0.000321,-0.001335,0.095727,-27.510350,-50.112367,0.916634,-0.066365,0.000040,0.143098,0.0560
0.949353,-0.000000,-0.000000,0.277800,0.000432,-0.000290,0.096830,-27.510350,-50.112367,0.916916,-0.052215,0.000045,0.163956,0.0410
0.949353,-0.000000,-0.000000,0.277800,0.000254,0.000543,0.099946,-27.510350,-50.112367,0.917745,-0.008119,0.000056,0.209591,0.1300
0.949353,-0.000000,-0.000000,0.277800,-0.000615,0.001744,0.103901,-27.510350,-50.112367,0.919863,0.110379,-0.000017,0.261594,0.4370
0.949353,-0.000000,0.000000,0.000000,-0.000537,0.000539,0.106587,-27.510350,-50.112366,0.921659,0.140324,-0.000042,0.102533,0.4160
0.949353,-0.000000,0.000000,0.000000,0.000498,-0.001613,0.107952,-27.510350,-50.112366,0.922417,0.137213,-0.000016,0.053265,0.2410
0.949353,-0.000000,0.000000,0.000000,0.000139,-0.000527,0.109248,-27.510350,-50.112366,0.922636,0.136139,-0.000009,0.044289,0.0570
0.949353,-0.000000,0.000000,0.000000,0.000200,0.000087,0.110784,-27.510350,-50.112366,0.922835,0.134960,0.000004,0.037009,0.0410
0.949353,-0.000000,0.000000,0.000000,-0.000320,0.000264,0.115817,-27.510350,-50.112366,0.923696,0.131030,-0.000039,0.016689,0.2340
1.139224,-0.000000,0.072022,0.000000,0.000094,-0.000148,0.118018,-27.510350,-50.112366,0.941857,0.125617,0.032469,0.005581,0.3350
1.139224,-0.000000,0.072022,0.000000,0.000139,0.000896,0.120886,-27.510350,-50.112366,0.970012,0.121029,0.057173,0.002051,0.2970
1.139224,-0.000000,0.072022,0.000000,-0.002481,0.000405,0.125258,-27.510350,-50.112366,0.999556,0.116345,0.066978,0.000656,0.3350
1.139224,-0.000000,0.072022,0.000000,0.000001,0.000725,0.125016,-27.510350,-50.112366,1.003827,0.115657,0.067755,0.000531,0.0550
1.139224,-0.000000,0.072022,0.000000,-0.000220,-0.000135,0.124242,-27.510350,-50.112366,1.007573,0.115037,0.068303,0.000459,0.0400
1.139224,-0.000000,0.000000,0.000000,-0.000235,-0.000420,0.122911,-27.510349,-50.112366,1.018055,0.112391,0.050116,0.000210,0.1730
1.139224,-0.000000,0.000000,0.000000,-0.001614,0.002817,0.126568,-27.510349,-50.112366,1.023933,0.107396,0.013451,0.000019,0.4130
1.139224,-0.000000,0.000000,0.000000,0.000862,0.001007,0.124465,-27.510349,-50.112366,1.028667,0.103048,0.003961,-0.000032,0.3880
1.329094,-0.000000,0.087456,0.000000,0.000520,-0.000407,0.121193,-27.510348,-50.112366,1.046317,0.100265,0.033945,-0.000023,0.2700
1.329094,-0.000000,0.087456,0.000000,-0.000109,0.001295,0.121137,-27.510348,-50.112366,1.051763,0.099767,0.041643,-0.000056,0.0490
1.329094,-0.000000,0.087456,0.000000,0.000018,0.000096,0.120639,-27.510348,-50.112366,1.057431,0.099227,0.048669,-0.000052,0.0400
1.329094,-0.000000,0.087456,0.000000,-0.004730,-0.001783,0.119802,-27.510348,-50.112366,1.086995,0.096608,0.070761,-0.000072,0.2300
1.329094,-0.000000,0.087456,0.000000,0.001975,-0.000104,0.117065,-27.510348,-50.112366,1.127039,0.093127,0.082504,-0.000075,0.3600
1.329094,-0.000000,0.000000,0.000000,0.000735,0.000077,0.118391,-27.510348,-50.112367,1.144978,0.090299,0.045546,-0.000098,0.3480
1.329094,-0.000000,0.000000,0.000000,0.000776,-0.000044,0.114687,-27.510348,-50.112367,1.149705,0.088073,0.019765,-0.000062,0.2680
1.329094,-0.000000,0.000000,0.000000,0.000135,-0.000142,0.114152,-27.510348,-50.112367,1.150387,0.087736,0.017336,-0.000067,0.0410
1.329094,-0.000000,0.000000,0.000000,0.006041,0.000728,0.114144,-27.510348,-50.112367,1.151235,0.087292,0.014703,-0.000048,0.0400
1.329094,-0.000000,0.000000,0.000000,-0.002583,-0.001991,0.114989,-27.510348,-50.112367,1.152668,0.086805,0.008262,-0.000601,0.0420
1.329094,-0.000000,0.000000,0.000000,0.000004,-0.000817,0.118293,-27.510348,-50.112367,1.156975,0.084649,0.002143,-0.000165,0.3120
1.139224,-0.336803,-0.078317,-0.138923,-0.000132,0.000367,0.117264,-27.510348,-50.112369,1.141449,0.045663,-0.040363,-0.072974,0.2870
1.139224,-0.336803,-0.078317,-0.138923,-0.001298,-0.000688,0.115355,-27.510348,-50.112369,1.117112,-0.007858,-0.064916,-0.115751,0.3280
1.139224,-0.336803,-0.078317,-0.138923,0.000703,0.000100,0.118602,-27.510348,-50.112369,1.100510,-0.044233,-0.071742,-0.127658,0.2590
1.139224,-0.336803,-0.078317,-0.138923,0.000054,-0.000989,0.119192,-27.510348,-50.112369,1.096549,-0.052936,-0.072796,-0.129543,0.0560
1.139224,-0.336803,-0.078317,-0.138923,0.000826,0.000293,0.120187,-27.510348,-50.112369,1.092975,-0.060938,-0.073642,-0.131046,0.0400
1.139224,-0.336803,-0.078317,-0.138923,-0.000201,-0.000299,0.120782,-27.510348,-50.112369,1.089642,-0.067888,-0.074222,-0.132024,0.0420
1.139224,-0.673606,0.000000,-0.241789,0.000967,0.000673,0.119577,-27.510350,-50.112372,1.084007,-0.108603,-0.053468,-0.165156,0.1590
1.139224,-0.673606,0.000000,-0.241789,0.000477,0.000395,0.129755,-27.510350,-50.112372,1.085327,-0.201503,-0.017850,-0.216348,0.3450
1.139224,-0.673606,0.000000,-0.241789,0.000710,0.000078,0.133160,-27.510350,-50.112372,1.086457,-0.277366,-0.007257,-0.231572,0.2280
1.139224,-0.673606,0.000000,-0.241789,0.000012,-0.000011,0.136345,-27.510350,-50.112372,1.087423,-0.340804,-0.003404,-0.237101,0.2770
0.949353,-0.673606,-0.108033,-0.000000,-0.002915,0.000664,0.140226,-27.510351,-50.112375,1.065755,-0.363796,-0.051328,-0.128312,0.2560
0.949353,-0.673606,-0.108033,-0.000000,0.001603,-0.000011,0.142936,-27.510351,-50.112375,1.040821,-0.369621,-0.079981,-0.063669,0.1620
0.949353,-0.673606,-0.108033,-0.000000,0.000554,-0.001100,0.151842,-27.510351,-50.112375,0.990772,-0.380237,-0.101438,-0.015064,0.4010
0.759482,-1.010409,-0.166739,-0.295772,-0.000117,0.000578,0.155317,-27.510353,-50.112379,0.940656,-0.445057,-0.132303,-0.138419,0.4150
0.759482,-1.010409,-0.166739,-0.295772,0.001338,0.001045,0.158114,-27.510353,-50.112379,0.898383,-0.523721,-0.150917,-0.223433,0.2630
0.759482,-1.010409,-0.166739,-0.295772,-0.003607,0.001397,0.156862,-27.510353,-50.112379,0.885845,-0.547225,-0.154381,-0.239203,0.0750
0.759482,-1.010409,-0.166739,-0.295772,0.001047,-0.001776,0.158133,-27.510353,-50.112379,0.858748,-0.597913,-0.159217,-0.261499,0.1230
0.569612,-1.347211,-0.065685,-0.116516,-0.000620,0.001164,0.154117,-27.510354,-50.112380,0.779554,-0.747823,-0.112884,-0.197121,0.5880
0.569612,-1.347211,-0.065685,-0.116516,-0.004490,-0.002204,0.155268,-27.510354,-50.112380,0.754458,-0.797201,-0.082737,-0.145508,0.3150
0.569612,-1.347211,-0.065685,-0.116516,-0.003773,-0.001792,0.154997,-27.510354,-50.112380,0.741542,-0.822638,-0.075673,-0.133658,0.1720
0.569612,-1.347211,-0.065685,-0.116516,0.000189,0.000925,0.155235,-27.510354,-50.112380,0.738970,-0.827749,-0.074580,-0.131771,0.0450
0.569612,-1.347211,-0.065685,-0.116516,0.000506,-0.000367,0.155479,-27.510354,-50.112380,0.734767,-0.836090,-0.073091,-0.129241,0.0400
0.569612,-1.347211,-0.065685,-0.116516,0.000055,0.000334,0.155977,-27.510354,-50.112380,0.730361,-0.844785,-0.071851,-0.127110,0.0550
0.759483,-1.010409,0.149055,0.264402,-0.084351,-0.000817,0.163606,-27.510353,-50.112377,0.719038,-0.867078,-0.070411,-0.122334,0.1300
0.759483,-1.010409,0.149055,0.264402,0.146011,0.012530,0.159969,-27.510353,-50.112377,0.763834,-0.792078,0.071933,0.119305,0.3050
0.759483,-1.010409,0.149055,0.264402,-0.179185,-0.043329,0.163237,-27.510353,-50.112377,0.824997,-0.689429,0.124275,0.222590,0.4230
0.759483,-1.010409,0.000000,0.000000,-0.005139,-0.030870,0.166573,-27.510354,-50.112377,0.863795,-0.624762,0.126857,0.215011,0.3270
0.759483,-1.010409,0.000000,0.000000,0.282937,-0.011550,0.169563,-27.510354,-50.112377,0.863552,-0.625972,0.101749,0.174041,0.0560
0.759483,-1.010409,0.000000,0.000000,-0.202828,0.133243,0.172376,-27.510354,-50.112377,0.862960,-0.627831,0.079001,0.143217,0.0420
0.759483,-1.010409,0.000000,0.000000,-0.146349,0.030862,0.172922,-27.510354,-50.112377,0.861679,-0.633453,0.027570,0.061447,0.2630
0.759483,-1.010409,0.000000,0.000000,-0.130682,-0.008744,0.162159,-27.510354,-50.112377,0.859379,-0.642159,0.014913,0.017550,0.3670
0.759483,-1.010409,0.000000,0.000000,-0.522839,0.186504,0.295771,-27.510352,-50.112376,0.857738,-0.648189,-0.039705,0.030062,0.3080
0.759483,-1.010409,0.000000,0.000000,-0.273656,-0.034498,0.234564,-27.510352,-50.112376,0.855902,-0.654414,0.020926,-0.004307,0.2780
0.759483,-1.010409,0.000000,0.000000,0.069118,0.089183,-0.369414,-27.510352,-50.112376,0.855565,-0.655554,0.007346,0.000594,0.0530
0.759483,-1.010409,0.000000,0.000000,-0.510759,0.418552,-1.127715,-27.510352,-50.112376,0.855263,-0.656770,-0.005539,0.014591,0.0530
0.759483,-1.010409,0.000000,0.000000,-1.356747,0.374529,-2.186252,-27.510352,-50.112376,0.854855,-0.658363,-0.060944,0.032455,0.0400
0.759483,-1.010409,0.000000,0.000000,-0.420699,0.046390,-10.879969,-27.510352,-50.112376,0.850997,-0.667068,-0.075088,0.048041,0.4540
0.569612,-1.010409,-0.252078,-0.000000,0.780885,-0.246259,-17.493309,-27.510355,-50.112376,0.805128,-0.670714,-0.094450,0.005121,0.2090
0.569612,-1.010409,-0.252078,-0.000000,0.574658,-0.098872,-18.928677,-27.510355,-50.112376,0.795055,-0.671492,-0.091423,-0.000519,0.0400
0.569612,-1.010409,-0.252078,-0.000000,1.074045,-0.299953,-21.641674,-27.510355,-50.112376,0.775805,-0.672961,-0.066611,-0.026772,0.0570
0.569612,-1.010409,-0.252078,-0.000000,1.418500,-0.614692,-25.287695,-27.510355,-50.112376,0.746254,-0.675341,-0.002115,-0.069724,0.0830
0.569612,-1.010409,-0.252078,-0.000000,1.202908,-0.720325,-34.369068,-27.510355,-50.112376,0.679212,-0.681239,0.079681,-0.159244,0.3080
0.569612,-1.010409,-0.252078,-0.000000,0.548528,-0.742837,-35.321659,-27.510355,-50.112376,0.663997,-0.682375,0.060926,-0.163329,0.0540
0.569612,-1.010409,-0.252078,-0.000000,0.569276,-0.882603,-35.625420,-27.510355,-50.112376,0.654609,-0.682713,0.046384,-0.169258,0.0420
0.569612,-1.010409,-0.252078,-0.000000,0.610406,-1.075805,-35.878746,-27.510355,-50.112376,0.643613,-0.682777,0.027633,-0.183303,0.0400
0.569612,-1.010409,-0.252078,-0.000000,0.362322,-0.389153,-36.796921,-27.510355,-50.112376,0.633987,-0.686912,0.003428,-0.204902,0.0570
0.569612,-1.010409,-0.252078,-0.000000,0.368880,-0.310113,-38.382893,-27.510355,-50.112376,0.620862,-0.687376,-0.028519,-0.179138,0.0480
0.569612,-1.010409,-0.252078,-0.000000,0.132838,0.077191,-40.978962,-27.510355,-50.112376,0.604085,-0.688043,-0.066374,-0.139649,0.0400
0.569612,-0.673606,-0.000000,0.504156,0.278022,-0.087281,-43.058434,-27.510354,-50.112372,0.595406,-0.678319,-0.066941,-0.083398,0.0560
0.569612,-0.673606,-0.000000,0.504156,0.355778,0.058250,-44.576832,-27.510354,-50.112372,0.595558,-0.652206,-0.041863,0.015603,0.0400
0.569612,-0.673606,-0.000000,0.504156,0.462605,0.073157,-44.636967,-27.510354,-50.112372,0.595563,-0.651094,-0.040624,0.019491,0.0400
0.569612,-0.673606,-0.000000,0.504156,0.462605,0.073157,-44.636967,-27.510354,-50.112372,0.595563,-0.651094,-0.040624,0.019491,0.0400
0.569612,-0.673606,-0.000000,0.504156,0.462605,0.073157,-44.636967,-27.510354,-50.112372,0.595563,-0.651094,-0.040624,0.019491,0.0400
0.569612,-0.673606,-0.000000,0.504156,0.462605,0.073157,-44.636967,-27.510354,-50.112372,0.595563,-0.651094,-0.040624,0.019491,0.0400
0.569612,-0.673606,-0.000000,0.504156,0.462605,0.073157,-44.636967,-27.510354,-50.112372,0.595563,-0.651094,-0.040624,0.019491,0.0400
0.569612,-0.673606,-0.000000,0.504156,0.261184,-0.703822,-52.338177,-27.510354,-50.112372,0.590415,-0.569120,0.008471,0.430720,0.0570
0.569612,-0.673606,-0.000000,0.504156,0.363561,-0.869543,-53.795593,-27.510354,-50.112372,0.588501,-0.515111,0.018202,0.432350,0.0750
0.569612,-0.673606,-0.000000,0.504156,0.257883,-0.414676,-54.240929,-27.510354,-50.112372,0.587227,-0.482204,0.025749,0.409350,0.0710
0.569612,-0.673606,-0.000000,0.504156,0.085519,-1.007926,-54.533752,-27.510354,-50.112372,0.586139,-0.445839,0.023960,0.378657,0.0630
0.569612,-0.673606,-0.000000,0.504156,0.119066,-1.680639,-54.838974,-27.510354,-50.112372,0.584915,-0.373597,0.020252,0.295850,0.1060
0.569612,-0.673606,-0.000000,0.504156,-0.153865,-0.835322,-56.386002,-27.510354,-50.112372,0.584245,-0.243827,0.002693,0.272658,0.2650
0.949353,-0.000000,0.419375,0.743910,-0.238365,-0.606661,-56.816616,-27.510351,-50.112366,0.596440,-0.207884,0.024448,0.302818,0.0590
0.949353,-0.000000,0.419375,0.743910,-0.064860,-0.769368,-58.041035,-27.510351,-50.112366,0.631959,-0.148358,0.094878,0.365329,0.0790
0.949353,-0.000000,0.419375,0.743910,-0.358280,-0.219083,-59.192204,-27.510351,-50.112366,0.655812,-0.108215,0.131827,0.407334,0.0520
0.949353,-0.000000,0.419375,0.743910,-0.119731,-0.118154,-61.783024,-27.510351,-50.112366,0.758244,0.067682,0.258657,0.569732,0.2300
0.949353,-0.000000,0.419375,0.743910,0.145585,0.326114,-62.356422,-27.510351,-50.112366,0.879523,0.276284,0.321629,0.674922,0.2690
0.949353,-0.000000,0.419375,0.743910,0.734366,0.535221,-61.925816,-27.510351,-50.112366,0.968856,0.430355,0.417405,0.721616,0.2130
2.088577,1.347211,1.355287,1.602722,0.176904,0.213470,-61.026737,-27.510340,-50.112353,1.183383,0.708457,0.843841,1.079054,0.2520
2.088577,1.347211,1.355287,1.602722,-0.301316,0.359937,-60.776943,-27.510340,-50.112353,1.263619,0.801892,0.941644,1.199912,0.0560
2.088577,1.347211,1.355287,1.602722,-0.945149,0.600941,-60.634514,-27.510340,-50.112353,1.324044,0.872186,0.977909,1.282322,0.0460
2.088577,1.347211,1.355287,1.602722,-0.764538,0.085473,-60.496708,-27.510340,-50.112353,1.392779,0.951535,1.005863,1.342950,0.0410
2.088577,1.347211,1.355287,1.602722,-0.229583,-0.206754,-60.423294,-27.510340,-50.112353,1.428341,0.992643,1.021281,1.358795,0.0400
2.088577,1.347211,1.355287,1.602722,-0.183156,-0.197606,-60.423294,-27.510340,-50.112353,1.428341,0.992643,1.021281,1.358795,0.0400
2.088577,1.347211,1.355287,1.602722,-0.183156,-0.197606,-60.423294,-27.510340,-50.112353,1.428341,0.992643,1.021281,1.358795,0.0400
2.088577,1.347211,1.355287,1.602722,-0.183156,-0.197606,-60.423294,-27.510340,-50.112353,1.428341,0.992643,1.021281,1.358795,0.0400
2.088577,1.347211,1.355287,1.602722,-0.183156,-0.197606,-60.423294,-27.510340,-50.112353,1.428341,0.992643,1.021281,1.358795,0.0400
2.088577,1.347211,1.355287,1.602722,-0.183156,-0.197606,-60.423294,-27.510340,-50.112353,1.428341,0.992643,1.021281,1.358795,0.0400
2.088577,1.347211,1.355287,1.602722,-0.183156,-0.197606,-60.423294,-27.510340,-50.112353,1.428341,0.992643,1.021281,1.358795,0.0400
2.088577,1.347211,1.355287,1.602722,-0.183156,-0.197606,-60.423294,-27.510340,-50.112353,1.428341,0.992643,1.021281,1.358795,0.0430
2.088577,1.347211,1.355287,1.602722,-0.183156,-0.197606,-60.423294,-27.510340,-50.112353,1.428341,0.992643,1.021281,1.358795,0.0400
2.088577,1.347211,1.355287,1.602722,0.431227,-1.776951,-60.597023,-27.510340,-50.112353,2.001058,1.706580,1.363097,1.535885,0.0530
2.088577,1.347211,1.355287,1.602722,0.877357,-1.813958,-60.615326,-27.510340,-50.112353,2.055683,1.785882,1.378366,1.515711,0.0420
2.088577,1.347211,1.355287,1.602722,0.888838,-1.931002,-60.658268,-27.510340,-50.112353,2.124621,1.883320,1.403818,1.468793,0.0410
2.088577,1.347211,1.355287,1.602722,1.062787,-2.326021,-60.714523,-27.510340,-50.112353,2.194522,1.980906,1.435656,1.413518,0.0590
2.088577,1.347211,1.355287,1.602722,0.578386,-2.275250,-60.798771,-27.510340,-50.112353,2.264745,2.080780,1.452392,1.351019,0.0460
3.227800,3.031226,1.297145,1.917457,1.024775,-2.496866,-60.863998,-27.510330,-50.112334,2.337834,2.204255,1.471836,1.333225,0.0650
3.227800,3.031226,1.297145,1.917457,1.517498,-1.909584,-60.893692,-27.510330,-50.112334,2.390397,2.306195,1.493680,1.353892,0.0400
3.227800,3.031226,1.297145,1.917457,1.693670,-2.263623,-60.938416,-27.510330,-50.112334,2.472029,2.447447,1.549655,1.340689,0.0610
3.227800,3.031226,1.297145,1.917457,2.084136,-2.384436,-60.966522,-27.510330,-50.112334,2.530496,2.553466,1.594068,1.339086,0.0400
3.227800,3.031226,1.297145,1.917457,2.394074,-2.093977,-60.994232,-27.510330,-50.112334,2.588306,2.649353,1.645216,1.335714,0.0450
3.227800,3.031226,1.297145,1.917457,2.981768,-1.841003,-61.033947,-27.510330,-50.112334,2.665614,2.776997,1.727487,1.329093,0.0630
3.227800,3.031226,1.297145,1.917457,3.224125,-1.802830,-61.049591,-27.510330,-50.112334,2.735576,2.893966,1.817934,1.340661,0.0430
3.227800,3.031226,1.297145,1.917457,3.262130,-1.882457,-61.063320,-27.510330,-50.112334,2.784340,2.971913,1.869910,1.339429,0.0430
3.227800,3.031226,1.297145,1.917457,2.755205,-2.070946,-61.087635,-27.510330,-50.112334,2.841155,3.067123,1.909289,1.343483,0.0400
3.227800,3.031226,1.297145,1.917457,2.420462,-2.287614,-61.167027,-27.510330,-50.112334,2.927005,3.200539,1.936470,1.324469,0.0710
3.227800,3.031226,1.297145,1.917457,1.827846,-2.428951,-61.220924,-27.510330,-50.112334,2.981819,3.287133,1.937447,1.310553,0.0410
3.227800,3.031226,1.297145,1.917457,1.553887,-2.041645,-61.307499,-27.510330,-50.112334,3.090848,3.450599,1.920761,1.298474,0.0830
3.227800,3.031226,1.297145,1.917457,1.508570,-2.606221,-61.342159,-27.510330,-50.112334,3.150415,3.547583,1.887993,1.287525,0.0400
3.227800,3.031226,1.297145,1.917457,1.728010,-2.279789,-61.335903,-27.510330,-50.112334,3.228892,3.657009,1.871967,1.264793,0.0580
3.227800,3.031226,1.297145,1.917457,1.747118,-2.177843,-61.307568,-27.510330,-50.112334,3.287528,3.747825,1.861208,1.264982,0.0410
3.227800,3.031226,1.297145,1.917457,1.881108,-2.284272,-61.281742,-27.510330,-50.112334,3.326421,3.810474,1.859110,1.270586,0.0400
3.227800,3.031226,1.297145,1.917457,1.744319,-2.261434,-61.281742,-27.510330,-50.112334,3.326421,3.810474,1.859110,1.270586,0.0400
3.227800,3.031226,1.297145,1.917457,1.744319,-2.261434,-61.281742,-27.510330,-50.112334,3.326421,3.810474,1.859110,1.270586,0.0400
3.227800,3.031226,1.297145,1.917457,1.744319,-2.261434,-61.281742,-27.510330,-50.112334,3.326421,3.810474,1.859110,1.270586,0.0400
3.607541,5.388847,0.318229,1.975724,1.695281,-2.270302,-61.244217,-27.510326,-50.112314,3.592151,4.138658,0.814129,1.667776,0.0400
3.607541,5.388847,0.318229,1.975724,1.515535,-1.980960,-61.239300,-27.510326,-50.112314,3.570952,4.240357,0.531843,1.821123,0.0400
3.607541,5.388847,0.318229,1.975724,1.447475,-2.016963,-61.242134,-27.510326,-50.112314,3.575295,4.363493,0.484173,1.818666,0.0400
3.607541,5.388847,0.318229,1.975724,1.068761,-1.829365,-61.257263,-27.510326,-50.112314,3.578399,4.400463,0.477735,1.810144,0.0400
3.607541,5.388847,0.318229,1.975724,1.068761,-1.829365,-61.257263,-27.510326,-50.112314,3.578399,4.400463,0.477735,1.810144,0.0400
3.607541,5.388847,0.318229,1.975724,0.240003,-2.324474,-61.432957,-27.510326,-50.112314,3.638285,4.743122,0.375361,1.799826,0.0940
3.607541,5.388847,0.318229,1.975724,-0.196193,-2.282774,-61.463539,-27.510326,-50.112314,3.655341,4.865605,0.350592,1.764150,0.0410
3.607541,5.388847,0.318229,1.975724,0.179536,-1.993298,-61.456165,-27.510326,-50.112314,3.673660,4.990177,0.349796,1.722424,0.0750
3.607541,5.388847,0.318229,1.975724,0.223430,-2.017445,-61.434261,-27.510326,-50.112314,3.696188,5.140117,0.339921,1.677796,0.0660
3.607541,5.388847,0.318229,1.975724,-0.275129,-1.893292,-61.397060,-27.510326,-50.112314,3.728709,5.353489,0.323295,1.627509,0.1130
3.607541,5.388847,0.318229,1.975724,-0.076810,-1.685538,-61.278130,-27.510326,-50.112314,3.797062,5.793069,0.328215,1.556295,0.1940
3.607541,5.388847,0.318229,1.975724,0.236077,-1.852183,-61.260471,-27.510326,-50.112314,3.837428,6.051795,0.345259,1.517442,0.1570
4.746765,7.409665,1.035805,1.837369,0.521166,-1.977887,-61.249825,-27.510317,-50.112295,3.861472,6.126764,0.393720,1.500227,0.0400
4.746765,7.409665,1.035805,1.837369,0.713205,-1.285736,-61.167778,-27.510317,-50.112295,3.931093,6.249006,0.551010,1.469186,0.0660
4.746765,7.409665,1.035805,1.837369,0.949499,-1.470982,-61.096966,-27.510317,-50.112295,3.977127,6.329501,0.643797,1.473665,0.0400
4.746765,7.409665,1.035805,1.837369,0.904095,-1.086079,-61.028992,-27.510317,-50.112295,4.025091,6.413518,0.739522,1.475878,0.0420
4.746765,7.409665,1.035805,1.837369,0.964023,-0.759227,-60.836174,-27.510317,-50.112295,4.224248,6.763573,0.997346,1.492369,0.1580
4.746765,7.409665,1.035805,1.837369,0.426083,-1.105543,-60.820862,-27.510317,-50.112295,4.430613,7.125802,1.148728,1.523370,0.2100
4.746765,7.409665,1.035805,1.837369,0.243067,-0.556974,-60.823963,-27.510317,-50.112295,4.738294,7.664332,1.127406,1.528260,0.3040
5.506247,9.093679,1.008844,2.236931,1.399691,-0.088852,-60.076157,-27.510308,-50.112273,5.124250,8.437966,1.214700,1.817845,0.3590
5.506247,9.093679,1.008844,2.236931,1.895865,0.020215,-59.868553,-27.510308,-50.112273,5.228135,8.665823,1.303215,1.928206,0.1190
5.506247,9.093679,1.008844,2.236931,1.940222,0.192237,-59.829582,-27.510308,-50.112273,5.274413,8.770176,1.344689,1.982285,0.0410
5.506247,9.093679,1.008844,2.236931,1.480619,0.334400,-59.801979,-27.510308,-50.112273,5.340413,8.919565,1.363632,2.039112,0.0400
5.506247,9.093679,1.008844,2.236931,0.760480,-1.040404,-59.775410,-27.510308,-50.112273,5.391442,9.031603,1.364983,2.034969,0.0600
5.506247,9.093679,1.008844,2.236931,0.683769,-0.740842,-59.676758,-27.510308,-50.112273,5.492691,9.255022,1.315274,2.036833,0.0430
5.506247,9.093679,1.008844,2.236931,-0.056683,-0.339831,-59.255714,-27.510308,-50.112273,5.760597,9.839632,1.146626,2.043640,0.2980
5.506247,9.093679,1.008844,2.236931,-0.015910,-0.485195,-59.261086,-27.510308,-50.112273,5.906894,10.160689,1.093581,2.039997,0.1620
7.025212,11.451301,1.315108,2.041210,-0.564648,-0.321663,-59.286221,-27.510296,-50.112253,5.986325,10.287521,1.121784,2.021982,0.0410
7.025212,11.451301,1.315108,2.041210,-0.951409,-0.893839,-59.360401,-27.510296,-50.112253,6.061485,10.403028,1.114584,1.985881,0.0750
7.025212,11.451301,1.315108,2.041210,-1.050926,-0.590022,-59.480431,-27.510296,-50.112253,6.141959,10.526568,1.100721,1.949815,0.0590
7.025212,11.451301,1.315108,2.041210,-0.822481,-0.833553,-59.604691,-27.510296,-50.112253,6.204988,10.622871,1.080068,1.928781,0.0460
7.025212,11.451301,1.315108,2.041210,-1.400649,-0.881997,-59.779217,-27.510296,-50.112253,6.280980,10.739500,1.055314,1.902835,0.0400
7.025212,11.451301,1.315108,2.041210,-1.552422,-1.865781,-59.956718,-27.510296,-50.112253,6.354031,10.851664,1.034684,1.858323,0.0590
7.025212,11.451301,1.315108,2.041210,-1.589260,-2.375713,-60.215405,-27.510296,-50.112253,6.427374,10.963825,1.003178,1.776217,0.0410
7.025212,11.451301,1.315108,2.041210,-1.215292,-0.738551,-60.545891,-27.510296,-50.112253,6.498059,11.072703,0.962571,1.748205,0.0610
7.025212,11.451301,1.315108,2.041210,-1.067302,-0.010837,-60.810596,-27.510296,-50.112253,6.588492,11.211016,0.964351,1.802367,0.0410
7.025212,11.451301,1.315108,2.041210,-1.670409,0.887080,-60.859821,-27.510296,-50.112253,6.726424,11.423475,0.925194,1.937923,0.1120
7.025212,11.451301,1.315108,2.041210,-1.276616,1.310343,-60.802631,-27.510296,-50.112253,6.791437,11.523278,0.927563,2.013266,0.0520
7.025212,11.451301,1.315108,2.041210,-1.434780,1.507350,-60.713715,-27.510296,-50.112253,6.875972,11.651356,0.921617,2.107134,0.0420
7.025212,11.451301,1.315108,2.041210,-1.388198,1.638111,-60.623924,-27.510296,-50.112253,6.955796,11.775087,0.906005,2.195428,0.0680
7.025212,11.451301,1.315108,2.041210,-1.015492,1.936715,-60.547249,-27.510296,-50.112253,7.026030,11.879184,0.922331,2.258845,0.0400
7.025212,11.451301,1.315108,2.041210,-1.336502,1.156207,-60.539223,-27.510296,-50.112253,7.032333,11.889432,0.922116,2.263575,0.0400
7.025212,11.451301,1.315108,2.041210,-1.336502,1.156207,-60.539223,-27.510296,-50.112253,7.032333,11.889432,0.922116,2.263575,0.0400
7.025212,11.451301,1.315108,2.041210,-1.336502,1.156207,-60.539223,-27.510296,-50.112253,7.032333,11.889432,0.922116,2.263575,0.0400
7.404953,13.472119,0.356282,1.895982,-0.935102,0.828912,-60.520920,-27.510291,-50.112234,7.178401,12.331875,0.499873,2.009167,0.0530
7.404953,13.472119,0.356282,1.895982,-1.517523,0.863003,-60.549225,-27.510291,-50.112234,7.191247,12.416622,0.378998,1.980405,0.0410
7.404953,13.472119,0.356282,1.895982,-1.583778,1.052938,-60.570652,-27.510291,-50.112234,7.203153,12.477156,0.330722,1.981538,0.0400
7.404953,13.472119,0.356282,1.895982,-1.585812,1.048214,-60.570652,-27.510291,-50.112234,7.203153,12.477156,0.330722,1.981538,0.0400
7.404953,13.472119,0.356282,1.895982,-1.585812,1.048214,-60.570652,-27.510291,-50.112234,7.203153,12.477156,0.330722,1.981538,0.0400
7.404953,13.472119,0.356282,1.895982,-1.585812,1.048214,-60.570652,-27.510291,-50.112234,7.203153,12.477156,0.330722,1.981538,0.0400
7.404953,13.472119,0.356282,1.895982,-1.585812,1.048214,-60.570652,-27.510291,-50.112234,7.203153,12.477156,0.330722,1.981538,0.0400
7.404953,13.472119,0.356282,1.895982,-1.585812,1.048214,-60.570652,-27.510291,-50.112234,7.203153,12.477156,0.330722,1.981538,0.0400
7.404953,13.472119,0.356282,1.895982,-1.202613,-0.087820,-61.213062,-27.510291,-50.112234,7.300757,13.050421,0.297657,1.907334,0.0400
7.404953,13.472119,0.356282,1.895982,-0.977440,0.463708,-61.283913,-27.510291,-50.112234,7.329196,13.150497,0.305847,1.903154,0.0500
7.404953,13.472119,0.356282,1.895982,-0.686420,0.527149,-61.336445,-27.510291,-50.112234,7.348661,13.231732,0.300211,1.917178,0.0400
7.404953,13.472119,0.356282,1.895982,-1.007105,0.867134,-61.350918,-27.510291,-50.112234,7.353928,13.254237,0.294633,1.924695,0.0410
7.404953,13.472119,0.356282,1.895982,-0.928280,0.837562,-61.505798,-27.510291,-50.112234,7.379327,13.409899,0.286861,1.955655,0.0400
7.404953,13.472119,0.356282,1.895982,-0.464647,0.384792,-61.576859,-27.510291,-50.112234,7.396800,13.485200,0.306666,1.939447,0.0410
7.404953,13.472119,0.356282,1.895982,-0.058065,0.331068,-61.665810,-27.510291,-50.112234,7.414879,13.570552,0.317726,1.938612,0.0400
7.404953,13.472119,0.356282,1.895982,-0.093426,0.427738,-61.720531,-27.510291,-50.112234,7.426566,13.628350,0.321292,1.937669,0.0400
7.404953,13.472119,0.356282,1.895982,-0.090854,0.427765,-61.720531,-27.510291,-50.112234,7.426566,13.628350,0.321292,1.937669,0.0400
7.404953,13.472119,0.356282,1.895982,-0.090854,0.427765,-61.720531,-27.510291,-50.112234,7.426566,13.628350,0.321292,1.937669,0.0400
7.404953,13.472119,0.356282,1.895982,-0.090854,0.427765,-61.720531,-27.510291,-50.112234,7.426566,13.628350,0.321292,1.937669,0.0400
7.404953,13.472119,0.356282,1.895982,-0.090854,0.427765,-61.720531,-27.510291,-50.112234,7.426566,13.628350,0.321292,1.937669,0.0400
7.404953,13.472119,0.356282,1.895982,-0.090854,0.427765,-61.720531,-27.510300,-50.112225,7.426566,13.628350,0.321292,1.937669,0.0400
7.404953,13.472119,0.356282,1.895982,-0.090854,0.427765,-61.720531,-27.510300,-50.112225,7.426566,13.628350,0.321292,1.937669,0.0400
7.404953,13.472119,0.356282,1.895982,-0.090854,0.427765,-61.720531,-27.510300,-50.112225,7.426566,13.628350,0.321292,1.937669,0.0400
7.404953,13.472119,0.356282,1.895982,-0.090854,0.427765,-61.720531,-27.510300,-50.112225,7.426566,13.628350,0.321292,1.937669,0.0400
7.404953,13.472119,0.356282,1.895982,-0.090854,0.427765,-61.720531,-27.510300,-50.112225,7.426566,13.628350,0.321292,1.937669,0.0400
7.404953,13.472119,0.356282,1.895982,-0.090854,0.427765,-61.720531,-27.510300,-50.112225,7.426566,13.628350,0.321292,1.937669,0.0400
7.404953,13.472119,0.356282,1.895982,-0.090854,0.427765,-61.720531,-27.510300,-50.112225,7.426566,13.628350,0.321292,1.937669,0.0400
7.404953,13.472119,0.356282,1.895982,-0.090854,0.427765,-61.720531,-27.510300,-50.112225,7.426566,13.628350,0.321292,1.937669,0.0400
7.404953,13.472119,0.356282,1.895982,-0.090854,0.427765,-61.720531,-27.510300,-50.112225,7.426566,13.628350,0.321292,1.937669,0.0400
7.404953,13.472119,0.356282,1.895982,-0.090854,0.427765,-61.720531,-27.510300,-50.112225,7.426566,13.628350,0.321292,1.937669,0.0400
7.404953,13.472119,0.356282,1.895982,-0.090854,0.427765,-61.720531,-27.510300,-50.112225,7.426566,13.628350,0.321292,1.937669,0.0400
7.404953,13.472119,0.356282,1.895982,-0.090854,0.427765,-61.720531,-27.510300,-50.112225,7.426566,13.628350,0.321292,1.937669,0.0400
7.404953,13.472119,0.356282,1.895982,-0.090854,0.427765,-61.720531,-27.510300,-50.112225,7.426566,13.628350,0.321292,1.937669,0.0400
6.645471,14.145725,-0.873666,0.774879,-0.379452,-0.520315,-63.619907,-27.510300,-50.112225,7.156991,14.913788,-0.879613,0.745351,0.0400
6.645471,14.145725,-0.873666,0.774879,-1.661254,-1.733079,-63.663338,-27.510300,-50.112225,7.125326,14.974783,-0.916881,0.713443,0.0450
6.645471,14.145725,-0.873666,0.774879,-1.297432,-2.360437,-63.714970,-27.510300,-50.112225,7.098896,15.031451,-0.946769,0.661485,0.0400
6.645471,14.145725,-0.873666,0.774879,-1.197290,-2.441192,-63.729988,-27.510300,-50.112225,7.091031,15.047001,-0.953424,0.644068,0.0400
6.645471,14.145725,-0.873666,0.774879,-1.298295,-2.459552,-63.910259,-27.510300,-50.112225,7.010607,15.135591,-0.991673,0.548526,0.0400
6.645471,14.145725,-0.873666,0.774879,-1.434993,-2.663121,-63.996529,-27.510300,-50.112225,6.986014,15.178334,-0.990154,0.551198,0.0480
6.645471,14.145725,-0.873666,0.774879,-1.433435,-2.572079,-64.123833,-27.510300,-50.112225,6.952018,15.226965,-1.003265,0.527426,0.0400
6.645471,14.145725,-0.873666,0.774879,-1.320758,-2.832453,-64.146278,-27.510317,-50.112225,6.946099,15.234936,-1.006055,0.519691,0.0400
6.645471,14.145725,-0.873666,0.774879,-1.320758,-2.832453,-64.146278,-27.510317,-50.112225,6.946099,15.234936,-1.006055,0.519691,0.0400
4.746765,14.145725,-1.800556,-0.000000,-1.351124,-2.740207,-64.442291,-27.510317,-50.112225,6.771653,15.267667,-1.497332,0.082167,0.0400
4.746765,14.145725,-1.800556,-0.000000,-1.479616,-2.282742,-64.547401,-27.510317,-50.112225,6.671448,15.263145,-1.716271,-0.032069,0.0470
4.746765,14.145725,-1.800556,-0.000000,-1.220687,-2.206589,-64.635773,-27.510317,-50.112225,6.585117,15.262487,-1.798646,-0.101981,0.0400
4.746765,14.145725,-1.800556,-0.000000,-1.092762,-2.253235,-64.677361,-27.510317,-50.112225,6.541054,15.262454,-1.820935,-0.126801,0.0400
4.746765,14.145725,-1.800556,-0.000000,-1.092878,-2.214317,-64.807693,-27.510317,-50.112225,6.382417,15.252723,-1.879595,-0.208002,0.0410
4.746765,14.145725,-1.800556,-0.000000,-0.976182,-2.077561,-64.871773,-27.510317,-50.112225,6.301638,15.256737,-1.876277,-0.185256,0.0460
4.746765,14.145725,-1.800556,-0.000000,-1.133862,-1.988396,-64.929474,-27.510317,-50.112225,6.214489,15.258726,-1.886435,-0.189770,0.0400
4.746765,14.145725,-1.800556,-0.000000,-1.214468,-2.145697,-64.947601,-27.510317,-50.112225,6.179170,15.258921,-1.893030,-0.200239,0.0400
4.746765,14.145725,-1.800556,-0.000000,-1.214468,-2.145697,-64.947601,-27.510317,-50.112225,6.179170,15.258921,-1.893030,-0.200239,0.0400
4.746765,14.145725,-1.800556,-0.000000,-1.214468,-2.145697,-64.947601,-27.510317,-50.112225,6.179170,15.258921,-1.893030,-0.200239,0.0400
4.746765,14.145725,-1.800556,-0.000000,-1.214468,-2.145697,-64.947601,-27.510317,-50.112225,6.179170,15.258921,-1.893030,-0.200239,0.0400
4.746765,14.145725,-1.800556,-0.000000,-1.214468,-2.145697,-64.947601,-27.510317,-50.112225,6.179170,15.258921,-1.893030,-0.200239,0.0450
4.746765,14.145725,-1.800556,-0.000000,-0.690718,-0.745152,-64.967407,-27.510317,-50.112225,5.657967,15.231610,-1.842500,-0.052720,0.0580
4.746765,14.145725,-1.800556,-0.000000,-0.728444,-1.309812,-64.851074,-27.510317,-50.112225,5.574417,15.233144,-1.843811,-0.061688,0.0410
4.746765,14.145725,-1.800556,-0.000000,-0.399880,-2.154024,-64.720711,-27.510317,-50.112225,5.507732,15.233970,-1.844559,-0.100190,0.0410
4.746765,14.145725,-1.800556,-0.000000,-0.232951,-2.513212,-64.572456,-27.510317,-50.112225,5.427238,15.231832,-1.847709,-0.179582,0.0400
4.746765,14.145725,-1.800556,-0.000000,-0.152570,-2.176743,-64.452164,-27.510317,-50.112225,5.340347,15.235606,-1.837199,-0.212533,0.0480
4.746765,14.145725,-1.800556,-0.000000,0.104451,-2.163777,-64.352264,-27.510317,-50.112225,5.251232,15.239322,-1.824480,-0.241922,0.0400
4.746765,14.145725,-1.800556,-0.000000,-0.015271,-2.430344,-64.325653,-27.510317,-50.112225,5.227537,15.239873,-1.822687,-0.254295,0.0400
2.468318,14.145725,-2.315000,-0.000000,0.312918,-2.585209,-64.136948,-27.510338,-50.112226,5.048942,15.231307,-1.899480,-0.316947,0.0570
2.468318,14.145725,-2.315000,-0.000000,0.200984,-2.781052,-64.071884,-27.510338,-50.112226,4.948565,15.234473,-2.010866,-0.318587,0.0400
2.468318,14.145725,-2.315000,-0.000000,0.404531,-2.837084,-64.023621,-27.510338,-50.112226,4.812902,15.236804,-2.091783,-0.349384,0.0500
2.468318,14.145725,-2.315000,-0.000000,-0.021482,-3.179830,-64.030342,-27.510338,-50.112226,4.665425,15.238016,-2.139173,-0.420445,0.0620
2.468318,14.145725,-2.315000,-0.000000,0.272312,-2.398214,-64.140366,-27.510338,-50.112226,4.534563,15.237878,-2.166135,-0.462258,0.0510
2.468318,14.145725,-2.315000,-0.000000,-0.183742,-1.473722,-64.326340,-27.510338,-50.112226,4.365410,15.236892,-2.197466,-0.473339,0.0690
2.468318,14.145725,-2.315000,-0.000000,-0.208237,-1.275114,-64.482712,-27.510338,-50.112226,4.211766,15.235569,-2.232442,-0.444790,0.0610
2.468318,14.145725,-2.315000,-0.000000,-0.112159,-1.402703,-64.618683,-27.510338,-50.112226,4.044750,15.232649,-2.251817,-0.436443,0.0710
2.468318,14.145725,-2.315000,-0.000000,-0.045317,-1.012649,-64.710899,-27.510338,-50.112226,3.895091,15.230309,-2.273703,-0.394312,0.0430
2.468318,14.145725,-2.315000,-0.000000,-0.138538,-0.327020,-64.778397,-27.510338,-50.112226,3.784735,15.227626,-2.287390,-0.351940,0.0590
2.468318,14.145725,-2.315000,-0.000000,-0.324136,-0.547971,-64.850647,-27.510338,-50.112226,3.645670,15.225042,-2.305660,-0.311781,0.0400
2.468318,14.145725,-2.315000,-0.000000,-0.422999,-0.489555,-64.952766,-27.510338,-50.112226,3.464775,15.219987,-2.326501,-0.268470,0.0880
2.468318,14.145725,-2.315000,-0.000000,-0.205472,-0.761302,-65.013702,-27.510338,-50.112226,3.350640,15.218023,-2.337035,-0.255016,0.0400
2.468318,14.145725,-2.315000,-0.000000,-0.059779,-0.741027,-65.113914,-27.510338,-50.112226,3.157542,15.209402,-2.344867,-0.250137,0.0760
2.468318,14.145725,-2.315000,-0.000000,-0.231878,-1.812002,-65.325859,-27.510338,-50.112226,2.805763,15.200740,-2.343882,-0.298806,0.1430
0.569612,14.145725,-1.929167,-0.000000,0.077558,-1.049613,-65.838791,-27.510356,-50.112224,2.372328,15.187327,-2.179495,-0.310369,0.2110
0.569612,14.145725,-1.929167,-0.000000,-0.358286,-0.734706,-66.291336,-27.510356,-50.112224,1.822709,15.170001,-2.084182,-0.315968,0.2460
0.569612,14.145725,-1.929167,-0.000000,-0.179916,-1.802021,-66.432137,-27.510356,-50.112224,1.226867,15.151132,-2.035574,-0.459188,0.3190
0.569612,14.145725,-1.929167,-0.000000,-0.053229,-0.792099,-66.583382,-27.510356,-50.112224,0.981716,15.143335,-2.018310,-0.449090,0.1360
0.569612,14.145725,-1.929167,-0.000000,-0.231105,-0.913461,-66.635628,-27.510356,-50.112224,0.905743,15.141777,-2.010647,-0.418864,0.0410
0.569612,14.145725,-1.929167,-0.000000,-0.413972,-0.330438,-66.743095,-27.510356,-50.112224,0.753999,15.136793,-2.004264,-0.361610,0.0790
-1.518965,14.482529,-1.716645,0.276825,-0.592906,-0.282544,-66.790123,-27.510371,-50.112222,0.647854,15.141443,-1.995092,-0.284492,0.0530
-1.518965,14.482529,-1.716645,0.276825,-0.395519,0.411836,-66.647507,-27.510371,-50.112222,0.219773,15.192852,-1.910705,0.025657,0.2110
-1.518965,14.482529,-1.716645,0.276825,-0.057880,-0.476720,-66.155472,-27.510371,-50.112222,-0.254960,15.253462,-1.792774,0.116819,0.2800
-1.518965,14.482529,-1.716645,0.276825,0.408418,-1.450402,-65.692146,-27.510371,-50.112222,-0.815084,15.325504,-1.678381,-0.003189,0.3060
-2.848059,14.819331,-1.605756,0.406911,0.255302,-0.706217,-65.725601,-27.510386,-50.112218,-1.305569,15.405494,-1.650299,0.048247,0.2940
-2.848059,14.819331,-1.605756,0.406911,0.122863,-0.555070,-65.715759,-27.510386,-50.112218,-1.391778,15.424471,-1.632642,0.059738,0.0610
-2.848059,14.819331,-1.605756,0.406911,0.194222,-0.557461,-65.702690,-27.510386,-50.112218,-1.482873,15.444885,-1.618564,0.083556,0.0480
-2.848059,14.819331,-1.605756,0.406911,-0.034393,-0.406000,-65.653305,-27.510386,-50.112218,-1.600512,15.470951,-1.611828,0.136386,0.0740
-2.848059,14.819331,-1.605756,0.406911,-0.325624,0.343846,-65.623505,-27.510386,-50.112218,-1.670886,15.486643,-1.624798,0.177498,0.0400
-2.848059,14.819331,-1.605756,0.406911,-0.400418,0.541985,-65.581436,-27.510386,-50.112218,-1.751244,15.504806,-1.633891,0.246991,0.0400
-2.848059,14.819331,-1.605756,0.406911,-0.662725,0.538457,-65.397453,-27.510386,-50.112218,-2.120892,15.586056,-1.694841,0.461142,0.2170
-2.848059,14.819331,-1.605756,0.406911,-0.936794,-0.163469,-65.410492,-27.510386,-50.112218,-2.570816,15.686150,-1.795465,0.505198,0.2730
-4.177153,15.156134,-1.456151,0.369000,-0.861009,0.393819,-65.420090,-27.510397,-50.112211,-2.940590,15.768633,-1.771742,0.501033,0.2220
-4.177153,15.156134,-1.456151,0.369000,-0.080246,0.081051,-65.367043,-27.510397,-50.112211,-3.301981,15.848905,-1.634946,0.465934,0.2490
-4.177153,15.156134,-1.456151,0.369000,0.222549,-0.081231,-65.451057,-27.510397,-50.112211,-3.526633,15.898371,-1.536817,0.423983,0.1540
-4.177153,15.156134,-1.456151,0.369000,0.293190,-0.695732,-65.490013,-27.510397,-50.112211,-3.586139,15.911167,-1.514794,0.414782,0.0410
-4.177153,15.156134,-1.456151,0.369000,0.547677,-0.900885,-65.587502,-27.510397,-50.112211,-3.734606,15.943814,-1.464026,0.350770,0.0960
-4.177153,15.156134,-1.456151,0.369000,0.545973,-0.725635,-65.683487,-27.510397,-50.112211,-3.954273,15.992177,-1.386503,0.267592,0.1220
-6.075859,15.829740,-1.629053,0.577940,0.354483,-0.188108,-65.673172,-27.510413,-50.112206,-4.266274,16.061494,-1.344808,0.193879,0.2380
-6.075859,15.829740,-1.629053,0.577940,0.396429,-0.206356,-65.431770,-27.510413,-50.112206,-4.662798,16.190595,-1.426294,0.383191,0.2300
-6.075859,15.829740,-1.629053,0.577940,-0.239528,0.610336,-65.118828,-27.510413,-50.112206,-5.098448,16.333241,-1.525715,0.583313,0.2510
-6.075859,15.829740,-1.629053,0.577940,0.132644,0.159924,-64.855377,-27.510413,-50.112206,-5.550438,16.481634,-1.564268,0.583527,0.2770
-6.075859,15.829740,-1.629053,0.577940,-0.542344,0.657005,-64.749741,-27.510413,-50.112206,-5.684263,16.525534,-1.579662,0.603092,0.0910
-6.075859,15.829740,-1.629053,0.577940,0.149845,0.280390,-64.658264,-27.510413,-50.112206,-5.808006,16.565706,-1.589329,0.604040,0.0420
-7.404953,16.166542,-1.426231,0.361418,0.115416,-1.078995,-64.562508,-27.510425,-50.112201,-5.954671,16.611212,-1.585580,0.543578,0.1090
-7.404953,16.166542,-1.426231,0.361418,-0.078459,-0.958380,-64.351776,-27.510425,-50.112201,-6.176609,16.661634,-1.520357,0.366754,0.1430
-7.404953,16.166542,-1.426231,0.361418,0.063399,-1.813852,-63.916222,-27.510425,-50.112201,-6.592637,16.754802,-1.480039,0.107131,0.2720
-7.404953,16.166542,-1.426231,0.361418,-0.176879,0.006792,-63.985607,-27.510425,-50.112201,-7.006731,16.846656,-1.462010,0.134108,0.2650
-7.784695,17.513752,-0.358692,1.272536,-0.846241,0.924760,-64.122414,-27.510430,-50.112190,-7.393889,16.936331,-1.486408,0.383451,0.3060
-7.784695,17.513752,-0.358692,1.272536,-0.762041,0.273522,-64.071487,-27.510430,-50.112190,-7.462911,17.163861,-1.062001,0.886271,0.1790
-7.784695,17.513752,-0.358692,1.272536,-0.777671,0.676783,-63.991905,-27.510430,-50.112190,-7.478743,17.229881,-0.983288,0.978198,0.0430
-7.784695,17.513752,-0.358692,1.272536,-0.798325,0.499894,-63.819725,-27.510430,-50.112190,-7.506530,17.323301,-0.902803,1.075053,0.0760
-7.784695,17.513752,-0.358692,1.272536,-0.650814,0.319906,-63.601833,-27.510430,-50.112190,-7.533832,17.420957,-0.822653,1.141792,0.0440
-7.784695,17.513752,-0.358692,1.272536,-0.119713,-0.506537,-63.009876,-27.510430,-50.112190,-7.666058,17.862358,-0.601276,1.296829,0.3400
-8.923918,18.187357,-1.213343,0.717431,0.109579,0.427548,-62.683857,-27.510439,-50.112181,-7.785122,18.209522,-0.477343,1.314931,0.3000
-8.923918,18.187357,-1.213343,0.717431,-0.175000,0.578216,-62.523640,-27.510439,-50.112181,-8.127369,18.407249,-0.913974,1.067451,0.2580
-8.923918,18.187357,-1.213343,0.717431,0.014113,0.608543,-62.364708,-27.510439,-50.112181,-8.385149,18.555028,-1.074205,0.974632,0.2340
-8.923918,18.187357,-1.213343,0.717431,0.074646,0.529927,-62.308414,-27.510439,-50.112181,-8.457528,18.594516,-1.100698,0.942931,0.0640
-8.923918,18.187357,-1.213343,0.717431,0.404717,0.097283,-62.239285,-27.510439,-50.112181,-8.543963,18.643198,-1.129077,0.891636,0.0700
-8.923918,18.187357,-1.213343,0.717431,0.428929,0.333409,-62.151291,-27.510439,-50.112181,-8.612044,18.680713,-1.121234,0.871986,0.0410
-8.923918,18.187357,-1.213343,0.717431,1.294167,0.149508,-62.009499,-27.510439,-50.112181,-8.809348,18.793701,-1.022779,0.859417,0.1530
-10.253012,18.524160,-1.461138,0.370263,0.714119,0.430053,-62.150467,-27.510452,-50.112180,-9.219004,18.957178,-0.935606,0.740730,0.3010
-10.253012,18.524160,-1.461138,0.370263,-0.265956,0.443480,-62.522655,-27.510452,-50.112180,-9.557973,19.038976,-1.205514,0.620635,0.2260
-10.253012,18.524160,-1.461138,0.370263,-0.402259,-0.354592,-63.027271,-27.510452,-50.112180,-9.927156,19.125339,-1.409659,0.484912,0.2590
-10.253012,18.524160,-1.461138,0.370263,-0.655152,0.866906,-62.927891,-27.510452,-50.112180,-10.204937,19.189988,-1.502651,0.438889,0.1970
-10.253012,18.524160,-1.461138,0.370263,-0.276188,0.181508,-62.702816,-27.510452,-50.112180,-10.372782,19.228892,-1.513424,0.444222,0.1170
-10.253012,18.524160,-1.461138,0.370263,-0.404143,0.461062,-62.729214,-27.510452,-50.112180,-10.462642,19.249302,-1.525589,0.455712,0.0410
-11.202365,17.513752,-1.109630,-1.180992,-0.184696,-0.134260,-63.396954,-27.510461,-50.112192,-10.652491,19.062620,-1.400000,-0.196964,0.1410
-11.202365,17.513752,-1.109630,-1.180992,0.199736,-0.870763,-65.197250,-27.510461,-50.112192,-10.966724,18.724185,-1.217574,-0.905634,0.2820
-11.202365,17.513752,-1.109630,-1.180992,0.135032,-0.931119,-65.921349,-27.510461,-50.112192,-11.196714,18.471442,-1.146134,-1.137061,0.2130
-11.202365,17.513752,-1.109630,-1.180992,0.140748,-0.660419,-66.435486,-27.510461,-50.112192,-11.450715,18.191295,-1.114202,-1.239900,0.2410
-12.151718,15.156135,-0.905072,-2.247651,0.282212,-1.080188,-66.427956,-27.510470,-50.112212,-11.640553,17.912835,-1.066677,-1.461719,0.1800
-12.151718,15.156135,-0.905072,-2.247651,0.210740,-1.066542,-66.420219,-27.510470,-50.112212,-11.706492,17.745258,-1.021172,-1.667301,0.0780
-12.151718,15.156135,-0.905072,-2.247651,0.150246,-0.597482,-66.405411,-27.510470,-50.112212,-11.751693,17.628497,-0.992847,-1.793544,0.0470
-12.151718,15.156135,-0.905072,-2.247651,0.168770,-0.640387,-66.388306,-27.510470,-50.112212,-11.787460,17.534412,-0.975847,-1.869204,0.0400
-12.151718,15.156135,-0.905072,-2.247651,-0.208316,-0.460470,-66.381783,-27.510470,-50.112212,-11.797562,17.508095,-0.972838,-1.890575,0.0410
-12.151718,15.156135,-0.905072,-2.247651,0.223855,-0.857002,-66.322411,-27.510470,-50.112212,-11.888454,17.296037,-0.968922,-2.057508,0.0630
-12.151718,15.156135,-0.905072,-2.247651,0.013909,-1.145658,-66.297760,-27.510470,-50.112212,-11.929250,17.188995,-0.948097,-2.148248,0.0400
-12.151718,15.156135,-0.905072,-2.247651,-0.285069,-0.223785,-66.282936,-27.510470,-50.112212,-11.978386,17.062200,-0.944896,-2.197513,0.0510
-12.151718,15.156135,-0.905072,-2.247651,0.106215,-0.595735,-66.292931,-27.510470,-50.112212,-12.082849,16.794105,-0.939253,-2.244311,0.1070
-12.151718,15.156135,-0.905072,-2.247651,0.402811,-0.712953,-66.321053,-27.510470,-50.112212,-12.232135,16.412466,-0.889049,-2.323055,0.1510
-12.151718,15.156135,-0.905072,-2.247651,0.313419,-1.126283,-66.489525,-27.510470,-50.112212,-12.408037,15.962772,-0.849667,-2.363502,0.2060
-13.290942,13.472122,-1.317325,-1.947283,-0.063506,-0.105650,-66.815575,-27.510480,-50.112234,-12.652807,15.494276,-0.976729,-2.285642,0.2330
-13.290942,13.472122,-1.317325,-1.947283,-0.267184,-0.285127,-66.997032,-27.510480,-50.112234,-13.006389,14.956538,-1.182291,-2.175657,0.2390
-13.290942,13.472122,-1.317325,-1.947283,-0.101316,-0.198050,-67.024986,-27.510480,-50.112234,-13.111413,14.797915,-1.216132,-2.155489,0.1030
-13.290942,13.472122,-1.317325,-1.947283,-0.325425,-0.408440,-67.033615,-27.510480,-50.112234,-13.179311,14.696184,-1.246812,-2.138835,0.0410
-13.290942,13.472122,-1.317325,-1.947283,-0.057954,-0.328299,-67.045708,-27.510480,-50.112234,-13.248004,14.592154,-1.261274,-2.134367,0.0580
-13.290942,13.472122,-1.317325,-1.947283,-0.224778,-0.686490,-67.086060,-27.510480,-50.112234,-13.425468,14.322805,-1.292436,-2.116392,0.1290
-13.290942,13.472122,-1.317325,-1.947283,0.187369,0.432621,-67.141701,-27.510480,-50.112234,-13.702082,13.903025,-1.316046,-2.057106,0.2170
-14.430166,11.788110,-0.882060,-1.303870,0.278763,0.041026,-67.264076,-27.510488,-50.112249,-13.963807,13.504450,-1.148061,-1.752499,0.2330
-14.430166,11.788110,-0.882060,-1.303870,0.845565,0.028380,-67.663254,-27.510488,-50.112249,-14.188529,13.160835,-0.904719,-1.516945,0.2370
-14.430166,11.788110,-0.882060,-1.303870,0.260133,-0.273525,-67.697395,-27.510488,-50.112249,-14.384860,12.860274,-0.791494,-1.426840,0.2440
-14.430166,11.788110,-0.882060,-1.303870,0.081707,0.720146,-67.423355,-27.510488,-50.112249,-14.495765,12.690237,-0.806375,-1.365375,0.1330
-14.430166,11.788110,-0.882060,-1.303870,-0.315316,0.689891,-66.861519,-27.510488,-50.112249,-14.697638,12.381289,-0.885120,-1.298654,0.2280
-14.999778,11.114505,-0.750723,-0.887782,0.335050,1.073794,-66.148750,-27.510494,-50.112256,-14.848606,12.189150,-0.827114,-1.009418,0.1830
-14.999778,11.114505,-0.750723,-0.887782,-0.017752,1.262343,-65.433022,-27.510494,-50.112256,-15.014547,11.984284,-0.751411,-0.776101,0.2100
-14.999778,11.114505,-0.750723,-0.887782,-0.344290,0.180365,-65.442131,-27.510494,-50.112256,-15.182429,11.777282,-0.799191,-0.772127,0.2360
-14.999778,11.114505,-0.750723,-0.887782,-0.454264,-0.339279,-65.365059,-27.510494,-50.112256,-15.367942,11.548676,-0.844553,-0.854628,0.2400
-15.379519,9.767295,-0.318217,-1.128942,-0.413084,-0.383106,-65.342491,-27.510499,-50.112266,-15.473730,11.392907,-0.814890,-0.906445,0.1870
-15.379519,9.767295,-0.318217,-1.128942,-0.459607,0.340326,-65.350174,-27.510499,-50.112266,-15.485657,11.344563,-0.765294,-0.938083,0.0410
-15.379519,9.767295,-0.318217,-1.128942,-0.480875,-0.056530,-65.372169,-27.510499,-50.112266,-15.497722,11.296358,-0.723599,-0.953961,0.0400
-15.379519,9.767295,-0.318217,-1.128942,0.045380,-0.328721,-65.423332,-27.510499,-50.112266,-15.512830,11.233519,-0.662353,-0.996938,0.0400
-15.379519,9.767295,-0.318217,-1.128942,0.001203,0.122793,-65.468994,-27.510499,-50.112266,-15.539820,11.159863,-0.611159,-1.012332,0.0640
-15.379519,9.767295,-0.318217,-1.128942,-0.171659,-0.097138,-65.507614,-27.510499,-50.112266,-15.568298,11.046608,-0.527109,-1.047573,0.0940
-15.379519,9.767295,-0.318217,-1.128942,0.823625,0.167685,-65.494102,-27.510499,-50.112266,-15.646881,10.744889,-0.380180,-1.113868,0.2380
-15.379519,9.767295,-0.318217,-1.128942,2.016192,-0.206685,-65.774200,-27.510499,-50.112266,-15.693618,10.567427,-0.162095,-1.152711,0.1670
-15.379519,9.767295,-0.318217,-1.128942,2.422017,-0.070811,-65.919373,-27.510499,-50.112266,-15.739326,10.394641,0.039012,-1.183908,0.1500
-16.328871,9.093690,-0.881076,-0.625160,1.152617,0.241033,-65.523613,-27.510505,-50.112275,-15.806536,10.234337,0.029149,-1.098841,0.1490
-16.328871,9.093690,-0.881076,-0.625160,0.370598,0.119806,-65.077454,-27.510505,-50.112275,-16.049202,10.050907,-0.403181,-0.784055,0.2750
-16.328871,9.093690,-0.881076,-0.625160,0.891085,-1.726581,-65.310646,-27.510505,-50.112275,-16.127312,9.992254,-0.469114,-0.789337,0.0940
-16.328871,9.093690,-0.881076,-0.625160,0.929275,-0.384487,-65.415474,-27.510505,-50.112275,-16.167164,9.963317,-0.486200,-0.816185,0.0450
-16.328871,9.093690,-0.881076,-0.625160,1.028849,-0.666497,-65.496414,-27.510505,-50.112275,-16.209017,9.934176,-0.510836,-0.804807,0.0410
-16.328871,9.093690,-0.881076,-0.625160,0.829216,-1.215146,-65.545929,-27.510505,-50.112275,-16.238546,9.913473,-0.515530,-0.826301,0.0400
-16.328871,9.093690,-0.881076,-0.625160,0.703962,-0.730480,-65.002968,-27.510505,-50.112275,-16.428173,9.764050,-0.583439,-0.879348,0.1710
-16.328871,9.093690,-0.881076,-0.625160,-1.354335,-0.478533,-64.710510,-27.510505,-50.112275,-16.611405,9.627528,-0.853633,-0.781508,0.2450
-15.569388,8.420085,0.665835,-0.590546,-1.129792,0.030678,-64.594521,-27.510500,-50.112281,-16.524297,9.475280,-0.372602,-0.615511,0.2170
-15.569388,8.420085,0.665835,-0.590546,-0.533955,0.534565,-64.587631,-27.510500,-50.112281,-16.408228,9.367601,-0.012965,-0.555938,0.1890
-15.569388,8.420085,0.665835,-0.590546,0.350796,0.001539,-64.560982,-27.510500,-50.112281,-16.266795,9.239934,0.338825,-0.562550,0.1860
-15.569388,8.420085,0.665835,-0.590546,0.071366,1.498870,-64.226021,-27.510500,-50.112281,-16.164761,9.147633,0.531222,-0.494311,0.1680
-15.569388,8.420085,0.665835,-0.590546,0.824767,0.807203,-64.113152,-27.510500,-50.112281,-16.121888,9.108882,0.601471,-0.461258,0.0570
-15.569388,8.420085,0.665835,-0.590546,0.642497,1.102146,-64.074959,-27.510500,-50.112281,-16.098354,9.087441,0.636823,-0.458221,0.0400
-15.569388,8.420085,0.665835,-0.590546,0.594743,0.974700,-64.038910,-27.510500,-50.112281,-16.063721,9.055236,0.669026,-0.434271,0.0400
-15.569388,8.420085,0.665835,-0.590546,0.250960,1.093550,-64.038910,-27.510500,-50.112281,-16.063721,9.055236,0.669026,-0.434271,0.0400
-14.999777,8.420085,0.781956,0.000000,0.837174,0.547595,-64.001457,-27.510494,-50.112281,-15.876971,8.978897,0.818254,-0.167896,0.1970
-14.999777,8.420085,0.781956,0.000000,-0.115846,0.062423,-63.912743,-27.510494,-50.112281,-15.737159,8.975840,0.815521,-0.025898,0.1590
-14.999777,8.420085,0.781956,0.000000,-0.474181,0.839662,-64.055275,-27.510494,-50.112281,-15.586371,8.971288,0.749696,0.036043,0.1840
-14.999777,8.420085,0.781956,0.000000,-0.692962,0.150638,-64.385750,-27.510494,-50.112281,-15.418952,8.966217,0.657981,0.048813,0.2260
-14.999777,8.420085,0.781956,0.000000,-0.291329,-0.489397,-64.609360,-27.510494,-50.112281,-15.292753,8.962419,0.636904,0.036231,0.1520
-14.999777,8.420085,0.781956,0.000000,-0.321008,0.038790,-64.778900,-27.510494,-50.112281,-15.165323,8.958645,0.654089,0.034569,0.1640
-13.670683,8.083282,1.261666,-0.319715,-0.019074,-0.000349,-64.910782,-27.510483,-50.112287,-15.034810,8.924088,0.802237,-0.060291,0.1030
-13.670683,8.083282,1.261666,-0.319715,0.017105,-0.344777,-64.967476,-27.510483,-50.112287,-14.976592,8.907571,0.868645,-0.107582,0.0400
-13.670683,8.083282,1.261666,-0.319715,-0.333380,0.105129,-65.021294,-27.510483,-50.112287,-14.909924,8.889359,0.913397,-0.133488,0.0470
-13.670683,8.083282,1.261666,-0.319715,0.462871,-0.666348,-65.045952,-27.510483,-50.112287,-14.860135,8.875990,0.961969,-0.172677,0.0420
-13.670683,8.083282,1.261666,-0.319715,-0.188027,0.527892,-65.062515,-27.510483,-50.112287,-14.784824,8.855545,0.996570,-0.189448,0.0430
-13.670683,8.083282,1.261666,-0.319715,-0.002411,0.004781,-64.961395,-27.510483,-50.112287,-14.510085,8.781820,1.121987,-0.263157,0.1840
-13.670683,8.083282,1.261666,-0.319715,-0.408454,0.517776,-64.906525,-27.510483,-50.112287,-14.230631,8.706684,1.197707,-0.283951,0.2520
-13.670683,8.083282,1.261666,-0.319715,0.568766,-0.954971,-65.144196,-27.510483,-50.112287,-13.873076,8.610447,1.261303,-0.325738,0.2390
-12.911201,7.072875,0.825306,-1.097978,0.251929,-1.037645,-65.419479,-27.510475,-50.112296,-13.703519,8.392858,1.103986,-0.771723,0.2210
-12.911201,7.072875,0.825306,-1.097978,0.385552,-0.449002,-65.321678,-27.510475,-50.112296,-13.487715,8.104105,0.964242,-1.022187,0.2660
-12.911201,7.072875,0.825306,-1.097978,0.042185,-0.519280,-65.280159,-27.510475,-50.112296,-13.449313,8.050896,0.944861,-1.047908,0.0400
-12.911201,7.072875,0.825306,-1.097978,-0.051502,-0.789677,-65.257782,-27.510475,-50.112296,-13.422433,8.014132,0.931227,-1.062237,0.0400
-12.911201,7.072875,0.825306,-1.097978,-0.044846,0.282891,-65.189224,-27.510475,-50.112296,-13.357425,7.932160,0.913981,-1.086843,0.0440
-12.911201,7.072875,0.825306,-1.097978,-0.122027,-0.024033,-65.052460,-27.510475,-50.112296,-13.187375,7.702808,0.839408,-1.100617,0.1990
-12.911201,7.072875,0.825306,-1.097978,-0.763338,0.729766,-64.830666,-27.510475,-50.112296,-13.023835,7.483105,0.762310,-1.035459,0.1700
-11.771977,6.399270,1.093780,-0.646735,-0.252048,0.194545,-64.878052,-27.510465,-50.112302,-12.826337,7.358911,0.853786,-0.832745,0.2100
-11.771977,6.399270,1.093780,-0.646735,-0.055810,0.005466,-64.892387,-27.510465,-50.112302,-12.569606,7.203276,0.952398,-0.740079,0.2270
-11.771977,6.399270,1.093780,-0.646735,0.324024,0.326095,-64.556206,-27.510465,-50.112302,-12.346656,7.068150,1.056613,-0.692817,0.1990
-11.771977,6.399270,1.093780,-0.646735,0.079876,0.625997,-64.096550,-27.510465,-50.112302,-12.130692,6.937610,1.109952,-0.600782,0.1960
-11.771977,6.399270,1.093780,-0.646735,-0.076300,-0.069478,-64.037422,-27.510465,-50.112302,-12.075295,6.904077,1.107905,-0.597902,0.0590
-11.771977,6.399270,1.093780,-0.646735,-0.276731,-0.045154,-64.004395,-27.510465,-50.112302,-12.028831,6.875929,1.095254,-0.601547,0.0400
-11.771977,6.399270,1.093780,-0.646735,-0.713606,0.134199,-63.972755,-27.510465,-50.112302,-11.977910,6.844883,1.070883,-0.609020,0.0400
-11.771977,6.399270,1.093780,-0.646735,-0.731568,0.255560,-63.962162,-27.510465,-50.112302,-11.952431,6.829395,1.056736,-0.606186,0.0400
-11.771977,6.399270,1.093780,-0.646735,-0.731568,0.255560,-63.962162,-27.510455,-50.112308,-11.952431,6.829395,1.056736,-0.606186,0.0400
-10.632754,5.725664,1.053926,-0.623170,-1.024226,-0.316655,-63.909309,-27.510455,-50.112308,-11.705707,6.683492,0.969693,-0.620188,0.1500
-10.632754,5.725664,1.053926,-0.623170,0.687472,-0.602282,-64.046249,-27.510455,-50.112308,-11.450076,6.531406,0.993007,-0.655819,0.2270
-10.632754,5.725664,1.053926,-0.623170,1.269570,-1.030139,-64.001015,-27.510455,-50.112308,-11.225879,6.396665,1.133377,-0.702434,0.2160
-10.632754,5.725664,1.053926,-0.623170,1.521058,-0.510577,-63.094009,-27.510455,-50.112308,-10.943531,6.225852,1.291794,-0.668211,0.2500
-9.683401,5.388862,0.989068,-0.350892,0.669228,0.607906,-62.984638,-27.510447,-50.112313,-10.718950,6.112286,1.270575,-0.518172,0.2170
-9.683401,5.388862,0.989068,-0.350892,0.896487,-0.347387,-63.056301,-27.510447,-50.112313,-10.600009,6.068289,1.254092,-0.461738,0.1330
-9.683401,5.388862,0.989068,-0.350892,0.532264,0.209610,-63.025017,-27.510447,-50.112313,-10.540954,6.046278,1.234358,-0.426602,0.0400
-9.683401,5.388862,0.989068,-0.350892,0.675875,0.411868,-62.962944,-27.510447,-50.112313,-10.465960,6.018516,1.221704,-0.378428,0.0700
-9.683401,5.388862,0.989068,-0.350892,0.634168,0.482670,-62.734497,-27.510447,-50.112313,-10.290956,5.954035,1.194069,-0.324056,0.1520
-9.683401,5.388862,0.989068,-0.350892,0.484999,-0.346684,-62.757698,-27.510447,-50.112313,-10.036658,5.860513,1.128509,-0.290992,0.2420
-8.164436,4.715256,1.401423,-0.621480,-0.862104,0.608609,-62.614483,-27.510434,-50.112319,-9.670084,5.714467,1.061414,-0.342817,0.3260
-8.164436,4.715256,1.401423,-0.621480,-1.406488,0.715306,-62.629295,-27.510434,-50.112319,-9.293364,5.543991,1.060582,-0.445197,0.2880
-8.164436,4.715256,1.401423,-0.621480,-1.314373,-0.147395,-62.575619,-27.510434,-50.112319,-9.028622,5.424047,1.026272,-0.501002,0.1840
-8.164436,4.715256,1.401423,-0.621480,-0.316435,-0.904147,-62.508785,-27.510434,-50.112319,-8.951517,5.389249,1.046479,-0.540088,0.0540
-8.164436,4.715256,1.401423,-0.621480,-0.545676,-0.112153,-62.293865,-27.510434,-50.112319,-8.535324,5.200027,1.088906,-0.575432,0.2580
-7.404954,4.041651,1.054558,-0.935316,0.880644,-0.616929,-62.187992,-27.510425,-50.112328,-8.208231,4.983369,1.185276,-0.711712,0.2970
-7.404954,4.041651,1.054558,-0.935316,0.829644,-0.153929,-70.160393,-27.510425,-50.112328,-7.891186,4.701064,1.291833,-0.893193,0.2760
-7.404954,4.041651,1.054558,-0.935316,0.011324,-2.521655,-72.773468,-27.510425,-50.112328,-7.585174,4.427095,1.163109,-1.250922,0.3080
-7.404954,4.041651,1.054558,-0.935316,-0.371089,-2.993995,-73.361900,-27.510425,-50.112328,-7.464136,4.318464,1.093923,-1.348289,0.1110
-7.404954,4.041651,1.054558,-0.935316,-0.905200,-1.644855,-73.526894,-27.510425,-50.112328,-7.423990,4.282886,1.070636,-1.365119,0.0420
-7.404954,4.041651,1.054558,-0.935316,-0.327893,-2.723513,-73.726372,-27.510425,-50.112328,-7.340742,4.209317,1.036902,-1.410220,0.0460
-6.265730,2.694440,0.910169,-1.076337,0.834111,0.469794,-72.795784,-27.510416,-50.112337,-7.073137,3.902722,1.074526,-1.216839,0.2830
-6.265730,2.694440,0.910169,-1.076337,0.100194,1.521239,-72.617546,-27.510416,-50.112337,-6.744624,3.511445,1.069237,-0.891885,0.3040
-6.265730,2.694440,0.910169,-1.076337,0.030644,0.607078,-72.924942,-27.510416,-50.112337,-6.634811,3.380744,1.012273,-0.885522,0.1760
-6.265730,2.694440,0.910169,-1.076337,-0.064109,0.003648,-73.106476,-27.510416,-50.112337,-6.564596,3.296502,0.980709,-0.906110,0.0460
-6.265730,2.694440,0.910169,-1.076337,-0.565956,0.971761,-73.585152,-27.510416,-50.112337,-6.369583,3.064650,0.899668,-0.891298,0.2200
-5.126507,2.357638,1.514542,-0.447762,0.696227,0.153101,-74.120789,-27.510405,-50.112344,-6.115661,2.973389,1.179019,-0.718083,0.1810
-5.126507,2.357638,1.514542,-0.447762,0.902227,-0.860777,-74.304573,-27.510405,-50.112344,-6.008336,2.942181,1.299863,-0.695234,0.0500
-5.126507,2.357638,1.514542,-0.447762,0.651119,-0.956411,-74.786186,-27.510405,-50.112344,-5.606288,2.817660,1.534939,-0.655604,0.2290
-5.126507,2.357638,1.514542,-0.447762,-0.827034,-0.457423,-75.197975,-27.510405,-50.112344,-5.044175,2.645498,1.429078,-0.586398,0.4060
-3.417671,1.347230,1.766876,-1.044726,-0.677182,0.467175,-75.198288,-27.510389,-50.112354,-4.600259,2.444698,1.413435,-0.693682,0.2770
-3.417671,1.347230,1.766876,-1.044726,0.859935,-1.368397,-74.942032,-27.510389,-50.112354,-4.100803,2.145109,1.691668,-0.952076,0.2720
-3.417671,1.347230,1.766876,-1.044726,0.719897,-0.212348,-74.886978,-27.510389,-50.112354,-4.009336,2.090178,1.734198,-0.994026,0.0560
-3.417671,1.347230,1.766876,-1.044726,0.724545,-1.092339,-74.831772,-27.510389,-50.112354,-3.933999,2.044743,1.765489,-1.024056,0.0400
-3.417671,1.347230,1.766876,-1.044726,1.029943,-0.047379,-74.781525,-27.510389,-50.112354,-3.873184,2.008055,1.792694,-1.040431,0.0400
-3.417671,1.347230,1.766876,-1.044726,1.098105,-0.092772,-74.614075,-27.510389,-50.112354,-3.721793,1.921368,1.870407,-1.044097,0.0430
-3.417671,1.347230,1.766876,-1.044726,-0.486836,-0.131838,-74.343430,-27.510389,-50.112354,-3.260309,1.640385,1.796832,-1.022878,0.2440
-1.898707,0.673624,1.622453,-0.719499,-1.406123,0.491986,-74.790756,-27.510375,-50.112361,-2.827353,1.412381,1.530639,-0.790866,0.2680
-1.898707,0.673624,1.622453,-0.719499,-0.920076,0.054937,-74.748573,-27.510375,-50.112361,-2.408025,1.223235,1.315848,-0.637249,0.2490
-1.898707,0.673624,1.622453,-0.719499,0.137459,0.210464,-74.457497,-27.510375,-50.112361,-2.039832,1.056768,1.445629,-0.606390,0.2370
-1.898707,0.673624,1.622453,-0.719499,-0.382042,-0.603111,-74.417030,-27.510375,-50.112361,-1.812570,0.954078,1.471981,-0.629869,0.1400
-1.898707,0.673624,1.622453,-0.719499,-0.840428,0.090920,-74.412346,-27.510375,-50.112361,-1.708659,0.907024,1.453088,-0.626988,0.0650
-1.898707,0.673624,1.622453,-0.719499,-1.087140,0.140982,-74.408806,-27.510375,-50.112361,-1.638531,0.875223,1.436936,-0.635372,0.0400
-1.898707,0.673624,1.622453,-0.719499,-0.750950,0.185548,-74.375420,-27.510375,-50.112361,-1.534500,0.828281,1.414986,-0.653518,0.0430
-0.759483,-0.336784,1.116138,-0.989933,-1.427992,0.468283,-74.221169,-27.510367,-50.112371,-1.265035,0.634550,1.172269,-0.777683,0.2070
-0.759483,-0.336784,1.116138,-0.989933,1.042590,-1.663594,-74.342705,-27.510367,-50.112371,-0.883263,0.288226,1.187537,-1.216534,0.3160
-0.759483,-0.336784,1.116138,-0.989933,2.017839,-1.598652,-74.348427,-27.510367,-50.112371,-0.639153,0.067001,1.443223,-1.381370,0.2460
-0.759483,-0.336784,1.116138,-0.989933,0.037874,-1.144913,-73.908768,-27.510367,-50.112371,-0.364043,-0.182531,1.384752,-1.429461,0.2440
-0.379742,-1.347192,0.347488,-0.924591,-0.768750,0.684437,-73.244308,-27.510363,-50.112381,-0.260321,-0.344926,0.995940,-1.224406,0.1780
-0.379742,-1.347192,0.347488,-0.924591,-1.112201,2.200902,-73.015778,-27.510363,-50.112381,-0.239458,-0.403118,0.831061,-1.092794,0.0520
-0.379742,-1.347192,0.347488,-0.924591,-1.098615,1.642509,-72.855049,-27.510363,-50.112381,-0.226951,-0.440656,0.730051,-1.020199,0.0450
-0.379742,-1.347192,0.347488,-0.924591,-0.837178,0.776472,-72.566994,-27.510363,-50.112381,-0.203796,-0.507096,0.600237,-0.931923,0.0420
-0.379742,-1.347192,0.347488,-0.924591,-1.464386,0.208470,-71.772720,-27.510363,-50.112381,-0.106278,-0.780306,0.179724,-0.789176,0.2900
-0.379742,-1.347192,0.347488,-0.924591,-0.284970,-0.646334,-71.227272,-27.510363,-50.112381,-0.025245,-1.010946,0.126276,-0.834050,0.2500
-0.189871,-2.020798,0.203771,-0.722919,0.426163,-1.613340,-71.508621,-27.510362,-50.112389,0.048198,-1.228473,0.242873,-1.096364,0.2400
-0.189871,-2.020798,0.203771,-0.722919,0.194413,-0.497368,-71.475807,-27.510362,-50.112389,0.090406,-1.394060,0.274485,-1.105953,0.2090
-0.189871,-2.020798,0.203771,-0.722919,-0.261733,0.231894,-71.290627,-27.510362,-50.112389,0.118291,-1.503127,0.247483,-0.975012,0.1550
-0.189871,-2.020798,0.203771,-0.722919,-0.065762,0.541292,-71.254883,-27.510362,-50.112389,0.125600,-1.531738,0.238788,-0.925335,0.0430
-0.189871,-2.020798,0.203771,-0.722919,0.208790,0.330281,-71.231819,-27.510362,-50.112389,0.133917,-1.564498,0.237297,-0.877023,0.0400
-0.189871,-2.020798,0.203771,-0.722919,0.444152,-0.003455,-71.225510,-27.510362,-50.112389,0.136355,-1.574100,0.241387,-0.870529,0.0400
-0.189871,-2.020798,0.203771,-0.722919,0.629106,-0.760870,-71.582298,-27.510362,-50.112389,0.178397,-1.737898,0.285594,-0.790118,0.1640
-0.189871,-2.020798,0.203771,-0.722919,1.776071,0.233113,-70.927734,-27.510361,-50.112389,0.227255,-1.938578,0.495566,-0.818662,0.2830
-0.189871,-2.020798,0.000000,0.000000,1.396172,0.747911,-68.195000,-27.510361,-50.112389,0.220958,-1.938696,0.564639,-0.182426,0.2590
-0.189871,-2.020798,0.000000,0.000000,-0.568640,1.386902,-67.302994,-27.510361,-50.112389,0.217328,-1.939824,0.226359,0.110055,0.2420
-0.189871,-2.020798,0.000000,0.000000,-0.936292,0.995020,-66.914787,-27.510361,-50.112389,0.213386,-1.940966,-0.027711,0.243266,0.2550
-0.189871,-2.020798,0.000000,0.000000,-0.637935,-0.059060,-66.818916,-27.510361,-50.112389,0.212678,-1.941914,-0.054965,0.207851,0.0410
-0.189871,-2.020798,0.000000,0.000000,-0.266472,-0.240149,-66.748306,-27.510361,-50.112389,0.211770,-1.942166,-0.061526,0.171079,0.0530
-0.189871,-2.020798,0.000000,0.000000,-0.270096,-0.713877,-66.739784,-27.510361,-50.112389,0.211182,-1.942736,-0.065240,0.125497,0.0400
0.569611,-2.020798,0.560744,0.000000,0.006472,-1.592863,-66.717537,-27.510356,-50.112390,0.260158,-1.943114,0.165088,-0.126289,0.1920
0.569611,-2.020798,0.560744,0.000000,0.559608,-0.978284,-66.408005,-27.510356,-50.112390,0.354101,-1.944164,0.381505,-0.242191,0.1810
0.569611,-2.020798,0.560744,0.000000,-0.421390,0.070543,-65.612526,-27.510356,-50.112390,0.449103,-1.945305,0.469851,-0.188987,0.1670
0.569611,-2.020798,0.560744,0.000000,-0.263516,0.095491,-65.108139,-27.510356,-50.112390,0.485483,-1.945207,0.475247,-0.130195,0.0610
0.569611,-2.020798,0.560744,0.000000,-0.605651,0.868566,-64.727959,-27.510356,-50.112390,0.513017,-1.945559,0.472240,-0.084269,0.0530
0.569611,-2.020798,0.560744,0.000000,-0.722937,0.851196,-64.396202,-27.510356,-50.112390,0.538123,-1.945559,0.462682,-0.039459,0.0400
0.569611,-2.020798,0.560744,0.000000,0.031355,-0.140875,-63.637035,-27.510356,-50.112390,0.602194,-1.946078,0.479877,0.004316,0.1170
0.569611,-2.020798,0.560744,0.000000,-0.285094,-0.096615,-63.319923,-27.510356,-50.112390,0.636859,-1.946276,0.489966,0.003370,0.0620
0.569611,-2.020798,0.560744,0.000000,0.344475,-0.161006,-63.082207,-27.510356,-50.112390,0.663320,-1.946448,0.516659,-0.002752,0.0400
0.569611,-2.020798,0.560744,0.000000,0.107936,-0.130408,-63.015003,-27.510356,-50.112390,0.672283,-1.946478,0.526167,-0.013066,0.0400
0.569611,-2.020798,0.560744,0.000000,0.107936,-0.130408,-63.015003,-27.510356,-50.112390,0.672283,-1.946478,0.526167,-0.013066,0.0400
0.569611,-2.020798,0.560744,0.000000,0.107936,-0.130408,-63.015003,-27.510356,-50.112390,0.672283,-1.946478,0.526167,-0.013066,0.0400
0.569611,-2.020798,0.560744,0.000000,0.107936,-0.130408,-63.015003,-27.510356,-50.112390,0.672283,-1.946478,0.526167,-0.013066,0.0400
0.569611,-2.020798,0.560744,0.000000,0.107936,-0.130408,-63.015003,-27.510353,-50.112390,0.672283,-1.946478,0.526167,-0.013066,0.0400
0.569611,-2.020798,0.560744,0.000000,0.107936,-0.130408,-63.015003,-27.510353,-50.112390,0.672283,-1.946478,0.526167,-0.013066,0.0400
0.569611,-2.020798,0.560744,0.000000,0.107936,-0.130408,-63.015003,-27.510353,-50.112390,0.672283,-1.946478,0.526167,-0.013066,0.0400
0.569611,-2.020798,0.560744,0.000000,0.107936,-0.130408,-63.015003,-27.510353,-50.112390,0.672283,-1.946478,0.526167,-0.013066,0.0400
0.569611,-2.020798,0.560744,0.000000,0.107936,-0.130408,-63.015003,-27.510353,-50.112390,0.672283,-1.946478,0.526167,-0.013066,0.0400
0.569611,-2.020798,0.560744,0.000000,0.107936,-0.130408,-63.015003,-27.510353,-50.112390,0.672283,-1.946478,0.526167,-0.013066,0.0400
0.569611,-2.020798,0.560744,0.000000,0.107936,-0.130408,-63.015003,-27.510353,-50.112390,0.672283,-1.946478,0.526167,-0.013066,0.0400
0.759482,-2.020798,0.205778,0.000000,-0.732660,1.447059,-60.619171,-27.510353,-50.112390,0.895709,-1.960354,0.179812,0.052978,0.0720
0.759482,-2.020798,0.205778,0.000000,-0.630706,1.193205,-60.556976,-27.510353,-50.112390,0.907498,-1.968179,0.173604,0.063543,0.0400
0.759482,-2.020798,0.205778,0.000000,-0.869976,1.963522,-60.496441,-27.510353,-50.112390,0.932350,-1.982264,0.138225,0.117815,0.0860
0.759482,-2.020798,0.205778,0.000000,0.173879,-0.078246,-60.683456,-27.510353,-50.112390,0.960895,-1.996474,0.144973,0.127437,0.0870
0.759482,-2.020798,0.205778,0.000000,0.466400,-0.718490,-61.907696,-27.510353,-50.112390,1.019562,-2.006428,0.241492,-0.036888,0.2990
0.949352,-2.357601,0.166739,-0.295772,0.219643,-1.517806,-63.510876,-27.510352,-50.112392,1.064036,-2.084828,0.265790,-0.437943,0.2830
0.949352,-2.357601,0.166739,-0.295772,0.075153,-1.232712,-64.319260,-27.510352,-50.112392,1.089635,-2.132932,0.243688,-0.577334,0.1720
0.949352,-2.357601,0.166739,-0.295772,0.004963,-0.852349,-64.556969,-27.510352,-50.112392,1.103260,-2.158193,0.242862,-0.568084,0.0890
0.949352,-2.357601,0.166739,-0.295772,-0.055649,-0.536314,-64.614326,-27.510352,-50.112392,1.109518,-2.169714,0.234125,-0.549172,0.0400
0.949352,-2.357601,0.166739,-0.295772,-0.001976,0.030488,-64.606270,-27.510352,-50.112392,1.116810,-2.183558,0.225810,-0.505250,0.0450
0.949352,-2.357601,0.166739,-0.295772,0.279925,-0.181516,-64.580338,-27.510352,-50.112392,1.123819,-2.196647,0.222835,-0.472721,0.0410
0.949352,-2.357601,0.166739,-0.295772,-0.041902,0.098516,-64.560944,-27.510352,-50.112392,1.128841,-2.206111,0.220788,-0.451138,0.0400
0.949352,-2.357601,0.166739,-0.295772,-0.652694,0.432893,-64.287720,-27.510352,-50.112392,1.179963,-2.303624,0.077853,-0.263234,0.2780
1.139223,-2.020798,0.275373,0.488471,-0.411663,0.868531,-63.779171,-27.510349,-50.112388,1.267402,-2.151268,0.142258,0.307161,0.3310
1.139223,-2.020798,0.275373,0.488471,-0.383727,0.361689,-64.502876,-27.510349,-50.112388,1.347545,-2.004531,0.150038,0.571926,0.3100
1.139223,-2.020798,0.275373,0.488471,0.302884,-0.087361,-64.976456,-27.510349,-50.112388,1.395346,-1.916474,0.212873,0.536119,0.1950
1.139223,-2.020798,0.275373,0.488471,0.221891,-0.266734,-65.026733,-27.510349,-50.112388,1.423288,-1.865332,0.249735,0.483510,0.1060
0.949353,-2.020798,-0.221211,-0.000000,0.445796,0.105534,-64.642845,-27.510351,-50.112387,1.390296,-1.817926,0.062758,0.151438,0.3120
0.949353,-2.020798,-0.221211,-0.000000,0.370396,-0.395576,-65.364555,-27.510351,-50.112387,1.321358,-1.820157,-0.071328,0.012632,0.3200
0.949353,-2.020798,-0.221211,-0.000000,-0.095751,-0.421694,-65.136490,-27.510351,-50.112387,1.248377,-1.822963,-0.130043,-0.052133,0.2880
0.759482,-1.683995,-0.068212,0.120997,0.351314,-0.302295,-64.988960,-27.510353,-50.112386,1.207282,-1.811837,-0.069707,-0.040203,0.2760
0.759482,-1.683995,-0.068212,0.120997,0.194778,-0.642571,-65.107506,-27.510353,-50.112386,1.187481,-1.783448,-0.023811,0.008332,0.1930
0.759482,-1.683995,-0.068212,0.120997,0.403051,0.476616,-64.540375,-27.510353,-50.112386,1.167134,-1.754226,-0.006036,0.183423,0.2290
0.759482,-1.683995,-0.068212,0.120997,-0.257673,0.346910,-64.584312,-27.510353,-50.112386,1.143309,-1.718971,-0.113259,0.285742,0.3130
0.949353,-1.683995,0.282944,0.000000,-0.597643,1.043177,-65.062218,-27.510351,-50.112386,1.155021,-1.697010,-0.105446,0.324285,0.2540
0.949353,-1.683995,0.282944,0.000000,-0.137257,-0.010216,-65.824684,-27.510351,-50.112386,1.222291,-1.695573,0.023048,0.246239,0.2780
0.949353,-1.683995,0.282944,0.000000,-0.161239,-0.407839,-66.003700,-27.510351,-50.112386,1.234856,-1.695372,0.054031,0.203124,0.0480
0.949353,-1.683995,0.282944,0.000000,0.147590,-0.698708,-66.179596,-27.510351,-50.112386,1.247730,-1.695710,0.092644,0.149502,0.0410
0.949353,-1.683995,0.282944,0.000000,-0.042794,-0.815222,-66.359619,-27.510351,-50.112386,1.261328,-1.696151,0.124070,0.090412,0.0400
0.949353,-1.683995,0.282944,0.000000,-0.082159,-0.700511,-66.498573,-27.510351,-50.112386,1.271855,-1.695980,0.142671,0.055679,0.0410
0.949353,-1.683995,0.282944,0.000000,0.265894,-0.501190,-66.690331,-27.510351,-50.112386,1.288062,-1.696030,0.179389,0.016048,0.0400
0.949353,-1.683995,0.282944,0.000000,0.588744,-1.208770,-66.779480,-27.510351,-50.112386,1.294667,-1.695990,0.199868,-0.012239,0.0400
0.949353,-1.683995,0.282944,0.000000,-0.038173,-1.220466,-67.244720,-27.510351,-50.112386,1.361014,-1.695103,0.299616,-0.172964,0.2170
0.949353,-2.020798,0.000000,-0.108033,-0.091438,-0.076553,-66.717255,-27.510351,-50.112387,1.388256,-1.706884,0.196432,-0.136312,0.2010
0.949353,-2.020798,0.000000,-0.108033,-0.909198,0.970463,-65.977623,-27.510351,-50.112387,1.384057,-1.734950,0.008702,-0.008796,0.2280
0.949353,-2.020798,0.000000,-0.108033,-0.343545,0.391583,-65.345352,-27.510351,-50.112387,1.377527,-1.776435,-0.106535,0.099549,0.3320
0.949353,-2.020798,0.000000,-0.108033,-0.625500,1.055087,-66.116829,-27.510351,-50.112387,1.375471,-1.789213,-0.100894,0.109208,0.1460
0.949353,-2.020798,0.000000,-0.108033,-0.174948,0.724877,-67.573090,-27.510351,-50.112387,1.374489,-1.795795,-0.100445,0.118877,0.0580
0.949353,-2.020798,0.000000,0.000000,0.391601,1.269060,-78.940926,-27.510350,-50.112390,1.370073,-1.814133,-0.068416,0.142517,0.2040
0.949353,-2.020798,0.000000,0.000000,1.231833,1.962737,-80.931427,-27.510350,-50.112390,1.368230,-1.814943,0.038032,0.250766,0.1160
0.949353,-2.020798,0.000000,0.000000,1.142656,-4.221568,-82.178825,-27.510350,-50.112390,1.366420,-1.817076,0.086268,0.051519,0.0400
0.949353,-2.020798,0.000000,0.000000,-3.519784,-16.490963,-82.566193,-27.510350,-50.112390,1.366283,-1.817049,0.053945,-0.095549,0.0410
0.949353,-2.020798,0.000000,0.000000,-3.519784,-16.490963,-82.566193,-27.510350,-50.112390,1.366283,-1.817049,0.053945,-0.095549,0.0400
0.949353,-2.020798,0.000000,0.000000,1.301646,-0.756260,-102.304413,-27.510350,-50.112390,1.373427,-1.823374,0.176795,0.001712,0.0630
0.949353,-2.020798,0.000000,0.000000,2.843808,-2.399325,-107.395897,-27.510350,-50.112390,1.364363,-1.823730,0.211893,-0.013723,0.0470
0.949353,-2.020798,0.000000,0.000000,2.995075,-0.776115,-113.820877,-27.510350,-50.112390,1.354593,-1.822507,0.301692,-0.069352,0.0720
0.949353,-2.020798,0.000000,0.000000,4.451733,-2.697689,-114.916306,-27.510350,-50.112390,1.346981,-1.820974,0.402131,-0.151676,0.0530
0.949353,-2.020798,0.000000,0.000000,-1.247865,0.016153,-101.268501,-27.510350,-50.112390,1.330609,-1.815497,0.140895,-0.219003,0.1960
1.329094,-3.031207,0.235279,-0.626025,0.392264,-0.855181,-102.790558,-27.510348,-50.112397,1.326881,-1.818611,0.185469,-0.239150,0.2380
1.329094,-3.031207,0.235279,-0.626025,0.617434,-1.054265,-103.049782,-27.510348,-50.112397,1.336364,-1.846642,0.208845,-0.328292,0.0400
1.329094,-3.031207,0.235279,-0.626025,0.726369,-1.069799,-103.724602,-27.510348,-50.112397,1.349733,-1.886806,0.249249,-0.438271,0.0400
1.329094,-3.031207,0.235279,-0.626025,0.547970,-1.096086,-103.869911,-27.510348,-50.112397,1.352505,-1.895300,0.255267,-0.458789,0.0400
1.329094,-3.031207,0.235279,-0.626025,0.547970,-1.096086,-103.869911,-27.510348,-50.112397,1.352505,-1.895300,0.255267,-0.458789,0.0400
1.329094,-3.031207,0.235279,-0.626025,0.547970,-1.096086,-103.869911,-27.510348,-50.112397,1.352505,-1.895300,0.255267,-0.458789,0.0400
1.329094,-3.031207,0.235279,-0.626025,0.547970,-1.096086,-103.869911,-27.510348,-50.112397,1.352505,-1.895300,0.255267,-0.458789,0.0400
1.329094,-3.031207,0.235279,-0.626025,0.547970,-1.096086,-103.869911,-27.510348,-50.112397,1.352505,-1.895300,0.255267,-0.458789,0.0400
1.329094,-3.031207,0.235279,-0.626025,0.547970,-1.096086,-103.869911,-27.510348,-50.112397,1.352505,-1.895300,0.255267,-0.458789,0.0400
1.329094,-3.031207,0.235279,-0.626025,0.547970,-1.096086,-103.869911,-27.510348,-50.112397,1.352505,-1.895300,0.255267,-0.458789,0.0400
1.329094,-3.031207,0.235279,-0.626025,0.547970,-1.096086,-103.869911,-27.510348,-50.112397,1.352505,-1.895300,0.255267,-0.458789,0.0400
1.329094,-3.031207,0.235279,-0.626025,0.547970,-1.096086,-103.869911,-27.510348,-50.112397,1.352505,-1.895300,0.255267,-0.458789,0.0400
1.329094,-3.031207,0.235279,-0.626025,0.547970,-1.096086,-103.869911,-27.510348,-50.112397,1.352505,-1.895300,0.255267,-0.458789,0.0400
1.329094,-3.031207,0.235279,-0.626025,0.547970,-1.096086,-103.869911,-27.510348,-50.112397,1.352505,-1.895300,0.255267,-0.458789,0.0400
1.329094,-3.031207,0.235279,-0.626025,0.547970,-1.096086,-103.869911,-27.510348,-50.112397,1.352505,-1.895300,0.255267,-0.458789,0.0400
1.329094,-3.031207,0.235279,-0.626025,0.547970,-1.096086,-103.869911,-27.510348,-50.112397,1.352505,-1.895300,0.255267,-0.458789,0.0400
1.329094,-3.031207,0.235279,-0.626025,0.547970,-1.096086,-103.869911,-27.510348,-50.112397,1.352505,-1.895300,0.255267,-0.458789,0.0400
1.329094,-3.031207,0.235279,-0.626025,0.547970,-1.096086,-103.869911,-27.510348,-50.112397,1.352505,-1.895300,0.255267,-0.458789,0.0400
1.329094,-3.031207,0.235279,-0.626025,0.547970,-1.096086,-103.869911,-27.510348,-50.112397,1.352505,-1.895300,0.255267,-0.458789,0.0400
1.329094,-3.031207,0.235279,-0.626025,0.547970,-1.096086,-103.869911,-27.510355,-50.112394,1.352505,-1.895300,0.255267,-0.458789,0.0400
1.329094,-3.031207,0.235279,-0.626025,0.547970,-1.096086,-103.869911,-27.510355,-50.112394,1.352505,-1.895300,0.255267,-0.458789,0.0400
1.329094,-3.031207,0.235279,-0.626025,0.547970,-1.096086,-103.869911,-27.510355,-50.112394,1.352505,-1.895300,0.255267,-0.458789,0.0400
1.329094,-3.031207,0.235279,-0.626025,0.547970,-1.096086,-103.869911,-27.510355,-50.112394,1.352505,-1.895300,0.255267,-0.458789,0.0400
1.329094,-3.031207,0.235279,-0.626025,0.547970,-1.096086,-103.869911,-27.510355,-50.112394,1.352505,-1.895300,0.255267,-0.458789,0.0400
1.329094,-3.031207,0.235279,-0.626025,0.547970,-1.096086,-103.869911,-27.510355,-50.112394,1.352505,-1.895300,0.255267,-0.458789,0.0400
1.329094,-3.031207,0.235279,-0.626025,0.547970,-1.096086,-103.869911,-27.510355,-50.112394,1.352505,-1.895300,0.255267,-0.458789,0.0400
1.329094,-3.031207,0.235279,-0.626025,0.547970,-1.096086,-103.869911,-27.510355,-50.112394,1.352505,-1.895300,0.255267,-0.458789,0.0400
1.329094,-3.031207,0.235279,-0.626025,0.547970,-1.096086,-103.869911,-27.510355,-50.112394,1.352505,-1.895300,0.255267,-0.458789,0.0400
1.329094,-3.031207,0.235279,-0.626025,0.547970,-1.096086,-103.869911,-27.510355,-50.112394,1.352505,-1.895300,0.255267,-0.458789,0.0400
1.329094,-3.031207,0.235279,-0.626025,0.547970,-1.096086,-103.869911,-27.510355,-50.112394,1.352505,-1.895300,0.255267,-0.458789,0.0400
1.329094,-3.031207,0.235279,-0.626025,0.547970,-1.096086,-103.869911,-27.510355,-50.112394,1.352505,-1.895300,0.255267,-0.458789,0.0400
1.329094,-3.031207,0.235279,-0.626025,0.547970,-1.096086,-103.869911,-27.510355,-50.112394,1.352505,-1.895300,0.255267,-0.458789,0.0400
1.329094,-3.031207,0.235279,-0.626025,0.547970,-1.096086,-103.869911,-27.510355,-50.112394,1.352505,-1.895300,0.255267,-0.458789,0.0400
1.329094,-3.031207,0.235279,-0.626025,0.547970,-1.096086,-103.869911,-27.510355,-50.112394,1.352505,-1.895300,0.255267,-0.458789,0.0400
1.329094,-3.031207,0.235279,-0.626025,0.547970,-1.096086,-103.869911,-27.510355,-50.112394,1.352505,-1.895300,0.255267,-0.458789,0.0400
1.329094,-3.031207,0.235279,-0.626025,0.547970,-1.096086,-103.869911,-27.510355,-50.112394,1.352505,-1.895300,0.255267,-0.458789,0.0400
1.329094,-3.031207,0.235279,-0.626025,0.547970,-1.096086,-103.869911,-27.510355,-50.112394,1.352505,-1.895300,0.255267,-0.458789,0.0400
1.329094,-3.031207,0.235279,-0.626025,0.547970,-1.096086,-103.869911,-27.510355,-50.112394,1.352505,-1.895300,0.255267,-0.458789,0.0400
1.329094,-3.031207,0.235279,-0.626025,0.547970,-1.096086,-103.869911,-27.510349,-50.112395,1.352505,-1.895300,0.255267,-0.458789,0.0400
1.329094,-3.031207,0.235279,-0.626025,0.547970,-1.096086,-103.869911,-27.510349,-50.112395,1.352505,-1.895300,0.255267,-0.458789,0.0400
1.329094,-3.031207,0.235279,-0.626025,0.547970,-1.096086,-103.869911,-27.510349,-50.112395,1.352505,-1.895300,0.255267,-0.458789,0.0400
1.329094,-3.031207,0.235279,-0.626025,0.547970,-1.096086,-103.869911,-27.510349,-50.112395,1.352505,-1.895300,0.255267,-0.458789,0.0400
1.329094,-3.031207,0.235279,-0.626025,0.547970,-1.096086,-103.869911,-27.510349,-50.112395,1.352505,-1.895300,0.255267,-0.458789,0.0400
1.329094,-3.031207,0.235279,-0.626025,0.547970,-1.096086,-103.869911,-27.510349,-50.112395,1.352505,-1.895300,0.255267,-0.458789,0.0400
1.329094,-3.031207,0.235279,-0.626025,0.547970,-1.096086,-103.869911,-27.510349,-50.112395,1.352505,-1.895300,0.255267,-0.458789,0.0400
1.329094,-3.031207,0.235279,-0.626025,0.547970,-1.096086,-103.869911,-27.510349,-50.112395,1.352505,-1.895300,0.255267,-0.458789,0.0400
1.329094,-3.031207,0.235279,-0.626025,0.547970,-1.096086,-103.869911,-27.510349,-50.112395,1.352505,-1.895300,0.255267,-0.458789,0.0400
1.329094,-3.031207,0.235279,-0.626025,0.547970,-1.096086,-103.869911,-27.510349,-50.112395,1.352505,-1.895300,0.255267,-0.458789,0.0400
1.329094,-3.031207,0.235279,-0.626025,0.547970,-1.096086,-103.869911,-27.510349,-50.112395,1.352505,-1.895300,0.255267,-0.458789,0.0400
1.329094,-3.031207,0.235279,-0.626025,0.547970,-1.096086,-103.869911,-27.510349,-50.112395,1.352505,-1.895300,0.255267,-0.458789,0.0400
1.329094,-3.031207,0.235279,-0.626025,0.547970,-1.096086,-103.869911,-27.510349,-50.112395,1.352505,-1.895300,0.255267,-0.458789,0.0400
1.329094,-3.031207,0.235279,-0.626025,0.547970,-1.096086,-103.869911,-27.510349,-50.112395,1.352505,-1.895300,0.255267,-0.458789,0.0400
1.329094,-3.031207,0.235279,-0.626025,0.547970,-1.096086,-103.869911,-27.510349,-50.112395,1.352505,-1.895300,0.255267,-0.458789,0.0400
1.329094,-3.031207,0.235279,-0.626025,0.547970,-1.096086,-103.869911,-27.510349,-50.112395,1.352505,-1.895300,0.255267,-0.458789,0.0400
1.329094,-3.031207,0.235279,-0.626025,0.547970,-1.096086,-103.869911,-27.510349,-50.112395,1.352505,-1.895300,0.255267,-0.458789,0.0400
1.329094,-3.031207,0.235279,-0.626025,0.547970,-1.096086,-103.869911,-27.510349,-50.112395,1.352505,-1.895300,0.255267,-0.458789,0.0400
1.329094,-3.031207,0.235279,-0.626025,0.547970,-1.096086,-103.869911,-27.510349,-50.112395,1.352505,-1.895300,0.255267,-0.458789,0.0400
1.329094,-3.031207,0.235279,-0.626025,0.547970,-1.096086,-103.869911,-27.510351,-50.112393,1.352505,-1.895300,0.255267,-0.458789,0.0400
1.329094,-3.031207,0.235279,-0.626025,0.547970,-1.096086,-103.869911,-27.510351,-50.112393,1.352505,-1.895300,0.255267,-0.458789,0.0400
1.329094,-3.031207,0.235279,-0.626025,0.547970,-1.096086,-103.869911,-27.510351,-50.112393,1.352505,-1.895300,0.255267,-0.458789,0.0410
1.329094,-3.031207,0.235279,-0.626025,0.547970,-1.096086,-103.869911,-27.510351,-50.112393,1.352505,-1.895300,0.255267,-0.458789,0.0400
1.329094,-3.031207,0.235279,-0.626025,0.547970,-1.096086,-103.869911,-27.510351,-50.112393,1.352505,-1.895300,0.255267,-0.458789,0.0400
1.329094,-3.031207,0.235279,-0.626025,0.547970,-1.096086,-103.869911,-27.510351,-50.112393,1.352505,-1.895300,0.255267,-0.458789,0.0400
1.329094,-3.031207,0.235279,-0.626025,0.547970,-1.096086,-103.869911,-27.510351,-50.112393,1.352505,-1.895300,0.255267,-0.458789,0.0400
1.329094,-3.031207,0.235279,-0.626025,0.547970,-1.096086,-103.869911,-27.510351,-50.112393,1.352505,-1.895300,0.255267,-0.458789,0.0400
1.329094,-3.031207,0.235279,-0.626025,0.547970,-1.096086,-103.869911,-27.510351,-50.112393,1.352505,-1.895300,0.255267,-0.458789,0.0400
1.329094,-3.031207,0.235279,-0.626025,0.547970,-1.096086,-103.869911,-27.510351,-50.112393,1.352505,-1.895300,0.255267,-0.458789,0.0400
1.329094,-3.031207,0.235279,-0.626025,0.547970,-1.096086,-103.869911,-27.510351,-50.112393,1.352505,-1.895300,0.255267,-0.458789,0.0400
1.329094,-3.031207,0.235279,-0.626025,0.547970,-1.096086,-103.869911,-27.510351,-50.112393,1.352505,-1.895300,0.255267,-0.458789,0.0400
1.329094,-3.031207,0.235279,-0.626025,0.547970,-1.096086,-103.869911,-27.510351,-50.112393,1.352505,-1.895300,0.255267,-0.458789,0.0400
1.329094,-3.031207,0.235279,-0.626025,0.547970,-1.096086,-103.869911,-27.510351,-50.112393,1.352505,-1.895300,0.255267,-0.458789,0.0400
1.329094,-3.031207,0.235279,-0.626025,0.547970,-1.096086,-103.869911,-27.510351,-50.112393,1.352505,-1.895300,0.255267,-0.458789,0.0400
1.329094,-3.031207,0.235279,-0.626025,0.547970,-1.096086,-103.869911,-27.510351,-50.112393,1.352505,-1.895300,0.255267,-0.458789,0.0400
1.329094,-3.031207,0.235279,-0.626025,0.547970,-1.096086,-103.869911,-27.510351,-50.112393,1.352505,-1.895300,0.255267,-0.458789,0.0400
1.329094,-3.031207,0.235279,-0.626025,0.547970,-1.096086,-103.869911,-27.510351,-50.112393,1.352505,-1.895300,0.255267,-0.458789,0.0400
1.329094,-3.031207,0.235279,-0.626025,0.547970,-1.096086,-103.869911,-27.510351,-50.112393,1.352505,-1.895300,0.255267,-0.458789,0.0400
1.329094,-3.031207,0.235279,-0.626025,0.547970,-1.096086,-103.869911,-27.510357,-50.112391,1.352505,-1.895300,0.255267,-0.458789,0.0400
1.329094,-3.031207,0.235279,-0.626025,0.547970,-1.096086,-103.869911,-27.510357,-50.112391,1.352505,-1.895300,0.255267,-0.458789,0.0400
1.329094,-3.031207,0.235279,-0.626025,0.547970,-1.096086,-103.869911,-27.510357,-50.112391,1.352505,-1.895300,0.255267,-0.458789,0.0400
1.329094,-3.031207,0.235279,-0.626025,0.547970,-1.096086,-103.869911,-27.510357,-50.112391,1.352505,-1.895300,0.255267,-0.458789,0.0400
1.329094,-3.031207,0.235279,-0.626025,0.547970,-1.096086,-103.869911,-27.510357,-50.112391,1.352505,-1.895300,0.255267,-0.458789,0.0400
1.329094,-3.031207,0.235279,-0.626025,0.547970,-1.096086,-103.869911,-27.510357,-50.112391,1.352505,-1.895300,0.255267,-0.458789,0.0400
1.329094,-3.031207,0.235279,-0.626025,0.547970,-1.096086,-103.869911,-27.510357,-50.112391,1.352505,-1.895300,0.255267,-0.458789,0.0400
1.329094,-3.031207,0.235279,-0.626025,0.547970,-1.096086,-103.869911,-27.510357,-50.112391,1.352505,-1.895300,0.255267,-0.458789,0.0400
1.329094,-3.031207,0.235279,-0.626025,0.547970,-1.096086,-103.869911,-27.510357,-50.112391,1.352505,-1.895300,0.255267,-0.458789,0.0400
1.329094,-3.031207,0.235279,-0.626025,0.547970,-1.096086,-103.869911,-27.510357,-50.112391,1.352505,-1.895300,0.255267,-0.458789,0.0400
0.189870,-2.357601,-0.138900,-0.000000,1.087675,2.052438,-105.021233,-27.510357,-50.112391,1.557277,-2.947100,-0.127268,0.032600,0.0410
0.189870,-2.357601,-0.138900,-0.000000,1.068653,2.024194,-105.027306,-27.510357,-50.112391,1.490861,-3.048398,-0.104695,0.075615,0.0410
0.189870,-2.357601,-0.138900,-0.000000,1.055176,1.994342,-105.034569,-27.510357,-50.112391,1.417405,-3.158964,-0.079999,0.122335,0.0400
0.189870,-2.357601,-0.138900,-0.000000,1.058229,1.990687,-105.034569,-27.510357,-50.112391,1.417405,-3.158964,-0.079999,0.122335,0.0410
0.189870,-2.357601,-0.138900,-0.000000,1.058229,1.990687,-105.034569,-27.510357,-50.112391,1.417405,-3.158964,-0.079999,0.122335,0.0400
0.189870,-2.357601,-0.138900,-0.000000,1.058229,1.990687,-105.034569,-27.510357,-50.112391,1.417405,-3.158964,-0.079999,0.122335,0.0400
0.189870,-2.357601,-0.138900,-0.000000,1.058229,1.990687,-105.034569,-27.510357,-50.112391,1.417405,-3.158964,-0.079999,0.122335,0.0400
0.189870,-2.357601,-0.138900,-0.000000,1.058229,1.990687,-105.034569,-27.510357,-50.112391,1.417405,-3.158964,-0.079999,0.122335,0.0400
0.189870,-2.357601,-0.138900,-0.000000,1.033368,1.946531,-105.078308,-27.510357,-50.112391,1.366674,-3.157879,-0.095197,0.084548,0.0420
0.189870,-2.357601,-0.138900,-0.000000,0.947504,1.787461,-105.083687,-27.510357,-50.112391,1.342775,-3.167966,-0.092457,0.088993,0.0610
0.189870,-2.020798,-0.000000,0.252078,0.932968,1.765230,-105.089409,-27.510356,-50.112390,1.323578,-3.168909,-0.071335,0.128578,0.0400
0.189870,-2.020798,-0.000000,0.252078,0.919506,1.744689,-105.094124,-27.510356,-50.112390,1.320109,-3.154136,-0.024345,0.215826,0.0400
0.189870,-2.020798,-0.000000,0.252078,0.918444,1.717052,-105.099426,-27.510356,-50.112390,1.313165,-3.136443,0.015925,0.289381,0.0400
0.189870,-2.020798,-0.000000,0.252078,0.893000,1.706681,-105.101730,-27.510356,-50.112390,1.302374,-3.117963,0.050375,0.353122,0.0400
0.189870,-2.020798,-0.000000,0.252078,0.893629,1.702891,-105.100937,-27.510356,-50.112390,1.299226,-3.113168,0.058584,0.367915,0.0400
0.189870,-2.020798,-0.000000,0.252078,0.893629,1.702891,-105.100937,-27.510356,-50.112390,1.299226,-3.113168,0.058584,0.367915,0.0400
0.189870,-2.020798,-0.000000,0.252078,0.893629,1.702891,-105.100937,-27.510356,-50.112390,1.299226,-3.113168,0.058584,0.367915,0.0400
0.189870,-2.020798,-0.000000,0.252078,0.893629,1.702891,-105.100937,-27.510356,-50.112390,1.299226,-3.113168,0.058584,0.367915,0.0400
0.189870,-2.020798,-0.000000,0.252078,0.893629,1.702891,-105.100937,-27.510356,-50.112390,1.299226,-3.113168,0.058584,0.367915,0.0400
0.189870,-2.020798,-0.000000,0.252078,0.893629,1.702891,-105.100937,-27.510356,-50.112390,1.299226,-3.113168,0.058584,0.367915,0.0400
0.189870,-2.020798,-0.000000,0.252078,0.893629,1.702891,-105.100937,-27.510356,-50.112390,1.299226,-3.113168,0.058584,0.367915,0.0400
0.189870,-2.020798,-0.000000,0.252078,0.893629,1.702891,-105.100937,-27.510356,-50.112390,1.299226,-3.113168,0.058584,0.367915,0.0400
0.189870,-2.020798,-0.000000,0.252078,0.893629,1.702891,-105.100937,-27.510356,-50.112390,1.299226,-3.113168,0.058584,0.367915,0.0400
0.189870,-2.020798,-0.000000,0.252078,0.893629,1.702891,-105.100937,-27.510356,-50.112390,1.299226,-3.113168,0.058584,0.367915,0.0400
0.189870,-2.020798,-0.000000,0.252078,0.893629,1.702891,-105.100937,-27.510356,-50.112390,1.299226,-3.113168,0.058584,0.367915,0.0400
0.189870,-2.020798,-0.000000,0.252078,0.893629,1.702891,-105.100937,-27.510356,-50.112390,1.299226,-3.113168,0.058584,0.367915,0.0400
0.189870,-2.020798,-0.000000,0.252078,0.878881,1.673137,-105.159210,-27.510356,-50.112390,1.319529,-2.907423,0.023826,0.298491,0.0400
0.189870,-2.020798,-0.000000,0.252078,0.690293,1.288420,-105.162819,-27.510356,-50.112390,1.299632,-2.906997,0.026864,0.304036,0.0580
0.189870,-2.020798,-0.000000,0.252078,0.675597,1.275465,-105.168152,-27.510356,-50.112390,1.284793,-2.899018,0.039761,0.328464,0.0400
0.189870,-2.020798,-0.000000,0.252078,0.664158,1.254222,-105.173813,-27.510356,-50.112390,1.280018,-2.886040,0.061505,0.368457,0.0400
0.189870,-2.020798,0.000000,0.000000,0.653910,1.194418,-105.178947,-27.510357,-50.112389,1.265236,-2.877715,0.068500,0.373242,0.0640
0.189870,-2.020798,0.000000,0.000000,0.624520,1.193317,-105.180054,-27.510357,-50.112389,1.252275,-2.892908,0.075723,0.316945,0.0400
0.189870,-2.020798,0.000000,0.000000,0.614926,1.158223,-105.185532,-27.510357,-50.112389,1.244966,-2.893642,0.089341,0.306902,0.0410
0.189870,-2.020798,0.000000,0.000000,0.595016,1.115058,-105.190033,-27.510357,-50.112389,1.233405,-2.897901,0.093885,0.279709,0.0540
0.189870,-2.020798,0.000000,0.000000,0.694498,1.286319,-105.137077,-27.510357,-50.112389,1.223708,-2.899808,0.100313,0.271003,0.0400
0.189870,-2.020798,0.000000,0.000000,0.808365,1.486709,-105.104950,-27.510357,-50.112389,1.222444,-2.899713,0.102935,0.273353,0.0400
0.189870,-2.020798,0.000000,0.000000,0.808365,1.486709,-105.104950,-27.510357,-50.112389,1.222444,-2.899713,0.102935,0.273353,0.0400
0.189870,-2.020798,0.000000,0.000000,0.808365,1.486709,-105.104950,-27.510357,-50.112389,1.222444,-2.899713,0.102935,0.273353,0.0400
0.189870,-2.020798,0.000000,0.000000,0.808365,1.486709,-105.104950,-27.510357,-50.112389,1.222444,-2.899713,0.102935,0.273353,0.0400
0.189870,-2.020798,0.000000,0.000000,0.808365,1.486709,-105.104950,-27.510357,-50.112389,1.222444,-2.899713,0.102935,0.273353,0.0400
0.189870,-2.020798,0.000000,0.000000,0.808365,1.486709,-105.104950,-27.510357,-50.112389,1.222444,-2.899713,0.102935,0.273353,0.0400
0.189870,-2.020798,0.000000,0.000000,0.808365,1.486709,-105.104950,-27.510357,-50.112389,1.222444,-2.899713,0.102935,0.273353,0.0400
0.189870,-2.020798,0.000000,0.000000,0.808365,1.486709,-105.104950,-27.510357,-50.112389,1.222444,-2.899713,0.102935,0.273353,0.0400
0.189870,-2.020798,0.000000,0.000000,0.808365,1.486709,-105.104950,-27.510357,-50.112389,1.222444,-2.899713,0.102935,0.273353,0.0400
0.189870,-2.020798,0.000000,0.000000,0.808365,1.486709,-105.104950,-27.510357,-50.112389,1.222444,-2.899713,0.102935,0.273353,0.0410
0.189870,-2.020798,0.000000,0.000000,0.808365,1.486709,-105.104950,-27.510357,-50.112389,1.222444,-2.899713,0.102935,0.273353,0.0400
0.189870,-2.020798,0.000000,0.000000,0.808365,1.486709,-105.104950,-27.510357,-50.112389,1.222444,-2.899713,0.102935,0.273353,0.0400
0.189870,-2.020798,0.000000,0.000000,0.808365,1.486709,-105.104950,-27.510357,-50.112389,1.222444,-2.899713,0.102935,0.273353,0.0400
0.189870,-2.020798,0.000000,0.000000,0.808365,1.486709,-105.104950,-27.510357,-50.112389,1.222444,-2.899713,0.102935,0.273353,0.0400
0.189870,-2.020798,0.000000,0.000000,0.808365,1.486709,-105.104950,-27.510357,-50.112389,1.222444,-2.899713,0.102935,0.273353,0.0400
0.189870,-2.020798,0.000000,0.000000,0.808365,1.486709,-105.104950,-27.510360,-50.112387,1.222444,-2.899713,0.102935,0.273353,0.0400
0.189870,-2.020798,0.000000,0.000000,0.808365,1.486709,-105.104950,-27.510360,-50.112387,1.222444,-2.899713,0.102935,0.273353,0.0400
0.189870,-2.020798,0.000000,0.000000,0.808365,1.486709,-105.104950,-27.510360,-50.112387,1.222444,-2.899713,0.102935,0.273353,0.0400
0.189870,-2.020798,0.000000,0.000000,0.808365,1.486709,-105.104950,-27.510360,-50.112387,1.222444,-2.899713,0.102935,0.273353,0.0400
0.189870,-2.020798,0.000000,0.000000,0.808365,1.486709,-105.104950,-27.510360,-50.112387,1.222444,-2.899713,0.102935,0.273353,0.0400
0.189870,-2.020798,0.000000,0.000000,0.808365,1.486709,-105.104950,-27.510360,-50.112387,1.222444,-2.899713,0.102935,0.273353,0.0400
0.189870,-2.020798,0.000000,0.000000,0.808365,1.486709,-105.104950,-27.510360,-50.112387,1.222444,-2.899713,0.102935,0.273353,0.0400
0.189870,-2.020798,0.000000,0.000000,0.808365,1.486709,-105.104950,-27.510360,-50.112387,1.222444,-2.899713,0.102935,0.273353,0.0400
0.189870,-2.020798,0.000000,0.000000,0.808365,1.486709,-105.104950,-27.510360,-50.112387,1.222444,-2.899713,0.102935,0.273353,0.0400
0.189870,-2.020798,0.000000,0.000000,0.808365,1.486709,-105.104950,-27.510360,-50.112387,1.222444,-2.899713,0.102935,0.273353,0.0400
0.189870,-2.020798,0.000000,0.000000,0.808365,1.486709,-105.104950,-27.510360,-50.112387,1.222444,-2.899713,0.102935,0.273353,0.0400
0.189870,-2.020798,0.000000,0.000000,0.808365,1.486709,-105.104950,-27.510360,-50.112387,1.222444,-2.899713,0.102935,0.273353,0.0400
0.189870,-2.020798,0.000000,0.000000,0.808365,1.486709,-105.104950,-27.510360,-50.112387,1.222444,-2.899713,0.102935,0.273353,0.0400
0.189870,-2.020798,0.000000,0.000000,0.808365,1.486709,-105.104950,-27.510360,-50.112387,1.222444,-2.899713,0.102935,0.273353,0.0590
0.189870,-2.020798,0.000000,0.000000,0.808365,1.486709,-105.104950,-27.510360,-50.112387,1.222444,-2.899713,0.102935,0.273353,0.0400
0.189870,-2.020798,0.000000,0.000000,0.808365,1.486709,-105.104950,-27.510360,-50.112387,1.222444,-2.899713,0.102935,0.273353,0.0400
0.189870,-2.020798,0.000000,0.000000,0.808365,1.486709,-105.104950,-27.510360,-50.112387,1.222444,-2.899713,0.102935,0.273353,0.0400
0.189870,-2.020798,0.000000,0.000000,0.808365,1.486709,-105.104950,-27.510360,-50.112387,1.222444,-2.899713,0.102935,0.273353,0.0400
0.189870,-2.020798,0.000000,0.000000,0.808365,1.486709,-105.104950,-27.510360,-50.112387,1.222444,-2.899713,0.102935,0.273353,0.0400
