0.000000,0.000000,0.000000,0.000000,0.001860,-0.000603,0.185843,-27.510318,-50.112244,0.000031,0.000012,0.1720
0.000000,0.000000,0.000000,0.000000,0.001839,0.001974,0.185915,-27.510318,-50.112244,0.000024,0.000010,0.0400
0.000000,0.000000,0.000000,0.000000,-0.001946,0.006086,0.185412,-27.510318,-50.112244,0.000020,0.000008,0.0400
0.000000,0.000000,0.000000,0.000000,-0.000145,0.000386,0.185778,-27.510318,-50.112244,0.000017,0.000008,0.0400
0.000000,0.000000,0.000000,0.000000,0.001546,0.000377,0.186048,-27.510318,-50.112244,0.000016,0.000007,0.0460
0.000000,0.000000,0.000000,0.000000,-0.000512,0.000123,0.187527,-27.510318,-50.112244,0.000014,0.000006,0.0400
0.000000,0.000000,0.000000,0.000000,0.001347,-0.001486,0.186417,-27.510318,-50.112244,0.000012,0.000005,0.0400
0.000000,0.000000,0.000000,0.000000,-0.000381,-0.000949,0.185886,-27.510318,-50.112244,0.000011,0.000005,0.0400
0.000000,0.000000,0.000000,0.000000,-0.001564,-0.001753,0.185245,-27.510318,-50.112244,0.000010,0.000004,0.0400
0.000000,0.000000,0.000000,0.000000,0.000779,0.000561,0.185032,-27.510318,-50.112244,0.000010,0.000004,0.0400
0.000000,0.000000,0.000000,0.000000,0.000214,-0.001990,0.185262,-27.510318,-50.112244,0.000010,0.000005,0.0400
0.000000,0.000000,0.000000,0.000000,0.000485,0.000079,0.186365,-27.510298,-50.112243,0.000011,0.000006,0.0400
0.000000,0.000000,0.000000,0.000000,-0.000004,0.000354,0.187336,-27.510298,-50.112243,0.000010,0.000006,0.0400
0.000000,0.000000,0.000000,0.000000,-0.001876,-0.000936,0.188943,-27.510298,-50.112243,0.000011,0.000006,0.0400
0.000000,0.000000,0.000000,0.000000,0.000135,0.000356,0.187761,-27.510298,-50.112243,0.000012,0.000006,0.0400
0.000000,0.000000,0.000000,0.000000,0.002596,0.000024,0.186998,-27.510298,-50.112243,0.000013,0.000006,0.0400
0.000000,0.000000,0.000000,0.000000,-0.001285,-0.003860,0.185954,-27.510298,-50.112243,0.000014,0.000006,0.0400
0.000000,0.000000,0.000000,0.000000,0.004630,-0.002275,0.185040,-27.510298,-50.112243,0.000015,0.000006,0.0400
0.000000,0.000000,0.000000,0.000000,-0.001950,0.002308,0.185125,-27.510298,-50.112243,0.000015,0.000006,0.0400
0.000000,0.000000,0.000000,0.000000,-0.002104,0.000353,0.185892,-27.510298,-50.112243,0.000015,0.000007,0.0400
0.000000,0.000000,0.000000,0.000000,0.002558,0.001107,0.186741,-27.510298,-50.112243,0.000014,0.000009,0.0400
0.000000,0.000000,0.000000,0.000000,0.000160,-0.000164,0.186961,-27.510298,-50.112243,0.000014,0.000010,0.0400
0.000000,0.000000,0.000000,0.000000,0.001665,0.000374,0.185868,-27.510298,-50.112243,0.000014,0.000012,0.0400
0.000000,0.000000,0.000000,0.000000,-0.000313,0.000353,0.185433,-27.510298,-50.112243,0.000014,0.000013,0.0400
0.000000,0.000000,0.000000,0.000000,0.002441,0.001511,0.185886,-27.510298,-50.112243,0.000015,0.000013,0.0400
0.000000,0.000000,0.000000,0.000000,0.001630,-0.001616,0.185160,-27.510298,-50.112243,0.000016,0.000015,0.0400
0.000000,0.000000,0.000000,0.000000,-0.001142,0.002293,0.185331,-27.510298,-50.112243,0.000017,0.000015,0.0400
0.000000,0.000000,0.000000,0.000000,-0.000190,-0.000180,0.185518,-27.510298,-50.112243,0.000017,0.000015,0.0460
0.379741,0.000000,0.581322,0.000000,-0.000711,-0.002956,0.185928,-27.510294,-50.112244,0.012271,0.000016,0.0400
0.379741,0.000000,0.581322,0.000000,-0.001625,-0.000305,0.185690,-27.510294,-50.112244,0.048753,0.000017,0.0400
0.379741,0.000000,0.581322,0.000000,0.000554,-0.000391,0.184298,-27.510294,-50.112244,0.087777,0.000018,0.0400
0.379741,0.000000,0.581322,0.000000,0.000042,-0.000045,0.183548,-27.510294,-50.112244,0.117406,0.000019,0.0400
0.379741,0.000000,0.581322,0.000000,-0.001018,0.000476,0.184104,-27.510294,-50.112244,0.143833,0.000020,0.0400
0.379741,0.000000,0.581322,0.000000,0.000887,0.001455,0.184859,-27.510294,-50.112244,0.178755,0.000022,0.0400
0.379741,0.000000,0.581322,0.000000,-0.000879,-0.001154,0.185132,-27.510294,-50.112244,0.207431,0.000023,0.0400
0.379741,0.000000,0.581322,0.000000,0.002630,0.002252,0.185969,-27.510294,-50.112244,0.235802,0.000024,0.0400
0.379741,0.000000,0.581322,0.000000,0.000847,-0.000359,0.186606,-27.510294,-50.112244,0.263873,0.000026,0.0400
0.379741,0.000000,0.581322,0.000000,-0.001431,-0.004463,0.186661,-27.510294,-50.112244,0.286229,0.000028,0.0400
0.379741,0.000000,0.581322,0.000000,-0.000561,-0.000631,0.186609,-27.510294,-50.112244,0.313775,0.000029,0.0400
0.379741,0.000000,0.581322,0.000000,0.000877,-0.000644,0.185634,-27.510294,-50.112244,0.351922,0.000030,0.0400
0.379741,0.000000,0.581322,0.000000,0.000703,0.002644,0.185275,-27.510294,-50.112244,0.381735,0.000030,0.0400
0.379741,0.000000,0.581322,0.000000,-0.000262,-0.000251,0.186350,-27.510294,-50.112244,0.408306,0.000031,0.0400
0.379741,0.000000,0.581322,0.000000,0.001052,0.000192,0.187518,-27.510294,-50.112244,0.432435,0.000032,0.0400
0.379741,0.000000,0.581322,0.000000,-0.006133,0.000898,0.186549,-27.510294,-50.112244,0.461405,0.000033,0.0400
0.379741,0.000000,0.581322,0.000000,-0.000037,-0.002478,0.187030,-27.510294,-50.112244,0.487185,0.000034,0.0400
0.379741,0.000000,0.581322,0.000000,0.000472,-0.000279,0.187970,-27.510294,-50.112244,0.510249,0.000035,0.0400
0.949353,0.336803,0.336548,0.198996,0.000073,-0.000782,0.188068,-27.510290,-50.112242,0.538773,0.004232,0.0400
0.949353,0.336803,0.336548,0.198996,-0.000387,-0.000141,0.187567,-27.510290,-50.112242,0.564740,0.018113,0.0400
0.949353,0.336803,0.336548,0.198996,-0.002527,-0.000547,0.188022,-27.510290,-50.112242,0.592434,0.033188,0.0400
0.949353,0.336803,0.336548,0.198996,0.006736,-0.009401,0.188984,-27.510290,-50.112242,0.618954,0.048019,0.0400
0.949353,0.336803,0.336548,0.198996,-0.000126,0.000012,0.189644,-27.510290,-50.112242,0.642879,0.061364,0.0400
0.949353,0.336803,0.336548,0.198996,0.000095,-0.000347,0.189973,-27.510290,-50.112242,0.666233,0.074547,0.0400
0.949353,0.336803,0.336548,0.198996,-0.000041,-0.000349,0.189601,-27.510290,-50.112242,0.689051,0.087572,0.0400
0.949353,0.336803,0.336548,0.198996,-0.000479,-0.000827,0.188605,-27.510290,-50.112242,0.713873,0.101781,0.0400
0.949353,0.336803,0.336548,0.198996,-0.001095,0.000843,0.189265,-27.510290,-50.112242,0.735647,0.114480,0.0400
0.949353,0.336803,0.336548,0.198996,0.001487,0.000534,0.190602,-27.510290,-50.112242,0.759379,0.128347,0.0560
0.949353,0.336803,0.336548,0.198996,-0.001335,-0.002617,0.190801,-27.510290,-50.112242,0.782210,0.141937,0.0400
0.949353,0.336803,0.336548,0.198996,-0.000036,-0.000157,0.190195,-27.510290,-50.112242,0.800663,0.152958,0.0400
0.949353,0.336803,0.336548,0.198996,-0.000944,-0.000545,0.191518,-27.510290,-50.112242,0.822257,0.166101,0.0400
0.949353,0.336803,0.336548,0.198996,0.002777,-0.001498,0.192495,-27.510290,-50.112242,0.843791,0.179178,0.0400
0.949353,0.336803,0.336548,0.198996,-0.001772,0.002555,0.192569,-27.510290,-50.112242,0.863075,0.190939,0.0400
0.949353,0.336803,0.336548,0.198996,0.000727,-0.001735,0.193223,-27.510290,-50.112242,0.882030,0.202561,0.0400
0.949353,0.336803,0.336548,0.198996,-0.000084,0.000050,0.192476,-27.510290,-50.112242,0.900309,0.213912,0.0400
0.949353,0.336803,0.336548,0.198996,0.001644,-0.002103,0.193118,-27.510290,-50.112242,0.918655,0.225261,0.0400
0.949353,0.336803,0.336548,0.198996,-0.001975,0.001143,0.193111,-27.510290,-50.112242,0.937073,0.236621,0.0400
0.949353,0.000000,0.000000,-0.272656,0.000214,0.000405,0.193710,-27.510291,-50.112243,0.946524,0.234664,0.0400
0.949353,0.000000,0.000000,-0.272656,0.000092,-0.000071,0.195282,-27.510291,-50.112243,0.950610,0.220167,0.0400
0.949353,0.000000,0.000000,-0.272656,0.001325,-0.000771,0.197246,-27.510291,-50.112243,0.954283,0.205522,0.0400
0.949353,0.000000,0.000000,-0.272656,-0.000368,-0.000648,0.196935,-27.510291,-50.112243,0.957093,0.192067,0.0400
0.949353,0.000000,0.000000,-0.272656,0.002554,-0.001541,0.196916,-27.510291,-50.112243,0.959646,0.178568,0.0400
0.949353,0.000000,0.000000,-0.272656,-0.000335,0.000198,0.197139,-27.510291,-50.112243,0.962139,0.163683,0.0400
0.949353,0.000000,0.000000,-0.272656,0.000855,-0.000734,0.196441,-27.510291,-50.112243,0.964455,0.150131,0.0400
0.949353,0.000000,0.000000,-0.272656,-0.003389,0.000201,0.196316,-27.510291,-50.112243,0.966473,0.135217,0.0400
0.949353,0.000000,0.000000,-0.272656,-0.000061,-0.000256,0.196128,-27.510291,-50.112243,0.967966,0.121711,0.0490
0.949353,0.000000,0.000000,-0.272656,0.000662,0.004415,0.195926,-27.510291,-50.112243,0.969507,0.108193,0.0400
0.949353,0.000000,0.000000,-0.272656,0.003087,-0.000617,0.195124,-27.510291,-50.112243,0.970801,0.096035,0.0400
0.949353,0.000000,0.000000,-0.272656,-0.001448,-0.003257,0.194843,-27.510291,-50.112243,0.972141,0.083813,0.0400
0.949353,0.000000,0.000000,-0.272656,-0.000560,-0.002844,0.195172,-27.510291,-50.112243,0.973278,0.070368,0.0400
0.949353,0.000000,0.000000,-0.272656,0.000510,-0.000682,0.195741,-27.510291,-50.112243,0.974300,0.056968,0.0400
0.949353,0.000000,0.000000,-0.272656,0.000160,0.000338,0.196530,-27.510291,-50.112243,0.975464,0.040883,0.0400
0.949353,0.000000,0.000000,-0.272656,-0.000351,-0.000702,0.197969,-27.510291,-50.112243,0.976257,0.027595,0.0400
0.949353,0.000000,0.000000,-0.272656,0.001480,-0.001251,0.199414,-27.510291,-50.112243,0.977232,0.012795,0.0400
0.949353,0.000000,0.000000,-0.272656,-0.001615,-0.000712,0.201554,-27.510291,-50.112243,0.977836,-0.000376,0.0560
0.949353,0.000000,0.000000,-0.272656,0.000419,0.000137,0.201637,-27.510291,-50.112243,0.978399,-0.014754,0.0400
0.569612,-0.000000,-0.128611,-0.000000,-0.002622,-0.001167,0.201023,-27.510293,-50.112243,0.968144,-0.015931,0.0400
0.569612,-0.000000,-0.128611,-0.000000,-0.000859,-0.000929,0.202386,-27.510293,-50.112243,0.957977,-0.017124,0.0400
0.569612,-0.000000,-0.128611,-0.000000,0.003605,0.001172,0.203589,-27.510293,-50.112243,0.949636,-0.017945,0.0400
0.569612,-0.000000,-0.128611,-0.000000,0.000052,0.000481,0.205037,-27.510293,-50.112243,0.940381,-0.018744,0.0400
0.569612,-0.000000,-0.128611,-0.000000,-0.000508,0.000224,0.205738,-27.510293,-50.112243,0.931189,-0.019576,0.0400
0.569612,-0.000000,-0.128611,-0.000000,-0.000273,-0.000031,0.206119,-27.510293,-50.112243,0.922916,-0.020176,0.0400
0.569612,-0.000000,-0.128611,-0.000000,0.002405,-0.001294,0.205095,-27.510293,-50.112243,0.913769,-0.020852,0.0400
0.569612,-0.000000,-0.128611,-0.000000,0.001006,0.001949,0.205113,-27.510293,-50.112243,0.905559,-0.021332,0.0400
0.569612,-0.000000,-0.128611,-0.000000,0.000890,-0.002065,0.205182,-27.510293,-50.112243,0.894668,-0.021926,0.0400
0.569612,-0.000000,-0.128611,-0.000000,0.001534,0.002369,0.205263,-27.510293,-50.112243,0.885649,-0.022320,0.0400
0.569612,-0.000000,-0.128611,-0.000000,-0.000008,-0.000180,0.206236,-27.510293,-50.112243,0.876664,-0.022741,0.0400
0.569612,-0.000000,-0.128611,-0.000000,0.000328,-0.002296,0.206885,-27.510293,-50.112243,0.866871,-0.023055,0.0400
0.569612,-0.000000,-0.128611,-0.000000,0.001015,0.000025,0.207577,-27.510293,-50.112243,0.857153,-0.023324,0.0400
0.569612,-0.000000,-0.128611,-0.000000,-0.000126,0.000311,0.207721,-27.510293,-50.112243,0.847513,-0.023552,0.0400
0.569612,-0.000000,-0.128611,-0.000000,0.002072,-0.000726,0.208016,-27.510293,-50.112243,0.837900,-0.023799,0.0400
0.569612,-0.000000,-0.128611,-0.000000,0.001199,-0.000341,0.208020,-27.510293,-50.112243,0.829259,-0.023950,0.0400
0.569612,-0.000000,-0.128611,-0.000000,-0.000453,-0.000211,0.208317,-27.510293,-50.112243,0.819841,-0.024076,0.0400
0.569612,-0.000000,-0.128611,-0.000000,-0.000042,-0.002350,0.209607,-27.510293,-50.112243,0.810436,-0.024219,0.0400
1.139224,-0.000000,0.365256,0.000000,0.001203,0.003134,0.210430,-27.510287,-50.112245,0.818491,-0.024291,0.0400
1.139224,-0.000000,0.365256,0.000000,0.000523,-0.000242,0.211892,-27.510287,-50.112245,0.841384,-0.024336,0.0400
1.139224,-0.000000,0.365256,0.000000,0.000703,0.000441,0.211900,-27.510287,-50.112245,0.860444,-0.024368,0.0400
1.139224,-0.000000,0.365256,0.000000,0.000214,0.000342,0.210749,-27.510287,-50.112245,0.879494,-0.024383,0.0400
1.139224,-0.000000,0.365256,0.000000,0.000059,-0.001292,0.210352,-27.510287,-50.112245,0.900469,-0.024407,0.0400
1.139224,-0.000000,0.365256,0.000000,0.000619,0.000008,0.209889,-27.510287,-50.112245,0.921365,-0.024383,0.0400
1.139224,-0.000000,0.365256,0.000000,0.001166,0.002162,0.209674,-27.510287,-50.112245,0.946051,-0.024352,0.0400
1.139224,-0.000000,0.365256,0.000000,-0.002553,-0.001643,0.210548,-27.510287,-50.112245,0.970795,-0.024325,0.0690
1.139224,-0.000000,0.365256,0.000000,0.001193,0.002821,0.212541,-27.510287,-50.112245,0.991505,-0.024256,0.0400
1.139224,-0.000000,0.365256,0.000000,0.001761,-0.003294,0.213654,-27.510287,-50.112245,1.010287,-0.024187,0.0400
1.139224,-0.000000,0.365256,0.000000,-0.002026,-0.001070,0.214396,-27.510287,-50.112245,1.030833,-0.024100,0.0400
1.139224,-0.000000,0.365256,0.000000,-0.001528,-0.002134,0.215176,-27.510287,-50.112245,1.049647,-0.024035,0.0400
1.139224,-0.000000,0.365256,0.000000,0.003478,-0.001219,0.215676,-27.510287,-50.112245,1.068213,-0.023945,0.0400
1.139224,-0.000000,0.365256,0.000000,-0.000106,0.002290,0.216717,-27.510287,-50.112245,1.086699,-0.023850,0.0400
1.139224,-0.000000,0.365256,0.000000,-0.002108,0.001834,0.216839,-27.510287,-50.112245,1.105319,-0.023765,0.0400
1.139224,-0.000000,0.365256,0.000000,-0.001645,0.001948,0.216434,-27.510287,-50.112245,1.121637,-0.023659,0.0400
1.139224,-0.000000,0.365256,0.000000,0.000880,-0.002926,0.216722,-27.510287,-50.112245,1.140113,-0.023564,0.0400
1.139224,-0.000000,0.365256,0.000000,-0.000995,0.001912,0.217715,-27.510287,-50.112245,1.158031,-0.023439,0.0400
1.329094,-0.336803,0.174318,-0.309216,0.000752,0.003310,0.218190,-27.510286,-50.112247,1.172985,-0.035142,0.0400
1.329094,-0.336803,0.174318,-0.309216,0.000694,0.002922,0.217692,-27.510286,-50.112247,1.184633,-0.053553,0.0400
1.329094,-0.336803,0.174318,-0.309216,0.001826,0.000471,0.217660,-27.510286,-50.112247,1.196139,-0.071916,0.0400
1.329094,-0.336803,0.174318,-0.309216,0.000655,0.002999,0.217768,-27.510286,-50.112247,1.207739,-0.090308,0.0400
1.329094,-0.336803,0.174318,-0.309216,0.000121,0.000071,0.218104,-27.510286,-50.112247,1.219947,-0.110214,0.0400
1.329094,-0.336803,0.174318,-0.309216,-0.000259,0.000819,0.218097,-27.510286,-50.112247,1.230083,-0.126774,0.0400
1.329094,-0.336803,0.174318,-0.309216,-0.000474,-0.001151,0.217736,-27.510286,-50.112247,1.241289,-0.145031,0.0400
1.329094,-0.336803,0.174318,-0.309216,0.000970,-0.000199,0.217959,-27.510286,-50.112247,1.250052,-0.159731,0.0400
1.329094,-0.336803,0.174318,-0.309216,0.002793,-0.002004,0.217294,-27.510286,-50.112247,1.259892,-0.176120,0.0400
1.329094,-0.336803,0.174318,-0.309216,0.001316,-0.000234,0.216704,-27.510286,-50.112247,1.269851,-0.192607,0.0400
1.329094,-0.336803,0.174318,-0.309216,0.003477,0.000499,0.218406,-27.510286,-50.112247,1.278379,-0.207118,0.0400
1.329094,-0.336803,0.174318,-0.309216,0.000280,-0.002076,0.219773,-27.510286,-50.112247,1.289078,-0.225080,0.0540
1.329094,-0.336803,0.174318,-0.309216,0.001119,0.001448,0.219534,-27.510286,-50.112247,1.298565,-0.241212,0.0400
1.329094,-0.336803,0.174318,-0.309216,0.000870,-0.001321,0.219259,-27.510286,-50.112247,1.308865,-0.258835,0.0400
1.329094,-0.336803,0.174318,-0.309216,0.003594,0.005746,0.219065,-27.510286,-50.112247,1.319072,-0.276366,0.0400
1.329094,-0.336803,0.174318,-0.309216,0.000072,0.000127,0.219394,-27.510286,-50.112247,1.328307,-0.292261,0.0400
1.329094,-0.336803,0.174318,-0.309216,0.000434,-0.001851,0.218931,-27.510286,-50.112247,1.337468,-0.308081,0.0400
1.329094,-0.336803,0.174318,-0.309216,0.001583,-0.000389,0.218593,-27.510286,-50.112247,1.346557,-0.323827,0.0400
1.518965,-0.336803,0.329244,0.000000,0.000254,-0.000164,0.217745,-27.510284,-50.112248,1.357283,-0.336611,0.0400
1.518965,-0.336803,0.329244,0.000000,0.000543,0.000130,0.217613,-27.510284,-50.112248,1.374766,-0.337770,0.0400
1.518965,-0.336803,0.329244,0.000000,0.003084,-0.000615,0.217864,-27.510284,-50.112248,1.392171,-0.338840,0.0400
1.518965,-0.336803,0.329244,0.000000,-0.002621,0.001806,0.217133,-27.510284,-50.112248,1.409497,-0.339828,0.0400
1.518965,-0.336803,0.329244,0.000000,0.000063,0.000849,0.217336,-27.510284,-50.112248,1.426742,-0.340738,0.0400
1.518965,-0.336803,0.329244,0.000000,-0.003301,0.000988,0.217719,-27.510284,-50.112248,1.445807,-0.341784,0.0400
1.518965,-0.336803,0.329244,0.000000,-0.001805,-0.000248,0.216910,-27.510284,-50.112248,1.464782,-0.342731,0.0400
1.518965,-0.336803,0.329244,0.000000,-0.002062,0.000231,0.215270,-27.510284,-50.112248,1.479880,-0.343237,0.0400
1.518965,-0.336803,0.329244,0.000000,0.002038,-0.000495,0.213992,-27.510284,-50.112248,1.498680,-0.344043,0.0400
1.518965,-0.336803,0.329244,0.000000,0.003178,0.000028,0.214156,-27.510284,-50.112248,1.513620,-0.344468,0.0400
1.518965,-0.336803,0.329244,0.000000,0.001422,-0.003368,0.214775,-27.510284,-50.112248,1.531983,-0.345039,0.0400
1.518965,-0.336803,0.329244,0.000000,0.000855,0.001153,0.215938,-27.510284,-50.112248,1.548637,-0.345533,0.0400
1.518965,-0.336803,0.329244,0.000000,-0.004519,-0.002995,0.216504,-27.510284,-50.112248,1.565207,-0.345986,0.0400
1.518965,-0.336803,0.329244,0.000000,0.000676,0.000238,0.217442,-27.510284,-50.112248,1.594931,-0.346741,0.0920
1.518965,-0.336803,0.329244,0.000000,-0.001255,0.002458,0.219285,-27.510284,-50.112248,1.609694,-0.347074,0.0400
1.518965,-0.336803,0.329244,0.000000,-0.002105,-0.001341,0.220696,-27.510284,-50.112248,1.627522,-0.347411,0.0400
1.518965,-0.336803,0.329244,0.000000,0.000096,-0.002357,0.221869,-27.510284,-50.112248,1.643693,-0.347702,0.0400
1.518965,-0.336803,0.329244,0.000000,0.001373,-0.001471,0.223132,-27.510284,-50.112248,1.660072,-0.348033,0.0400
1.518965,-0.336803,0.000000,0.000000,-0.000378,0.002998,0.223081,-27.510285,-50.112249,1.676067,-0.348279,0.0400
1.518965,-0.336803,0.000000,0.000000,0.000093,0.000233,0.222094,-27.510285,-50.112249,1.676410,-0.348499,0.0400
1.518965,-0.336803,0.000000,0.000000,0.002647,0.000771,0.221940,-27.510285,-50.112249,1.676654,-0.348697,0.0400
1.518965,-0.336803,0.000000,0.000000,-0.001353,0.000546,0.222717,-27.510285,-50.112249,1.676838,-0.348867,0.0400
1.518965,-0.336803,0.000000,0.000000,-0.000856,-0.000190,0.222520,-27.510285,-50.112249,1.676947,-0.349019,0.0400
1.518965,-0.336803,0.000000,0.000000,-0.000453,-0.001203,0.222029,-27.510285,-50.112249,1.677107,-0.349206,0.0400
1.518965,-0.336803,0.000000,0.000000,-0.002327,-0.000425,0.222106,-27.510285,-50.112249,1.677250,-0.349363,0.0400
1.518965,-0.336803,0.000000,0.000000,0.003007,0.000932,0.222443,-27.510285,-50.112249,1.677184,-0.349462,0.0400
1.518965,-0.336803,0.000000,0.000000,0.002600,-0.002094,0.222396,-27.510285,-50.112249,1.677133,-0.349587,0.0400
1.518965,-0.336803,0.000000,0.000000,0.002034,0.000700,0.223458,-27.510285,-50.112249,1.676950,-0.349694,0.0400
1.518965,-0.336803,0.000000,0.000000,-0.001255,0.000138,0.224108,-27.510285,-50.112249,1.676810,-0.349785,0.0400
1.518965,-0.336803,0.000000,0.000000,0.001221,-0.001653,0.224037,-27.510285,-50.112249,1.676483,-0.349834,0.0400
1.518965,-0.336803,0.000000,0.000000,-0.000909,-0.001391,0.223722,-27.510285,-50.112249,1.676182,-0.349900,0.0400
1.518965,-0.336803,0.000000,0.000000,0.001678,0.000467,0.224406,-27.510285,-50.112249,1.675782,-0.349931,0.0400
1.518965,-0.336803,0.000000,0.000000,-0.000317,0.002286,0.224669,-27.510285,-50.112249,1.675461,-0.349978,0.0400
1.518965,-0.336803,0.000000,0.000000,0.000188,0.002213,0.224417,-27.510285,-50.112249,1.674934,-0.349992,0.0400
1.518965,-0.336803,0.000000,0.000000,0.000713,0.000095,0.223306,-27.510285,-50.112249,1.674520,-0.350005,0.0400
1.518965,-0.336803,0.000000,0.000000,-0.002318,0.000018,0.221631,-27.510285,-50.112249,1.674019,-0.350011,0.0400
1.518965,-0.336803,0.000000,0.000000,0.000431,-0.001432,0.220274,-27.510285,-50.112249,1.673512,-0.350025,0.0400
1.139224,-0.336803,-0.072022,-0.000000,0.000442,0.002517,0.219886,-27.510288,-50.112249,1.667963,-0.350031,0.0400
1.139224,-0.336803,-0.072022,-0.000000,0.000018,0.000600,0.220091,-27.510288,-50.112249,1.660610,-0.350011,0.0400
1.139224,-0.336803,-0.072022,-0.000000,-0.001083,0.000717,0.220542,-27.510288,-50.112249,1.655136,-0.350001,0.0400
1.139224,-0.336803,-0.072022,-0.000000,-0.001793,0.001688,0.222378,-27.510288,-50.112249,1.649053,-0.349983,0.0400
1.139224,-0.336803,-0.072022,-0.000000,0.001207,0.002119,0.223846,-27.510288,-50.112249,1.642983,-0.349961,0.0400
1.139224,-0.336803,-0.072022,-0.000000,-0.000056,-0.003273,0.224056,-27.510288,-50.112249,1.636319,-0.349932,0.0400
1.139224,-0.336803,-0.072022,-0.000000,0.000624,0.001021,0.224234,-27.510288,-50.112249,1.630892,-0.349910,0.0500
1.139224,-0.336803,-0.072022,-0.000000,-0.000271,-0.000043,0.224253,-27.510288,-50.112249,1.625494,-0.349895,0.0400
1.139224,-0.336803,-0.072022,-0.000000,-0.002311,0.000523,0.225206,-27.510288,-50.112249,1.619487,-0.349862,0.0400
1.139224,-0.336803,-0.072022,-0.000000,-0.000254,0.000877,0.226183,-27.510288,-50.112249,1.612903,-0.349822,0.0400
1.139224,-0.336803,-0.072022,-0.000000,0.000808,0.000012,0.225942,-27.510288,-50.112249,1.607537,-0.349783,0.0400
1.139224,-0.336803,-0.072022,-0.000000,-0.000269,0.000258,0.224910,-27.510288,-50.112249,1.601004,-0.349748,0.0520
1.139224,-0.336803,-0.072022,-0.000000,-0.000289,0.000565,0.224367,-27.510288,-50.112249,1.595090,-0.349708,0.0400
1.139224,-0.336803,-0.072022,-0.000000,-0.000531,-0.001650,0.223946,-27.510288,-50.112249,1.588032,-0.349656,0.0400
1.139224,-0.336803,-0.072022,-0.000000,0.000417,0.003415,0.223358,-27.510288,-50.112249,1.582156,-0.349620,0.0400
1.139224,-0.336803,-0.072022,-0.000000,-0.000601,0.000572,0.223216,-27.510288,-50.112249,1.576321,-0.349576,0.0400
1.139224,-0.336803,-0.072022,-0.000000,-0.000098,0.000070,0.222810,-27.510288,-50.112249,1.570512,-0.349531,0.0400
1.139224,-0.336803,-0.072022,-0.000000,0.001339,-0.000388,0.221990,-27.510288,-50.112249,1.564159,-0.349480,0.0400
1.139224,-0.336803,-0.072022,-0.000000,-0.001247,-0.001740,0.222911,-27.510288,-50.112249,1.558376,-0.349438,0.0400
1.518965,-0.673606,0.153950,-0.136543,-0.000163,0.002658,0.223761,-27.510284,-50.112251,1.565469,-0.357684,0.0400
1.518965,-0.673606,0.153950,-0.136543,0.000165,0.001632,0.223670,-27.510284,-50.112251,1.573996,-0.367549,0.0400
1.518965,-0.673606,0.153950,-0.136543,-0.000778,-0.000406,0.223598,-27.510284,-50.112251,1.581814,-0.376568,0.0400
1.518965,-0.673606,0.153950,-0.136543,0.000955,-0.000240,0.223889,-27.510284,-50.112251,1.589651,-0.385599,0.0400
1.518965,-0.673606,0.153950,-0.136543,0.001297,0.001484,0.224179,-27.510284,-50.112251,1.596041,-0.392913,0.0400
1.518965,-0.673606,0.153950,-0.136543,0.001349,-0.001465,0.224061,-27.510284,-50.112251,1.603896,-0.401907,0.0400
1.518965,-0.673606,0.153950,-0.136543,-0.002261,0.002025,0.223158,-27.510284,-50.112251,1.611017,-0.410026,0.0400
1.518965,-0.673606,0.153950,-0.136543,0.000189,-0.000792,0.221935,-27.510284,-50.112251,1.618835,-0.418916,0.0400
1.518965,-0.673606,0.153950,-0.136543,-0.000291,-0.000128,0.222121,-27.510284,-50.112251,1.626644,-0.427773,0.0400
1.518965,-0.673606,0.153950,-0.136543,0.000781,0.001290,0.223182,-27.510284,-50.112251,1.633744,-0.435809,0.0400
1.518965,-0.673606,0.153950,-0.136543,0.000046,0.001188,0.224951,-27.510284,-50.112251,1.640767,-0.443741,0.0400
1.518965,-0.673606,0.153950,-0.136543,-0.000003,0.000080,0.225202,-27.510284,-50.112251,1.647844,-0.451719,0.0400
1.518965,-0.673606,0.153950,-0.136543,-0.003028,-0.000737,0.226134,-27.510284,-50.112251,1.656371,-0.461307,0.0400
1.518965,-0.673606,0.153950,-0.136543,-0.000090,0.000217,0.227748,-27.510284,-50.112251,1.664114,-0.469997,0.0400
1.518965,-0.673606,0.153950,-0.136543,-0.002591,0.000900,0.228918,-27.510284,-50.112251,1.671245,-0.477975,0.0400
1.518965,-0.673606,0.153950,-0.136543,-0.003010,-0.000480,0.229669,-27.510284,-50.112251,1.678275,-0.485833,0.0400
1.518965,-0.673606,0.153950,-0.136543,0.001537,-0.001615,0.228991,-27.510284,-50.112251,1.685289,-0.493661,0.0400
1.518965,-0.673606,0.153950,-0.136543,-0.000793,0.000484,0.227746,-27.510284,-50.112251,1.692287,-0.501458,0.0400
1.708835,-0.673606,0.200633,0.000000,-0.000217,0.000920,0.227201,-27.510283,-50.112253,1.703881,-0.504234,0.0400
1.708835,-0.673606,0.200633,0.000000,-0.000465,-0.000706,0.226489,-27.510283,-50.112253,1.713991,-0.505362,0.0400
1.708835,-0.673606,0.200633,0.000000,0.001254,-0.001792,0.226148,-27.510283,-50.112253,1.725057,-0.506551,0.0400
1.708835,-0.673606,0.200633,0.000000,-0.002528,0.001574,0.226392,-27.510283,-50.112253,1.735111,-0.507617,0.0400
1.708835,-0.673606,0.200633,0.000000,-0.002014,0.000573,0.226351,-27.510283,-50.112253,1.743186,-0.508480,0.0400
1.708835,-0.673606,0.200633,0.000000,0.002057,-0.001690,0.226322,-27.510283,-50.112253,1.754162,-0.509584,0.0400
1.708835,-0.673606,0.200633,0.000000,0.011158,0.001271,0.226872,-27.510283,-50.112253,1.766208,-0.510807,0.0400
1.708835,-0.673606,0.200633,0.000000,0.001389,0.000340,0.228472,-27.510283,-50.112253,1.775039,-0.511627,0.0400
1.708835,-0.673606,0.200633,0.000000,0.002252,-0.000398,0.230324,-27.510283,-50.112253,1.786055,-0.512708,0.0400
1.708835,-0.673606,0.200633,0.000000,0.000101,-0.000710,0.230715,-27.510283,-50.112253,1.795779,-0.513577,0.0540
1.708835,-0.673606,0.200633,0.000000,0.000927,-0.001374,0.231771,-27.510283,-50.112253,1.805777,-0.514528,0.0400
1.708835,-0.673606,0.200633,0.000000,-0.000862,0.003344,0.231983,-27.510283,-50.112253,1.815590,-0.515410,0.0400
1.708835,-0.673606,0.200633,0.000000,-0.000067,0.000082,0.232755,-27.510283,-50.112253,1.826315,-0.516352,0.0400
1.708835,-0.673606,0.200633,0.000000,0.000282,0.000609,0.232705,-27.510283,-50.112253,1.836835,-0.517237,0.0400
1.708835,-0.673606,0.200633,0.000000,0.000752,0.000944,0.233262,-27.510283,-50.112253,1.847311,-0.518110,0.0400
1.708835,-0.673606,0.200633,0.000000,0.001956,-0.000733,0.233271,-27.510283,-50.112253,1.856980,-0.518929,0.0400
1.708835,-0.673606,0.200633,0.000000,-0.000846,-0.003614,0.233736,-27.510283,-50.112253,1.866787,-0.519763,0.0400
1.708835,-0.673606,0.200633,0.000000,-0.000416,-0.000020,0.234019,-27.510283,-50.112253,1.877317,-0.520624,0.0400
1.518965,-1.347212,-0.099094,-0.351557,-0.000792,-0.000049,0.235857,-27.510284,-50.112260,1.879513,-0.533542,0.0400
1.518965,-1.347212,-0.099094,-0.351557,-0.000935,0.002895,0.235318,-27.510284,-50.112260,1.873686,-0.554293,0.0400
1.518965,-1.347212,-0.099094,-0.351557,0.001512,-0.001784,0.235970,-27.510284,-50.112260,1.866601,-0.579122,0.0400
1.518965,-1.347212,-0.099094,-0.351557,-0.001112,-0.000492,0.235735,-27.510284,-50.112260,1.860716,-0.599797,0.0400
1.518965,-1.347212,-0.099094,-0.351557,-0.001464,0.001074,0.234898,-27.510284,-50.112260,1.854808,-0.620435,0.0400
1.518965,-1.347212,-0.099094,-0.351557,-0.000593,0.001331,0.233310,-27.510284,-50.112260,1.848269,-0.643063,0.0400
1.518965,-1.347212,-0.099094,-0.351557,-0.000496,0.000204,0.232483,-27.510284,-50.112260,1.842398,-0.663758,0.0400
1.518965,-1.347212,-0.099094,-0.351557,-0.000121,0.000063,0.231605,-27.510284,-50.112260,1.836370,-0.684108,0.0400
1.518965,-1.347212,-0.099094,-0.351557,0.000843,-0.000289,0.232106,-27.510284,-50.112260,1.830403,-0.704557,0.0400
1.518965,-1.347212,-0.099094,-0.351557,-0.002402,-0.001383,0.232275,-27.510284,-50.112260,1.824995,-0.722769,0.0400
1.518965,-1.347212,-0.099094,-0.351557,0.000521,-0.001857,0.232052,-27.510284,-50.112260,1.819024,-0.743108,0.0400
1.518965,-1.347212,-0.099094,-0.351557,0.001525,-0.001579,0.232401,-27.510284,-50.112260,1.812470,-0.765583,0.0400
1.518965,-1.347212,-0.099094,-0.351557,-0.002295,0.001680,0.230404,-27.510284,-50.112260,1.805286,-0.789762,0.0400
1.518965,-1.347212,-0.099094,-0.351557,0.000790,0.000191,0.229644,-27.510284,-50.112260,1.798709,-0.811881,0.0400
1.518965,-1.347212,-0.099094,-0.351557,-0.000241,0.000329,0.230335,-27.510284,-50.112260,1.792140,-0.833921,0.0400
1.518965,-1.347212,-0.099094,-0.351557,-0.001741,-0.002441,0.231695,-27.510284,-50.112260,1.785570,-0.856127,0.0400
1.518965,-1.347212,-0.099094,-0.351557,0.000610,-0.001695,0.232565,-27.510284,-50.112260,1.779606,-0.876074,0.0400
1.518965,-1.347212,-0.099094,-0.351557,0.007106,-0.004710,0.234165,-27.510284,-50.112260,1.773650,-0.895956,0.0400
1.139224,-1.684015,-0.146253,-0.129715,-0.000116,0.000313,0.236029,-27.510289,-50.112263,1.767290,-0.915095,0.0400
1.139224,-1.684015,-0.146253,-0.129715,-0.001403,0.001280,0.235898,-27.510289,-50.112263,1.756540,-0.926153,0.0400
1.139224,-1.684015,-0.146253,-0.129715,0.002140,-0.000946,0.235264,-27.510289,-50.112263,1.746805,-0.936161,0.0400
1.139224,-1.684015,-0.146253,-0.129715,-0.002369,-0.001571,0.235258,-27.510289,-50.112263,1.736094,-0.947311,0.0400
1.139224,-1.684015,-0.146253,-0.129715,-0.000176,0.000195,0.236000,-27.510289,-50.112263,1.727333,-0.956450,0.0470
1.139224,-1.684015,-0.146253,-0.129715,0.000490,0.001255,0.237592,-27.510289,-50.112263,1.717634,-0.966481,0.0400
1.139224,-1.684015,-0.146253,-0.129715,0.002033,0.000200,0.239535,-27.510289,-50.112263,1.706943,-0.977606,0.0400
1.139224,-1.684015,-0.146253,-0.129715,-0.001087,0.002074,0.239516,-27.510289,-50.112263,1.697297,-0.987484,0.0520
1.139224,-1.684015,-0.146253,-0.129715,0.000722,-0.001004,0.240553,-27.510289,-50.112263,1.687757,-0.997087,0.0400
1.139224,-1.684015,-0.146253,-0.129715,-0.002470,-0.002067,0.242470,-27.510289,-50.112263,1.676293,-1.008698,0.0400
1.139224,-1.684015,-0.146253,-0.129715,0.000115,0.002356,0.243178,-27.510289,-50.112263,1.665812,-1.019298,0.0400
1.139224,-1.684015,-0.146253,-0.129715,-0.000936,0.000274,0.242957,-27.510289,-50.112263,1.656300,-1.028905,0.0400
1.139224,-1.684015,-0.146253,-0.129715,0.000418,-0.001668,0.244385,-27.510289,-50.112263,1.645796,-1.039552,0.0400
1.139224,-1.684015,-0.146253,-0.129715,0.001176,-0.000315,0.245021,-27.510289,-50.112263,1.635523,-1.049756,0.0400
1.139224,-1.684015,-0.146253,-0.129715,-0.002092,-0.000012,0.245800,-27.510289,-50.112263,1.625194,-1.060078,0.0400
1.139224,-1.684015,-0.146253,-0.129715,-0.000891,0.003321,0.247219,-27.510289,-50.112263,1.613885,-1.071408,0.0400
1.139224,-1.684015,-0.146253,-0.129715,-0.000972,-0.000273,0.248040,-27.510289,-50.112263,1.603639,-1.081591,0.0400
1.139224,-1.684015,-0.146253,-0.129715,-0.000419,-0.001760,0.248632,-27.510289,-50.112263,1.593434,-1.091710,0.0400
0.379741,-2.357621,-0.123160,-0.109234,-0.001333,-0.001073,0.248958,-27.510294,-50.112266,1.581514,-1.103472,0.0400
0.379741,-2.357621,-0.123160,-0.109234,-0.003317,-0.002080,0.250074,-27.510294,-50.112266,1.569375,-1.115254,0.0400
0.379741,-2.357621,-0.123160,-0.109234,-0.002126,-0.002476,0.251212,-27.510294,-50.112266,1.559335,-1.125050,0.0400
0.379741,-2.357621,-0.123160,-0.109234,0.000628,0.000832,0.251016,-27.510294,-50.112266,1.547430,-1.136528,0.0400
0.379741,-2.357621,-0.123160,-0.109234,0.002709,-0.001446,0.249530,-27.510294,-50.112266,1.536537,-1.147067,0.0400
0.379741,-2.357621,-0.123160,-0.109234,0.000072,0.000889,0.248313,-27.510294,-50.112266,1.523465,-1.159721,0.0400
0.379741,-2.357621,-0.123160,-0.109234,-0.000762,0.000296,0.247764,-27.510294,-50.112266,1.511518,-1.171276,0.0400
0.379741,-2.357621,-0.123160,-0.109234,-0.000013,0.001476,0.247599,-27.510294,-50.112266,1.501844,-1.180607,0.0400
0.379741,-2.357621,-0.123160,-0.109234,-0.000243,0.000999,0.247473,-27.510294,-50.112266,1.491169,-1.190887,0.0400
0.379741,-2.357621,-0.123160,-0.109234,-0.002774,-0.002508,0.247184,-27.510294,-50.112266,1.480546,-1.201108,0.0400
0.379741,-2.357621,-0.123160,-0.109234,0.000009,-0.000038,0.246905,-27.510294,-50.112266,1.467912,-1.213243,0.0400
0.379741,-2.357621,-0.123160,-0.109234,-0.000753,-0.000198,0.246870,-27.510294,-50.112266,1.456375,-1.224321,0.0400
0.379741,-2.357621,-0.123160,-0.109234,0.000160,0.001040,0.247076,-27.510294,-50.112266,1.447957,-1.232409,0.0400
0.379741,-2.357621,-0.123160,-0.109234,-0.003869,0.000294,0.248055,-27.510294,-50.112266,1.436404,-1.243505,0.0400
0.379741,-2.357621,-0.123160,-0.109234,0.003439,0.003680,0.248817,-27.510294,-50.112266,1.426040,-1.253439,0.0400
0.379741,-2.357621,-0.123160,-0.109234,0.000357,0.000426,0.249264,-27.510294,-50.112266,1.415724,-1.263319,0.0400
0.379741,-2.357621,-0.123160,-0.109234,-0.000857,-0.000937,0.249316,-27.510294,-50.112266,1.405457,-1.273148,0.0400
0.379741,-2.357621,-0.123160,-0.109234,-0.000393,0.000316,0.250932,-27.510294,-50.112266,1.392133,-1.285900,0.0400
0.379741,-2.357621,-0.123160,-0.109234,-0.001270,-0.002167,0.251607,-27.510294,-50.112266,1.381975,-1.295613,0.0400
-0.000000,-2.357621,-0.113178,-0.000000,0.000267,-0.000186,0.252323,-27.510298,-50.112268,1.369745,-1.300433,0.0400
-0.000000,-2.357621,-0.113178,-0.000000,-0.000193,0.000092,0.253091,-27.510298,-50.112268,1.358774,-1.304673,0.0400
-0.000000,-2.357621,-0.113178,-0.000000,-0.000220,0.000217,0.252990,-27.510298,-50.112268,1.348922,-1.308470,0.0400
-0.000000,-2.357621,-0.113178,-0.000000,-0.002875,-0.000919,0.253148,-27.510298,-50.112268,1.339114,-1.312228,0.0400
-0.000000,-2.357621,-0.113178,-0.000000,-0.000783,0.001362,0.252789,-27.510298,-50.112268,1.328294,-1.316340,0.0400
-0.000000,-2.357621,-0.113178,-0.000000,0.000602,0.002909,0.251118,-27.510298,-50.112268,1.316477,-1.320797,0.0550
-0.000000,-2.357621,-0.113178,-0.000000,0.002370,-0.001216,0.251558,-27.510298,-50.112268,1.305767,-1.324824,0.0400
-0.000000,-2.357621,-0.113178,-0.000000,-0.000354,0.000801,0.253150,-27.510298,-50.112268,1.293951,-1.329266,0.0400
-0.000000,-2.357621,-0.113178,-0.000000,0.002609,-0.002614,0.253877,-27.510298,-50.112268,1.283350,-1.333208,0.0400
-0.000000,-2.357621,-0.113178,-0.000000,0.000438,-0.000327,0.253620,-27.510298,-50.112268,1.272800,-1.337114,0.0400
-0.000000,-2.357621,-0.113178,-0.000000,-0.000493,-0.001619,0.254185,-27.510298,-50.112268,1.262300,-1.340985,0.0400
-0.000000,-2.357621,-0.113178,-0.000000,0.000823,0.000657,0.254925,-27.510298,-50.112268,1.252869,-1.344451,0.0400
-0.000000,-2.357621,-0.113178,-0.000000,0.001309,0.000370,0.254882,-27.510298,-50.112268,1.241449,-1.348626,0.0400
-0.000000,-2.357621,-0.113178,-0.000000,0.000193,0.000525,0.255360,-27.510298,-50.112268,1.232106,-1.352032,0.0400
-0.000000,-2.357621,-0.113178,-0.000000,-0.000108,0.001488,0.255298,-27.510298,-50.112268,1.221798,-1.355775,0.0400
-0.000000,-2.357621,-0.113178,-0.000000,-0.000059,-0.001130,0.254925,-27.510298,-50.112268,1.209421,-1.360252,0.0400
-0.000000,-2.357621,-0.113178,-0.000000,0.003110,-0.001635,0.255754,-27.510298,-50.112268,1.199101,-1.363968,0.0400
-0.000000,-2.357621,-0.113178,-0.000000,0.000445,0.000835,0.256925,-27.510298,-50.112268,1.187955,-1.367968,0.0400
3.417671,-2.357621,0.586467,0.000000,-0.000658,0.000536,0.257683,-27.510267,-50.112267,1.182402,-1.371617,0.0400
3.417671,-2.357621,0.586467,0.000000,-0.002051,-0.000253,0.257932,-27.510267,-50.112267,1.219057,-1.375170,0.0400
3.417671,-2.357621,0.586467,0.000000,0.002324,0.000700,0.257072,-27.510267,-50.112267,1.255571,-1.378731,0.0400
3.417671,-2.357621,0.586467,0.000000,-0.001184,0.002740,0.256360,-27.510267,-50.112267,1.292049,-1.382266,0.0400
3.417671,-2.357621,0.586467,0.000000,-0.002633,0.001853,0.255742,-27.510267,-50.112267,1.328485,-1.385775,0.0400
3.417671,-2.357621,0.586467,0.000000,0.002155,-0.002347,0.254707,-27.510267,-50.112267,1.372010,-1.389919,0.0400
3.417671,-2.357621,0.586467,0.000000,0.001433,-0.000655,0.252705,-27.510267,-50.112267,1.412022,-1.393739,0.0400
3.417671,-2.357621,0.586467,0.000000,0.000271,0.000172,0.251120,-27.510267,-50.112267,1.448266,-1.397169,0.0400
3.417671,-2.357621,0.586467,0.000000,-0.002523,-0.001163,0.251923,-27.510267,-50.112267,1.488216,-1.400931,0.0400
3.417671,-2.357621,0.586467,0.000000,0.002172,0.000487,0.251653,-27.510267,-50.112267,1.531473,-1.404978,0.0400
3.417671,-2.357621,0.586467,0.000000,-0.001743,0.000877,0.252926,-27.510267,-50.112267,1.574600,-1.408993,0.0400
3.417671,-2.357621,0.586467,0.000000,0.000338,-0.000030,0.253654,-27.510267,-50.112267,1.614341,-1.412665,0.0400
3.417671,-2.357621,0.586467,0.000000,0.001039,-0.001948,0.253003,-27.510267,-50.112267,1.650201,-1.415969,0.0400
3.417671,-2.357621,0.586467,0.000000,0.000020,0.000041,0.253551,-27.510267,-50.112267,1.692993,-1.419900,0.0400
3.417671,-2.357621,0.586467,0.000000,-0.000157,0.000048,0.254788,-27.510267,-50.112267,1.725163,-1.422836,0.0400
3.417671,-2.357621,0.586467,0.000000,0.000077,0.001022,0.253709,-27.510267,-50.112267,1.760751,-1.426076,0.0400
3.417671,-2.357621,0.586467,0.000000,-0.001511,0.001024,0.252764,-27.510267,-50.112267,1.796248,-1.429295,0.0400
3.417671,-2.357621,0.586467,0.000000,-0.000170,0.000017,0.252986,-27.510267,-50.112267,1.828193,-1.432178,0.0400
3.417671,-2.357621,0.586467,0.000000,-0.002653,-0.001364,0.253495,-27.510267,-50.112267,1.863514,-1.435360,0.0400
5.316377,-2.357621,0.740800,0.000000,0.000012,-0.002271,0.253649,-27.510250,-50.112268,1.903745,-1.438209,0.0400
5.316377,-2.357621,0.740800,0.000000,0.001001,0.001230,0.253157,-27.510250,-50.112268,1.958188,-1.441676,0.0550
5.316377,-2.357621,0.740800,0.000000,0.000174,0.000073,0.254143,-27.510250,-50.112268,2.007238,-1.444800,0.0530
5.316377,-2.357621,0.740800,0.000000,-0.002696,-0.000031,0.254398,-27.510250,-50.112268,2.060939,-1.448214,0.0400
5.316377,-2.357621,0.740800,0.000000,-0.001873,0.004925,0.253468,-27.510250,-50.112268,2.109692,-1.451301,0.0400
5.316377,-2.357621,0.740800,0.000000,-0.000275,-0.000535,0.251730,-27.510250,-50.112268,2.158304,-1.454369,0.0400
5.316377,-2.357621,0.740800,0.000000,-0.001659,0.002363,0.251099,-27.510250,-50.112268,2.207298,-1.457426,0.0400
5.316377,-2.357621,0.740800,0.000000,0.000545,0.000578,0.252317,-27.510250,-50.112268,2.255094,-1.460452,0.0400
5.316377,-2.357621,0.740800,0.000000,-0.001565,-0.000061,0.253042,-27.510250,-50.112268,2.317916,-1.464371,0.0400
5.316377,-2.357621,0.740800,0.000000,-0.001287,-0.000309,0.253987,-27.510250,-50.112268,2.365904,-1.467364,0.0400
5.316377,-2.357621,0.740800,0.000000,0.000045,-0.000137,0.254015,-27.510250,-50.112268,2.418402,-1.470636,0.0400
5.316377,-2.357621,0.740800,0.000000,-0.001821,0.002433,0.253687,-27.510250,-50.112268,2.466073,-1.473594,0.0400
5.316377,-2.357621,0.740800,0.000000,0.000100,-0.000751,0.253142,-27.510250,-50.112268,2.518821,-1.476832,0.0400
5.316377,-2.357621,0.740800,0.000000,-0.000797,0.000237,0.254066,-27.510250,-50.112268,2.575391,-1.480337,0.0400
5.316377,-2.357621,0.740800,0.000000,0.001587,-0.000143,0.255365,-27.510250,-50.112268,2.627151,-1.483530,0.0400
5.316377,-2.357621,0.740800,0.000000,-0.001204,0.000493,0.258304,-27.510250,-50.112268,2.674791,-1.486420,0.0400
5.316377,-2.357621,0.740800,0.000000,-0.000336,0.000326,0.260428,-27.510250,-50.112268,2.726203,-1.489577,0.0400
5.316377,-2.357621,0.740800,0.000000,0.000703,-0.000980,0.262203,-27.510250,-50.112268,2.772896,-1.492431,0.0400
5.696118,-2.694425,0.465699,-0.413042,0.003932,0.001091,0.263508,-27.510247,-50.112269,2.815301,-1.510614,0.0400
5.696118,-2.694425,0.465699,-0.413042,-0.001561,-0.000003,0.264890,-27.510247,-50.112269,2.853206,-1.537423,0.0400
5.696118,-2.694425,0.465699,-0.413042,0.000472,-0.000725,0.264932,-27.510247,-50.112269,2.893534,-1.566583,0.0400
5.696118,-2.694425,0.465699,-0.413042,-0.000154,-0.002921,0.265126,-27.510247,-50.112269,2.927183,-1.590868,0.0400
5.696118,-2.694425,0.465699,-0.413042,-0.000072,0.000692,0.265857,-27.510247,-50.112269,2.960681,-1.615122,0.0400
5.696118,-2.694425,0.465699,-0.413042,-0.000573,-0.001702,0.265817,-27.510247,-50.112269,2.994032,-1.639341,0.0400
5.696118,-2.694425,0.465699,-0.413042,0.000222,0.001031,0.265644,-27.510247,-50.112269,3.037402,-1.670833,0.0400
5.696118,-2.694425,0.465699,-0.413042,0.001151,-0.002556,0.265602,-27.510247,-50.112269,3.070419,-1.694967,0.0400
5.696118,-2.694425,0.465699,-0.413042,0.001145,0.000021,0.266575,-27.510247,-50.112269,3.106464,-1.721423,0.0400
5.696118,-2.694425,0.465699,-0.413042,-0.001473,-0.002025,0.266676,-27.510247,-50.112269,3.136036,-1.743100,0.0400
5.696118,-2.694425,0.465699,-0.413042,-0.002176,0.000664,0.268016,-27.510247,-50.112269,3.168639,-1.767095,0.0400
5.696118,-2.694425,0.465699,-0.413042,0.000885,-0.001167,0.270290,-27.510247,-50.112269,3.204241,-1.793386,0.0400
5.696118,-2.694425,0.465699,-0.413042,-0.000370,-0.000306,0.271315,-27.510247,-50.112269,3.239685,-1.819610,0.0400
5.696118,-2.694425,0.465699,-0.413042,0.002227,0.001047,0.273172,-27.510247,-50.112269,3.271869,-1.843437,0.0400
5.696118,-2.694425,0.465699,-0.413042,-0.000212,-0.000317,0.273177,-27.510247,-50.112269,3.300831,-1.864890,0.0400
5.696118,-2.694425,0.465699,-0.413042,0.000128,0.001627,0.273773,-27.510247,-50.112269,3.335853,-1.890929,0.0400
5.696118,-2.694425,0.465699,-0.413042,-0.002879,-0.000372,0.274015,-27.510247,-50.112269,3.373793,-1.919199,0.0400
5.696118,-2.694425,0.465699,-0.413042,-0.000332,0.004591,0.274267,-27.510247,-50.112269,3.405451,-1.942789,0.0400
5.885988,-2.694425,0.514444,0.000000,0.002290,0.000019,0.274814,-27.510245,-50.112268,3.435146,-1.955859,0.0470
5.885988,-2.694425,0.514444,0.000000,0.003579,-0.003014,0.275148,-27.510245,-50.112268,3.469581,-1.958906,0.0530
5.885988,-2.694425,0.514444,0.000000,0.000778,0.001392,0.274651,-27.510245,-50.112268,3.507214,-1.962136,0.0400
5.885988,-2.694425,0.514444,0.000000,-0.001022,0.000548,0.273835,-27.510245,-50.112268,3.541394,-1.965060,0.0400
5.885988,-2.694425,0.514444,0.000000,0.000059,0.000024,0.273568,-27.510245,-50.112268,3.582561,-1.968629,0.0400
5.885988,-2.694425,0.514444,0.000000,0.000436,-0.001912,0.273516,-27.510245,-50.112268,3.612676,-1.970985,0.0400
5.885988,-2.694425,0.514444,0.000000,0.001871,0.000546,0.272797,-27.510245,-50.112268,3.646487,-1.973751,0.0400
5.885988,-2.694425,0.514444,0.000000,-0.000588,0.001851,0.272925,-27.510245,-50.112268,3.680179,-1.976470,0.0400
5.885988,-2.694425,0.514444,0.000000,0.001671,-0.000789,0.273467,-27.510245,-50.112268,3.719732,-1.979442,0.0400
5.885988,-2.694425,0.514444,0.000000,-0.000227,0.000122,0.274742,-27.510245,-50.112268,3.753170,-1.982081,0.0400
5.885988,-2.694425,0.514444,0.000000,0.003806,-0.000534,0.275727,-27.510245,-50.112268,3.793453,-1.985282,0.0400
5.885988,-2.694425,0.514444,0.000000,0.000559,0.000074,0.276836,-27.510245,-50.112268,3.829847,-1.988056,0.0400
5.885988,-2.694425,0.514444,0.000000,0.009168,0.002635,0.277652,-27.510245,-50.112268,3.866104,-1.990790,0.0400
5.885988,-2.694425,0.514444,0.000000,-0.001538,-0.001509,0.279056,-27.510245,-50.112268,3.899040,-1.993265,0.0400
5.885988,-2.694425,0.514444,0.000000,0.000918,-0.001428,0.279415,-27.510245,-50.112268,3.935556,-1.996036,0.0400
5.885988,-2.694425,0.514444,0.000000,0.000396,-0.000059,0.280547,-27.510245,-50.112268,3.968258,-1.998440,0.0400
5.885988,-2.694425,0.514444,0.000000,-0.000607,0.000199,0.281077,-27.510245,-50.112268,4.004000,-2.001033,0.0400
5.885988,-2.694425,0.514444,0.000000,-0.001448,-0.001455,0.281521,-27.510245,-50.112268,4.036471,-2.003380,0.0400
5.506247,-2.357621,-0.227076,0.201400,0.008055,0.003800,0.281851,-27.510247,-50.112267,4.060602,-2.002616,0.0400
5.506247,-2.357621,-0.227076,0.201400,-0.001190,-0.000612,0.282755,-27.510247,-50.112267,4.055435,-1.993974,0.0400
5.506247,-2.357621,-0.227076,0.201400,-0.001372,-0.002134,0.283583,-27.510247,-50.112267,4.049661,-1.985236,0.0400
5.506247,-2.357621,-0.227076,0.201400,0.002765,-0.002362,0.284549,-27.510247,-50.112267,4.043791,-1.976482,0.0400
5.506247,-2.357621,-0.227076,0.201400,-0.005741,0.037375,0.284710,-27.510247,-50.112267,4.037832,-1.967716,0.0400
5.506247,-2.357621,-0.227076,0.201400,0.002223,-0.001876,0.285845,-27.510247,-50.112267,4.030461,-1.957184,0.0400
5.506247,-2.357621,-0.227076,0.201400,-0.026672,0.010146,0.285563,-27.510247,-50.112267,4.023925,-1.947501,0.0400
5.506247,-2.357621,-0.227076,0.201400,0.019733,-0.018433,0.286296,-27.510247,-50.112267,4.017038,-1.937824,0.0400
5.506247,-2.357621,-0.227076,0.201400,0.117931,-0.186712,0.203620,-27.510247,-50.112267,4.009424,-1.927274,0.0400
5.506247,-2.357621,-0.227076,0.201400,-0.092504,-0.083017,0.187946,-27.510247,-50.112267,4.003905,-1.919288,0.0400
5.506247,-2.357621,-0.227076,0.201400,-0.007718,0.045145,0.208971,-27.510247,-50.112267,3.997492,-1.910476,0.0400
5.506247,-2.357621,-0.227076,0.201400,0.093973,0.087627,0.218431,-27.510247,-50.112267,3.991034,-1.901674,0.0400
5.506247,-2.357621,-0.227076,0.201400,0.031652,-0.009321,0.244504,-27.510247,-50.112267,3.984620,-1.892783,0.0400
5.506247,-2.357621,-0.227076,0.201400,-0.125392,-0.133937,0.395422,-27.510247,-50.112267,3.978154,-1.883877,0.0400
5.506247,-2.357621,-0.227076,0.201400,-0.026471,0.051727,0.463271,-27.510247,-50.112267,3.972226,-1.875935,0.0400
5.506247,-2.357621,-0.227076,0.201400,0.197337,0.233789,0.462430,-27.510247,-50.112267,3.964935,-1.866194,0.0400
5.506247,-2.357621,-0.227076,0.201400,-0.083957,-0.026149,0.511090,-27.510247,-50.112267,3.958285,-1.857285,0.0400
5.506247,-2.357621,-0.227076,0.201400,-0.035301,0.031276,0.515108,-27.510247,-50.112267,3.951598,-1.848386,0.0400
5.506247,-2.357621,-0.227076,0.201400,0.051131,-0.122925,0.283747,-27.510247,-50.112267,3.942815,-1.836813,0.0720
6.075859,-2.357621,0.385833,0.000000,-0.015419,-0.025979,0.083116,-27.510243,-50.112267,3.970922,-1.838264,0.0400
6.075859,-2.357621,0.385833,0.000000,-0.089933,-0.084564,-0.069175,-27.510243,-50.112267,3.996437,-1.839562,0.0400
6.075859,-2.357621,0.385833,0.000000,0.067434,-0.075464,-0.047417,-27.510243,-50.112267,4.021954,-1.840780,0.0400
6.075859,-2.357621,0.385833,0.000000,-0.023275,0.060562,-0.033607,-27.510243,-50.112267,4.047466,-1.842043,0.0400
6.075859,-2.357621,0.385833,0.000000,-0.002135,-0.048781,-0.087648,-27.510243,-50.112267,4.070456,-1.843158,0.0400
6.075859,-2.357621,0.385833,0.000000,0.030250,0.027587,-0.050411,-27.510243,-50.112267,4.095960,-1.844444,0.0400
6.075859,-2.357621,0.385833,0.000000,-0.079775,0.000044,0.071718,-27.510243,-50.112267,4.123951,-1.845893,0.0400
6.075859,-2.357621,0.385833,0.000000,0.006701,0.010702,0.208693,-27.510243,-50.112267,4.151754,-1.847412,0.0400
6.075859,-2.357621,0.385833,0.000000,0.055358,-0.016747,0.165371,-27.510243,-50.112267,4.176981,-1.848789,0.0400
6.075859,-2.357621,0.385833,0.000000,-0.025098,0.032944,0.228308,-27.510243,-50.112267,4.204635,-1.850312,0.0400
6.075859,-2.357621,0.385833,0.000000,0.005128,-0.034252,0.233284,-27.510243,-50.112267,4.227274,-1.851538,0.0400
6.075859,-2.357621,0.385833,0.000000,-0.013055,0.011898,0.147738,-27.510243,-50.112267,4.252323,-1.852924,0.0400
6.075859,-2.357621,0.385833,0.000000,0.022265,-0.097400,0.122641,-27.510243,-50.112267,4.274855,-1.854157,0.0400
6.075859,-2.357621,0.385833,0.000000,-0.061786,0.004045,0.135015,-27.510243,-50.112267,4.302017,-1.855717,0.0400
6.075859,-2.357621,0.385833,0.000000,0.006627,-0.018075,0.084217,-27.510243,-50.112267,4.326886,-1.857082,0.0400
6.075859,-2.357621,0.385833,0.000000,0.017900,-0.002671,0.059137,-27.510243,-50.112267,4.354367,-1.858564,0.0400
6.075859,-2.357621,0.385833,0.000000,-0.117770,-0.016467,0.033297,-27.510243,-50.112267,4.383956,-1.860224,0.0400
6.075859,-2.357621,0.385833,0.000000,-0.074981,-0.034479,0.057087,-27.510243,-50.112267,4.408626,-1.861588,0.0400
7.025212,-2.357621,0.601900,0.000000,0.006425,-0.013584,0.070953,-27.510234,-50.112267,4.442649,-1.863067,0.0400
7.025212,-2.357621,0.601900,0.000000,0.032689,0.020909,0.091319,-27.510234,-50.112267,4.480683,-1.864435,0.0400
7.025212,-2.357621,0.601900,0.000000,-0.017990,-0.034685,0.065668,-27.510234,-50.112267,4.522365,-1.865939,0.0400
7.025212,-2.357621,0.601900,0.000000,-0.000559,-0.002053,0.067414,-27.510234,-50.112267,4.556516,-1.867153,0.0400
7.025212,-2.357621,0.601900,0.000000,-0.001823,-0.014720,0.095249,-27.510234,-50.112267,4.598372,-1.868628,0.0400
7.025212,-2.357621,0.601900,0.000000,-0.001199,-0.002602,0.142362,-27.510234,-50.112267,4.635709,-1.870003,0.0400
