0.108293,-0.211054,0.998241,0.010536,0.005611,0.000351,13.4850
0.000033,0.000035,0.998312,0.000070,-0.000147,0.000343,0.1810
-0.002856,-0.000545,0.998312,-0.000130,0.000258,0.000338,0.0400
0.000210,-0.000176,0.998312,-0.000216,0.000110,0.000347,0.0410
-0.000042,-0.000042,0.998312,-0.000056,-0.000038,0.000352,0.0400
-0.000470,0.000020,0.998312,0.000181,0.000295,0.000349,0.0400
0.000180,0.000277,0.998312,0.000123,0.000229,0.000345,0.0400
-0.001118,0.002051,0.998312,0.000265,0.000446,0.000338,0.0400
0.000866,0.000739,0.998312,0.000280,0.000101,0.000324,0.0400
-0.000292,-0.000764,0.998312,0.000109,0.000321,0.000320,0.0400
0.000129,-0.001078,0.998312,-0.000010,-0.000185,0.000325,0.0680
-0.000981,0.000471,0.998312,0.000113,0.000133,0.000331,0.0400
0.003001,0.000674,0.998312,0.000014,-0.000372,0.000332,0.0410
-0.001554,-0.000333,0.998312,-0.000022,0.000217,0.000330,0.0400
-0.000269,-0.000498,0.998312,-0.000194,-0.000063,0.000323,0.0400
-0.000344,0.001184,0.998312,-0.000059,-0.000094,0.000316,0.0400
0.000054,0.000058,0.998312,-0.000068,0.000098,0.000310,0.0400
-0.002502,-0.000710,0.998312,-0.000294,0.000402,0.000303,0.0410
0.000095,0.000306,0.998312,-0.000144,0.000100,0.000303,0.0410
0.000072,0.000564,0.998312,-0.000094,-0.000125,0.000309,0.0410
-0.000207,0.000154,0.998312,0.000254,0.000467,0.000308,0.0400
0.000920,-0.000360,0.998312,0.000022,0.000161,0.000305,0.0460
-0.000620,-0.001358,0.998312,0.000248,0.000478,0.000307,0.0860
0.000481,-0.000260,0.998312,0.000131,0.000259,0.000304,0.0420
0.000310,-0.000969,0.998312,-0.000130,-0.000201,0.000305,0.0410
0.000415,-0.001110,0.998312,-0.000130,-0.000201,0.000305,0.0410
0.000415,-0.001110,0.998312,-0.000130,-0.000201,0.000305,0.0410
0.000415,-0.001110,0.998312,-0.000130,-0.000201,0.000305,0.0410
0.000415,-0.001110,0.998312,-0.000130,-0.000201,0.000305,0.0400
0.080229,-0.056120,0.998300,0.002802,0.004046,0.000268,0.0610
0.046640,-0.032995,0.998307,0.001927,0.002802,0.000256,0.0500
0.032481,-0.021854,0.998310,0.001258,0.001853,0.000255,0.0400
-0.000001,-0.000227,0.998312,-0.000175,0.000509,0.000253,0.0810
0.001575,0.001091,0.998312,-0.000083,0.000017,0.000246,0.0410
0.001448,0.002545,0.998312,-0.000012,0.000279,0.000245,0.0600
0.000303,0.000172,0.998312,-0.000013,0.000403,0.000243,0.0640
0.000086,0.000015,0.998312,0.000148,0.000569,0.000245,0.0890
-0.000707,0.000513,0.998312,0.000183,0.000260,0.000244,0.0400
-0.001077,-0.000079,0.998312,-0.000091,0.000332,0.000241,0.0560
-0.000034,0.001228,0.998312,-0.000303,0.000329,0.000238,0.1170
-0.000733,-0.000893,0.998312,0.000144,-0.000070,0.000221,0.0860
0.000119,0.000052,0.998312,-0.000189,-0.000003,0.000217,0.1370
-0.000726,-0.000785,0.998312,-0.000025,-0.000015,0.000187,0.0840
0.000164,0.000026,0.998312,-0.000038,0.000143,0.000183,0.0400
-0.000447,0.002675,0.998312,-0.000384,0.000181,0.000187,0.0990
0.000727,-0.002253,0.998312,-0.000346,-0.000002,0.000196,0.1800
-0.002477,0.003639,0.998312,-0.000129,-0.000044,0.000193,0.1220
-0.001027,0.000725,0.998312,-0.000238,0.000131,0.000184,0.0400
-0.000422,0.003594,0.998312,0.000085,0.000314,0.000178,0.0400
-0.000823,0.006608,0.998312,0.000085,0.000314,0.000178,0.0410
0.001188,-0.000145,0.998312,0.000003,0.000052,0.000177,0.0840
-0.000078,0.004583,0.998312,0.000027,0.000111,0.000173,0.0410
-0.000297,0.000815,0.998312,-0.000046,-0.000115,0.000183,0.0650
-0.000275,-0.000100,0.998312,-0.000001,0.000041,0.000184,0.0410
-0.000921,0.002631,0.998312,-0.000191,0.000160,0.000185,0.0410
-0.000866,0.002475,0.998312,-0.000191,0.000160,0.000185,0.0410
-0.000937,0.002325,0.998307,0.003033,-0.001463,0.000211,0.0420
-0.002191,-0.013832,0.998312,0.000733,-0.000182,0.000212,0.0930
-0.006007,0.003274,0.998312,-0.000049,-0.000224,0.000211,0.0790
0.001173,-0.000798,0.998312,0.000350,0.000026,0.000207,0.0400
0.001658,0.005456,0.998312,0.000297,-0.000137,0.000207,0.0400
0.001658,0.005456,0.998312,0.000297,-0.000137,0.000207,0.0400
0.001658,0.005456,0.998312,0.000297,-0.000137,0.000207,0.0400
0.001658,0.005456,0.998312,0.000297,-0.000137,0.000207,0.0410
0.001658,0.005456,0.998312,0.000297,-0.000137,0.000207,0.0410
0.001658,0.005456,0.998312,0.000297,-0.000137,0.000207,0.0450
0.001658,0.005456,0.998312,0.000297,-0.000137,0.000207,0.0410
0.001658,0.005456,0.998312,0.000297,-0.000137,0.000207,0.0410
0.001658,0.005456,0.998312,0.000297,-0.000137,0.000207,0.0400
0.001658,0.005456,0.998312,0.000297,-0.000137,0.000207,0.0410
0.001658,0.005456,0.998312,0.000297,-0.000137,0.000207,0.0400
0.001658,0.005456,0.998312,0.000297,-0.000137,0.000207,0.0410
-0.123614,0.286712,0.998181,-0.014945,-0.006288,0.000058,0.0730
-0.112318,0.269936,0.998204,-0.013586,-0.005717,0.000062,0.0450
-0.109441,0.253323,0.998217,-0.012731,-0.005355,0.000054,0.0410
-0.109441,0.253323,0.998217,-0.012731,-0.005355,0.000054,0.0410
-0.109441,0.253323,0.998217,-0.012731,-0.005355,0.000054,0.0400
-0.109441,0.253323,0.998217,-0.012731,-0.005355,0.000054,0.0400
-0.109441,0.253323,0.998217,-0.012731,-0.005355,0.000054,0.0400
-0.109441,0.253323,0.998217,-0.012731,-0.005355,0.000054,0.0400
-0.109441,0.253323,0.998217,-0.012731,-0.005355,0.000054,0.0410
-0.109441,0.253323,0.998217,-0.012731,-0.005355,0.000054,0.0400
-0.109441,0.253323,0.998217,-0.012731,-0.005355,0.000054,0.0410
-0.109441,0.253323,0.998217,-0.012731,-0.005355,0.000054,0.0400
-0.109441,0.253323,0.998217,-0.012731,-0.005355,0.000054,0.0400
-0.109441,0.253323,0.998217,-0.012731,-0.005355,0.000054,0.0400
-0.109441,0.253323,0.998217,-0.012731,-0.005355,0.000054,0.0400
-0.109441,0.253323,0.998217,-0.012731,-0.005355,0.000054,0.0400
-0.109441,0.253323,0.998217,-0.012731,-0.005355,0.000054,0.0410
-0.109441,0.253323,0.998217,-0.012731,-0.005355,0.000054,0.0400
-0.109441,0.253323,0.998217,-0.012731,-0.005355,0.000054,0.0400
-0.109441,0.253323,0.998217,-0.012731,-0.005355,0.000054,0.0410
-0.109441,0.253323,0.998217,-0.012731,-0.005355,0.000054,0.0400
-0.109441,0.253323,0.998217,-0.012731,-0.005355,0.000054,0.0400
-0.109441,0.253323,0.998217,-0.012731,-0.005355,0.000054,0.0410
-0.109441,0.253323,0.998217,-0.012731,-0.005355,0.000054,0.0410
-0.109441,0.253323,0.998217,-0.012731,-0.005355,0.000054,0.0400
-0.109441,0.253323,0.998217,-0.012731,-0.005355,0.000054,0.0400
-0.109441,0.253323,0.998217,-0.012731,-0.005355,0.000054,0.0410
-0.109441,0.253323,0.998217,-0.012731,-0.005355,0.000054,0.0400
-0.109441,0.253323,0.998217,-0.012731,-0.005355,0.000054,0.0400
-0.109441,0.253323,0.998217,-0.012731,-0.005355,0.000054,0.0400
-0.109441,0.253323,0.998217,-0.012731,-0.005355,0.000054,0.0410
-0.109441,0.253323,0.998217,-0.012731,-0.005355,0.000054,0.0400
-0.109441,0.253323,0.998217,-0.012731,-0.005355,0.000054,0.0400
-0.109441,0.253323,0.998217,-0.012731,-0.005355,0.000054,0.0400
-0.109441,0.253323,0.998217,-0.012731,-0.005355,0.000054,0.0410
-0.109441,0.253323,0.998217,-0.012731,-0.005355,0.000054,0.0400
-0.109441,0.253323,0.998217,-0.012731,-0.005355,0.000054,0.0410
-0.109441,0.253323,0.998217,-0.012731,-0.005355,0.000054,0.0410
-0.109441,0.253323,0.998217,-0.012731,-0.005355,0.000054,0.0410
-0.109441,0.253323,0.998217,-0.012731,-0.005355,0.000054,0.0400
-0.109441,0.253323,0.998217,-0.012731,-0.005355,0.000054,0.0400
-0.109441,0.253323,0.998217,-0.012731,-0.005355,0.000054,0.0410
-0.109441,0.253323,0.998217,-0.012731,-0.005355,0.000054,0.0400
-0.109441,0.253323,0.998217,-0.012731,-0.005355,0.000054,0.0410
-0.109441,0.253323,0.998217,-0.012731,-0.005355,0.000054,0.0400
-0.109441,0.253323,0.998217,-0.012731,-0.005355,0.000054,0.0410
-0.109441,0.253323,0.998217,-0.012731,-0.005355,0.000054,0.0400
-0.109441,0.253323,0.998217,-0.012731,-0.005355,0.000054,0.0410
-0.109441,0.253323,0.998217,-0.012731,-0.005355,0.000054,0.0400
-0.109441,0.253323,0.998217,-0.012731,-0.005355,0.000054,0.0400
-0.109441,0.253323,0.998217,-0.012731,-0.005355,0.000054,0.0400
-0.109441,0.253323,0.998217,-0.012731,-0.005355,0.000054,0.0410
-0.109441,0.253323,0.998217,-0.012731,-0.005355,0.000054,0.0410
-0.109441,0.253323,0.998217,-0.012731,-0.005355,0.000054,0.0400
-0.109441,0.253323,0.998217,-0.012731,-0.005355,0.000054,0.0400
-0.109441,0.253323,0.998217,-0.012731,-0.005355,0.000054,0.0400
-0.109441,0.253323,0.998217,-0.012731,-0.005355,0.000054,0.0620
-0.109441,0.253323,0.998217,-0.012731,-0.005355,0.000054,0.0410
-0.109441,0.253323,0.998217,-0.012731,-0.005355,0.000054,0.0410
-0.109441,0.253323,0.998217,-0.012731,-0.005355,0.000054,0.0410
-0.109441,0.253323,0.998217,-0.012731,-0.005355,0.000054,0.0400
-0.109441,0.253323,0.998217,-0.012731,-0.005355,0.000054,0.0400
-0.109441,0.253323,0.998217,-0.012731,-0.005355,0.000054,0.0410
-0.109441,0.253323,0.998217,-0.012731,-0.005355,0.000054,0.0410
-0.109441,0.253323,0.998217,-0.012731,-0.005355,0.000054,0.0400
-0.109441,0.253323,0.998217,-0.012731,-0.005355,0.000054,0.0410
-0.109441,0.253323,0.998217,-0.012731,-0.005355,0.000054,0.0400
-0.109441,0.253323,0.998217,-0.012731,-0.005355,0.000054,0.0400
-0.109441,0.253323,0.998217,-0.012731,-0.005355,0.000054,0.0410
-0.109441,0.253323,0.998217,-0.012731,-0.005355,0.000054,0.0400
-0.109441,0.253323,0.998217,-0.012731,-0.005355,0.000054,0.0410
-0.109441,0.253323,0.998217,-0.012731,-0.005355,0.000054,0.0400
-0.109441,0.253323,0.998217,-0.012731,-0.005355,0.000054,0.0400
-0.109441,0.253323,0.998217,-0.012731,-0.005355,0.000054,0.0400
-0.109441,0.253323,0.998217,-0.012731,-0.005355,0.000054,0.0410
-0.109441,0.253323,0.998217,-0.012731,-0.005355,0.000054,0.0410
-0.109441,0.253323,0.998217,-0.012731,-0.005355,0.000054,0.0410
-0.109441,0.253323,0.998217,-0.012731,-0.005355,0.000054,0.0410
-0.109441,0.253323,0.998217,-0.012731,-0.005355,0.000054,0.0410
-0.109441,0.253323,0.998217,-0.012731,-0.005355,0.000054,0.0400
-0.109441,0.253323,0.998217,-0.012731,-0.005355,0.000054,0.0410
-0.109441,0.253323,0.998217,-0.012731,-0.005355,0.000054,0.0400
-0.109441,0.253323,0.998217,-0.012731,-0.005355,0.000054,0.0400
-0.109441,0.253323,0.998217,-0.012731,-0.005355,0.000054,0.0410
-0.109441,0.253323,0.998217,-0.012731,-0.005355,0.000054,0.0410
-0.109441,0.253323,0.998217,-0.012731,-0.005355,0.000054,0.0410
-0.109441,0.253323,0.998217,-0.012731,-0.005355,0.000054,0.0410
-0.109441,0.253323,0.998217,-0.012731,-0.005355,0.000054,0.0410
-0.109441,0.253323,0.998217,-0.012731,-0.005355,0.000054,0.0410
-0.109441,0.253323,0.998217,-0.012731,-0.005355,0.000054,0.0410
-0.109441,0.253323,0.998217,-0.012731,-0.005355,0.000054,0.0400
-0.109441,0.253323,0.998217,-0.012731,-0.005355,0.000054,0.0410
-0.109441,0.253323,0.998217,-0.012731,-0.005355,0.000054,0.0410
-0.109441,0.253323,0.998217,-0.012731,-0.005355,0.000054,0.0400
-0.109441,0.253323,0.998217,-0.012731,-0.005355,0.000054,0.0400
-0.109441,0.253323,0.998217,-0.012731,-0.005355,0.000054,0.0410
-0.109441,0.253323,0.998217,-0.012731,-0.005355,0.000054,0.0410
0.990083,-2.310389,0.989889,0.119033,0.050771,-0.000253,0.0510
0.971791,-2.276710,0.990148,0.117211,0.049972,-0.000263,0.0640
0.959384,-2.258294,0.990314,0.116014,0.049463,-0.000263,0.0450
0.933673,-2.215387,0.990648,0.113568,0.048445,-0.000259,0.0780
0.931163,-2.192922,0.990805,0.112401,0.047946,-0.000256,0.0410
0.923112,-2.163531,0.990938,0.111403,0.047519,-0.000253,0.0410
0.902370,-2.121997,0.991233,0.109158,0.046567,-0.000249,0.0680
0.889210,-2.102584,0.991385,0.107985,0.046069,-0.000246,0.0430
0.882024,-2.069972,0.991536,0.106805,0.045571,-0.000254,0.0400
0.883249,-2.067811,0.991536,0.106805,0.045571,-0.000254,0.0400
0.883249,-2.067811,0.991536,0.106805,0.045571,-0.000254,0.0410
0.883249,-2.067811,0.991536,0.106805,0.045571,-0.000254,0.0400
0.883249,-2.067811,0.991536,0.106805,0.045571,-0.000254,0.0410
0.883249,-2.067811,0.991536,0.106805,0.045571,-0.000254,0.0410
0.883249,-2.067811,0.991536,0.106805,0.045571,-0.000254,0.0400
0.883249,-2.067811,0.991536,0.106805,0.045571,-0.000254,0.0400
0.883249,-2.067811,0.991536,0.106805,0.045571,-0.000254,0.0400
0.883249,-2.067811,0.992946,0.095050,0.040635,-0.000359,0.0410
0.772940,-1.818099,0.993153,0.093197,0.039854,-0.000354,0.0760
0.765204,-1.800650,0.993299,0.091874,0.039296,-0.000348,0.0410
0.767826,-1.794916,0.993328,0.091608,0.039184,-0.000348,0.0410
0.767826,-1.794916,0.993328,0.091608,0.039184,-0.000348,0.0400
0.729722,-1.693472,0.993867,0.086521,0.037023,-0.000349,0.0900
0.722561,-1.670494,0.993984,0.085377,0.036526,-0.000345,0.0400
0.720647,-1.666083,0.994005,0.085172,0.036437,-0.000344,0.0400
0.720647,-1.666083,0.994005,0.085172,0.036437,-0.000344,0.0400
0.720647,-1.666083,0.994005,0.085172,0.036437,-0.000344,0.0400
0.720647,-1.666083,0.994005,0.085172,0.036437,-0.000344,0.0410
0.720647,-1.666083,0.994005,0.085172,0.036437,-0.000344,0.0400
0.647489,-1.496622,0.994819,0.076726,0.032808,-0.000300,0.0720
0.635020,-1.472390,0.994940,0.075388,0.032224,-0.000300,0.0460
0.626827,-1.454058,0.995033,0.074350,0.031772,-0.000306,0.0410
0.626440,-1.453660,0.995033,0.074350,0.031772,-0.000306,0.0400
0.588151,-1.381394,0.995338,0.070824,0.030222,-0.000316,0.0580
0.572166,-1.354174,0.995474,0.069185,0.029526,-0.000329,0.0550
0.574041,-1.328682,0.995581,0.067878,0.028962,-0.000339,0.0400
0.571227,-1.322313,0.995591,0.067759,0.028911,-0.000339,0.0410
0.571227,-1.322313,0.995591,0.067759,0.028911,-0.000339,0.0410
0.571227,-1.322313,0.995591,0.067759,0.028911,-0.000339,0.0410
0.571227,-1.322313,0.995591,0.067759,0.028911,-0.000339,0.0400
0.571227,-1.322313,0.995591,0.067759,0.028911,-0.000339,0.0410
0.571227,-1.322313,0.995591,0.067759,0.028911,-0.000339,0.0410
0.571227,-1.322313,0.995591,0.067759,0.028911,-0.000339,0.0410
0.571227,-1.322313,0.995591,0.067759,0.028911,-0.000339,0.0410
0.571227,-1.322313,0.995591,0.067759,0.028911,-0.000339,0.0400
0.571227,-1.322313,0.995591,0.067759,0.028911,-0.000339,0.0400
0.571227,-1.322313,0.995591,0.067759,0.028911,-0.000339,0.0410
0.571227,-1.322313,0.995591,0.067759,0.028911,-0.000339,0.0400
0.571227,-1.322313,0.995591,0.067759,0.028911,-0.000339,0.0400
0.571227,-1.322313,0.995591,0.067759,0.028911,-0.000339,0.0400
0.396447,-0.937698,0.996970,0.047636,0.020251,-0.000339,0.0660
0.387148,-0.908039,0.997044,0.046296,0.019680,-0.000343,0.0460
0.377323,-0.890434,0.997101,0.045249,0.019228,-0.000340,0.0410
0.377247,-0.890258,0.997101,0.045249,0.019228,-0.000340,0.0410
0.377247,-0.890258,0.997101,0.045249,0.019228,-0.000340,0.0410
0.377247,-0.890258,0.997101,0.045249,0.019228,-0.000340,0.0400
0.377247,-0.890258,0.997101,0.045249,0.019228,-0.000340,0.0410
0.377247,-0.890258,0.997101,0.045249,0.019228,-0.000340,0.0410
0.377247,-0.890258,0.997101,0.045249,0.019228,-0.000340,0.0400
0.377247,-0.890258,0.997101,0.045249,0.019228,-0.000340,0.0400
0.377247,-0.890258,0.997101,0.045249,0.019228,-0.000340,0.0400
0.377247,-0.890258,0.997101,0.045249,0.019228,-0.000340,0.0410
0.377247,-0.890258,0.997101,0.045249,0.019228,-0.000340,0.0400
0.377247,-0.890258,0.997101,0.045249,0.019228,-0.000340,0.0400
0.377247,-0.890258,0.997101,0.045249,0.019228,-0.000340,0.0410
0.377247,-0.890258,0.997101,0.045249,0.019228,-0.000340,0.0400
0.377247,-0.890258,0.997101,0.045249,0.019228,-0.000340,0.0410
0.377247,-0.890258,0.997101,0.045249,0.019228,-0.000340,0.0410
0.377247,-0.890258,0.997101,0.045249,0.019228,-0.000340,0.0400
0.377247,-0.890258,0.997101,0.045249,0.019228,-0.000340,0.0400
0.167912,-0.395324,0.998073,0.020140,0.008520,-0.000305,0.0750
0.155928,-0.373382,0.998105,0.018745,0.007935,-0.000305,0.0410
0.151153,-0.360596,0.998115,0.018288,0.007747,-0.000300,0.0410
0.151153,-0.360596,0.998115,0.018288,0.007747,-0.000300,0.0410
0.151153,-0.360596,0.998115,0.018288,0.007747,-0.000300,0.0410
0.151153,-0.360596,0.998115,0.018288,0.007747,-0.000300,0.0410
0.151153,-0.360596,0.998115,0.018288,0.007747,-0.000300,0.0400
0.151153,-0.360596,0.998115,0.018288,0.007747,-0.000300,0.0410
0.151153,-0.360596,0.998115,0.018288,0.007747,-0.000300,0.0410
0.151153,-0.360596,0.998115,0.018288,0.007747,-0.000300,0.0400
0.151153,-0.360596,0.998115,0.018288,0.007747,-0.000300,0.0410
0.151153,-0.360596,0.998115,0.018288,0.007747,-0.000300,0.0420
0.151153,-0.360596,0.998115,0.018288,0.007747,-0.000300,0.0410
0.151153,-0.360596,0.998115,0.018288,0.007747,-0.000300,0.0410
0.151153,-0.360596,0.998115,0.018288,0.007747,-0.000300,0.0440
0.151153,-0.360596,0.998115,0.018288,0.007747,-0.000300,0.0430
0.151153,-0.360596,0.998115,0.018288,0.007747,-0.000300,0.0750
0.151153,-0.360596,0.998115,0.018288,0.007747,-0.000300,0.0410
0.151153,-0.360596,0.998115,0.018288,0.007747,-0.000300,0.0410
0.151153,-0.360596,0.998115,0.018288,0.007747,-0.000300,0.0400
0.151153,-0.360596,0.998115,0.018288,0.007747,-0.000300,0.0410
0.151153,-0.360596,0.998115,0.018288,0.007747,-0.000300,0.0410
0.151153,-0.360596,0.998115,0.018288,0.007747,-0.000300,0.0400
0.151153,-0.360596,0.998235,-0.009559,-0.007855,0.001485,0.0420
-0.202780,0.220323,0.998258,-0.007980,-0.006480,0.001671,0.0780
-0.202335,0.214169,0.998270,-0.007068,-0.005662,0.001752,0.0400
-0.221840,0.204003,0.998273,-0.006827,-0.005404,0.001795,0.0410
-0.221840,0.204003,0.998273,-0.006827,-0.005404,0.001795,0.0410
-0.221840,0.204003,0.998273,-0.006827,-0.005404,0.001795,0.0410
-0.221840,0.204003,0.998273,-0.006827,-0.005404,0.001795,0.0400
-0.221840,0.204003,0.998273,-0.006827,-0.005404,0.001795,0.0400
-0.221840,0.204003,0.998273,-0.006827,-0.005404,0.001795,0.0410
-0.221840,0.204003,0.998273,-0.006827,-0.005404,0.001795,0.0400
-0.221840,0.204003,0.998273,-0.006827,-0.005404,0.001795,0.0410
-0.221840,0.204003,0.998273,-0.006827,-0.005404,0.001795,0.0410
-0.221840,0.204003,0.998273,-0.006827,-0.005404,0.001795,0.0400
-0.221840,0.204003,0.998273,-0.006827,-0.005404,0.001795,0.0410
-0.221840,0.204003,0.998273,-0.006827,-0.005404,0.001795,0.0410
-0.221840,0.204003,0.998273,-0.006827,-0.005404,0.001795,0.0400
-0.221840,0.204003,0.998273,-0.006827,-0.005404,0.001795,0.0400
-0.221840,0.204003,0.998273,-0.006827,-0.005404,0.001795,0.0410
-0.221840,0.204003,0.998273,-0.006827,-0.005404,0.001795,0.0420
-0.005919,-0.491030,0.996497,-0.005249,0.045068,0.039531,0.0780
-0.248444,0.062287,0.996417,-0.005384,0.045213,0.041317,0.0410
0.371787,-0.365174,0.994041,-0.003147,0.076404,0.051601,0.2370
2.103638,0.845877,0.985143,-0.040979,0.140550,0.068471,0.3630
1.522623,1.604694,0.980304,-0.094142,0.134855,0.092642,0.4730
1.424548,1.700494,0.981847,-0.085187,0.128931,0.093407,0.0510
1.296768,0.812321,0.985172,-0.066019,0.111848,0.095895,0.0920
0.789507,0.423017,0.987016,-0.056405,0.098966,0.097215,0.0400
-0.153870,-0.016792,0.990941,-0.031214,0.061873,0.099301,0.0900
-0.245350,-0.607921,0.992118,-0.019768,0.044423,0.099830,0.0440
-1.028888,-1.067490,0.993136,-0.003817,0.018240,0.099807,0.0930
-1.274625,-0.878096,0.993263,-0.000717,0.011941,0.099561,0.0410
-1.416169,-0.753954,0.993320,0.001968,0.008346,0.099348,0.0530
-1.229045,-1.245815,0.993327,0.004111,0.006726,0.099328,0.0690
-1.700367,-1.059060,0.993297,0.004461,0.008592,0.099478,0.0400
-1.206097,-1.000517,0.993297,0.004461,0.008592,0.099478,0.0400
-0.090317,-0.673757,0.991870,-0.002504,0.048873,0.102111,0.1010
0.273962,-0.492450,0.990464,-0.008766,0.069460,0.103473,0.0570
0.472235,-0.388722,0.989119,-0.014720,0.085012,0.104058,0.0500
0.626920,-0.026983,0.987812,-0.020424,0.097864,0.104212,0.0410
0.766142,-0.020837,0.987612,-0.021265,0.099690,0.104205,0.0410
0.766142,-0.020837,0.987612,-0.021265,0.099690,0.104205,0.0470
1.079384,0.092648,0.984261,-0.041086,0.125215,0.102423,0.0850
0.846914,0.383032,0.983441,-0.048114,0.129183,0.102316,0.0440
1.191430,0.808914,0.982101,-0.060866,0.133791,0.102471,0.0730
1.322695,1.248684,0.981348,-0.067404,0.136213,0.102402,0.0590
1.320834,1.061522,0.981405,-0.064769,0.137833,0.101384,0.0750
1.409671,0.961169,0.981743,-0.060656,0.137851,0.100635,0.0400
1.401933,0.879543,0.982052,-0.056883,0.137710,0.100009,0.0400
1.401933,0.879543,0.982052,-0.056883,0.137710,0.100009,0.0410
1.401933,0.879543,0.982052,-0.056883,0.137710,0.100009,0.0490
1.649011,0.819820,0.982796,-0.059372,0.130938,0.100344,0.0860
1.456214,1.344413,0.982159,-0.069525,0.129579,0.101817,0.0400
1.284422,2.244266,0.980380,-0.091725,0.126588,0.105097,0.0860
1.259099,2.025824,0.979491,-0.101206,0.124909,0.106680,0.0420
0.713902,2.458260,0.978425,-0.111196,0.123108,0.108590,0.0570
0.903512,2.172196,0.978357,-0.110034,0.124160,0.109189,0.0590
0.930372,1.841293,0.979146,-0.102092,0.125449,0.108354,0.0400
0.850756,1.763886,0.979607,-0.097918,0.125859,0.107561,0.0590
0.850756,1.763886,0.979607,-0.097918,0.125859,0.107561,0.0410
0.850756,1.763886,0.979607,-0.097918,0.125859,0.107561,0.0400
-0.079138,-1.920542,0.992978,0.054782,0.086592,-0.011098,0.1160
-0.133534,-2.172557,0.991690,0.074599,0.084575,-0.021462,0.0570
0.008144,-2.025985,0.990568,0.087704,0.083679,-0.026604,0.0400
-0.146917,-2.091974,0.990113,0.092531,0.083301,-0.028322,0.0440
-0.146917,-2.091974,0.987915,0.112527,0.082111,-0.035326,0.0460
-0.442786,-2.838342,0.987707,0.113690,0.081327,-0.039029,0.0930
0.101072,-2.376678,0.989369,0.096990,0.081751,-0.041069,0.0870
0.148522,-1.776708,0.990781,0.080821,0.082365,-0.040810,0.0430
0.067530,-1.610920,0.992611,0.053842,0.082978,-0.039585,0.0540
0.210147,-0.366134,0.993843,0.022772,0.083457,-0.037682,0.0580
-0.313824,-0.401679,0.994143,-0.000715,0.083764,-0.035928,0.0400
-0.084725,-0.322921,0.994127,-0.005908,0.083914,-0.035524,0.0420
-0.084725,-0.322921,0.994127,-0.005908,0.083914,-0.035524,0.0410
-0.084725,-0.322921,0.994127,-0.005908,0.083914,-0.035524,0.0470
-0.246411,0.873764,0.993139,-0.058756,0.078159,-0.027232,0.1030
-0.317612,1.174414,0.992364,-0.072263,0.077517,-0.024696,0.0710
-0.146668,1.472958,0.991799,-0.080009,0.077628,-0.023146,0.0610
-0.801947,1.281156,0.991639,-0.082616,0.077513,-0.021140,0.0910
-0.273014,1.128739,0.991940,-0.079687,0.076935,-0.020319,0.0400
-0.243450,1.599045,0.992605,-0.072811,0.075476,-0.019093,0.0760
-0.546040,0.811594,0.993811,-0.055860,0.074139,-0.018708,0.0810
-0.464566,-0.588302,0.995244,-0.012575,0.074691,-0.019501,0.1640
-0.268611,-0.645525,0.995550,-0.000662,0.071536,-0.019758,0.0670
-0.315607,-0.704422,0.995621,0.005181,0.070361,-0.019718,0.0420
-0.402841,-0.737816,0.995625,0.005873,0.070249,-0.019706,0.0410
-0.402841,-0.737816,0.995625,0.005873,0.070249,-0.019706,0.0420
-0.657804,-0.893536,0.995623,0.023393,0.067012,-0.018016,0.1530
-0.675179,-0.551877,0.995847,0.021676,0.064173,-0.018101,0.0730
-0.546986,-1.181449,0.995909,0.018842,0.064191,-0.017808,0.0560
-0.860307,-1.651834,0.995999,0.013777,0.064228,-0.017262,0.0450
-0.286267,0.157719,0.995968,-0.006688,0.066232,-0.015612,0.0910
-0.454798,-0.322632,0.995601,-0.019064,0.069475,-0.014710,0.0410
-0.295174,0.496447,0.994910,-0.032449,0.074481,-0.013496,0.0760
0.197428,0.448870,0.994449,-0.039444,0.077319,-0.012850,0.0400
-0.116675,0.700511,0.994265,-0.041969,0.078387,-0.012629,0.0400
-0.116675,0.700511,0.994265,-0.041969,0.078387,-0.012629,0.0400
-0.139806,0.874195,0.993650,-0.038133,0.087555,-0.012947,0.0760
-0.190964,-0.445701,0.993969,0.005064,0.091064,-0.018284,0.2710
0.247725,-0.162921,0.993739,-0.022639,0.091071,-0.017464,0.2190
-0.091623,-0.111397,0.993480,-0.026625,0.092931,-0.016709,0.3610
-0.137956,-0.202752,0.993590,-0.019279,0.093312,-0.018082,0.0400
-0.239822,-0.596487,0.993680,0.004224,0.093056,-0.023474,0.2050
-0.201611,-0.657117,0.993934,0.016129,0.086382,-0.031629,0.5650
0.284324,0.388993,0.993367,-0.036459,0.088847,-0.025035,0.4160
0.506902,0.693440,0.992819,-0.046271,0.091642,-0.019987,0.1580
0.173102,1.082976,0.992599,-0.051442,0.092044,-0.016023,0.0550
-0.247310,0.501913,0.991061,-0.077502,0.091422,-0.007868,0.5430
0.148214,-0.930448,0.993971,0.010244,0.089914,-0.021454,0.4300
-0.478878,-1.758635,0.993977,0.037755,0.079257,-0.030496,0.3020
-0.602076,-1.759530,0.994223,0.030190,0.080230,-0.028275,0.0400
0.327876,-0.143316,0.993768,-0.034005,0.088645,-0.006187,0.2850
-1.090358,-0.399862,0.997214,-0.031998,0.034132,0.001692,0.4440
-4.221166,-0.059498,0.985039,-0.031503,-0.159088,0.005015,0.4370
-4.269022,2.145737,0.981406,-0.094826,-0.156449,-0.001646,0.3390
-2.472724,-2.468965,0.989177,0.049298,-0.125016,0.009866,0.5340
-1.240793,0.873517,0.989529,-0.060592,-0.115938,-0.018614,0.7190
-0.771110,-0.276597,0.994047,-0.007513,-0.090876,-0.013553,0.5760
-0.671908,0.718321,0.995189,-0.027104,-0.072536,-0.015160,0.3860
0.465159,0.359369,0.996412,-0.021373,-0.055643,-0.015414,0.0400
0.597165,0.092158,0.996682,-0.019603,-0.051294,-0.015397,0.0410
0.597165,0.092158,0.996682,-0.019603,-0.051294,-0.015397,0.0460
0.597165,0.092158,0.996682,-0.019603,-0.051294,-0.015397,0.0400
0.597165,0.092158,0.996682,-0.019603,-0.051294,-0.015397,0.0400
2.195524,-2.636168,0.998032,0.006096,0.019455,-0.012026,0.0800
3.543102,-1.929633,0.997830,-0.004948,0.030626,-0.001059,0.0410
2.484650,-2.508552,0.997642,-0.015254,0.033036,0.003811,0.0410
2.484650,-2.508552,0.997642,-0.015254,0.033036,0.003811,0.0400
2.484650,-2.508552,0.997642,-0.015254,0.033036,0.003811,0.0410
0.841023,2.166837,0.983565,-0.162325,0.019089,0.050129,0.0680
1.991538,1.824054,0.973988,-0.210446,0.009053,0.060046,0.0610
1.305295,3.903000,0.963901,-0.251367,-0.005651,0.065618,0.1070
-0.187711,1.194457,0.976058,-0.183716,-0.071720,0.071011,0.2220
-2.489699,1.647490,0.979764,-0.159676,-0.077717,0.071787,0.0410
-0.059097,2.133540,0.981033,-0.151191,-0.077529,0.073031,0.0400
-0.059097,2.133540,0.981033,-0.151191,-0.077529,0.073031,0.0410
-0.067949,2.142231,0.984127,-0.144977,-0.058370,0.060805,0.0410
2.933908,-0.246968,0.993736,-0.006998,0.094042,-0.014939,0.6120
2.344532,-0.794289,0.992838,0.005462,0.092278,-0.048536,0.4800
2.071905,-1.353298,0.990458,0.017633,0.101794,-0.070345,0.5580
2.631448,-0.416458,0.979846,-0.014760,0.143862,-0.124965,0.2930
1.730496,-1.265609,0.925359,0.000524,0.138532,-0.348062,0.3270
1.215128,-0.691221,0.914591,0.005889,0.126602,-0.379591,0.0410
1.344434,-1.051241,0.910948,0.007046,0.123116,-0.389352,0.0410
1.344434,-1.051241,0.910948,0.007046,0.123116,-0.389352,0.0410
1.344434,-1.051241,0.910948,0.007046,0.123116,-0.389352,0.0410
1.344434,-1.051241,0.910948,0.007046,0.123116,-0.389352,0.0410
1.344434,-1.051241,0.910948,0.007046,0.123116,-0.389352,0.0400
1.344434,-1.051241,0.910948,0.007046,0.123116,-0.389352,0.0400
1.344434,-1.051241,0.910948,0.007046,0.123116,-0.389352,0.0410
-2.711232,-0.337334,0.871608,0.115427,-0.264600,-0.391906,0.0410
-7.559172,0.828176,0.858420,0.126610,-0.296994,-0.394345,0.0700
-6.847425,0.451603,0.857169,0.130329,-0.290790,-0.400431,0.0420
-5.412624,-0.637677,0.867525,0.122806,-0.202988,-0.433293,0.1020
-3.385700,-0.733916,0.868287,0.110014,-0.125066,-0.463638,0.0710
-2.391398,-0.899316,0.863903,0.099029,-0.075496,-0.484554,0.0430
-0.901733,-1.316039,0.854771,0.085435,-0.023860,-0.508060,0.0480
0.628648,-1.693996,0.823597,0.064338,0.041286,-0.558992,0.0920
-0.026311,-1.232241,0.728932,0.052155,0.043304,-0.678742,0.1670
-0.587926,-0.336294,0.511242,0.052986,0.016854,-0.855668,0.4000
-0.565375,-0.204753,0.461040,0.052980,0.014660,-0.883769,0.0730
-0.469428,0.071688,0.402287,0.052088,0.013148,-0.912089,0.0830
-0.633918,-0.200597,0.362542,0.051324,0.012822,-0.928651,0.0560
-0.719307,-0.173876,0.314707,0.050851,0.013327,-0.945951,0.0640
-0.741430,-0.133699,0.264012,0.049808,0.013353,-0.961388,0.0660
-0.372097,-0.101401,0.210851,0.048114,0.013558,-0.974511,0.0720
-0.367150,-0.339765,0.143352,0.030744,0.009567,-0.987442,0.1070
0.053691,0.044575,0.124250,0.016933,0.005083,-0.990392,0.0470
0.487362,0.107407,0.114289,0.005162,0.002461,-0.991732,0.0400
0.500898,0.099022,0.114289,0.005162,0.002461,-0.991732,0.0430
0.500898,0.099022,0.114289,0.005162,0.002461,-0.991732,0.0400
1.156457,0.423974,0.103754,-0.040190,-0.002978,-0.992088,0.0800
1.405215,0.056555,0.101863,-0.050137,-0.006970,-0.991811,0.0510
1.125062,0.684342,0.100441,-0.063396,-0.033215,-0.990665,0.1010
1.111657,2.100981,0.101019,-0.077507,-0.097834,-0.985314,0.2150
1.044499,1.157316,0.098230,-0.077301,-0.057466,-0.988788,0.2430
0.876456,0.258268,0.098304,-0.069421,-0.020507,-0.990820,0.1470
0.971079,-0.008657,0.099829,-0.061474,-0.007020,-0.991380,0.1090
0.675471,-0.186379,0.101041,-0.056435,-0.001946,-0.991579,0.0670
0.742537,-0.387767,0.102749,-0.049303,0.002186,-0.991784,0.0790
0.221955,-0.546528,0.104646,-0.043512,0.004764,-0.991847,0.0790
-0.185038,-0.408289,0.106046,-0.040530,0.005803,-0.991819,0.0530
0.101204,-0.114650,0.106829,-0.038889,0.006184,-0.991799,0.0410
0.101204,-0.114650,0.106829,-0.038889,0.006184,-0.991799,0.0410
-0.200746,-0.871570,0.111817,-0.031563,0.010712,-0.991471,0.0970
0.351092,-0.088245,0.113126,-0.029642,0.010296,-0.991386,0.0580
0.351092,-0.088245,0.114338,-0.009107,0.008971,-0.991661,0.0420
-1.161362,-0.856455,0.115652,0.020570,0.011998,-0.991305,0.0970
-2.240727,-0.803014,0.117045,0.059518,0.017815,-0.989479,0.1020
-2.400247,-0.899342,0.117884,0.086384,0.021120,-0.987331,0.0860
-2.999147,-1.510827,0.118118,0.096661,0.021332,-0.986346,0.0420
-2.662141,-0.585281,0.117964,0.114748,0.019002,-0.984472,0.0960
-2.968596,-0.859448,0.117529,0.122520,0.018058,-0.983604,0.0550
-2.601802,-0.650148,0.116821,0.131143,0.018726,-0.982564,0.0700
-2.827653,-1.616459,0.115919,0.149893,0.022706,-0.979902,0.2030
-4.057488,1.062859,0.099881,0.193459,-0.063473,-0.972212,0.3000
-4.447702,1.846464,0.098217,0.196358,-0.076697,-0.970846,0.0510
-5.086115,1.027134,0.097976,0.194221,-0.084813,-0.970625,0.0420
-3.541650,0.901808,0.097863,0.172406,-0.091490,-0.974144,0.0760
-1.689140,0.675724,0.102563,0.064576,-0.068055,-0.988589,0.3380
-1.526386,0.339678,0.106655,0.051925,-0.050117,-0.989972,0.0760
-1.101587,0.427387,0.109008,0.046896,-0.040334,-0.990413,0.0400
-0.774181,0.179087,0.109611,0.045857,-0.037780,-0.990496,0.0400
-0.774181,0.179087,0.114289,0.040694,-0.018128,-0.990748,0.0430
-0.871361,-0.324384,0.117753,0.037986,-0.008629,-0.990578,0.0790
-1.007759,-0.535274,0.119647,0.036698,-0.005798,-0.990420,0.0450
-0.778898,-0.307753,0.119858,0.036473,-0.005578,-0.990404,0.0420
-0.969467,0.160488,0.124849,0.031895,-0.004570,-0.989951,0.0900
-1.044451,-0.620215,0.127892,0.020397,-0.003371,-0.989871,0.1020
-0.435580,-0.603703,0.131238,0.001293,-0.001273,-0.989647,0.1190
-0.075946,-0.313795,0.136262,-0.025213,-0.002442,-0.988645,0.1920
0.440947,-0.131948,0.136895,-0.030355,-0.001573,-0.988415,0.0410
0.418210,-0.021046,0.137464,-0.035092,0.000652,-0.988180,0.0400
0.693124,-0.644498,0.137990,-0.045139,0.004415,-0.987689,0.0700
0.750063,0.033042,0.137652,-0.052437,0.006059,-0.987367,0.0650
0.965568,-0.074160,0.136185,-0.059832,0.007649,-0.987139,0.1000
1.044865,-0.113963,0.134816,-0.059750,0.010241,-0.987308,0.0780
0.681799,-0.267896,0.133461,-0.058329,0.012402,-0.987552,0.0590
0.910717,-0.261869,0.130245,-0.056508,0.013440,-0.988074,0.1000
0.964214,-0.168137,0.127606,-0.054270,0.012276,-0.988559,0.0990
0.959360,-0.197562,0.125983,-0.053084,0.010316,-0.988854,0.0720
0.566253,-0.127263,0.125048,-0.051797,0.006955,-0.989070,0.0490
0.639113,0.087114,0.124329,-0.049163,0.003313,-0.989314,0.0410
0.660943,0.174261,0.124329,-0.049163,0.003313,-0.989314,0.0400
0.807095,0.759096,0.121279,-0.043973,-0.007976,-0.989910,0.0920
0.339506,0.564314,0.118550,-0.039396,-0.012484,-0.990387,0.0970
0.038634,0.491088,0.113995,-0.039541,-0.014938,-0.990882,0.1400
0.332093,0.743665,0.110237,-0.042924,-0.016616,-0.991139,0.1320
0.156520,0.266962,0.108270,-0.043290,-0.015649,-0.991356,0.0410
0.138979,0.257841,0.097439,-0.041325,-0.009394,-0.992642,0.5300
-0.319487,0.366284,0.096284,-0.038687,-0.005524,-0.992890,0.0970
-0.395791,0.398255,0.095714,-0.037949,-0.004670,-0.992978,0.0500
-0.234119,0.403061,0.095325,-0.037566,-0.004222,-0.993032,0.0410
-0.437751,-0.258324,0.095256,-0.037602,-0.004422,-0.993036,0.0400
-0.437751,-0.258324,0.095256,-0.037602,-0.004422,-0.993036,0.0480
-2.974512,-0.607156,0.088976,0.093285,0.009060,-0.989913,0.3880
-3.036406,-0.975962,0.087231,0.098922,0.011499,-0.989495,0.1700
-3.158397,-0.981569,0.086375,0.099378,0.011443,-0.989525,0.0510
-2.959872,-0.151380,0.085670,0.098949,0.010312,-0.989642,0.0410
-2.851357,-0.694110,0.085637,0.098887,0.010266,-0.989652,0.0400
-2.569030,-0.638195,0.086482,0.097014,0.001999,-0.989815,0.0820
-2.785172,0.072122,0.092218,0.097827,-0.003527,-0.989212,0.0460
-2.507025,-0.012510,0.120531,0.097306,-0.010083,-0.986169,0.1350
-2.434849,-0.040085,0.130512,0.095504,-0.009828,-0.985077,0.0460
-2.299801,0.060416,0.139571,0.093955,-0.009341,-0.983988,0.0400
-2.298719,0.059073,0.139571,0.093955,-0.009341,-0.983988,0.0400
-2.182204,-0.163146,0.160048,0.101975,0.013969,-0.980009,0.1440
-1.934224,-0.881640,0.167574,0.102357,0.047848,-0.977640,0.1340
-1.212985,-1.365080,0.170493,0.086425,0.055909,-0.978246,0.1340
-0.629143,0.553474,0.159590,0.013540,-0.004525,-0.985370,0.2830
0.264795,0.375859,0.151922,-0.000676,-0.005745,-0.986668,0.2520
-0.272522,0.142333,0.150561,0.011990,-0.002693,-0.986817,0.0460
-0.291051,-0.036219,0.149464,0.024766,-0.000061,-0.986750,0.0400
-1.195997,-0.114758,0.148082,0.052007,0.008050,-0.985865,0.0930
-1.729350,-0.669775,0.146647,0.074174,0.014661,-0.984584,0.0960
-2.145321,-0.991616,0.145385,0.081740,0.015332,-0.984162,0.0460
-2.054262,-0.413140,0.139674,0.081702,0.015220,-0.984993,0.1630
-1.906604,-0.529564,0.138130,0.073061,0.019429,-0.985816,0.0920
-1.542057,-0.725927,0.137172,0.061097,0.020628,-0.986739,0.1230
-0.277682,-0.152130,0.142208,0.035623,0.014330,-0.987386,0.3140
-0.292832,0.162191,0.141127,0.018845,0.004763,-0.988096,0.2310
0.180513,0.243137,0.137629,0.011469,0.007316,-0.988687,0.2530
-0.082652,0.282599,0.135619,0.008254,0.009506,-0.988978,0.0410
0.365218,-0.013179,0.132785,0.000283,0.014873,-0.989330,0.0520
0.810809,-0.027776,0.130204,-0.009022,0.019712,-0.989548,0.0530
2.888318,-1.209143,0.127382,-0.012126,0.025150,-0.989758,0.0410
5.615599,-5.520689,0.124760,-0.007631,0.029948,-0.990004,0.0400
5.615599,-5.520689,0.124760,-0.007631,0.029948,-0.990004,0.0410
5.615599,-5.520689,0.124760,-0.007631,0.029948,-0.990004,0.0400
5.615599,-5.520689,0.124760,-0.007631,0.029948,-0.990004,0.0400
5.615599,-5.520689,0.124760,-0.007631,0.029948,-0.990004,0.0410
5.615599,-5.520689,0.124760,-0.007631,0.029948,-0.990004,0.0400
5.615599,-5.520689,0.124760,-0.007631,0.029948,-0.990004,0.0400
5.615599,-5.520689,0.124760,-0.007631,0.029948,-0.990004,0.0400
5.615599,-5.520689,0.124760,-0.007631,0.029948,-0.990004,0.0410
5.615599,-5.520689,0.124760,-0.007631,0.029948,-0.990004,0.0400
5.615599,-5.520689,0.124760,-0.007631,0.029948,-0.990004,0.0410
5.615599,-5.520689,0.124760,-0.007631,0.029948,-0.990004,0.0400
5.615599,-5.520689,0.124760,-0.007631,0.029948,-0.990004,0.0410
5.615599,-5.520689,0.124760,-0.007631,0.029948,-0.990004,0.0410
5.615599,-5.520689,0.124760,-0.007631,0.029948,-0.990004,0.0410
5.615599,-5.520689,0.124760,-0.007631,0.029948,-0.990004,0.0410
5.615599,-5.520689,0.124760,-0.007631,0.029948,-0.990004,0.0410
5.615599,-5.520689,0.124760,-0.007631,0.029948,-0.990004,0.0410
5.615599,-5.520689,0.124760,-0.007631,0.029948,-0.990004,0.0410
5.615599,-5.520689,0.124760,-0.007631,0.029948,-0.990004,0.0410
5.615599,-5.520689,0.124760,-0.007631,0.029948,-0.990004,0.0400
5.615599,-5.520689,0.124760,-0.007631,0.029948,-0.990004,0.0400
5.615599,-5.520689,0.124760,-0.007631,0.029948,-0.990004,0.0400
5.615599,-5.520689,0.124760,-0.007631,0.029948,-0.990004,0.0410
5.615599,-5.520689,0.124760,-0.007631,0.029948,-0.990004,0.0400
5.615599,-5.520689,0.124760,-0.007631,0.029948,-0.990004,0.0410
5.615599,-5.520689,0.124760,-0.007631,0.029948,-0.990004,0.0400
5.615599,-5.520689,0.124760,-0.007631,0.029948,-0.990004,0.0410
5.615599,-5.520689,0.124760,-0.007631,0.029948,-0.990004,0.0400
5.615599,-5.520689,0.124760,-0.007631,0.029948,-0.990004,0.0400
5.615599,-5.520689,0.124760,-0.007631,0.029948,-0.990004,0.0410
5.615599,-5.520689,0.124760,-0.007631,0.029948,-0.990004,0.0410
5.615599,-5.520689,0.124760,-0.007631,0.029948,-0.990004,0.0410
5.615599,-5.520689,0.124760,-0.007631,0.029948,-0.990004,0.0410
5.615599,-5.520689,0.124760,-0.007631,0.029948,-0.990004,0.0410
5.615599,-5.520689,0.124760,-0.007631,0.029948,-0.990004,0.0410
5.615599,-5.520689,0.124760,-0.007631,0.029948,-0.990004,0.0410
5.615599,-5.520689,0.124760,-0.007631,0.029948,-0.990004,0.0400
5.615599,-5.520689,0.124760,-0.007631,0.029948,-0.990004,0.0410
5.615599,-5.520689,0.124760,-0.007631,0.029948,-0.990004,0.0400
5.615599,-5.520689,0.124760,-0.007631,0.029948,-0.990004,0.0410
5.615599,-5.520689,0.124760,-0.007631,0.029948,-0.990004,0.0410
5.615599,-5.520689,0.124760,-0.007631,0.029948,-0.990004,0.0400
5.615599,-5.520689,0.124760,-0.007631,0.029948,-0.990004,0.0410
5.615599,-5.520689,0.124760,-0.007631,0.029948,-0.990004,0.0510
5.615599,-5.520689,0.124760,-0.007631,0.029948,-0.990004,0.0410
5.615599,-5.520689,0.124760,-0.007631,0.029948,-0.990004,0.0410
5.615599,-5.520689,0.124760,-0.007631,0.029948,-0.990004,0.0400
5.615599,-5.520689,0.124760,-0.007631,0.029948,-0.990004,0.0410
5.615599,-5.520689,0.124760,-0.007631,0.029948,-0.990004,0.0410
5.615599,-5.520689,0.124760,-0.007631,0.029948,-0.990004,0.0410
5.615599,-5.520689,0.124760,-0.007631,0.029948,-0.990004,0.0410
5.615599,-5.520689,0.124760,-0.007631,0.029948,-0.990004,0.0400
5.615599,-5.520689,0.124760,-0.007631,0.029948,-0.990004,0.0410
5.615599,-5.520689,0.124760,-0.007631,0.029948,-0.990004,0.0410
5.615599,-5.520689,0.124760,-0.007631,0.029948,-0.990004,0.0410
5.615599,-5.520689,0.124760,-0.007631,0.029948,-0.990004,0.0410
5.615599,-5.520689,0.124760,-0.007631,0.029948,-0.990004,0.0410
5.615599,-5.520689,0.124760,-0.007631,0.029948,-0.990004,0.0410
5.615599,-5.520689,0.124760,-0.007631,0.029948,-0.990004,0.0400
5.615599,-5.520689,0.124760,-0.007631,0.029948,-0.990004,0.0400
5.615599,-5.520689,0.124760,-0.007631,0.029948,-0.990004,0.0400
5.615599,-5.520689,0.124760,-0.007631,0.029948,-0.990004,0.0400
5.615599,-5.520689,0.124760,-0.007631,0.029948,-0.990004,0.0400
5.615599,-5.520689,0.124760,-0.007631,0.029948,-0.990004,0.0400
5.615599,-5.520689,0.124760,-0.007631,0.029948,-0.990004,0.0400
5.615599,-5.520689,0.124760,-0.007631,0.029948,-0.990004,0.0400
5.615599,-5.520689,0.124760,-0.007631,0.029948,-0.990004,0.0410
5.615599,-5.520689,0.124760,-0.007631,0.029948,-0.990004,0.0410
5.615599,-5.520689,0.124760,-0.007631,0.029948,-0.990004,0.0410
5.615599,-5.520689,0.124760,-0.007631,0.029948,-0.990004,0.0400
5.615599,-5.520689,0.124760,-0.007631,0.029948,-0.990004,0.0400
5.615599,-5.520689,0.124760,-0.007631,0.029948,-0.990004,0.0410
5.615599,-5.520689,0.124760,-0.007631,0.029948,-0.990004,0.0410
5.615599,-5.520689,0.124760,-0.007631,0.029948,-0.990004,0.0410
5.615599,-5.520689,0.124760,-0.007631,0.029948,-0.990004,0.0400
5.615599,-5.520689,0.124760,-0.007631,0.029948,-0.990004,0.0410
5.615599,-5.520689,0.124760,-0.007631,0.029948,-0.990004,0.0410
5.615599,-5.520689,0.124760,-0.007631,0.029948,-0.990004,0.0410
5.615599,-5.520689,0.124760,-0.007631,0.029948,-0.990004,0.0400
5.615599,-5.520689,0.124760,-0.007631,0.029948,-0.990004,0.0410
5.615599,-5.520689,0.124760,-0.007631,0.029948,-0.990004,0.0400
5.615599,-5.520689,0.124760,-0.007631,0.029948,-0.990004,0.0410
5.615599,-5.520689,0.124760,-0.007631,0.029948,-0.990004,0.0400
5.615599,-5.520689,0.124760,-0.007631,0.029948,-0.990004,0.0410
5.615599,-5.520689,0.124760,-0.007631,0.029948,-0.990004,0.0400
5.615599,-5.520689,0.124760,-0.007631,0.029948,-0.990004,0.0400
5.615599,-5.520689,0.124760,-0.007631,0.029948,-0.990004,0.0400
5.615599,-5.520689,0.124760,-0.007631,0.029948,-0.990004,0.0400
5.615599,-5.520689,0.124760,-0.007631,0.029948,-0.990004,0.0410
5.615599,-5.520689,0.124760,-0.007631,0.029948,-0.990004,0.0410
5.615599,-5.520689,0.124760,-0.007631,0.029948,-0.990004,0.0410
5.615599,-5.520689,0.124760,-0.007631,0.029948,-0.990004,0.0410
5.615599,-5.520689,0.124760,-0.007631,0.029948,-0.990004,0.0400
5.615599,-5.520689,0.124760,-0.007631,0.029948,-0.990004,0.0400
