0.000000,0.000000,0.000000,0.000000,0.001834,0.000334,-0.007487,0.000000,0.000000,0.000009,0.000008,2.5470
0.000000,0.000000,0.000000,0.000000,0.000011,-0.001195,-0.006209,0.000000,0.000000,0.000010,0.000008,0.5920
0.000000,0.000000,0.000000,0.000000,0.000110,0.000624,-0.006448,0.000000,0.000000,0.000010,0.000007,0.0400
0.000000,0.000000,0.000000,0.000000,0.000406,-0.000573,-0.007152,0.000000,0.000000,0.000010,0.000006,0.0930
0.000000,0.000000,0.000000,0.000000,-0.000404,0.000400,-0.008106,0.000000,0.000000,0.000010,0.000006,0.0570
0.000000,0.000000,0.000000,0.000000,0.000136,-0.000065,-0.008681,0.000000,0.000000,0.000007,0.000010,0.5400
0.000000,0.000000,0.000000,0.000000,0.000152,-0.000963,-0.003808,0.000000,0.000000,0.000007,0.000012,0.6040
0.000000,0.000000,0.000000,0.000000,0.000325,0.000457,-0.003168,0.000000,0.000000,0.000007,0.000012,0.0420
0.000000,0.000000,0.000000,0.000000,-0.000896,0.000935,-0.001954,0.000000,0.000000,0.000007,0.000012,0.0960
0.000000,0.000000,0.000000,0.000000,0.000105,0.000087,0.000682,0.000000,0.000000,0.000007,0.000012,0.0820
0.000000,0.000000,0.000000,0.000000,0.000507,-0.000056,-0.004947,0.000000,0.000000,0.000005,0.000007,0.8070
0.000000,0.000000,0.000000,0.000000,-0.002684,-0.001568,-0.003836,0.000000,0.000000,0.000005,0.000007,0.3240
0.000000,0.000000,0.000000,0.000000,-0.000200,-0.000037,-0.004025,0.000000,0.000000,0.000004,0.000007,0.0850
0.000000,0.000000,0.000000,0.000000,0.000113,0.000045,-0.004501,0.000000,0.000000,0.000004,0.000007,0.0410
0.000000,0.000000,0.000000,0.000000,-0.000631,0.000401,-0.004386,0.000000,0.000000,0.000004,0.000007,0.0400
0.000000,0.000000,0.000000,0.000000,-0.000359,0.000278,-0.005459,0.000000,0.000000,0.000008,0.000008,0.0420
0.000000,0.000000,0.000000,0.000000,0.000003,-0.000279,-0.015611,0.000000,0.000000,0.000014,0.000010,0.6150
0.000000,0.000000,0.000000,0.000000,-0.000223,-0.001001,-0.012100,0.000000,0.000000,0.000014,0.000011,0.4780
0.000000,0.000000,0.000000,0.000000,0.001104,-0.000352,-0.013022,0.000000,0.000000,0.000014,0.000012,0.1460
0.000000,0.000000,0.000000,0.000000,0.000777,0.000062,-0.013175,0.000000,0.000000,0.000014,0.000012,0.0450
0.000000,0.000000,0.000000,0.000000,-0.000045,0.000672,-0.017665,0.000000,0.000000,0.000013,0.000013,0.0930
0.000000,0.000000,0.000000,0.000000,-0.000309,0.000806,-0.019245,0.000000,0.000000,0.000012,0.000013,0.7060
0.000000,0.000000,0.000000,0.000000,0.000174,-0.000458,-0.018619,0.000000,0.000000,0.000012,0.000013,0.3080
0.000000,0.000000,0.000000,0.000000,-0.000284,0.000387,-0.023130,0.000000,0.000000,0.000012,0.000013,0.1550
0.000000,0.000000,0.000000,0.000000,-0.000246,-0.000140,-0.023748,0.000000,0.000000,0.000012,0.000013,0.0400
0.000000,0.000000,0.000000,0.000000,0.001038,0.000258,-0.024108,0.000000,0.000000,0.000012,0.000012,0.0410
0.000000,0.000000,0.000000,0.000000,0.000592,0.000318,-0.026869,0.000000,0.000000,0.000011,0.000012,0.1480
0.000000,0.000000,0.000000,0.000000,-0.000223,-0.000312,-0.027800,0.000000,0.000000,0.000011,0.000012,0.0770
0.000000,0.000000,0.000000,0.000000,0.000730,0.000022,-0.027177,0.000000,0.000000,0.000011,0.000012,0.1100
0.000000,0.000000,0.000000,0.000000,0.000914,0.001411,-0.028197,0.000000,0.000000,0.000010,0.000011,0.0740
0.000000,0.000000,0.000000,0.000000,-0.000180,-0.000660,-0.028829,0.000000,0.000000,0.000010,0.000011,0.1430
0.000000,0.000000,0.000000,0.000000,-0.000958,0.000057,-0.029921,0.000000,0.000000,0.000010,0.000011,0.1250
0.000000,0.000000,0.000000,0.000000,-0.001066,0.000029,-0.030386,0.000000,0.000000,0.000009,0.000011,0.0800
0.000000,0.000000,0.000000,0.000000,-0.000075,0.000022,-0.031714,0.000000,0.000000,0.000009,0.000011,0.0650
0.000000,0.000000,0.000000,0.000000,-0.000462,0.000986,-0.036526,0.000000,0.000000,0.000009,0.000011,0.1790
0.000000,0.000000,0.000000,0.000000,0.000063,0.000838,-0.036324,0.000000,0.000000,0.000009,0.000011,0.0600
0.000000,0.000000,0.000000,0.000000,-0.000010,0.000214,-0.036579,0.000000,0.000000,0.000009,0.000011,0.0400
0.000000,0.000000,0.000000,0.000000,0.001842,-0.000291,-0.038692,0.000000,0.000000,0.000009,0.000011,0.1220
0.000000,0.000000,0.000000,0.000000,-0.000335,-0.000274,-0.037640,0.000000,0.000000,0.000009,0.000011,0.1310
0.000000,0.000000,0.000000,0.000000,0.000359,-0.001023,-0.038091,0.000000,0.000000,0.000009,0.000011,0.0640
0.000000,0.000000,0.000000,0.000000,-0.000101,0.000004,-0.039874,0.000000,0.000000,0.000010,0.000011,0.2070
0.000000,0.000000,0.000000,0.000000,-0.000268,0.000033,-0.039462,0.000000,0.000000,0.000010,0.000011,0.1760
0.000000,0.000000,0.000000,0.000000,0.000098,-0.000058,-0.040617,0.000000,0.000000,0.000012,0.000011,0.3100
0.000000,0.000000,0.000000,0.000000,-0.000727,0.000125,-0.044241,0.000000,0.000000,0.000012,0.000011,0.2100
0.000000,0.000000,0.000000,0.000000,0.001853,-0.000300,-0.045489,0.000000,0.000000,0.000012,0.000011,0.0410
0.000000,0.000000,0.000000,0.000000,0.000090,0.000269,-0.046219,0.000000,0.000000,0.000012,0.000011,0.0400
0.000000,0.000000,0.000000,0.000000,0.000098,-0.001012,-0.045869,0.000000,0.000000,0.000012,0.000011,0.0400
0.000000,0.000000,0.000000,0.000000,0.003328,-0.006459,-0.045905,0.000000,0.000000,-0.000003,0.000000,0.0610
0.000000,0.000000,0.000000,0.000000,0.000741,-0.000866,-0.046375,0.000000,0.000000,-0.000001,0.000002,0.0430
0.000000,0.000000,0.000000,0.000000,0.000106,0.000183,-0.046474,0.000000,0.000000,-0.000003,-0.000000,0.0540
0.000000,0.000000,0.000000,0.000000,-0.000393,-0.001150,-0.046861,0.000000,0.000000,-0.000004,-0.000000,0.0670
0.000000,0.000000,0.000000,0.000000,0.002239,-0.000200,-0.049474,0.000000,0.000000,-0.000008,-0.000004,0.1560
0.000000,0.000000,0.000000,0.000000,0.000523,0.000679,-0.049026,0.000000,0.000000,-0.000014,-0.000008,0.3300
0.000000,0.000000,0.000000,0.000000,0.000838,0.000938,-0.046128,0.000000,0.000000,-0.000016,-0.000010,0.2330
0.000000,0.000000,0.000000,0.000000,-0.000776,-0.000351,-0.046323,0.000000,0.000000,-0.000017,-0.000011,0.1070
0.000000,0.000000,0.000000,0.000000,0.001621,-0.000927,-0.046657,0.000000,0.000000,-0.000018,-0.000012,0.1950
0.000000,0.000000,0.000000,0.000000,-0.005387,0.002233,-0.040165,0.000000,0.000000,-0.000019,-0.000013,0.1100
0.000000,0.000000,0.000000,0.000000,-0.153944,0.004767,-0.032331,0.000000,0.000000,-0.000021,-0.000013,0.0450
0.000000,0.000000,0.000000,0.000000,-0.191876,-0.011572,-0.016260,0.000000,0.000000,0.000033,-0.000004,0.1850
0.000000,0.000000,0.000000,0.000000,-0.241278,0.048945,-0.009268,0.000000,0.000000,0.000035,-0.000008,0.2430
0.000000,0.000000,0.000000,0.000000,0.148853,-0.152774,-0.005622,0.000000,0.000000,-0.000020,-0.000011,0.2710
0.000000,0.000000,0.000000,0.000000,-0.208760,-0.025715,-0.007741,0.000000,0.000000,-0.000173,0.000020,0.3930
0.000000,0.000000,0.000000,0.000000,0.128629,-0.050345,-0.008943,0.000000,0.000000,-0.000226,0.000027,0.0790
0.000000,0.000000,0.000000,0.000000,-0.174795,0.122441,-0.003277,0.000000,0.000000,-0.000256,0.000023,0.0710
0.000000,0.000000,0.000000,0.000000,-0.119990,0.027032,0.004663,0.000000,0.000000,-0.000205,0.000015,0.0410
0.000000,0.000000,0.000000,0.000000,0.382516,-0.075307,0.085313,0.000000,0.000000,-0.000537,0.000034,0.2840
0.000000,0.000000,0.000000,0.000000,0.343164,-0.019110,0.141311,0.000000,0.000000,-0.000579,0.000028,0.0880
0.000000,0.000000,0.000000,0.000000,0.063275,0.154695,0.294813,0.000000,0.000000,-0.000640,0.000033,0.1780
0.000000,0.000000,0.000000,0.000000,0.855795,0.117684,2.992315,0.000000,0.000000,-0.003588,0.000801,0.4950
0.000000,0.000000,0.000000,0.000000,1.039188,0.119771,3.349390,0.000000,0.000000,-0.003833,0.000909,0.0950
0.000000,0.000000,0.000000,0.000000,0.856950,0.553337,3.665876,0.000000,0.000000,-0.003876,0.000886,0.0400
0.000000,0.000000,0.000000,0.000000,1.603927,0.109213,4.156291,0.000000,0.000000,-0.003889,0.001085,0.0710
0.000000,0.000000,0.000000,0.000000,2.164439,-0.367612,4.333646,0.000000,0.000000,-0.003797,0.001296,0.0480
0.000000,0.000000,0.000000,0.000000,0.795902,-0.886977,4.827515,0.000000,0.000000,0.000459,-0.000069,0.2530
0.000000,0.000000,0.000000,0.000000,0.785553,0.097066,-5.459256,0.000000,0.000000,0.004841,-0.008839,0.6470
0.000000,0.000000,0.000000,0.000000,-0.962868,0.882891,-14.412505,0.000000,0.000000,0.006364,-0.009244,0.3830
0.000000,0.000000,0.000000,0.000000,-1.486815,1.245414,-16.761524,0.000000,0.000000,0.006522,-0.008954,0.0540
0.000000,0.000000,0.000000,0.000000,-1.164127,0.786274,-20.171541,0.000000,0.000000,0.006179,-0.008405,0.0830
0.000000,0.000000,0.000000,0.000000,-0.768834,0.410524,-34.337311,0.000000,0.000000,0.001268,-0.004154,0.4150
0.000000,0.000000,0.000000,0.000000,0.564630,0.121154,-51.978058,0.000000,0.000000,-0.004676,0.003634,0.5800
0.000000,0.000000,0.000000,0.000000,1.462131,-0.712855,-53.986118,0.000000,0.000000,-0.004632,0.004286,0.1110
0.000000,0.000000,0.000000,0.000000,2.081622,0.492072,-57.674629,0.000000,0.000000,-0.004021,0.004663,0.1220
0.000000,0.000000,0.000000,0.000000,2.681686,0.183169,-58.759510,0.000000,0.000000,-0.004480,0.004518,0.0410
0.000000,0.000000,0.000000,0.000000,2.269607,0.174062,-65.709885,0.000000,0.000000,0.015232,0.006960,0.3770
0.000000,0.000000,0.000000,0.000000,0.496942,-0.450536,-80.176537,0.000000,0.000000,0.045311,0.011131,0.7280
0.000000,0.000000,0.000000,0.000000,-0.386446,-0.555126,-81.098358,0.000000,0.000000,0.046473,0.011265,0.0470
0.000000,0.000000,0.000000,0.000000,-1.541621,-0.512185,-82.929001,0.000000,0.000000,0.049692,0.011210,0.1030
0.000000,0.000000,0.000000,0.000000,-1.996291,-1.061837,-83.561974,0.000000,0.000000,0.050718,0.011123,0.0460
0.000000,0.000000,0.000000,0.000000,-1.783275,-0.871426,-84.291496,0.000000,0.000000,0.050602,0.011141,0.0400
0.000000,0.000000,0.000000,0.000000,0.853836,0.097708,-81.475578,0.000000,0.000000,0.050249,0.004233,0.5200
0.000000,0.000000,0.000000,0.000000,1.943303,-0.900829,-81.242630,0.000000,0.000000,0.055215,-0.003120,0.5860
0.000000,0.000000,0.000000,0.000000,1.569706,-0.708777,-81.395828,0.000000,0.000000,0.058868,-0.005023,0.1500
0.000000,0.000000,0.000000,0.000000,1.586077,-0.694313,-81.401192,0.000000,0.000000,0.058900,-0.005093,0.0400
0.000000,0.000000,0.000000,0.000000,1.741681,-0.318061,-81.386551,0.000000,0.000000,0.055796,-0.003816,0.0400
0.000000,0.000000,0.000000,0.000000,0.286520,-0.184856,-81.429741,0.000000,0.000000,0.076938,-0.012786,0.2090
0.000000,0.000000,0.000000,0.000000,-0.869677,0.621911,-82.291534,0.000000,0.000000,0.080856,-0.015895,0.4550
0.000000,0.000000,0.000000,0.000000,-0.593587,0.415930,-82.398880,0.000000,0.000000,0.080614,-0.015867,0.0520
0.000000,0.000000,0.000000,0.000000,-0.745286,0.095417,-82.516891,0.000000,0.000000,0.080615,-0.016060,0.0750
0.000000,0.000000,0.000000,0.000000,-0.800859,0.171624,-82.621490,0.000000,0.000000,0.080487,-0.016216,0.0810
0.000000,0.000000,0.000000,0.000000,-0.914907,0.081247,-82.711121,0.000000,0.000000,0.080081,-0.016051,0.0450
0.000000,0.000000,0.000000,0.000000,-0.325396,0.409927,-82.804344,0.000000,0.000000,0.079461,-0.015985,0.1140
0.000000,0.000000,0.000000,0.000000,-0.349834,-0.193804,-82.833939,0.000000,0.000000,0.079357,-0.015988,0.0410
0.000000,0.000000,0.000000,0.000000,-0.621077,-0.254601,-82.870399,0.000000,0.000000,0.079437,-0.015981,0.0400
0.000000,0.000000,0.000000,0.000000,-0.707557,0.254655,-82.913162,0.000000,0.000000,0.077664,-0.015683,0.0720
0.000000,0.000000,0.000000,0.000000,-0.428461,1.068156,-82.902763,0.000000,0.000000,0.077069,-0.015546,0.0780
0.000000,0.000000,0.000000,0.000000,-0.655826,0.417607,-82.883659,0.000000,0.000000,0.077260,-0.015727,0.0410
0.000000,0.000000,0.000000,0.000000,-0.257212,0.592918,-82.828346,0.000000,0.000000,0.076310,-0.015362,0.0870
0.000000,0.000000,0.000000,0.000000,-0.663415,0.523591,-82.294319,0.000000,0.000000,0.066138,-0.009067,0.6620
0.000000,0.000000,0.000000,0.000000,-0.871857,0.050532,-82.761833,0.000000,0.000000,0.060849,-0.005431,0.3190
0.000000,0.000000,0.000000,0.000000,-1.087915,0.363055,-82.839714,0.000000,0.000000,0.060768,-0.005441,0.0440
0.000000,0.000000,0.000000,0.000000,-0.967186,-0.077772,-82.958443,0.000000,0.000000,0.059763,-0.004968,0.0670
0.000000,0.000000,0.000000,0.000000,-0.852690,0.840090,-83.104401,0.000000,0.000000,0.059644,-0.005000,0.0780
0.000000,0.000000,0.000000,0.000000,-0.845498,-0.153170,-83.246078,0.000000,0.000000,0.060330,-0.005359,0.0730
0.000000,0.000000,0.000000,0.000000,-0.767315,0.535198,-83.348267,0.000000,0.000000,0.050785,-0.001172,0.0420
0.000000,0.000000,0.000000,0.000000,-0.358376,0.281266,-83.455872,0.000000,0.000000,0.049159,-0.000564,0.0960
0.000000,0.000000,0.000000,0.000000,-0.025948,-0.052989,-83.556503,0.000000,0.000000,0.048342,-0.000297,0.0780
0.000000,0.000000,0.000000,0.000000,-0.306053,0.297183,-84.622490,0.000000,0.000000,0.043034,0.002810,0.4030
0.000000,0.000000,0.000000,0.000000,-0.330002,0.365482,-87.477173,0.000000,0.000000,0.036564,0.007203,0.5920
0.000000,0.000000,0.000000,0.000000,-0.292579,0.221079,-87.599319,0.000000,0.000000,0.036080,0.007429,0.0730
0.000000,0.000000,0.000000,0.000000,-0.123600,0.431193,-87.768906,0.000000,0.000000,0.035477,0.007707,0.0870
0.000000,0.000000,0.000000,0.000000,-0.119280,0.855223,-87.856331,0.000000,0.000000,0.036296,0.007057,0.0400
0.000000,0.000000,0.000000,0.000000,-0.152178,0.161381,-87.868797,0.000000,0.000000,0.036358,0.007000,0.0400
0.000000,0.000000,0.000000,0.000000,-0.152136,0.161722,-87.947464,0.000000,0.000000,0.013160,0.028269,0.0450
0.000000,0.000000,0.000000,0.000000,0.312725,0.597111,-87.812752,0.000000,0.000000,0.018612,0.018684,0.0700
0.000000,0.000000,0.000000,0.000000,4.995635,1.506263,-83.910538,0.000000,0.000000,0.008435,-0.000056,0.7110
0.000000,0.000000,0.000000,0.000000,4.114110,1.054920,-84.273590,0.000000,0.000000,0.000685,-0.004625,0.0410
0.000000,0.000000,0.000000,0.000000,4.909683,1.324451,-84.595650,0.000000,0.000000,-0.009935,-0.010604,0.0410
0.000000,0.000000,0.000000,0.000000,4.598540,1.027842,-84.893509,0.000000,0.000000,0.029514,0.011168,0.1170
0.000000,0.000000,0.000000,0.000000,3.819577,0.913520,-85.520836,0.000000,0.000000,0.016618,0.005915,0.2640
0.000000,0.000000,0.000000,0.000000,0.173470,-0.884131,-87.305511,0.000000,0.000000,0.013084,0.004756,0.3060
0.000000,0.000000,0.000000,0.000000,3.199244,-3.679756,-87.641052,0.000000,0.000000,0.002132,0.001755,0.0400
0.000000,0.000000,0.000000,0.000000,18.155958,-20.327492,-88.781746,0.000000,0.000000,-0.000779,0.001824,0.0400
0.000000,0.000000,0.000000,0.000000,18.155958,-20.327492,-88.781746,0.000000,0.000000,-0.000779,0.001824,0.0400
0.000000,0.000000,0.000000,0.000000,18.155958,-20.327492,-88.781746,0.000000,0.000000,-0.000779,0.001824,0.0400
0.000000,0.000000,0.000000,0.000000,18.155958,-20.327492,-88.781746,0.000000,0.000000,-0.000779,0.001824,0.0400
0.000000,0.000000,0.000000,0.000000,18.155958,-20.327492,-88.781746,0.000000,0.000000,-0.000779,0.001824,0.0400
0.000000,0.000000,0.000000,0.000000,18.155958,-20.327492,-88.781746,0.000000,0.000000,-0.000779,0.001824,0.0400
0.000000,0.000000,0.000000,0.000000,16.628585,-17.289511,-95.004929,0.000000,0.000000,0.774961,-0.106104,0.0400
0.000000,0.000000,0.000000,0.000000,25.034999,-21.286348,-97.173027,0.000000,0.000000,0.426697,0.015850,0.0410
0.000000,0.000000,0.000000,0.000000,2.281760,-0.847519,-100.594086,0.000000,0.000000,0.260339,0.100994,0.0400
0.000000,0.000000,0.000000,0.000000,6.338268,-4.339932,-101.598587,0.000000,0.000000,0.244160,0.109616,0.0400
0.000000,0.000000,0.000000,0.000000,6.338268,-4.339932,-101.598587,0.000000,0.000000,0.244160,0.109616,0.0400
0.000000,0.000000,0.000000,0.000000,6.338268,-4.339932,-101.598587,0.000000,0.000000,0.244160,0.109616,0.0400
0.000000,0.000000,0.000000,0.000000,6.338268,-4.339932,-101.598587,0.000000,0.000000,0.244160,0.109616,0.0400
0.000000,0.000000,0.000000,0.000000,6.338268,-4.339932,-101.598587,0.000000,0.000000,0.244160,0.109616,0.0400
0.000000,0.000000,0.000000,0.000000,6.338268,-4.339932,-101.598587,0.000000,0.000000,0.244160,0.109616,0.0400
0.000000,0.000000,0.000000,0.000000,6.545116,-4.178572,-90.847229,0.000000,0.000000,0.683665,0.031644,0.0400
0.000000,0.000000,0.000000,0.000000,6.776476,-5.935599,-86.963341,0.000000,0.000000,0.307836,0.004968,0.0750
0.000000,0.000000,0.000000,0.000000,-0.786238,1.759098,-94.056549,0.000000,0.000000,0.096695,0.073695,0.1800
0.000000,0.000000,0.000000,0.000000,10.435501,1.455653,-106.931488,0.000000,0.000000,-0.085439,0.044781,0.3670
0.000000,0.000000,0.000000,0.000000,10.407556,1.454827,-106.860123,0.000000,0.000000,-0.141028,0.036188,0.0930
0.000000,0.000000,0.000000,0.000000,10.409468,1.417760,-106.857697,0.000000,0.000000,-0.189340,0.028776,0.0830
0.000000,0.000000,0.000000,0.000000,10.404985,1.548447,-106.741554,0.000000,0.000000,-0.237100,0.021463,0.0900
0.000000,0.000000,0.000000,0.000000,10.406877,1.507957,-106.632866,0.000000,0.000000,-0.280587,0.014855,0.0820
0.000000,0.000000,0.000000,0.000000,10.491943,1.499303,-106.578537,0.000000,0.000000,-0.325951,0.008138,0.0400
0.000000,0.000000,0.000000,0.000000,10.621361,1.868062,-106.574707,0.000000,0.000000,-0.225802,0.022632,0.0410
0.000000,0.000000,0.000000,0.000000,10.433593,1.203330,-106.517555,0.000000,0.000000,-0.248813,0.019169,0.0420
0.000000,0.000000,0.000000,0.000000,10.389671,1.400411,-106.469879,0.000000,0.000000,-0.297743,0.011914,0.0400
0.000000,0.000000,0.000000,0.000000,10.428296,1.573939,-106.444267,0.000000,0.000000,-0.317475,0.008988,0.0400
0.000000,0.000000,0.000000,0.000000,10.432850,1.528723,-106.292015,0.000000,0.000000,-0.022114,0.051671,0.0540
0.000000,0.000000,0.000000,0.000000,10.413428,1.498565,-106.202576,0.000000,0.000000,-0.105112,0.039516,0.0690
0.000000,0.000000,0.000000,0.000000,10.422003,1.458411,-106.110176,0.000000,0.000000,-0.156337,0.031957,0.0650
0.000000,0.000000,0.000000,0.000000,10.414742,1.500746,-106.046379,0.000000,0.000000,-0.201089,0.025380,0.0440
0.000000,0.000000,0.000000,0.000000,10.429171,1.500682,-105.948982,0.000000,0.000000,-0.226519,0.021534,0.0690
0.000000,0.000000,0.000000,0.000000,10.444303,1.498176,-105.879616,0.000000,0.000000,-0.267782,0.015450,0.0400
0.000000,0.000000,0.000000,0.000000,10.444909,1.500404,-105.788361,0.000000,0.000000,-0.230526,0.020670,0.0500
0.000000,0.000000,0.000000,0.000000,10.437750,1.504590,-105.713982,0.000000,0.000000,-0.250437,0.017666,0.0600
0.000000,0.000000,0.000000,0.000000,10.438004,1.500292,-105.545403,0.000000,0.000000,-0.289475,0.011742,0.1120
0.000000,0.000000,0.000000,0.000000,10.449590,1.501320,-105.422417,0.000000,0.000000,-0.315314,0.007798,0.0700
0.000000,0.000000,0.000000,0.000000,10.460861,1.495943,-105.324104,0.000000,0.000000,-0.326091,0.006069,0.0810
0.000000,0.000000,0.000000,0.000000,10.459434,1.496940,-105.210617,0.000000,0.000000,-0.339196,0.003984,0.0750
0.000000,0.000000,0.000000,0.000000,10.469504,1.497080,-105.144318,0.000000,0.000000,-0.357266,0.001266,0.0410
0.000000,0.000000,0.000000,0.000000,10.464976,1.503285,-105.032501,0.000000,0.000000,-0.359753,0.000712,0.0740
0.000000,0.000000,0.000000,0.000000,10.460222,1.502255,-104.957565,0.000000,0.000000,-0.373061,-0.001333,0.0470
0.000000,0.000000,0.000000,0.000000,10.459575,1.502116,-104.898338,0.000000,0.000000,-0.379363,-0.002343,0.0410
0.000000,0.000000,0.000000,0.000000,10.456013,1.500361,-104.825600,0.000000,0.000000,-0.401472,-0.005649,0.0410
0.000000,0.000000,0.000000,0.000000,10.459934,1.497095,-104.789879,0.000000,0.000000,-0.420333,-0.008425,0.0400
0.000000,0.000000,0.000000,0.000000,10.459553,1.496750,-104.666328,0.000000,0.000000,-0.118860,0.034732,0.0410
0.000000,0.000000,0.000000,0.000000,10.470381,1.489161,-104.580460,0.000000,0.000000,-0.152538,0.029765,0.0630
0.000000,0.000000,0.000000,0.000000,10.460324,1.497946,-104.493729,0.000000,0.000000,-0.186362,0.024768,0.0570
0.000000,0.000000,0.000000,0.000000,10.465811,1.494164,-104.428833,0.000000,0.000000,-0.206558,0.021765,0.0410
0.000000,0.000000,0.000000,0.000000,10.458939,1.494225,-104.347923,0.000000,0.000000,-0.252819,0.014991,0.0400
0.000000,0.000000,0.000000,0.000000,10.458179,1.493593,-104.255150,0.000000,0.000000,-0.166233,0.027288,0.0560
0.000000,0.000000,0.000000,0.000000,10.453581,1.499622,-104.189064,0.000000,0.000000,-0.186643,0.024257,0.0440
0.000000,0.000000,0.000000,0.000000,10.447765,1.494479,-104.114548,0.000000,0.000000,-0.213143,0.020337,0.0450
0.000000,0.000000,0.000000,0.000000,10.455050,1.493136,-103.497154,0.000000,0.000000,-0.259594,0.012731,0.3300
0.000000,0.000000,0.000000,0.000000,10.449704,1.480476,-102.986526,0.000000,0.000000,-0.247102,0.013752,0.3500
0.000000,0.000000,0.000000,0.000000,10.438319,1.486890,-102.768051,0.000000,0.000000,-0.240679,0.014353,0.1300
0.000000,0.000000,0.000000,0.000000,10.438490,1.484861,-102.649223,0.000000,0.000000,-0.254964,0.012138,0.0690
0.000000,0.000000,0.000000,0.000000,10.434007,1.486783,-102.582047,0.000000,0.000000,-0.270208,0.009862,0.0410
0.000000,0.000000,0.000000,0.000000,10.431505,1.488101,-102.424797,0.000000,0.000000,-0.277464,0.008592,0.0910
0.000000,0.000000,0.000000,0.000000,10.422552,1.486810,-102.234039,0.000000,0.000000,-0.267931,0.009691,0.1070
0.000000,0.000000,0.000000,0.000000,10.428727,1.488451,-102.150711,0.000000,0.000000,-0.263205,0.010248,0.0490
0.000000,0.000000,0.000000,0.000000,10.419246,1.482314,-102.039719,0.000000,0.000000,-0.264607,0.009890,0.0570
0.000000,0.000000,0.000000,0.000000,10.410373,1.481977,-101.453766,0.000000,0.000000,-0.174647,0.021924,0.2770
0.000000,0.000000,0.000000,0.000000,10.384165,1.476659,-101.069984,0.000000,0.000000,-0.136404,0.026895,0.2700
0.000000,0.000000,0.000000,0.000000,10.365115,1.474460,-100.743805,0.000000,0.000000,-0.095343,0.032345,0.1770
0.000000,0.000000,0.000000,0.000000,10.351333,1.470359,-100.524620,0.000000,0.000000,-0.074104,0.035094,0.1030
0.000000,0.000000,0.000000,0.000000,10.333249,1.466927,-100.263374,0.000000,0.000000,-0.030011,0.041059,0.1570
0.000000,0.000000,0.000000,0.000000,10.328097,1.468991,-100.185600,0.000000,0.000000,-0.019394,0.042471,0.0430
0.000000,0.000000,0.000000,0.000000,10.324244,1.467023,-100.071907,0.000000,0.000000,-0.044959,0.038696,0.0400
0.000000,0.000000,0.000000,0.000000,10.311962,1.456118,-99.838615,0.000000,0.000000,0.018155,0.047412,0.1210
0.000000,0.000000,0.000000,0.000000,10.309565,1.461629,-99.762245,0.000000,0.000000,0.015426,0.046933,0.0410
0.000000,0.000000,0.000000,0.000000,10.310286,1.460889,-99.666725,0.000000,0.000000,-0.005969,0.043772,0.0400
0.000000,0.000000,0.000000,0.000000,10.271649,1.454550,-99.167946,0.000000,0.000000,0.191045,0.071251,0.2460
0.000000,0.000000,0.000000,0.000000,10.258689,1.456034,-99.098724,0.000000,0.000000,0.133840,0.063041,0.0450
0.000000,0.000000,0.000000,0.000000,10.255679,1.452351,-99.009529,0.000000,0.000000,0.038690,0.049396,0.0400
0.000000,0.000000,0.000000,0.000000,10.244312,1.451423,-98.904945,0.000000,0.000000,-0.053717,0.036125,0.0400
0.000000,0.000000,0.000000,0.000000,10.247346,1.453071,-98.799309,0.000000,0.000000,-0.134476,0.024511,0.0400
0.000000,0.000000,0.000000,0.000000,10.246514,1.453156,-98.690186,0.000000,0.000000,-0.218431,0.012436,0.0400
0.000000,0.000000,0.000000,0.000000,10.232499,1.452223,-98.604225,0.000000,0.000000,-0.269779,0.005027,0.0400
0.000000,0.000000,0.000000,0.000000,10.221885,1.448204,-98.502899,0.000000,0.000000,-0.320531,-0.002314,0.0400
0.000000,0.000000,0.000000,0.000000,10.215309,1.454549,-98.407150,0.000000,0.000000,-0.366490,-0.008970,0.0400
0.000000,0.000000,0.000000,0.000000,10.213318,1.449911,-98.309128,0.000000,0.000000,-0.413495,-0.015779,0.0400
0.000000,0.000000,0.000000,0.000000,10.213102,1.445787,-98.211662,0.000000,0.000000,-0.450334,-0.021139,0.0400
0.000000,0.000000,0.000000,0.000000,10.197504,1.451573,-98.103485,0.000000,0.000000,-0.479769,-0.025462,0.0400
0.000000,0.000000,0.000000,0.000000,10.190708,1.446825,-98.020134,0.000000,0.000000,-0.512949,-0.030288,0.0400
0.000000,0.000000,0.000000,0.000000,10.180256,1.445482,-97.907921,0.000000,0.000000,-0.545211,-0.035020,0.0400
0.000000,0.000000,0.000000,0.000000,10.169770,1.445308,-97.807480,0.000000,0.000000,-0.566351,-0.038154,0.0400
0.000000,0.000000,0.000000,0.000000,10.166414,1.442844,-97.687897,0.000000,0.000000,-0.594650,-0.042331,0.0400
0.000000,0.000000,0.000000,0.000000,10.156119,1.434096,-97.587936,0.000000,0.000000,-0.616414,-0.045551,0.0400
0.000000,0.000000,0.000000,0.000000,10.153081,1.436863,-97.488625,0.000000,0.000000,-0.630689,-0.047703,0.0400
0.000000,0.000000,0.000000,0.000000,10.147120,1.428354,-97.401001,0.000000,0.000000,-0.637214,-0.048736,0.0410
0.000000,0.000000,0.000000,0.000000,10.134293,1.427872,-97.302383,0.000000,0.000000,-0.648030,-0.050395,0.0400
0.000000,0.000000,0.000000,0.000000,10.130758,1.430802,-97.195221,0.000000,0.000000,-0.657691,-0.051901,0.0400
0.000000,0.000000,0.000000,0.000000,10.113786,1.427962,-97.093094,0.000000,0.000000,-0.662741,-0.052745,0.0400
0.000000,0.000000,0.000000,0.000000,10.117495,1.429893,-96.999191,0.000000,0.000000,-0.670404,-0.053949,0.0400
0.000000,0.000000,0.000000,0.000000,10.110071,1.424581,-96.908928,0.000000,0.000000,-0.679025,-0.055284,0.0400
0.000000,0.000000,0.000000,0.000000,10.090010,1.421830,-96.804100,0.000000,0.000000,-0.679549,-0.055484,0.0400
0.000000,0.000000,0.000000,0.000000,10.087422,1.419613,-96.703629,0.000000,0.000000,-0.681186,-0.055836,0.0400
0.000000,0.000000,0.000000,0.000000,10.077464,1.425384,-96.600060,0.000000,0.000000,-0.679331,-0.055698,0.0400
0.000000,0.000000,0.000000,0.000000,10.061649,1.423659,-96.477264,0.000000,0.000000,-0.671119,-0.054680,0.0400
0.000000,0.000000,0.000000,0.000000,10.053553,1.422635,-96.377434,0.000000,0.000000,-0.669576,-0.054581,0.0400
0.000000,0.000000,0.000000,0.000000,10.043104,1.418048,-96.263618,0.000000,0.000000,-0.659801,-0.053329,0.0400
0.000000,0.000000,0.000000,0.000000,10.044595,1.416679,-96.142906,0.000000,0.000000,-0.651127,-0.052240,0.0400
0.000000,0.000000,0.000000,0.000000,10.031497,1.421348,-96.021149,0.000000,0.000000,-0.646088,-0.051669,0.0400
0.000000,0.000000,0.000000,0.000000,10.017521,1.415528,-95.925545,0.000000,0.000000,-0.639580,-0.050857,0.0400
0.000000,0.000000,0.000000,0.000000,10.004806,1.418592,-95.815765,0.000000,0.000000,-0.628938,-0.049476,0.0400
0.000000,0.000000,0.000000,0.000000,9.980548,1.418704,-95.713593,0.000000,0.000000,-0.622865,-0.048732,0.0400
0.000000,0.000000,0.000000,0.000000,9.982466,1.406437,-95.593132,0.000000,0.000000,-0.621333,-0.048654,0.0400
0.000000,0.000000,0.000000,0.000000,9.970869,1.407254,-95.491356,0.000000,0.000000,-0.613777,-0.047699,0.0400
0.000000,0.000000,0.000000,0.000000,9.967132,1.402466,-95.384598,0.000000,0.000000,-0.602896,-0.046278,0.0400
0.000000,0.000000,0.000000,0.000000,9.962215,1.404209,-95.292831,0.000000,0.000000,-0.591053,-0.044701,0.0400
0.000000,0.000000,0.000000,0.000000,9.943975,1.403959,-95.178047,0.000000,0.000000,-0.580875,-0.043387,0.0400
0.000000,0.000000,0.000000,0.000000,9.925167,1.399834,-95.059448,0.000000,0.000000,-0.574494,-0.042612,0.0400
0.000000,0.000000,0.000000,0.000000,9.914712,1.403170,-94.944572,0.000000,0.000000,-0.558777,-0.040509,0.0400
0.000000,0.000000,0.000000,0.000000,9.913362,1.401507,-94.822983,0.000000,0.000000,-0.548447,-0.039179,0.0400
0.000000,0.000000,0.000000,0.000000,9.900482,1.397589,-94.705406,0.000000,0.000000,-0.540265,-0.038148,0.0400
0.000000,0.000000,0.000000,0.000000,9.885442,1.388065,-94.591064,0.000000,0.000000,-0.531471,-0.037030,0.0400
0.000000,0.000000,0.000000,0.000000,9.876104,1.388262,-94.481712,0.000000,0.000000,-0.516727,-0.035060,0.0400
0.000000,0.000000,0.000000,0.000000,9.855157,1.389113,-94.372650,0.000000,0.000000,-0.501775,-0.033060,0.0410
0.000000,0.000000,0.000000,0.000000,9.857092,1.389530,-94.276695,0.000000,0.000000,-0.483989,-0.030646,0.0400
0.000000,0.000000,0.000000,0.000000,9.847157,1.389777,-94.176155,0.000000,0.000000,-0.474730,-0.029442,0.0400
0.000000,0.000000,0.000000,0.000000,9.832383,1.380299,-94.064201,0.000000,0.000000,-0.463588,-0.027983,0.0400
0.000000,0.000000,0.000000,0.000000,9.819419,1.380309,-93.968872,0.000000,0.000000,-0.452360,-0.026494,0.0410
0.000000,0.000000,0.000000,0.000000,9.808249,1.382363,-93.855186,0.000000,0.000000,-0.440656,-0.024956,0.0400
0.000000,0.000000,0.000000,0.000000,9.802464,1.373997,-93.743134,0.000000,0.000000,-0.424703,-0.022814,0.0400
0.000000,0.000000,0.000000,0.000000,9.784188,1.375823,-93.612015,0.000000,0.000000,-0.412507,-0.021224,0.0400
0.000000,0.000000,0.000000,0.000000,9.764504,1.378904,-93.511734,0.000000,0.000000,-0.397983,-0.019274,0.0400
0.000000,0.000000,0.000000,0.000000,9.752848,1.374693,-93.418678,0.000000,0.000000,-0.381971,-0.017105,0.0410
0.000000,0.000000,0.000000,0.000000,9.758164,1.372326,-93.316338,0.000000,0.000000,-0.371408,-0.015716,0.0400
0.000000,0.000000,0.000000,0.000000,9.745144,1.370721,-93.216888,0.000000,0.000000,-0.363675,-0.014721,0.0400
0.000000,0.000000,0.000000,0.000000,9.731660,1.371329,-93.110741,0.000000,0.000000,-0.345580,-0.012270,0.0400
0.000000,0.000000,0.000000,0.000000,9.714686,1.373189,-92.994987,0.000000,0.000000,-0.332826,-0.010581,0.0400
0.000000,0.000000,0.000000,0.000000,9.692413,1.367765,-92.895737,0.000000,0.000000,-0.324589,-0.009515,0.0400
0.000000,0.000000,0.000000,0.000000,9.687894,1.367932,-92.791069,0.000000,0.000000,-0.316217,-0.008429,0.0400
0.000000,0.000000,0.000000,0.000000,9.677601,1.356677,-92.681519,0.000000,0.000000,-0.298723,-0.006067,0.0400
0.000000,0.000000,0.000000,0.000000,9.660458,1.356427,-92.542259,0.000000,0.000000,-0.281797,-0.003809,0.0400
0.000000,0.000000,0.000000,0.000000,9.644946,1.355349,-92.439308,0.000000,0.000000,-0.270048,-0.002250,0.0400
0.000000,0.000000,0.000000,0.000000,9.635410,1.348661,-92.342377,0.000000,0.000000,-0.257090,-0.000514,0.0400
0.000000,0.000000,0.000000,0.000000,9.630893,1.360156,-92.226318,0.000000,0.000000,-0.243559,0.001286,0.0400
0.000000,0.000000,0.000000,0.000000,9.615504,1.357430,-92.114632,0.000000,0.000000,-0.232969,0.002675,0.0400
0.000000,0.000000,0.000000,0.000000,9.608055,1.351358,-91.988396,0.000000,0.000000,-0.213445,0.005314,0.0400
0.000000,0.000000,0.000000,0.000000,9.588173,1.349912,-91.890900,0.000000,0.000000,-0.189405,0.008615,0.0400
0.000000,0.000000,0.000000,0.000000,9.568905,1.345214,-91.781113,0.000000,0.000000,-0.179365,0.009929,0.0400
0.000000,0.000000,0.000000,0.000000,9.552881,1.348575,-91.673973,0.000000,0.000000,-0.160908,0.012434,0.0400
0.000000,0.000000,0.000000,0.000000,9.539014,1.339735,-91.519905,0.000000,0.000000,-0.147228,0.014224,0.0400
0.000000,0.000000,0.000000,0.000000,9.528004,1.335086,-91.425629,0.000000,0.000000,-0.137394,0.015526,0.0410
0.000000,0.000000,0.000000,0.000000,9.515339,1.329782,-91.326508,0.000000,0.000000,-0.124578,0.017244,0.0400
0.000000,0.000000,0.000000,0.000000,9.501466,1.334838,-91.208305,0.000000,0.000000,-0.111150,0.019032,0.0400
0.000000,0.000000,0.000000,0.000000,9.492301,1.333223,-91.086845,0.000000,0.000000,-0.101828,0.020239,0.0400
0.000000,0.000000,0.000000,0.000000,9.476409,1.327170,-90.978958,0.000000,0.000000,-0.090150,0.021791,0.0400
0.000000,0.000000,0.000000,0.000000,9.463384,1.330683,-90.868217,0.000000,0.000000,-0.075475,0.023761,0.0400
0.000000,0.000000,0.000000,0.000000,9.441505,1.326287,-90.775246,0.000000,0.000000,-0.061461,0.025655,0.0400
0.000000,0.000000,0.000000,0.000000,9.423065,1.323485,-90.667709,0.000000,0.000000,-0.049902,0.027190,0.0400
0.000000,0.000000,0.000000,0.000000,9.419581,1.320140,-90.550980,0.000000,0.000000,-0.032523,0.029538,0.0400
0.000000,0.000000,0.000000,0.000000,9.407464,1.317050,-90.425476,0.000000,0.000000,-0.020574,0.031113,0.0400
0.000000,0.000000,0.000000,0.000000,9.384274,1.311253,-90.322708,0.000000,0.000000,-0.011987,0.032235,0.0400
0.000000,0.000000,0.000000,0.000000,9.376655,1.306545,-90.216499,0.000000,0.000000,0.003815,0.034370,0.0400
0.000000,0.000000,0.000000,0.000000,9.365283,1.316817,-90.102287,0.000000,0.000000,0.018423,0.036330,0.0400
0.000000,0.000000,0.000000,0.000000,9.354180,1.316150,-89.991142,0.000000,0.000000,0.026029,0.037307,0.0400
0.000000,0.000000,0.000000,0.000000,9.336116,1.302267,-89.877502,0.000000,0.000000,0.040532,0.039254,0.0400
0.000000,0.000000,0.000000,0.000000,9.318434,1.313038,-89.755028,0.000000,0.000000,0.060702,0.041990,0.0400
0.000000,0.000000,0.000000,0.000000,9.306419,1.305528,-89.635040,0.000000,0.000000,0.073845,0.043740,0.0400
0.000000,0.000000,0.000000,0.000000,9.280730,1.303118,-89.513649,0.000000,0.000000,0.093387,0.046388,0.0400
0.000000,0.000000,0.000000,0.000000,9.272781,1.298841,-89.404419,0.000000,0.000000,0.111017,0.048778,0.0400
0.000000,0.000000,0.000000,0.000000,9.255407,1.295285,-89.295914,0.000000,0.000000,0.121606,0.050179,0.0430
0.000000,0.000000,0.000000,0.000000,9.242816,1.292960,-89.186432,0.000000,0.000000,0.132223,0.051584,0.0400
0.000000,0.000000,0.000000,0.000000,9.224603,1.288048,-89.062981,0.000000,0.000000,0.151319,0.054169,0.0400
0.000000,0.000000,0.000000,0.000000,9.213947,1.291298,-88.957748,0.000000,0.000000,0.158797,0.055137,0.0400
0.000000,0.000000,0.000000,0.000000,9.184515,1.291065,-88.837967,0.000000,0.000000,0.174783,0.057289,0.0400
0.000000,0.000000,0.000000,0.000000,9.177886,1.284737,-88.727371,0.000000,0.000000,0.185142,0.058658,0.0400
0.000000,0.000000,0.000000,0.000000,9.165092,1.285563,-88.607605,0.000000,0.000000,0.201091,0.060805,0.0400
0.000000,0.000000,0.000000,0.000000,9.159923,1.283182,-88.481430,0.000000,0.000000,0.208899,0.061805,0.0400
0.000000,0.000000,0.000000,0.000000,9.137931,1.280665,-88.371368,0.000000,0.000000,0.223176,0.063727,0.0400
0.000000,0.000000,0.000000,0.000000,9.116903,1.275297,-88.262939,0.000000,0.000000,0.237393,0.065641,0.0400
0.000000,0.000000,0.000000,0.000000,9.099887,1.273760,-88.134674,0.000000,0.000000,0.247844,0.067010,0.0400
0.000000,0.000000,0.000000,0.000000,9.082430,1.272729,-88.012962,0.000000,0.000000,0.259608,0.068569,0.0400
0.000000,0.000000,0.000000,0.000000,9.065404,1.268268,-87.906898,0.000000,0.000000,0.266992,0.069525,0.0400
0.000000,0.000000,0.000000,0.000000,9.047780,1.267269,-87.787247,0.000000,0.000000,0.282768,0.071650,0.0400
0.000000,0.000000,0.000000,0.000000,9.028587,1.260104,-87.664970,0.000000,0.000000,0.294521,0.073208,0.0400
0.000000,0.000000,0.000000,0.000000,9.020683,1.261748,-87.536636,0.000000,0.000000,0.309085,0.075157,0.0400
0.000000,0.000000,0.000000,0.000000,8.997794,1.263129,-87.417282,0.000000,0.000000,0.318033,0.076325,0.0400
0.000000,0.000000,0.000000,0.000000,8.973811,1.261952,-87.288002,0.000000,0.000000,0.332468,0.078256,0.0400
0.000000,0.000000,0.000000,0.000000,8.960888,1.252740,-87.166939,0.000000,0.000000,0.347867,0.080330,0.0400
0.000000,0.000000,0.000000,0.000000,8.933158,1.253081,-87.053528,0.000000,0.000000,0.364260,0.082548,0.0400
0.000000,0.000000,0.000000,0.000000,8.921574,1.246485,-86.916565,0.000000,0.000000,0.373264,0.083711,0.0400
0.000000,0.000000,0.000000,0.000000,8.917590,1.242322,-86.794189,0.000000,0.000000,0.384534,0.085203,0.0400
0.000000,0.000000,0.000000,0.000000,8.885958,1.246249,-86.656631,0.000000,0.000000,0.393527,0.086364,0.0400
0.000000,0.000000,0.000000,0.000000,8.871617,1.245319,-86.526855,0.000000,0.000000,0.403962,0.087734,0.0400
0.000000,0.000000,0.000000,0.000000,8.845369,1.238360,-86.413696,0.000000,0.000000,0.414062,0.089071,0.0400
0.000000,0.000000,0.000000,0.000000,8.836433,1.240534,-86.301437,0.000000,0.000000,0.424140,0.090405,0.0400
0.000000,0.000000,0.000000,0.000000,8.821597,1.231364,-86.180435,0.000000,0.000000,0.439566,0.092484,0.0400
0.000000,0.000000,0.000000,0.000000,8.805675,1.231057,-86.044243,0.000000,0.000000,0.452537,0.094207,0.0400
0.000000,0.000000,0.000000,0.000000,8.788837,1.226245,-85.916840,0.000000,0.000000,0.459971,0.095160,0.0400
0.000000,0.000000,0.000000,0.000000,8.761633,1.224662,-85.800995,0.000000,0.000000,0.476337,0.097375,0.0400
0.000000,0.000000,0.000000,0.000000,8.739678,1.217300,-85.689575,0.000000,0.000000,0.486048,0.098659,0.0400
0.000000,0.000000,0.000000,0.000000,8.607944,1.198136,-85.580406,0.000000,0.000000,0.495725,0.099937,0.0400
0.000000,0.000000,0.000000,0.000000,9.074731,1.201811,-85.462959,0.000000,0.000000,0.505238,0.101192,0.0400
0.000000,0.000000,0.000000,0.000000,8.637956,1.159404,-85.479645,0.000000,0.000000,0.517296,0.102794,0.0400
0.000000,0.000000,0.000000,0.000000,8.506271,1.196656,-85.444054,0.000000,0.000000,0.534276,0.105106,0.0400
0.000000,0.000000,0.000000,0.000000,8.683200,1.251460,-85.304733,0.000000,0.000000,0.545001,0.106514,0.0400
0.000000,0.000000,0.000000,0.000000,8.666681,1.223139,-85.177353,0.000000,0.000000,0.554099,0.107716,0.0400
0.000000,0.000000,0.000000,0.000000,8.657049,1.221837,-85.056564,0.000000,0.000000,0.568437,0.109646,0.0400
0.000000,0.000000,0.000000,0.000000,8.335644,1.102178,-84.967537,0.000000,0.000000,0.579960,0.111181,0.0480
0.000000,0.000000,0.000000,0.000000,8.802758,1.411978,-84.862450,0.000000,0.000000,0.587376,0.112132,0.0400
0.000000,0.000000,0.000000,0.000000,8.571648,1.098977,-84.733932,0.000000,0.000000,0.603908,0.114367,0.0400
0.000000,0.000000,0.000000,0.000000,8.393837,1.196033,-84.673759,0.000000,0.000000,0.615024,0.115843,0.0400
0.000000,0.000000,0.000000,0.000000,8.564726,1.093821,-84.553734,0.000000,0.000000,0.623496,0.116953,0.0400
0.000000,0.000000,0.000000,0.000000,8.607777,0.938831,-84.506767,0.000000,0.000000,0.634469,0.118404,0.0400
