-0.000000,0.000000,0.000000,0.000000,0.079391,-0.137411,0.126776,-27.510419,-50.112323,0.000045,-0.000076,0.1840
-0.000000,0.000000,0.000000,0.000000,0.058112,-0.106593,0.124625,-27.510419,-50.112323,0.000236,-0.000407,0.0400
-0.000000,0.000000,0.000000,0.000000,0.040413,-0.066669,0.123271,-27.510419,-50.112323,0.000410,-0.000713,0.0400
0.189871,0.000000,0.036011,0.000000,0.018372,-0.034117,0.121788,-27.510419,-50.112323,0.012208,-0.001101,0.0400
0.189871,0.000000,0.036011,0.000000,0.002574,-0.003717,0.119799,-27.510419,-50.112323,0.033420,-0.001323,0.0400
0.189871,0.000000,0.036011,0.000000,0.000271,-0.001139,0.119577,-27.510419,-50.112323,0.056236,-0.001561,0.0400
0.189871,0.000000,0.036011,0.000000,0.000538,-0.000874,0.120542,-27.510419,-50.112323,0.074344,-0.001742,0.0400
0.189871,0.000000,0.036011,0.000000,-0.000769,0.000846,0.119878,-27.510419,-50.112323,0.087030,-0.001870,0.0400
0.189871,0.000000,0.036011,0.000000,-0.000274,-0.000237,0.117130,-27.510419,-50.112323,0.099470,-0.001965,0.0400
0.189871,0.000000,0.036011,0.000000,0.000512,-0.000000,0.116387,-27.510419,-50.112323,0.108627,-0.002041,0.0400
0.189871,0.000000,0.036011,0.000000,-0.001243,0.004055,0.117079,-27.510419,-50.112323,0.116072,-0.002079,0.0400
0.189871,0.000000,0.036011,0.000000,-0.003120,0.000493,0.118068,-27.510419,-50.112323,0.122928,-0.002121,0.0400
0.189871,0.000000,0.036011,0.000000,-0.000363,-0.000333,0.118425,-27.510419,-50.112323,0.129369,-0.002142,0.0400
0.189871,0.000000,0.036011,0.000000,0.000515,0.000954,0.117909,-27.510419,-50.112323,0.134499,-0.002154,0.0400
0.189871,0.000000,0.036011,0.000000,0.000481,-0.003715,0.117193,-27.510419,-50.112323,0.138566,-0.002155,0.0400
0.189871,0.000000,0.036011,0.000000,0.000680,0.000698,0.116198,-27.510419,-50.112323,0.142525,-0.002159,0.0400
0.189871,0.000000,0.036011,0.000000,-0.002021,-0.004437,0.113969,-27.510419,-50.112323,0.149259,-0.002150,0.0400
0.189871,0.000000,0.036011,0.000000,0.000132,0.000050,0.114861,-27.510419,-50.112323,0.152508,-0.002141,0.0400
0.189871,0.000000,0.036011,0.000000,0.001792,-0.002789,0.116244,-27.510419,-50.112323,0.156211,-0.002123,0.0400
0.189871,0.000000,0.036011,0.000000,0.004170,0.007021,0.117189,-27.510419,-50.112323,0.159413,-0.002110,0.0400
0.189871,0.000000,0.000000,0.000000,0.001460,-0.000951,0.118658,-27.510418,-50.112322,0.162203,-0.002100,0.0400
0.189871,0.000000,0.000000,0.000000,0.000067,0.000183,0.119682,-27.510418,-50.112322,0.163876,-0.002075,0.0400
0.189871,0.000000,0.000000,0.000000,-0.000049,-0.000143,0.120143,-27.510418,-50.112322,0.165633,-0.002055,0.0400
0.189871,0.000000,0.000000,0.000000,0.000244,-0.000013,0.120333,-27.510418,-50.112322,0.167114,-0.002029,0.0400
0.189871,0.000000,0.000000,0.000000,-0.000551,0.000343,0.120106,-27.510418,-50.112322,0.168563,-0.002003,0.0400
0.189871,0.000000,0.000000,0.000000,-0.000071,-0.000225,0.119959,-27.510418,-50.112322,0.169711,-0.001977,0.0400
0.189871,0.000000,0.000000,0.000000,0.000239,-0.000260,0.120918,-27.510418,-50.112322,0.170955,-0.001946,0.0400
0.189871,0.000000,0.000000,0.000000,0.000082,-0.000589,0.121323,-27.510418,-50.112322,0.171819,-0.001923,0.0400
0.189871,0.000000,0.000000,0.000000,0.002108,-0.000590,0.126454,-27.510418,-50.112322,0.173480,-0.001867,0.0400
0.189871,0.000000,0.000000,0.000000,0.001214,-0.000446,0.127650,-27.510418,-50.112322,0.174144,-0.001841,0.0500
0.189871,0.000000,0.000000,0.000000,-0.000107,-0.000058,0.127426,-27.510418,-50.112322,0.174857,-0.001813,0.0400
0.189871,0.000000,0.000000,0.000000,-0.000116,-0.000408,0.126894,-27.510418,-50.112322,0.175459,-0.001785,0.0400
0.189871,0.000000,0.000000,0.000000,-0.000098,-0.001221,0.126507,-27.510418,-50.112322,0.176008,-0.001759,0.0400
0.189871,0.000000,0.000000,0.000000,0.000705,-0.001091,0.126545,-27.510418,-50.112322,0.176586,-0.001730,0.0400
0.189871,0.000000,0.000000,0.000000,0.000416,-0.000339,0.126741,-27.510418,-50.112322,0.177052,-0.001706,0.0400
0.189871,0.000000,0.000000,0.000000,-0.000057,0.000291,0.126896,-27.510418,-50.112322,0.177428,-0.001684,0.0440
0.189871,0.000000,0.000000,0.000000,0.001024,-0.000129,0.126611,-27.510418,-50.112322,0.177823,-0.001661,0.0400
0.189871,0.000000,0.000000,0.000000,0.000104,-0.000775,0.127373,-27.510418,-50.112322,0.178188,-0.001640,0.0400
0.189871,0.000000,0.000000,0.000000,-0.001679,-0.000491,0.126810,-27.510418,-50.112322,0.178572,-0.001615,0.0400
0.189871,0.000000,0.000000,0.000000,0.000341,-0.000259,0.126598,-27.510418,-50.112322,0.178958,-0.001588,0.0400
0.189871,0.000000,0.000000,0.000000,0.002988,0.001003,0.126333,-27.510418,-50.112322,0.179300,-0.001562,0.0400
0.189871,0.000000,0.000000,0.000000,-0.000851,-0.000465,0.127044,-27.510418,-50.112322,0.179628,-0.001539,0.0400
0.189871,0.000000,0.000000,0.000000,-0.000241,0.001117,0.127931,-27.510418,-50.112322,0.179950,-0.001513,0.0400
0.189871,0.000000,0.000000,0.000000,0.000685,-0.000463,0.128698,-27.510418,-50.112322,0.180191,-0.001493,0.0400
0.189871,0.000000,0.000000,0.000000,-0.000466,-0.003860,0.128638,-27.510418,-50.112322,0.180412,-0.001473,0.0400
0.189871,0.000000,0.000000,0.000000,0.000895,-0.000040,0.128343,-27.510418,-50.112322,0.180653,-0.001452,0.0400
0.189871,0.000000,0.000000,0.000000,-0.000240,-0.000255,0.128695,-27.510418,-50.112322,0.180873,-0.001433,0.0400
0.189871,0.000000,0.000000,0.000000,-0.003244,0.001976,0.128008,-27.510418,-50.112322,0.181111,-0.001409,0.0400
0.189871,0.000000,0.000000,0.000000,-0.000002,-0.000175,0.127178,-27.510418,-50.112322,0.181313,-0.001390,0.0400
0.189871,0.000000,0.000000,0.000000,0.000121,0.000190,0.127291,-27.510418,-50.112322,0.181501,-0.001370,0.0400
0.189871,0.000000,0.000000,0.000000,-0.000835,-0.000484,0.127893,-27.510418,-50.112322,0.181718,-0.001347,0.0400
0.189871,0.000000,0.000000,0.000000,0.004042,0.004845,0.127777,-27.510418,-50.112322,0.181897,-0.001327,0.0400
0.189871,0.000000,0.000000,0.000000,-0.000281,0.000228,0.128126,-27.510418,-50.112322,0.182104,-0.001304,0.0400
0.189871,0.000000,0.000000,0.000000,-0.000204,-0.000484,0.128121,-27.510418,-50.112322,0.182262,-0.001286,0.0400
0.189871,0.000000,0.000000,0.000000,0.000394,-0.003900,0.127693,-27.510418,-50.112322,0.182393,-0.001270,0.0400
0.189871,0.000000,0.000000,0.000000,0.000417,0.000731,0.126614,-27.510418,-50.112322,0.182544,-0.001251,0.0400
0.189871,0.336803,-0.000000,0.015433,-0.000615,-0.000664,0.127092,-27.510418,-50.112322,0.182685,0.001196,0.0400
0.189871,0.336803,-0.000000,0.015433,-0.000093,0.000269,0.128228,-27.510418,-50.112322,0.182822,0.007176,0.0400
0.189871,0.336803,-0.000000,0.015433,0.000295,0.000457,0.127986,-27.510418,-50.112322,0.182964,0.013379,0.0400
0.189871,0.336803,-0.000000,0.015433,0.000097,0.000553,0.129060,-27.510418,-50.112322,0.183094,0.019221,0.0400
0.189871,0.336803,-0.000000,0.015433,0.000696,0.000269,0.128811,-27.510418,-50.112322,0.183212,0.024546,0.0400
0.189871,0.336803,-0.000000,0.015433,-0.001163,0.000724,0.129334,-27.510418,-50.112322,0.183322,0.029730,0.0400
0.189871,0.336803,-0.000000,0.015433,0.000072,0.000047,0.129492,-27.510418,-50.112322,0.183412,0.033927,0.0400
0.189871,0.336803,-0.000000,0.015433,0.001229,0.000045,0.128952,-27.510418,-50.112322,0.183517,0.038891,0.0400
0.189871,0.336803,-0.000000,0.015433,-0.000601,-0.000812,0.128450,-27.510418,-50.112322,0.183625,0.044064,0.0550
0.189871,0.336803,-0.000000,0.015433,-0.000202,-0.000180,0.128783,-27.510418,-50.112322,0.183715,0.048465,0.0400
0.189871,0.336803,-0.000000,0.015433,0.000969,0.000610,0.129307,-27.510418,-50.112322,0.183823,0.053716,0.0400
0.189871,0.336803,-0.000000,0.015433,0.000046,-0.000018,0.129387,-27.510418,-50.112322,0.183903,0.057746,0.0400
0.189871,0.336803,-0.000000,0.015433,0.000504,-0.000964,0.128305,-27.510418,-50.112322,0.183990,0.062150,0.0400
0.189871,0.336803,-0.000000,0.015433,-0.001043,0.000999,0.128387,-27.510418,-50.112322,0.184066,0.066018,0.0400
0.189871,0.336803,-0.000000,0.015433,-0.001104,0.000247,0.129777,-27.510418,-50.112322,0.184159,0.070811,0.0400
0.189871,0.336803,-0.000000,0.015433,0.000178,-0.001538,0.132616,-27.510418,-50.112322,0.184305,0.078405,0.0420
0.189871,0.336803,-0.000000,0.015433,0.000812,0.000893,0.132615,-27.510418,-50.112322,0.184370,0.081820,0.0400
0.189871,0.336803,-0.000000,0.015433,-0.000913,0.000355,0.131821,-27.510418,-50.112322,0.184465,0.086888,0.0400
0.189871,0.000000,0.000000,-0.072022,-0.000153,0.000182,0.131959,-27.510417,-50.112322,0.184538,0.085668,0.0400
0.189871,0.000000,0.000000,-0.072022,0.000119,0.000162,0.131665,-27.510417,-50.112322,0.184604,0.081731,0.0400
0.189871,0.000000,0.000000,-0.072022,0.000472,0.000300,0.132837,-27.510417,-50.112322,0.184674,0.077519,0.0400
0.189871,0.000000,0.000000,-0.072022,0.000114,0.000107,0.133737,-27.510417,-50.112322,0.184725,0.074298,0.0400
0.189871,0.000000,0.000000,-0.072022,0.000151,0.000049,0.133846,-27.510417,-50.112322,0.184787,0.070378,0.0400
0.189871,0.000000,0.000000,-0.072022,-0.007241,-0.003420,0.134218,-27.510417,-50.112322,0.184844,0.066609,0.0400
0.189871,0.000000,0.000000,-0.072022,0.000341,-0.001209,0.133684,-27.510417,-50.112322,0.184910,0.062176,0.0400
0.189871,0.000000,0.000000,-0.072022,0.000031,0.000107,0.134033,-27.510417,-50.112322,0.184969,0.058151,0.0400
0.189871,0.000000,0.000000,-0.072022,0.000950,-0.000783,0.135189,-27.510417,-50.112322,0.185018,0.054710,0.0400
0.189871,0.000000,0.000000,-0.072022,-0.001232,0.000044,0.136598,-27.510417,-50.112322,0.185091,0.049461,0.0400
0.189871,0.000000,0.000000,-0.072022,0.001394,0.000663,0.137163,-27.510417,-50.112322,0.185137,0.046087,0.0400
0.189871,0.000000,0.000000,-0.072022,0.000062,0.000010,0.138470,-27.510417,-50.112322,0.185180,0.042950,0.0400
0.189871,0.000000,0.000000,-0.072022,-0.000406,-0.001546,0.140154,-27.510417,-50.112322,0.185235,0.038801,0.0400
0.189871,0.000000,0.000000,-0.072022,-0.000602,-0.000010,0.141149,-27.510417,-50.112322,0.185292,0.034400,0.0400
0.189871,0.000000,0.000000,-0.072022,-0.000039,0.000610,0.141700,-27.510417,-50.112322,0.185332,0.031357,0.0400
0.189871,0.000000,0.000000,-0.072022,0.000206,0.000466,0.143007,-27.510417,-50.112322,0.185380,0.027531,0.0400
0.189871,0.000000,0.000000,-0.072022,-0.000515,-0.000183,0.143392,-27.510417,-50.112322,0.185435,0.023171,0.0400
0.189871,0.000000,0.000000,-0.072022,-0.000054,-0.003446,0.144394,-27.510417,-50.112322,0.185479,0.019538,0.0400
0.189871,0.000000,0.000000,-0.072022,0.000479,0.000207,0.144769,-27.510417,-50.112322,0.185522,0.016069,0.0400
0.189871,0.000000,0.000000,0.000000,0.000559,-0.000089,0.146364,-27.510417,-50.112322,0.185565,0.012829,0.0400
0.189871,0.000000,0.000000,0.000000,0.000207,0.000351,0.146160,-27.510417,-50.112322,0.185606,0.012368,0.0400
0.189871,0.000000,0.000000,0.000000,0.000741,-0.001035,0.146176,-27.510417,-50.112322,0.185651,0.011929,0.0400
0.189871,0.000000,0.000000,0.000000,0.000075,-0.000274,0.148280,-27.510417,-50.112322,0.185741,0.011041,0.0400
0.189871,0.000000,0.000000,0.000000,-0.002865,0.000434,0.148751,-27.510417,-50.112322,0.185786,0.010636,0.0580
0.189871,0.000000,0.000000,0.000000,0.001463,-0.001230,0.150098,-27.510417,-50.112322,0.185833,0.010241,0.0400
0.189871,0.000000,0.000000,0.000000,0.000049,-0.001085,0.150834,-27.510417,-50.112322,0.185878,0.009892,0.0400
0.189871,0.000000,0.000000,0.000000,-0.000792,0.002467,0.150735,-27.510417,-50.112322,0.185914,0.009576,0.0400
0.189871,0.000000,0.000000,0.000000,0.000295,0.000110,0.150515,-27.510417,-50.112322,0.185951,0.009319,0.0400
0.189871,0.000000,0.000000,0.000000,-0.000440,0.000986,0.152249,-27.510417,-50.112322,0.185991,0.009063,0.0400
0.189871,0.000000,0.000000,0.000000,0.001976,0.001940,0.153065,-27.510417,-50.112322,0.186028,0.008824,0.0400
0.189871,0.000000,0.000000,0.000000,-0.000203,-0.000191,0.154081,-27.510417,-50.112322,0.186059,0.008646,0.0400
0.189871,0.000000,0.000000,0.000000,0.000407,0.000952,0.156007,-27.510417,-50.112322,0.186101,0.008407,0.0400
0.189871,0.000000,0.000000,0.000000,0.000130,-0.000028,0.157074,-27.510417,-50.112322,0.186135,0.008236,0.0400
0.189871,0.000000,0.000000,0.000000,0.000169,-0.000996,0.158678,-27.510417,-50.112322,0.186165,0.008076,0.0410
0.189871,0.000000,0.000000,0.000000,0.000834,0.000758,0.159668,-27.510417,-50.112322,0.186200,0.007879,0.0400
0.189871,0.000000,0.000000,0.000000,0.000572,0.000373,0.160864,-27.510417,-50.112322,0.186237,0.007693,0.0400
0.189871,0.336803,-0.000000,0.066878,-0.000140,-0.000270,0.161847,-27.510417,-50.112322,0.186266,0.008348,0.0400
0.189871,0.336803,-0.000000,0.066878,0.000141,0.000038,0.162155,-27.510417,-50.112322,0.186295,0.013889,0.0400
0.189871,0.336803,-0.000000,0.066878,0.000070,-0.000004,0.162349,-27.510417,-50.112322,0.186320,0.018611,0.0400
0.189871,0.336803,-0.000000,0.066878,0.000170,0.000112,0.161821,-27.510417,-50.112322,0.186351,0.024481,0.0400
0.189871,0.336803,-0.000000,0.066878,-0.000441,0.000177,0.162087,-27.510417,-50.112322,0.186380,0.030121,0.0400
0.189871,0.336803,-0.000000,0.066878,-0.000045,0.001275,0.162548,-27.510417,-50.112322,0.186411,0.036123,0.0400
0.189871,0.336803,-0.000000,0.066878,0.000018,-0.000323,0.161882,-27.510417,-50.112322,0.186439,0.041689,0.0400
0.189871,0.336803,-0.000000,0.066878,0.000178,0.000112,0.161202,-27.510417,-50.112322,0.186466,0.047233,0.0400
0.189871,0.336803,-0.000000,0.066878,0.000171,-0.000296,0.160675,-27.510417,-50.112322,0.186494,0.052916,0.0400
0.189871,0.336803,-0.000000,0.066878,-0.000101,0.000090,0.161368,-27.510417,-50.112322,0.186521,0.058388,0.0400
0.189871,0.336803,-0.000000,0.066878,0.001228,-0.000424,0.162455,-27.510417,-50.112322,0.186548,0.063989,0.0400
0.189871,0.336803,-0.000000,0.066878,-0.003338,-0.007895,0.164533,-27.510417,-50.112322,0.186575,0.069547,0.0400
0.189871,0.336803,-0.000000,0.066878,0.000356,-0.000255,0.166505,-27.510417,-50.112322,0.186601,0.074872,0.0400
0.189871,0.336803,-0.000000,0.066878,0.000579,0.000006,0.168028,-27.510417,-50.112322,0.186631,0.081064,0.0400
0.189871,0.336803,-0.000000,0.066878,-0.000165,-0.000057,0.168412,-27.510417,-50.112322,0.186651,0.085398,0.0400
0.189871,0.336803,-0.000000,0.066878,-0.001314,0.009183,0.166895,-27.510417,-50.112322,0.186681,0.091640,0.0400
0.189871,0.336803,-0.000000,0.066878,0.000304,-0.001319,0.167684,-27.510417,-50.112322,0.186708,0.097533,0.0400
0.189871,0.336803,-0.000000,0.066878,0.000236,-0.000242,0.168672,-27.510417,-50.112322,0.186732,0.102640,0.0400
0.189871,0.336803,-0.000000,0.066878,0.001346,0.000769,0.169210,-27.510417,-50.112322,0.186756,0.107889,0.0400
0.379741,0.336803,0.046300,0.000000,-0.002769,0.000282,0.170235,-27.510417,-50.112321,0.188127,0.112093,0.0400
0.379741,0.336803,0.046300,0.000000,0.000044,0.001069,0.170423,-27.510417,-50.112321,0.191565,0.113876,0.0400
0.379741,0.336803,0.046300,0.000000,0.000365,-0.000102,0.170623,-27.510417,-50.112321,0.194375,0.115310,0.0430
0.379741,0.336803,0.046300,0.000000,0.000407,-0.000373,0.171411,-27.510417,-50.112321,0.198034,0.117203,0.0400
0.379741,0.336803,0.046300,0.000000,-0.000446,0.000734,0.170286,-27.510417,-50.112321,0.201655,0.118980,0.0400
0.379741,0.336803,0.046300,0.000000,0.000267,0.000546,0.169980,-27.510417,-50.112321,0.205048,0.120690,0.0400
0.379741,0.336803,0.046300,0.000000,0.000093,0.000001,0.170396,-27.510417,-50.112321,0.208871,0.122524,0.0400
0.379741,0.336803,0.046300,0.000000,-0.001278,-0.001993,0.171533,-27.510417,-50.112321,0.212111,0.124095,0.0400
0.379741,0.336803,0.046300,0.000000,-0.004465,0.000719,0.173455,-27.510417,-50.112321,0.216131,0.125977,0.0400
0.379741,0.336803,0.046300,0.000000,-0.000437,0.000570,0.174219,-27.510417,-50.112321,0.219923,0.127750,0.0400
0.379741,0.336803,0.046300,0.000000,-0.000300,0.000351,0.174337,-27.510417,-50.112321,0.223282,0.129266,0.0400
0.379741,0.336803,0.046300,0.000000,-0.000103,0.000616,0.174246,-27.510417,-50.112321,0.226667,0.130801,0.0400
0.379741,0.336803,0.046300,0.000000,0.000304,-0.000361,0.175366,-27.510417,-50.112321,0.230674,0.132577,0.0400
0.379741,0.336803,0.046300,0.000000,-0.001002,-0.000163,0.175261,-27.510417,-50.112321,0.233774,0.133945,0.0400
0.379741,0.336803,0.046300,0.000000,-0.000118,0.000368,0.175064,-27.510417,-50.112321,0.236946,0.135327,0.0400
0.379741,0.336803,0.046300,0.000000,-0.000732,-0.000710,0.176486,-27.510417,-50.112321,0.239891,0.136600,0.0460
0.379741,0.336803,0.046300,0.000000,0.000342,-0.000321,0.178309,-27.510417,-50.112321,0.243229,0.138027,0.0400
0.379741,0.336803,0.046300,0.000000,0.000427,-0.000240,0.178995,-27.510417,-50.112321,0.246018,0.139212,0.0400
0.379741,0.336803,0.046300,0.000000,0.002934,-0.004257,0.181029,-27.510417,-50.112321,0.249228,0.140563,0.0400
0.379741,0.336803,0.000000,0.000000,-0.000452,0.000564,0.182463,-27.510417,-50.112321,0.251790,0.141786,0.0400
0.379741,0.336803,0.000000,0.000000,0.000309,0.000751,0.183681,-27.510417,-50.112321,0.252850,0.143226,0.0400
0.379741,0.336803,0.000000,0.000000,0.000802,0.003685,0.184293,-27.510417,-50.112321,0.253792,0.144480,0.0400
0.379741,0.336803,0.000000,0.000000,-0.000027,0.000150,0.184830,-27.510417,-50.112321,0.254833,0.145888,0.0400
0.379741,0.336803,0.000000,0.000000,0.000362,0.001144,0.186521,-27.510417,-50.112321,0.255896,0.147353,0.0400
0.379741,0.336803,0.000000,0.000000,0.003523,0.002839,0.188763,-27.510417,-50.112321,0.256664,0.148416,0.0400
0.379741,0.336803,0.000000,0.000000,-0.000026,-0.000070,0.191277,-27.510417,-50.112321,0.257604,0.149718,0.0400
0.379741,0.336803,0.000000,0.000000,0.002341,-0.001684,0.192629,-27.510417,-50.112321,0.258623,0.151128,0.0400
0.379741,0.336803,0.000000,0.000000,-0.001154,-0.000127,0.193456,-27.510417,-50.112321,0.259442,0.152272,0.0400
0.379741,0.336803,0.000000,0.000000,-0.000960,0.001649,0.194113,-27.510417,-50.112321,0.260182,0.153317,0.0400
0.379741,0.336803,0.000000,0.000000,-0.002866,-0.000266,0.195605,-27.510417,-50.112321,0.260879,0.154310,0.0400
0.379741,0.336803,0.000000,0.000000,0.000642,-0.000217,0.196617,-27.510417,-50.112321,0.261550,0.155286,0.0400
0.379741,0.336803,0.000000,0.000000,0.000722,-0.001956,0.197790,-27.510417,-50.112321,0.262331,0.156410,0.0400
0.379741,0.336803,0.000000,0.000000,0.000109,0.001268,0.199390,-27.510417,-50.112321,0.263187,0.157638,0.0400
0.379741,0.336803,0.000000,0.000000,0.000238,-0.000051,0.200141,-27.510417,-50.112321,0.264042,0.158881,0.0400
0.379741,0.336803,0.000000,0.000000,-0.000012,-0.000461,0.201286,-27.510417,-50.112321,0.264728,0.159885,0.0400
0.379741,0.336803,0.000000,0.000000,-0.000305,-0.000951,0.202272,-27.510417,-50.112321,0.265360,0.160807,0.0400
0.379741,0.336803,0.000000,0.000000,0.002552,-0.000362,0.202864,-27.510417,-50.112321,0.266054,0.161826,0.0400
0.379741,0.336803,0.000000,0.000000,0.000169,0.000120,0.204938,-27.510416,-50.112322,0.267482,0.163908,0.1060
0.379741,0.336803,0.000000,0.000000,0.000051,0.000326,0.207178,-27.510416,-50.112322,0.268120,0.164856,0.0400
0.379741,0.336803,0.000000,0.000000,0.004332,0.000666,0.208632,-27.510416,-50.112322,0.268750,0.165794,0.0400
0.379741,0.336803,0.000000,0.000000,-0.000194,-0.000288,0.209793,-27.510416,-50.112322,0.269437,0.166797,0.0400
0.379741,0.336803,0.000000,0.000000,0.000351,-0.001055,0.210466,-27.510416,-50.112322,0.270163,0.167883,0.0400
0.379741,0.336803,0.000000,0.000000,-0.000336,-0.000848,0.211985,-27.510416,-50.112322,0.270774,0.168791,0.0400
0.379741,0.336803,0.000000,0.000000,-0.000453,-0.005004,0.213335,-27.510416,-50.112322,0.271481,0.169852,0.0400
0.379741,0.336803,0.000000,0.000000,-0.000414,-0.000324,0.214423,-27.510416,-50.112322,0.272036,0.170675,0.0400
0.379741,0.336803,0.000000,0.000000,-0.002297,0.005473,0.215509,-27.510416,-50.112322,0.272725,0.171713,0.0400
0.379741,0.336803,0.000000,0.000000,-0.000290,-0.000351,0.216685,-27.510416,-50.112322,0.273331,0.172616,0.0400
0.379741,0.336803,0.000000,0.000000,-0.002501,0.002597,0.218033,-27.510416,-50.112322,0.273898,0.173472,0.0400
0.379741,0.336803,0.000000,0.000000,0.000047,0.000359,0.219847,-27.510416,-50.112322,0.274480,0.174352,0.0400
0.379741,0.336803,0.000000,0.000000,0.000032,-0.000433,0.220988,-27.510416,-50.112322,0.274974,0.175100,0.0400
0.379741,0.336803,0.000000,0.000000,-0.000574,0.001057,0.222301,-27.510416,-50.112322,0.275629,0.176087,0.0400
0.379741,0.336803,0.000000,0.000000,-0.000695,-0.001028,0.223231,-27.510416,-50.112322,0.276091,0.176788,0.0410
0.379741,0.336803,0.000000,0.000000,0.000104,-0.000039,0.224776,-27.510416,-50.112322,0.276624,0.177603,0.0400
0.379741,0.336803,0.000000,0.000000,0.001387,-0.001708,0.225821,-27.510416,-50.112322,0.277257,0.178561,0.0400
0.379741,0.336803,0.000000,0.000000,-0.000260,-0.000222,0.226201,-27.510416,-50.112322,0.277879,0.179507,0.0400
0.379741,0.336803,0.000000,0.000000,-0.000130,0.000562,0.226839,-27.510416,-50.112322,0.278476,0.180414,0.0400
0.379741,0.336803,0.000000,0.000000,0.005531,-0.001964,0.226546,-27.510416,-50.112322,0.279007,0.181225,0.0400
0.379741,0.336803,0.000000,0.000000,0.000060,0.000040,0.227248,-27.510416,-50.112322,0.279464,0.181915,0.0400
0.379741,0.336803,0.000000,0.000000,0.000291,-0.000203,0.229625,-27.510416,-50.112322,0.280021,0.182767,0.0400
0.379741,0.336803,0.000000,0.000000,-0.000453,0.001028,0.231828,-27.510416,-50.112322,0.280505,0.183500,0.0400
0.379741,0.336803,0.000000,0.000000,0.000040,-0.000570,0.233898,-27.510416,-50.112322,0.281016,0.184281,0.0400
0.379741,0.336803,0.000000,0.000000,0.000205,0.000984,0.235986,-27.510416,-50.112322,0.281484,0.184998,0.0400
0.379741,0.336803,0.000000,0.000000,0.002771,-0.004714,0.237912,-27.510416,-50.112322,0.281988,0.185766,0.0400
0.379741,0.336803,0.000000,0.000000,-0.001070,0.000036,0.238540,-27.510416,-50.112322,0.282431,0.186444,0.0400
0.379741,0.336803,0.000000,0.000000,-0.000875,-0.000509,0.240270,-27.510416,-50.112322,0.283014,0.187333,0.0400
0.379741,0.336803,0.000000,0.000000,-0.000193,-0.001231,0.241766,-27.510416,-50.112322,0.283496,0.188076,0.0400
0.379741,0.336803,0.000000,0.000000,-0.001152,-0.000238,0.242938,-27.510416,-50.112322,0.284056,0.188942,0.0400
0.379741,0.336803,0.000000,0.000000,0.000579,-0.002364,0.243317,-27.510416,-50.112322,0.284611,0.189799,0.0400
0.379741,0.336803,0.000000,0.000000,0.000060,0.000067,0.244362,-27.510416,-50.112322,0.285029,0.190443,0.0400
0.379741,0.336803,0.000000,0.000000,0.000492,0.000481,0.244622,-27.510416,-50.112322,0.285692,0.191445,0.0820
0.379741,0.336803,0.000000,0.000000,-0.000230,-0.000654,0.247263,-27.510416,-50.112322,0.286026,0.191953,0.0410
0.379741,0.336803,0.000000,0.000000,0.001770,0.000192,0.249848,-27.510416,-50.112322,0.286423,0.192559,0.0400
0.379741,0.336803,0.000000,0.000000,0.016443,-0.021635,0.252753,-27.510416,-50.112322,0.286565,0.192623,0.0400
0.379741,0.336803,0.000000,0.000000,0.002502,-0.002676,0.253755,-27.510416,-50.112322,0.286939,0.193194,0.0610
0.379741,0.336803,0.000000,0.000000,-0.000405,-0.000697,0.254156,-27.510416,-50.112322,0.287406,0.193942,0.0400
0.379741,0.336803,0.000000,0.000000,0.000315,0.000372,0.254252,-27.510416,-50.112322,0.287454,0.194016,0.0410
0.379741,0.336803,0.000000,0.000000,0.000315,0.000372,0.254252,-27.510417,-50.112322,0.287454,0.194016,0.0400
0.379741,0.336803,0.000000,0.000000,0.000315,0.000372,0.254252,-27.510417,-50.112322,0.287454,0.194016,0.0400
0.379741,0.336803,0.000000,0.000000,0.000315,0.000372,0.254252,-27.510417,-50.112322,0.287454,0.194016,0.0400
0.379741,0.336803,0.000000,0.000000,0.000315,0.000372,0.254252,-27.510417,-50.112322,0.287454,0.194016,0.0400
0.379741,0.336803,0.000000,0.000000,0.000315,0.000372,0.254252,-27.510417,-50.112322,0.287454,0.194016,0.0400
0.379741,0.336803,0.000000,0.000000,0.104381,-0.176806,0.270609,-27.510417,-50.112322,0.290038,0.190711,0.0400
0.379741,0.336803,0.000000,0.000000,0.093292,-0.158606,0.270254,-27.510417,-50.112322,0.288603,0.194005,0.0420
0.379741,0.336803,0.000000,0.000000,0.081335,-0.133055,0.269745,-27.510417,-50.112322,0.288069,0.196139,0.0400
0.379741,0.336803,0.000000,0.000000,0.077916,-0.127607,0.269649,-27.510417,-50.112322,0.288018,0.196471,0.0400
0.379741,0.336803,0.000000,0.000000,0.077916,-0.127607,0.269649,-27.510417,-50.112322,0.288018,0.196471,0.0400
0.379741,0.336803,0.000000,0.000000,0.077916,-0.127607,0.269649,-27.510417,-50.112322,0.288018,0.196471,0.0400
0.379741,0.336803,0.000000,0.000000,0.077916,-0.127607,0.269649,-27.510417,-50.112322,0.288018,0.196471,0.0400
0.379741,0.336803,0.000000,0.000000,0.077916,-0.127607,0.269649,-27.510417,-50.112322,0.288018,0.196471,0.0410
0.379741,0.336803,0.000000,0.000000,0.077916,-0.127607,0.269649,-27.510417,-50.112322,0.288018,0.196471,0.0400
0.379741,0.336803,0.000000,0.000000,0.077916,-0.127607,0.269649,-27.510417,-50.112322,0.288018,0.196471,0.0400
0.379741,0.336803,0.000000,0.000000,0.077916,-0.127607,0.269649,-27.510417,-50.112322,0.288018,0.196471,0.0400
0.379741,0.336803,0.000000,0.000000,0.077916,-0.127607,0.269649,-27.510417,-50.112322,0.288018,0.196471,0.0400
0.379741,0.336803,0.000000,0.000000,0.077916,-0.127607,0.269649,-27.510417,-50.112322,0.288018,0.196471,0.0400
0.379741,0.336803,0.000000,0.000000,0.077916,-0.127607,0.269649,-27.510417,-50.112322,0.288018,0.196471,0.0400
0.189871,0.336803,-0.030867,-0.000000,-0.116963,0.171480,0.284519,-27.510418,-50.112322,0.280056,0.194217,0.0410
0.189871,0.336803,-0.030867,-0.000000,-0.106257,0.153380,0.284371,-27.510418,-50.112322,0.279911,0.191667,0.0400
0.189871,0.336803,-0.030867,-0.000000,-0.086709,0.131249,0.282899,-27.510418,-50.112322,0.279073,0.190480,0.0400
0.189871,0.336803,-0.030867,-0.000000,-0.085992,0.130172,0.282823,-27.510418,-50.112322,0.278991,0.190409,0.0400
0.189871,0.336803,-0.030867,-0.000000,-0.085992,0.130172,0.282823,-27.510418,-50.112322,0.278991,0.190409,0.0400
0.189871,0.336803,-0.030867,-0.000000,-0.085992,0.130172,0.282823,-27.510418,-50.112322,0.278991,0.190409,0.0400
0.189871,0.336803,-0.030867,-0.000000,-0.085992,0.130172,0.282823,-27.510418,-50.112322,0.278991,0.190409,0.0400
0.189871,0.336803,-0.030867,-0.000000,-0.085992,0.130172,0.282823,-27.510418,-50.112322,0.278991,0.190409,0.0400
0.189871,0.336803,-0.030867,-0.000000,-0.085992,0.130172,0.282823,-27.510418,-50.112322,0.278991,0.190409,0.0400
0.189871,0.336803,-0.030867,-0.000000,-0.085992,0.130172,0.282823,-27.510418,-50.112322,0.278991,0.190409,0.0400
0.189871,0.336803,-0.030867,-0.000000,-0.085992,0.130172,0.282823,-27.510418,-50.112322,0.278991,0.190409,0.0400
0.189871,0.336803,-0.030867,-0.000000,-0.085992,0.130172,0.282823,-27.510418,-50.112322,0.278991,0.190409,0.0400
0.189871,0.336803,-0.030867,-0.000000,0.096606,-0.138908,0.294037,-27.510418,-50.112322,0.260970,0.192525,0.0400
0.189871,0.336803,-0.030867,-0.000000,0.082213,-0.121278,0.293215,-27.510418,-50.112322,0.257595,0.195683,0.0410
0.189871,0.336803,-0.030867,-0.000000,0.063877,-0.093827,0.292436,-27.510418,-50.112322,0.254773,0.197818,0.0400
0.189871,0.336803,-0.030867,-0.000000,0.062432,-0.091683,0.292245,-27.510418,-50.112322,0.254569,0.197953,0.0400
0.189871,0.336803,-0.030867,-0.000000,0.062432,-0.091683,0.292245,-27.510418,-50.112322,0.254569,0.197953,0.0400
0.189871,0.336803,-0.030867,-0.000000,0.062432,-0.091683,0.292245,-27.510418,-50.112322,0.254569,0.197953,0.0400
0.189871,0.336803,-0.030867,-0.000000,0.062432,-0.091683,0.292245,-27.510418,-50.112322,0.254569,0.197953,0.0400
0.189871,0.336803,-0.030867,-0.000000,0.062432,-0.091683,0.292245,-27.510418,-50.112322,0.254569,0.197953,0.0400
0.189871,0.336803,-0.030867,-0.000000,0.062432,-0.091683,0.292245,-27.510418,-50.112322,0.254569,0.197953,0.0400
0.189871,0.336803,-0.030867,-0.000000,0.062432,-0.091683,0.292245,-27.510418,-50.112322,0.254569,0.197953,0.0400
0.189871,0.336803,-0.030867,-0.000000,0.062432,-0.091683,0.292245,-27.510418,-50.112322,0.254569,0.197953,0.0400
0.189871,0.336803,-0.030867,-0.000000,0.062432,-0.091683,0.292245,-27.510418,-50.112322,0.254569,0.197953,0.0400
0.189871,0.336803,-0.030867,-0.000000,0.062432,-0.091683,0.292245,-27.510418,-50.112322,0.254569,0.197953,0.0400
0.189871,0.336803,-0.030867,-0.000000,0.062432,-0.091683,0.292245,-27.510418,-50.112322,0.254569,0.197953,0.0400
0.189871,0.336803,-0.030867,-0.000000,0.062432,-0.091683,0.292245,-27.510418,-50.112322,0.254569,0.197953,0.0400
0.189871,0.336803,-0.030867,-0.000000,0.062432,-0.091683,0.292245,-27.510418,-50.112322,0.254569,0.197953,0.0400
0.189871,0.336803,-0.030867,-0.000000,0.062432,-0.091683,0.292245,-27.510418,-50.112322,0.254569,0.197953,0.0400
0.189871,0.336803,-0.030867,-0.000000,0.062432,-0.091683,0.292245,-27.510418,-50.112322,0.254569,0.197953,0.0410
0.189871,0.336803,0.000000,0.000000,-0.322855,0.314454,0.111150,-27.510418,-50.112322,0.231579,0.204770,0.0400
0.189871,0.336803,0.000000,0.000000,-0.444180,0.248703,0.099488,-27.510418,-50.112322,0.252527,0.186734,0.1110
0.189871,0.336803,0.000000,0.000000,-0.444180,0.248703,0.099488,-27.510418,-50.112322,0.252527,0.186734,0.0400
0.189871,0.336803,0.000000,0.000000,-0.444180,0.248703,0.099488,-27.510418,-50.112322,0.252527,0.186734,0.0400
0.189871,0.336803,0.000000,0.000000,-0.330245,0.222619,0.061087,-27.510418,-50.112322,0.247412,0.190938,0.0410
0.189871,0.336803,0.000000,0.000000,-0.108638,0.165828,0.062566,-27.510418,-50.112322,0.255061,0.185477,0.0500
0.189871,-0.000000,0.000000,-0.025722,-0.148884,0.106149,0.061039,-27.510418,-50.112322,0.257549,0.180120,0.0400
0.189871,-0.000000,0.000000,-0.025722,-0.225789,0.189312,0.060990,-27.510418,-50.112322,0.258032,0.178551,0.0400
0.189871,-0.000000,0.000000,-0.025722,-0.225789,0.189312,0.060990,-27.510418,-50.112322,0.258032,0.178551,0.0400
0.189871,-0.000000,0.000000,-0.025722,-0.225789,0.189312,0.060990,-27.510418,-50.112322,0.258032,0.178551,0.0400
0.189871,-0.000000,0.000000,-0.025722,-0.225789,0.189312,0.060990,-27.510418,-50.112322,0.258032,0.178551,0.0400
0.189871,-0.000000,0.000000,-0.025722,-0.225789,0.189312,0.060990,-27.510418,-50.112322,0.258032,0.178551,0.0400
0.189871,-0.000000,0.000000,-0.025722,-0.225789,0.189312,0.060990,-27.510418,-50.112322,0.258032,0.178551,0.0400
0.189871,-0.000000,0.000000,-0.025722,0.070474,-0.033821,0.065740,-27.510418,-50.112322,0.249804,0.180196,0.0400
0.189871,-0.000000,0.000000,-0.025722,0.153018,0.052828,0.066657,-27.510418,-50.112322,0.252414,0.174608,0.0450
0.189871,-0.000000,0.000000,-0.025722,-0.025013,-0.015678,0.064101,-27.510418,-50.112322,0.253011,0.171388,0.0400
0.189871,-0.000000,0.000000,-0.025722,-0.020633,-0.012896,0.063768,-27.510418,-50.112322,0.253056,0.170989,0.0400
0.189871,-0.000000,0.000000,-0.025722,-0.029043,-0.018991,0.093865,-27.510418,-50.112322,0.252388,0.168403,0.0410
0.189871,-0.000000,0.000000,-0.025722,0.186020,-0.012077,0.092820,-27.510418,-50.112322,0.252718,0.165631,0.0650
0.189871,-0.000000,0.000000,-0.025722,0.029410,0.001783,0.092971,-27.510418,-50.112322,0.252365,0.163241,0.0400
0.189871,-0.000000,0.000000,-0.025722,-0.057363,0.111316,0.093282,-27.510418,-50.112322,0.252025,0.161225,0.0490
0.189871,-0.000000,0.000000,-0.025722,0.085654,-0.062032,0.096477,-27.510418,-50.112322,0.251775,0.159117,0.0400
0.189871,-0.000000,0.000000,-0.025722,-0.181289,0.103670,0.094598,-27.510418,-50.112322,0.251721,0.158697,0.0400
0.189871,-0.000000,0.000000,-0.025722,-0.090987,-0.099092,0.131987,-27.510418,-50.112322,0.251454,0.155192,0.0420
0.189871,0.336803,-0.000000,0.041156,0.073479,-0.046760,0.126824,-27.510418,-50.112322,0.251372,0.157175,0.0480
0.189871,0.336803,-0.000000,0.041156,-0.196226,-0.063107,0.130498,-27.510418,-50.112322,0.251147,0.161704,0.0410
0.189871,0.336803,-0.000000,0.041156,0.084083,-0.047767,0.128450,-27.510418,-50.112322,0.250981,0.164445,0.0400
0.189871,0.336803,-0.000000,0.041156,0.084083,-0.047767,0.128450,-27.510418,-50.112322,0.250981,0.164445,0.0400
0.189871,0.336803,-0.000000,0.041156,0.084083,-0.047767,0.128450,-27.510418,-50.112322,0.250981,0.164445,0.0400
0.189871,0.336803,-0.000000,0.041156,-0.045811,0.003819,0.149440,-27.510418,-50.112322,0.251249,0.167812,0.0400
0.189871,0.336803,-0.000000,0.041156,0.013370,0.082333,0.147865,-27.510418,-50.112322,0.250653,0.171439,0.0410
0.189871,0.336803,-0.000000,0.041156,-0.304107,0.058823,0.146573,-27.510418,-50.112322,0.250219,0.174988,0.0400
0.189871,0.336803,-0.000000,0.041156,-0.304107,0.058823,0.146573,-27.510418,-50.112322,0.250219,0.174988,0.0400
0.189871,0.336803,-0.000000,0.041156,-0.304107,0.058823,0.146573,-27.510418,-50.112322,0.250219,0.174988,0.0400
0.189871,0.336803,-0.000000,0.041156,-0.304107,0.058823,0.146573,-27.510418,-50.112322,0.250219,0.174988,0.0400
0.189871,0.336803,-0.000000,0.041156,-0.304107,0.058823,0.146573,-27.510418,-50.112322,0.250219,0.174988,0.0400
0.189871,0.336803,-0.000000,0.041156,-0.304107,0.058823,0.146573,-27.510418,-50.112322,0.250219,0.174988,0.0400
0.189871,0.336803,-0.000000,0.041156,-0.304107,0.058823,0.146573,-27.510418,-50.112322,0.250219,0.174988,0.0410
0.189871,0.336803,-0.000000,0.041156,-0.304107,0.058823,0.146573,-27.510418,-50.112322,0.250219,0.174988,0.0400
0.189871,0.336803,-0.000000,0.041156,-0.304107,0.058823,0.146573,-27.510418,-50.112322,0.250219,0.174988,0.0400
0.189871,0.336803,-0.000000,0.041156,-0.304107,0.058823,0.146573,-27.510418,-50.112322,0.250219,0.174988,0.0400
0.189871,0.336803,-0.000000,0.041156,-0.304107,0.058823,0.146573,-27.510418,-50.112322,0.250219,0.174988,0.0400
0.189871,0.336803,-0.000000,0.041156,-0.304107,0.058823,0.146573,-27.510420,-50.112321,0.250219,0.174988,0.0400
0.189871,0.336803,-0.000000,0.041156,-0.304107,0.058823,0.146573,-27.510420,-50.112321,0.250219,0.174988,0.0400
0.189871,0.336803,-0.000000,0.041156,-0.304107,0.058823,0.146573,-27.510420,-50.112321,0.250219,0.174988,0.0400
0.189871,0.336803,-0.000000,0.041156,-0.304107,0.058823,0.146573,-27.510420,-50.112321,0.250219,0.174988,0.0400
-0.000000,0.336803,-0.102889,-0.000000,0.349200,0.144490,-0.031598,-27.510420,-50.112321,0.240005,0.200873,0.0420
-0.000000,0.336803,-0.102889,-0.000000,0.443256,0.307460,-0.027630,-27.510420,-50.112321,0.197028,0.187750,0.0510
-0.000000,0.336803,-0.102889,-0.000000,0.606185,0.232434,-0.025130,-27.510420,-50.112321,0.180986,0.184698,0.0400
-0.000000,0.336803,-0.102889,-0.000000,0.606185,0.232434,-0.025130,-27.510420,-50.112321,0.180986,0.184698,0.0410
-0.000000,0.336803,-0.102889,-0.000000,0.606185,0.232434,-0.025130,-27.510420,-50.112321,0.180986,0.184698,0.0400
-0.000000,0.336803,-0.102889,-0.000000,0.606185,0.232434,-0.025130,-27.510420,-50.112321,0.180986,0.184698,0.0400
-0.000000,0.336803,-0.102889,-0.000000,0.606185,0.232434,-0.025130,-27.510420,-50.112321,0.180986,0.184698,0.0400
-0.000000,0.336803,-0.102889,-0.000000,0.606185,0.232434,-0.025130,-27.510420,-50.112321,0.180986,0.184698,0.0400
-0.000000,0.336803,-0.102889,-0.000000,0.465966,-0.122018,0.045274,-27.510420,-50.112321,0.152083,0.187503,0.0410
-0.000000,0.336803,-0.102889,-0.000000,-0.028017,0.072085,0.045230,-27.510420,-50.112321,0.144831,0.186740,0.0440
-0.000000,0.336803,-0.102889,-0.000000,0.164011,0.013322,0.042171,-27.510420,-50.112321,0.137180,0.186891,0.0400
-0.000000,0.336803,-0.102889,-0.000000,0.164011,0.013322,0.042171,-27.510420,-50.112321,0.137180,0.186891,0.0400
-0.000000,0.336803,-0.102889,-0.000000,0.164011,0.013322,0.042171,-27.510420,-50.112321,0.137180,0.186891,0.0400
-0.000000,0.336803,-0.102889,-0.000000,0.164011,0.013322,0.042171,-27.510420,-50.112321,0.137180,0.186891,0.0400
-0.000000,0.336803,-0.102889,-0.000000,-0.080566,0.043559,0.067602,-27.510420,-50.112321,0.117299,0.188434,0.0400
-0.000000,0.336803,-0.102889,-0.000000,0.169717,0.090948,0.071974,-27.510420,-50.112321,0.111911,0.188132,0.0550
-0.000000,0.336803,0.000000,0.000000,0.070524,0.040783,0.077270,-27.510419,-50.112321,0.117438,0.188483,0.0400
-0.000000,0.336803,0.000000,0.000000,0.226989,0.072742,0.075497,-27.510419,-50.112321,0.118195,0.188648,0.0400
-0.000000,0.336803,0.000000,0.000000,0.226989,0.072742,0.075497,-27.510419,-50.112321,0.118195,0.188648,0.0400
-0.000000,0.336803,0.000000,0.000000,0.019500,-0.006019,0.088413,-27.510419,-50.112321,0.115534,0.189718,0.0630
-0.000000,0.336803,0.000000,0.000000,-0.094092,0.043727,0.086135,-27.510419,-50.112321,0.115968,0.190467,0.0400
-0.000000,0.336803,0.000000,0.000000,-0.086731,0.040510,0.083512,-27.510419,-50.112321,0.115977,0.190674,0.0400
-0.000000,0.336803,0.000000,0.000000,-0.086731,0.040510,0.083512,-27.510419,-50.112321,0.115977,0.190674,0.0400
-0.000000,0.336803,0.000000,0.000000,-0.149204,0.053451,0.060995,-27.510419,-50.112321,0.113959,0.191227,0.0400
-0.000000,0.336803,0.000000,0.000000,-0.015307,0.122600,0.061811,-27.510419,-50.112321,0.114197,0.191536,0.0410
-0.000000,0.336803,0.000000,0.000000,0.228081,0.051630,0.059291,-27.510419,-50.112321,0.113975,0.191940,0.0400
-0.000000,0.336803,0.000000,0.000000,-0.130576,0.127451,0.057454,-27.510419,-50.112321,0.113656,0.192278,0.0400
-0.000000,0.336803,0.000000,0.000000,-0.130576,0.127451,0.057454,-27.510419,-50.112321,0.113656,0.192278,0.0400
-0.000000,0.336803,0.000000,0.000000,-0.083495,0.034767,0.027876,-27.510419,-50.112321,0.112634,0.193581,0.0400
-0.000000,0.336803,0.000000,0.000000,0.206645,0.009612,0.030346,-27.510419,-50.112321,0.112773,0.193537,0.0450
-0.000000,0.336803,0.000000,0.000000,0.271958,0.010268,0.027793,-27.510419,-50.112321,0.112345,0.193934,0.0400
-0.000000,0.336803,0.000000,0.000000,0.091961,-0.068603,0.029331,-27.510419,-50.112321,0.112139,0.194116,0.0400
-0.000000,0.336803,0.000000,0.000000,0.091961,-0.068603,0.029331,-27.510419,-50.112321,0.112139,0.194116,0.0400
-0.000000,0.336803,0.000000,0.000000,0.091961,-0.068603,0.029331,-27.510419,-50.112321,0.112139,0.194116,0.0400
-0.000000,0.336803,0.000000,0.000000,0.149324,0.004845,0.043629,-27.510419,-50.112321,0.113060,0.195219,0.0420
-0.000000,0.336803,0.000000,0.000000,0.077451,-0.027722,0.043397,-27.510419,-50.112322,0.111580,0.195593,0.0460
-0.000000,0.336803,0.000000,0.000000,-0.065343,-0.037546,0.044983,-27.510419,-50.112322,0.110640,0.196441,0.0400
-0.000000,0.336803,0.000000,0.000000,-0.059430,-0.033553,0.045181,-27.510419,-50.112322,0.110489,0.196617,0.0400
-0.000000,0.336803,0.000000,0.000000,-0.059430,-0.033553,0.045181,-27.510419,-50.112322,0.110489,0.196617,0.0400
-0.000000,0.336803,0.000000,0.000000,-0.079156,0.063252,0.045873,-27.510419,-50.112322,0.110510,0.196687,0.0410
-0.000000,0.336803,0.000000,0.000000,-0.143232,0.014109,0.046814,-27.510419,-50.112322,0.110196,0.197171,0.0400
-0.000000,0.336803,0.000000,0.000000,-0.073572,-0.006735,0.046445,-27.510419,-50.112322,0.109876,0.197772,0.0400
-0.000000,0.336803,0.000000,0.000000,-0.065022,-0.006310,0.047589,-27.510419,-50.112322,0.109769,0.197958,0.0400
-0.000000,0.336803,0.000000,0.000000,0.067421,0.008333,0.047340,-27.510419,-50.112322,0.109165,0.198748,0.0740
-0.000000,0.336803,0.000000,0.000000,0.060201,0.039465,0.043949,-27.510419,-50.112322,0.108622,0.199575,0.0400
-0.000000,0.336803,0.000000,0.000000,-0.123921,0.017067,0.042984,-27.510419,-50.112322,0.108210,0.200189,0.0460
-0.000000,0.336803,0.000000,0.000000,-0.163691,0.019231,0.038445,-27.510419,-50.112322,0.107755,0.200914,0.0400
-0.000000,0.336803,0.000000,0.000000,-0.162493,0.019127,0.037996,-27.510419,-50.112322,0.107738,0.200941,0.0400
-0.000000,0.336803,0.000000,0.000000,-0.162493,0.019127,0.037996,-27.510419,-50.112322,0.107738,0.200941,0.0400
-0.000000,0.336803,0.000000,0.000000,0.250089,0.005737,0.061095,-27.510419,-50.112322,0.106047,0.201581,0.0400
-0.000000,0.336803,0.000000,0.000000,-0.055159,0.066513,0.051629,-27.510419,-50.112322,0.105864,0.202152,0.0410
-0.000000,0.336803,0.000000,0.000000,0.146816,-0.033943,0.056418,-27.510419,-50.112322,0.105380,0.202902,0.0400
-0.000000,0.336803,0.000000,0.000000,0.146816,-0.033943,0.056418,-27.510419,-50.112322,0.105380,0.202902,0.0400
-0.000000,0.336803,0.000000,0.000000,-0.005506,0.115112,0.049395,-27.510419,-50.112322,0.105318,0.203047,0.0400
-0.000000,-0.000000,0.000000,-0.077167,0.127343,-0.003439,0.051778,-27.510420,-50.112323,0.104459,0.196537,0.0430
-0.000000,-0.000000,0.000000,-0.077167,-0.008538,0.031779,0.051813,-27.510420,-50.112323,0.103517,0.189628,0.0400
-0.000000,-0.000000,0.000000,-0.077167,-0.008538,0.031779,0.051813,-27.510420,-50.112323,0.103517,0.189628,0.0400
-0.000000,-0.000000,0.000000,-0.077167,-0.008538,0.031779,0.051813,-27.510420,-50.112323,0.103517,0.189628,0.0400
-0.000000,-0.000000,0.000000,-0.077167,-0.008538,0.031779,0.051813,-27.510420,-50.112323,0.103517,0.189628,0.0400
-0.000000,-0.000000,0.000000,-0.077167,-0.008538,0.031779,0.051813,-27.510420,-50.112323,0.103517,0.189628,0.0400
-0.000000,-0.000000,0.000000,-0.077167,0.237507,-0.019752,0.065521,-27.510420,-50.112323,0.104221,0.174521,0.0430
-0.000000,-0.000000,0.000000,-0.077167,0.158585,-0.064346,0.060731,-27.510420,-50.112323,0.102654,0.167704,0.0600
-0.000000,-0.000000,0.000000,-0.077167,0.122345,0.006231,0.057859,-27.510420,-50.112323,0.102113,0.165076,0.0400
-0.000000,-0.000000,0.000000,-0.077167,0.095340,0.105898,0.054595,-27.510420,-50.112323,0.102159,0.159224,0.0400
-0.000000,-0.000000,0.000000,-0.077167,0.138950,-0.033010,0.057881,-27.510420,-50.112323,0.101406,0.155100,0.0410
-0.000000,-0.000000,0.000000,-0.077167,0.108232,0.066601,0.067297,-27.510420,-50.112323,0.100480,0.150335,0.0400
-0.000000,-0.000000,0.000000,-0.077167,0.165185,-0.066736,0.091926,-27.510420,-50.112323,0.100123,0.142163,0.0880
-0.000000,-0.000000,0.000000,-0.077167,-0.107157,-0.183037,0.112608,-27.510420,-50.112323,0.099714,0.136874,0.0400
-0.000000,-0.000000,0.000000,-0.077167,0.110755,0.183792,0.163502,-27.510420,-50.112323,0.099229,0.131447,0.0680
-0.000000,-0.000000,0.000000,-0.077167,0.162869,0.272002,0.290698,-27.510420,-50.112323,0.098524,0.126100,0.0430
-0.000000,-0.000000,0.000000,-0.077167,-0.241668,0.384445,0.536240,-27.510420,-50.112323,0.097611,0.119808,0.0760
-0.000000,-0.000000,0.000000,0.000000,-0.143191,-0.378125,1.284194,-27.510420,-50.112322,0.094249,0.109267,0.3060
-0.000000,-0.000000,0.000000,0.000000,-0.050149,-0.331462,1.553038,-27.510420,-50.112322,0.093273,0.108166,0.1210
-0.000000,-0.000000,0.000000,0.000000,-0.093833,-1.070015,0.885408,-27.510420,-50.112322,0.092737,0.107720,0.0880
-0.000000,-0.000000,0.000000,0.000000,0.436709,0.048140,-10.721724,-27.510420,-50.112322,0.091172,0.106573,0.2190
-0.000000,-0.000000,0.000000,0.000000,0.050738,-0.436248,-19.883299,-27.510420,-50.112322,0.090076,0.105505,0.1150
-0.000000,-0.000000,0.000000,0.000000,0.076215,-0.759613,-28.483957,-27.510420,-50.112322,0.088952,0.104518,0.0720
-0.759482,-0.000000,-0.354967,-0.000000,-0.241870,1.437018,-48.305954,-27.510425,-50.112322,-0.003074,0.096961,0.3510
-0.759482,-0.000000,-0.354967,-0.000000,1.715435,0.716739,-57.897449,-27.510425,-50.112322,-0.113455,0.094156,0.2780
-0.759482,-0.000000,-0.354967,-0.000000,0.735723,-0.713095,-59.125286,-27.510425,-50.112322,-0.181466,0.093537,0.1890
-0.759482,-0.000000,-0.354967,-0.000000,1.472131,-1.320733,-59.075005,-27.510425,-50.112322,-0.223659,0.092824,0.1050
-4.746765,1.347210,-2.388145,0.806898,0.233631,-1.433893,-58.259171,-27.510462,-50.112309,-0.444448,0.134194,0.2570
-4.746765,1.347210,-2.388145,0.806898,0.612217,-1.181676,-57.928017,-27.510462,-50.112309,-0.710641,0.220740,0.1230
-4.746765,1.347210,-2.388145,0.806898,1.043434,-1.126738,-57.577728,-27.510462,-50.112309,-1.099281,0.347379,0.1290
-4.746765,1.347210,-2.388145,0.806898,1.076201,-0.706788,-63.824463,-27.510462,-50.112309,-1.716479,0.543002,0.2540
-4.746765,1.347210,-2.388145,0.806898,-0.328939,-1.205145,-65.291817,-27.510462,-50.112309,-2.652486,0.841182,0.3840
-4.746765,1.347210,-2.388145,0.806898,-0.947058,-0.847553,-65.333672,-27.510462,-50.112309,-2.757669,0.875059,0.0440
-6.265730,2.020814,-1.866997,0.827944,-0.458188,-1.206574,-65.374596,-27.510475,-50.112302,-2.870352,0.913106,0.0410
-6.265730,2.020814,-1.866997,0.827944,0.138587,-0.452576,-65.787064,-27.510475,-50.112302,-3.405703,1.134408,0.2500
-6.265730,2.020814,-1.866997,0.827944,0.881645,-0.365178,-65.792381,-27.510475,-50.112302,-3.801150,1.293042,0.1940
-6.265730,2.020814,-1.866997,0.827944,1.277843,0.033562,-65.690178,-27.510475,-50.112302,-4.139639,1.433969,0.1610
-6.265730,2.020814,-1.866997,0.827944,0.522048,0.395056,-65.162941,-27.510475,-50.112302,-4.746976,1.690216,0.3040
-8.354306,3.704827,-1.814177,1.462765,-1.163467,-0.741770,-64.996971,-27.510495,-50.112287,-5.198639,1.987214,0.2340
-8.354306,3.704827,-1.814177,1.462765,-1.404873,-1.142538,-65.117165,-27.510495,-50.112287,-5.415230,2.152102,0.1080
-8.354306,3.704827,-1.814177,1.462765,-1.046002,-0.149166,-65.361023,-27.510495,-50.112287,-5.510009,2.223836,0.0480
-8.354306,3.704827,-1.814177,1.462765,-0.459476,0.520429,-65.559525,-27.510495,-50.112287,-5.610878,2.301244,0.0500
-8.354306,3.704827,-1.814177,1.462765,-1.114439,1.251320,-68.322578,-27.510495,-50.112287,-6.334656,2.856499,0.3410
-8.354306,3.704827,-1.814177,1.462765,-1.108784,1.413181,-68.826935,-27.510495,-50.112287,-6.495066,2.980991,0.1040
-10.063142,4.378431,-2.029275,0.799919,0.829310,1.272466,-69.523064,-27.510510,-50.112276,-7.171544,3.392871,0.3080
-10.063142,4.378431,-2.029275,0.799919,-0.145555,0.084486,-70.307251,-27.510510,-50.112276,-7.675588,3.602553,0.2400
-10.063142,4.378431,-2.029275,0.799919,-0.866300,-1.332423,-69.832321,-27.510510,-50.112276,-8.133162,3.788723,0.2210
-10.063142,4.378431,-2.029275,0.799919,-1.520302,-1.636735,-69.507919,-27.510510,-50.112276,-8.408738,3.896853,0.1280
-10.063142,4.378431,-2.029275,0.799919,0.913216,-1.350475,-69.181694,-27.510510,-50.112276,-8.876173,4.077310,0.2120
-12.151718,5.052036,-2.075947,0.669531,0.202195,0.154479,-69.654266,-27.510528,-50.112269,-9.239333,4.202005,0.1720
-12.151718,5.052036,-2.075947,0.669531,-0.331610,-0.564143,-69.723526,-27.510528,-50.112269,-9.357364,4.239817,0.0400
-12.151718,5.052036,-2.075947,0.669531,0.016331,-0.792886,-69.340683,-27.510528,-50.112269,-9.779439,4.373894,0.1790
-12.151718,5.052036,-2.075947,0.669531,1.458435,-0.297937,-68.696220,-27.510528,-50.112269,-10.228681,4.513150,0.2040
-12.151718,5.052036,-2.075947,0.669531,3.201969,0.147346,-68.320374,-27.510528,-50.112269,-10.765710,4.682209,0.2330
-12.151718,5.052036,-2.075947,0.669531,2.209480,-0.272448,-68.450752,-27.510528,-50.112269,-11.065470,4.778203,0.1660
-12.151718,5.052036,-2.075947,0.669531,1.604384,-0.321472,-68.530426,-27.510528,-50.112269,-11.185135,4.816310,0.0400
-11.582107,3.368025,0.392307,-1.159826,0.777720,-0.751657,-68.589882,-27.510523,-50.112290,-11.217959,4.804963,0.0420
-11.582107,3.368025,0.392307,-1.159826,-0.392176,-1.097857,-69.101982,-27.510523,-50.112290,-11.186619,4.664979,0.1230
-11.582107,3.368025,0.392307,-1.159826,-2.154349,0.249594,-78.285683,-27.510523,-50.112290,-11.127509,4.430709,0.2010
-11.582107,3.368025,0.392307,-1.159826,-0.191334,-0.316794,-80.927498,-27.510523,-50.112290,-11.095545,4.296676,0.1150
-11.582107,3.368025,0.392307,-1.159826,-1.041963,0.440793,-83.052528,-27.510523,-50.112290,-11.022145,4.016317,0.2370
-11.582107,3.368025,0.392307,-1.159826,-1.522819,0.976245,-84.403549,-27.510523,-50.112290,-10.946272,3.738127,0.2240
-6.265730,0.336803,1.005538,-0.573324,-2.045727,1.757548,-84.989571,-27.510475,-50.112319,-10.783091,3.579850,0.1920
-6.265730,0.336803,1.005538,-0.573324,0.167752,2.095118,-85.343567,-27.510475,-50.112319,-10.608459,3.472032,0.1450
-6.265730,0.336803,1.005538,-0.573324,0.374729,1.615004,-85.451591,-27.510475,-50.112319,-10.545354,3.434512,0.0400
-6.265730,0.336803,1.005538,-0.573324,-0.800709,1.677902,-85.570595,-27.510475,-50.112319,-10.472048,3.390461,0.0430
-6.265730,0.336803,1.005538,-0.573324,1.177307,1.610451,-86.069260,-27.510475,-50.112319,-10.214049,3.235571,0.2140
-6.265730,0.336803,1.005538,-0.573324,1.367140,2.016389,-86.666458,-27.510475,-50.112319,-9.962846,3.084012,0.2050
-6.265730,0.336803,1.005538,-0.573324,-0.249049,2.727498,-87.239258,-27.510475,-50.112319,-9.742598,2.949747,0.1540
-6.265730,0.336803,0.000000,0.000000,-1.441615,2.112415,-86.362038,-27.510475,-50.112319,-9.673051,2.911737,0.2550
-6.265730,0.336803,0.000000,0.000000,-1.288684,0.341281,-82.828636,-27.510475,-50.112319,-9.617062,2.883025,0.2800
-6.265730,0.336803,0.000000,0.000000,-1.095934,1.059050,-81.873230,-27.510475,-50.112319,-9.586171,2.860798,0.1570
-6.265730,0.336803,0.000000,0.000000,-0.119617,2.583940,-80.794403,-27.510475,-50.112319,-9.546237,2.833437,0.1940
-6.265730,0.336803,0.000000,0.000000,1.184868,1.778852,-80.854813,-27.510475,-50.112319,-9.502182,2.807405,0.2670
-6.265730,0.336803,0.000000,0.000000,1.186877,1.831628,-81.440071,-27.510475,-50.112319,-9.474113,2.794071,0.1370
-6.265730,0.336803,0.000000,0.000000,0.953735,1.076143,-82.734863,-27.510475,-50.112319,-9.413804,2.763561,0.3180
-6.265730,0.336803,0.000000,0.000000,1.829737,1.504897,-84.022812,-27.510475,-50.112319,-9.351877,2.731587,0.3470
-6.265730,0.336803,0.000000,0.000000,0.569643,0.564449,-84.350525,-27.510475,-50.112319,-9.338524,2.723220,0.0720
-6.265730,0.336803,0.000000,0.000000,-0.652370,-0.067281,-85.830521,-27.510475,-50.112319,-9.275098,2.687356,0.3180
-6.265730,0.336803,0.000000,0.000000,-0.999312,-0.412947,-86.091049,-27.510475,-50.112319,-9.255830,2.673242,0.1350
-6.265730,0.336803,0.000000,0.000000,-1.022997,-0.950439,-85.691093,-27.510475,-50.112319,-9.210856,2.645663,0.2600
-6.265730,0.336803,0.000000,0.000000,1.000894,-1.641531,-85.192802,-27.510475,-50.112319,-9.148332,2.591894,0.4170
-6.265730,0.336803,0.000000,0.000000,1.989884,-2.679131,-85.042023,-27.510475,-50.112319,-9.128385,2.572528,0.1680
-6.265730,0.336803,0.000000,0.000000,0.402542,-4.674333,-84.795593,-27.510475,-50.112319,-9.109302,2.556526,0.1100
-6.265730,0.336803,0.000000,0.000000,-0.114128,-4.556234,-84.071503,-27.510475,-50.112319,-9.083451,2.530396,0.1730
-6.265730,0.336803,0.000000,0.000000,-0.269102,-5.058340,-83.906616,-27.510475,-50.112319,-9.075085,2.526977,0.0410
-6.265730,0.336803,0.000000,0.000000,-0.426237,-4.440428,-83.781311,-27.510475,-50.112319,-9.065439,2.511026,0.0400
-6.265730,0.336803,0.000000,0.000000,-0.863862,-4.169324,-83.690079,-27.510475,-50.112319,-9.059351,2.505194,0.0400
-6.265730,0.336803,0.000000,0.000000,-0.113295,-4.273595,-83.565399,-27.510475,-50.112319,-9.050925,2.502221,0.0400
-6.265730,0.336803,0.000000,0.000000,0.376770,-4.156730,-83.218903,-27.510475,-50.112319,-9.042469,2.447725,0.0780
-6.265730,0.336803,0.000000,0.000000,0.384367,-4.156759,-83.044716,-27.510475,-50.112319,-9.034157,2.446464,0.0440
-6.265730,0.336803,0.000000,0.000000,0.961154,-4.094891,-82.899605,-27.510475,-50.112319,-9.025303,2.439302,0.0670
-6.265730,0.336803,0.000000,0.000000,1.061840,-3.116488,-82.880997,-27.510475,-50.112319,-9.017268,2.437304,0.0400
-6.265730,0.336803,0.000000,0.000000,1.111042,-2.409325,-82.878654,-27.510475,-50.112319,-9.011626,2.398988,0.0450
-6.265730,0.336803,0.000000,0.000000,1.169990,-2.056776,-82.859947,-27.510475,-50.112319,-9.004325,2.391312,0.0480
-6.265730,0.336803,0.000000,0.000000,1.052788,-1.583852,-82.834694,-27.510475,-50.112319,-8.996128,2.389771,0.0570
-6.265730,0.336803,0.000000,0.000000,1.969156,-0.026018,-83.078735,-27.510475,-50.112319,-8.952773,2.350480,0.2940
-6.265730,0.336803,0.000000,0.000000,-0.543431,0.822810,-83.973984,-27.510475,-50.112319,-8.916582,2.319332,0.2290
-6.265730,0.336803,0.000000,0.000000,0.420333,-0.529587,-83.892426,-27.510475,-50.112319,-8.871674,2.281504,0.3140
32.277996,9.430498,5.227284,1.233283,0.813425,-0.295242,-83.779755,-27.510128,-50.112228,-8.483802,2.363248,0.0610
32.277996,9.430498,5.227284,1.233283,0.939350,-0.414103,-83.652374,-27.510128,-50.112228,-8.019678,2.464635,0.0420
32.277996,9.430498,5.227284,1.233283,0.692681,-0.368825,-83.250298,-27.510128,-50.112228,-6.411297,2.808113,0.2480
32.277996,9.430498,5.227284,1.233283,-1.430777,0.531413,-83.256439,-27.510128,-50.112228,-4.256396,3.270996,0.2940
32.277996,9.430498,5.227284,1.233283,-0.104510,-1.699317,-81.579704,-27.510128,-50.112228,-2.544476,3.641347,0.2490
32.277996,9.430498,0.000000,0.000000,0.911720,-1.204769,-80.801613,-27.510128,-50.112228,-1.495107,3.838602,0.3460
32.277996,9.430498,0.000000,0.000000,1.167331,0.030842,-80.458778,-27.510128,-50.112228,-1.030009,3.913743,0.2660
32.277996,9.430498,0.000000,0.000000,-2.142617,0.805496,-81.250786,-27.510128,-50.112228,-0.430200,4.008290,0.3420
32.277996,9.430498,0.000000,0.000000,0.556496,0.209837,-80.846382,-27.510128,-50.112228,-0.013967,4.075914,0.2570
32.277996,9.430498,0.000000,0.000000,0.767742,0.504820,-80.668251,-27.510128,-50.112228,0.293782,4.126404,0.1650
32.277996,9.430498,0.000000,0.000000,-1.054820,0.908016,-81.318260,-27.510128,-50.112228,0.863015,4.220839,0.3760
32.277996,9.430498,0.000000,0.000000,-1.045454,0.974041,-82.063240,-27.510128,-50.112228,1.085920,4.258022,0.1290
32.277996,9.430498,0.000000,0.000000,-1.965820,0.318637,-82.549164,-27.510128,-50.112228,1.561627,4.341070,0.3080
32.277996,9.430498,0.000000,0.000000,0.991816,0.124235,-82.659058,-27.510128,-50.112228,2.023811,4.422306,0.2930
32.277996,9.430498,0.000000,0.000000,1.078885,-0.075852,-82.733223,-27.510128,-50.112228,2.109747,4.436296,0.0960
32.277996,9.430498,0.000000,0.000000,1.025685,-0.103024,-82.925667,-27.510128,-50.112228,2.368965,4.479726,0.1270
32.277996,9.430498,0.000000,0.000000,0.796990,-0.306372,-83.423515,-27.510128,-50.112228,2.840197,4.559278,0.3670
32.277996,9.430498,0.000000,0.000000,0.185595,-1.054202,-83.436966,-27.510128,-50.112228,2.905203,4.570249,0.0460
32.277996,9.430498,0.000000,0.000000,-2.124413,-3.056378,-82.146729,-27.510128,-50.112228,3.393485,4.649184,0.3400
32.277996,9.430498,0.000000,0.000000,0.618200,0.523304,-82.716972,-27.510128,-50.112228,3.829592,4.713282,0.3160
32.277996,9.430498,0.000000,0.000000,0.840653,-0.092027,-82.804253,-27.510128,-50.112228,3.984596,4.737479,0.1150
32.277996,9.430498,0.000000,0.000000,0.554911,0.387713,-82.892105,-27.510128,-50.112228,4.105343,4.758616,0.0410
32.277996,9.430498,0.000000,0.000000,0.773387,0.249915,-83.661049,-27.510128,-50.112228,4.611730,4.836047,0.3960
32.277996,9.430498,0.000000,0.000000,0.608037,0.163447,-83.923141,-27.510128,-50.112228,4.717576,4.853436,0.0880
32.277996,9.430498,0.000000,0.000000,-0.507656,-0.100168,-84.231766,-27.510128,-50.112228,4.843423,4.874117,0.0860
32.277996,9.430498,0.000000,0.000000,-1.560489,-0.392613,-84.991982,-27.510128,-50.112228,5.239728,4.937419,0.3110
37.594372,6.736067,2.441215,-1.237250,-1.631796,-0.070874,-85.590279,-27.510080,-50.112257,5.681484,4.966818,0.2870
37.594372,6.736067,2.441215,-1.237250,-2.417965,0.109805,-85.591873,-27.510080,-50.112257,6.016275,4.869892,0.1090
37.594372,6.736067,2.441215,-1.237250,-2.280524,-0.332591,-85.634995,-27.510080,-50.112257,6.221587,4.810369,0.0520
37.594372,6.736067,2.441215,-1.237250,-0.444298,0.166843,-85.523384,-27.510080,-50.112257,6.833033,4.634329,0.1310
37.594372,6.736067,2.441215,-1.237250,0.569962,-0.088130,-84.800697,-27.510080,-50.112257,7.754205,4.363380,0.2680
37.594372,6.736067,2.441215,-1.237250,0.643884,0.442989,-84.465439,-27.510080,-50.112257,8.040538,4.279453,0.0770
37.594372,6.736067,2.441215,-1.237250,0.486716,0.406748,-84.082420,-27.510080,-50.112257,8.380833,4.181333,0.0910
37.594372,6.736067,2.441215,-1.237250,0.759454,0.143391,-83.386551,-27.510201,-50.112280,9.384755,3.887336,0.2700
24.303431,4.041640,-1.477271,-0.299482,0.220344,-0.150654,-83.307030,-27.510201,-50.112280,9.274106,3.822349,0.1790
24.303431,4.041640,-1.477271,-0.299482,0.342123,0.104645,-83.325157,-27.510201,-50.112280,9.113341,3.752018,0.2460
24.303431,4.041640,-1.477271,-0.299482,0.684279,0.228741,-83.307663,-27.510201,-50.112280,9.007800,3.712772,0.1310
24.303431,4.041640,-1.477271,-0.299482,-1.639519,-0.784702,-82.697792,-27.510201,-50.112280,8.811873,3.634168,0.2700
24.303431,4.041640,-1.477271,-0.299482,-2.217845,-2.099547,-81.711578,-27.510201,-50.112280,8.719313,3.597847,0.1380
22.214853,2.694427,-1.309899,-0.844936,-2.753868,-2.698451,-81.414055,-27.510219,-50.112298,8.690647,3.583558,0.0410
22.214853,2.694427,-1.309899,-0.844936,0.038350,-0.021166,-82.099586,-27.510219,-50.112298,8.534984,3.379391,0.2270
22.214853,2.694427,-1.309899,-0.844936,0.498930,-0.693768,-82.315742,-27.510219,-50.112298,8.459931,3.281725,0.1160
22.214853,2.694427,-1.309899,-0.844936,0.514379,-0.150011,-82.363251,-27.510219,-50.112298,8.421949,3.231148,0.0450
22.214853,2.694427,-1.309899,-0.844936,0.893553,0.130123,-82.403984,-27.510219,-50.112298,8.380410,3.177736,0.0740
22.214853,2.694427,-1.309899,-0.844936,1.075722,0.265746,-82.435760,-27.510219,-50.112298,8.347492,3.133553,0.0530
22.214853,2.694427,-1.309899,-0.844936,-0.042280,-0.021608,-82.383942,-27.510219,-50.112298,8.301297,3.072120,0.0660
22.214853,2.694427,-1.309899,-0.844936,-1.081091,-0.757681,-81.654831,-27.510219,-50.112298,8.201108,2.941889,0.1490
22.214853,2.694427,-1.309899,-0.844936,-1.348203,-1.307718,-81.253441,-27.510219,-50.112298,8.172118,2.904113,0.0490
19.176924,1.684018,-1.152040,-0.383166,0.115008,-0.676182,-80.589050,-27.510246,-50.112304,8.027343,2.716573,0.2190
19.176924,1.684018,-1.152040,-0.383166,-1.011051,-2.182516,-79.920815,-27.510246,-50.112304,7.811960,2.565734,0.3230
19.176924,1.684018,-1.152040,-0.383166,-0.436195,0.083032,-80.603798,-27.510246,-50.112304,7.661546,2.461554,0.2140
19.176924,1.684018,-1.152040,-0.383166,0.329859,0.732110,-80.578400,-27.510246,-50.112304,7.487416,2.342345,0.2570
17.847830,2.020821,-1.027285,0.260322,1.159520,-3.885525,-70.695625,-27.510257,-50.112301,7.343224,2.287495,0.2590
17.847830,2.020821,-1.027285,0.260322,1.805690,-3.625971,-67.641853,-27.510257,-50.112301,7.309191,2.302259,0.0610
17.847830,2.020821,-1.027285,0.260322,4.193449,0.950285,-4.092120,-27.510257,-50.112301,7.122259,2.383313,0.3300
