0.128752,0.739607,0.997561,-0.038028,0.007202,0.001531,12.7000
0.075741,0.426661,0.998062,-0.021848,0.004468,0.001606,0.2250
0.070048,0.409552,0.998091,-0.020546,0.004247,0.001615,0.0400
0.065159,0.377013,0.998128,-0.018737,0.003930,0.001625,0.0400
0.060458,0.343858,0.998158,-0.017070,0.003640,0.001615,0.0410
0.055336,0.311324,0.998189,-0.015239,0.003310,0.001610,0.0400
0.051817,0.281092,0.998211,-0.013773,0.003053,0.001615,0.0410
0.050178,0.257227,0.998232,-0.012281,0.002772,0.001620,0.0410
0.042816,0.216469,0.998252,-0.010590,0.002439,0.001628,0.0410
0.031481,0.183316,0.998270,-0.008758,0.002123,0.001642,0.0400
0.024724,0.144342,0.998286,-0.006856,0.001793,0.001657,0.0410
0.016211,0.106217,0.998297,-0.005056,0.001511,0.001659,0.0400
0.012737,0.077566,0.998304,-0.003411,0.001249,0.001665,0.0400
0.007466,0.043891,0.998309,-0.001578,0.000953,0.001684,0.0400
0.002588,0.009431,0.998311,-0.000138,0.000579,0.001702,0.0400
0.000104,-0.000210,0.998311,-0.000047,0.000555,0.001705,0.0400
0.001644,0.000441,0.998311,0.000120,0.000325,0.001713,0.0410
-0.000332,-0.000363,0.998311,0.000085,0.000633,0.001732,0.0410
0.000574,-0.000645,0.998311,-0.000294,0.000377,0.001749,0.0410
0.000089,0.000625,0.998311,-0.000031,0.000340,0.001763,0.0410
0.000118,0.000291,0.998311,0.000114,0.000337,0.001772,0.0410
0.000223,-0.000060,0.998311,0.000068,0.000235,0.001785,0.0400
-0.000262,0.000199,0.998311,0.000092,0.000350,0.001789,0.0400
0.000051,0.000014,0.998311,0.000275,0.000535,0.001795,0.0400
-0.000105,-0.000352,0.998311,0.000101,0.000655,0.001795,0.0410
0.001133,-0.000543,0.998311,0.000186,0.000524,0.001798,0.0410
-0.000230,0.000124,0.998311,0.000127,0.000539,0.001801,0.0410
-0.001859,0.000124,0.998310,-0.000070,0.000910,0.001792,0.0400
0.001293,0.000082,0.998311,-0.000124,0.000209,0.001801,0.0410
-0.000834,0.000625,0.998311,-0.000112,0.000475,0.001812,0.0410
0.000249,0.000208,0.998311,0.000174,0.000560,0.001819,0.0410
0.000204,0.000283,0.998311,-0.000070,0.000417,0.001825,0.0400
-0.000341,-0.000305,0.998310,-0.000243,0.000738,0.001832,0.0400
0.000264,0.000414,0.998311,-0.000149,0.000583,0.001839,0.0410
-0.001077,0.000706,0.998310,0.000183,0.000766,0.001840,0.0410
0.001171,0.000021,0.998311,0.000306,0.000363,0.001849,0.0410
0.000366,-0.000370,0.998310,-0.000135,0.000658,0.001869,0.0410
-0.000405,-0.000622,0.998310,-0.000159,0.000813,0.001871,0.0500
-0.000076,0.000423,0.998310,0.000132,0.000809,0.001879,0.0400
0.000160,-0.000083,0.998310,-0.000220,0.000668,0.001881,0.0400
-0.000204,0.000245,0.998310,0.000078,0.000696,0.001883,0.0410
0.000450,-0.000518,0.998310,-0.000281,0.000522,0.001880,0.0410
0.000462,0.000259,0.998311,-0.000302,0.000445,0.001882,0.0400
-0.000317,0.000220,0.998311,-0.000218,0.000283,0.001873,0.0400
-0.000395,0.000383,0.998310,-0.000211,0.000705,0.001865,0.0410
-0.000013,0.000164,0.998310,-0.000280,0.000628,0.001862,0.0400
-0.000296,-0.000228,0.998310,-0.000374,0.000503,0.001872,0.0400
0.000155,0.000260,0.998311,-0.000063,0.000440,0.001887,0.0400
-0.000398,-0.000089,0.998310,-0.000241,0.000799,0.001903,0.0410
0.000352,-0.000325,0.998310,-0.000323,0.000382,0.001908,0.0400
-0.000986,0.000489,0.998310,0.000013,0.000624,0.001906,0.0400
-0.000887,-0.000290,0.998310,-0.000102,0.000797,0.001899,0.0410
-0.000360,-0.000083,0.998310,-0.000312,0.000860,0.001911,0.0400
0.000782,0.000096,0.998310,-0.000488,0.000830,0.001918,0.0400
0.000197,-0.000043,0.998310,-0.000333,0.000723,0.001906,0.0400
0.000554,0.000602,0.998311,-0.000095,0.000514,0.001896,0.0410
0.000234,-0.000041,0.998311,-0.000336,0.000348,0.001892,0.0400
-0.000758,-0.000084,0.998310,-0.000304,0.000754,0.001906,0.0410
0.000622,0.000537,0.998310,0.000011,0.000721,0.001908,0.0410
-0.001505,-0.000022,0.998310,0.000006,0.000859,0.001922,0.0410
0.000424,-0.000345,0.998310,-0.000275,0.000786,0.001921,0.0400
-0.000713,0.002375,0.998310,0.000019,0.000544,0.001922,0.0410
-0.000974,0.001998,0.998310,0.000106,0.000775,0.001917,0.0400
-0.000258,-0.000400,0.998310,0.000073,0.000756,0.001914,0.0410
0.000715,-0.000492,0.998310,-0.000314,0.000608,0.001921,0.0410
0.000593,-0.000111,0.998310,-0.000244,0.000838,0.001924,0.0420
-0.000036,0.000955,0.998310,0.000137,0.000693,0.001932,0.0410
0.000109,-0.000281,0.998310,-0.000266,0.000595,0.001939,0.0400
0.000101,0.000149,0.998310,-0.000030,0.000566,0.001933,0.0410
-0.000017,0.000029,0.998310,-0.000194,0.000655,0.001934,0.0410
-0.000184,-0.000292,0.998310,-0.000354,0.000483,0.001937,0.0400
-0.000096,0.000047,0.998310,-0.000354,0.000390,0.001935,0.0400
-0.000677,0.000576,0.998310,-0.000132,0.000698,0.001938,0.0410
0.000408,-0.000733,0.998311,-0.000148,0.000434,0.001941,0.0590
-0.000706,0.001323,0.998310,0.000046,0.000653,0.001935,0.0410
0.000515,-0.000448,0.998310,-0.000204,0.000263,0.001939,0.0400
-0.000083,0.001322,0.998310,-0.000132,0.000559,0.001958,0.0410
0.000430,-0.000449,0.998310,-0.000185,0.000631,0.001961,0.0400
-0.000107,0.000129,0.998310,-0.000258,0.000567,0.001951,0.0400
-0.000008,0.000446,0.998310,0.000027,0.000566,0.001948,0.0400
-0.000173,-0.000075,0.998310,0.000024,0.000768,0.001949,0.0410
-0.000018,-0.000317,0.998310,-0.000248,0.000651,0.001951,0.0400
0.000156,0.000117,0.998310,-0.000063,0.000626,0.001952,0.0400
0.000096,0.000413,0.998310,-0.000128,0.000621,0.001949,0.0410
-0.000387,-0.000356,0.998310,-0.000083,0.000380,0.001943,0.0410
-0.000122,0.000257,0.998310,-0.000319,0.000645,0.001945,0.0400
-0.000226,0.000344,0.998310,-0.000173,0.000583,0.001958,0.0400
-0.000021,0.000063,0.998310,0.000045,0.000365,0.001963,0.0400
0.000421,0.001272,0.998310,0.000111,0.000538,0.001967,0.0410
0.002512,0.001021,0.998310,0.000001,0.000513,0.001969,0.0400
-0.000083,0.000204,0.998310,0.000433,0.000553,0.001970,0.0410
0.000397,-0.000532,0.998310,0.000065,0.000579,0.001971,0.0400
-0.001789,0.000615,0.998310,0.000048,0.000704,0.001974,0.0400
0.000334,-0.000114,0.998310,-0.000111,0.000637,0.001984,0.0400
0.000154,0.000334,0.998310,-0.000115,0.000876,0.001992,0.0400
-0.000056,0.000300,0.998310,-0.000066,0.000660,0.002001,0.0410
0.000048,-0.000510,0.998310,-0.000239,0.000625,0.002011,0.0410
0.000339,0.000417,0.998310,-0.000046,0.000542,0.002016,0.0400
-0.000404,0.001116,0.998310,0.000465,0.000561,0.002025,0.0410
0.000325,-0.000868,0.998310,-0.000056,0.000590,0.002059,0.0400
-0.000128,0.000221,0.998310,0.000216,0.000767,0.002069,0.0400
0.000599,-0.000373,0.998310,0.000050,0.000458,0.002078,0.0410
0.000501,0.001372,0.998310,0.000208,0.000565,0.002096,0.0400
0.001580,-0.002080,0.998310,-0.000490,0.000320,0.002111,0.0410
0.000032,-0.000095,0.998310,-0.000222,0.000418,0.002117,0.0410
-0.002442,-0.002733,0.998310,-0.000379,0.000540,0.002117,0.0400
0.000006,0.000150,0.998310,-0.000256,0.000776,0.002122,0.0410
-0.000009,0.000242,0.998310,-0.000344,0.000625,0.002123,0.0410
0.000133,0.000207,0.998310,-0.000391,0.000597,0.002123,0.0400
-0.000212,0.000391,0.998310,-0.000423,0.000829,0.002127,0.0400
0.000327,-0.000201,0.998310,-0.000536,0.000586,0.002134,0.0410
0.000349,0.000149,0.998310,-0.000469,0.000520,0.002138,0.0530
0.000450,0.001258,0.998310,-0.000282,0.000583,0.002152,0.0410
0.000592,0.000395,0.998310,-0.000137,0.000526,0.002153,0.0410
0.000990,-0.000320,0.998310,-0.000189,0.000584,0.002157,0.0410
-0.001193,0.002532,0.998310,0.000031,0.000752,0.002161,0.0400
-0.001017,-0.000127,0.998309,-0.000168,0.001139,0.002164,0.0400
0.001608,0.000856,0.998310,0.000092,0.000580,0.002162,0.0400
-0.000947,-0.001377,0.998310,-0.000183,0.000764,0.002160,0.0410
-0.000460,0.000255,0.998310,-0.000117,0.000441,0.002148,0.0400
-0.000050,-0.000001,0.998310,-0.000029,0.000522,0.002142,0.0400
-0.000257,-0.001187,0.998310,-0.000215,0.000427,0.002139,0.0400
-0.001362,0.000271,0.998310,-0.000057,0.000792,0.002140,0.0400
0.000145,-0.000254,0.998310,-0.000420,0.000615,0.002141,0.0410
0.002777,0.002183,0.998310,-0.000415,0.000759,0.002144,0.0410
0.000135,0.000412,0.998310,0.000064,0.000331,0.002137,0.0410
-0.000321,-0.000402,0.998310,-0.000075,0.000676,0.002124,0.0410
0.000109,0.001004,0.998310,0.000097,0.000556,0.002119,0.0400
0.000224,0.000653,0.998310,0.000144,0.000716,0.002118,0.0410
-0.000269,-0.000021,0.998310,0.000115,0.000799,0.002116,0.0400
0.000838,-0.000523,0.998310,-0.000008,0.000410,0.002136,0.0400
-0.000026,0.000027,0.998310,0.000055,0.000839,0.002151,0.0400
0.001205,-0.000122,0.998310,-0.000068,0.000497,0.002165,0.0410
-0.000544,0.000410,0.998310,-0.000005,0.000620,0.002171,0.0400
0.000236,0.000102,0.998310,-0.000282,0.000755,0.002174,0.0410
0.001562,0.000278,0.998310,-0.000363,0.000782,0.002170,0.0400
0.000101,-0.000291,0.998310,-0.000464,0.000839,0.002172,0.0400
0.000156,0.000016,0.998310,-0.000494,0.000644,0.002166,0.0410
-0.000531,-0.000076,0.998310,-0.000343,0.000857,0.002175,0.0420
-0.000238,0.000857,0.998310,-0.000057,0.000754,0.002176,0.0410
0.001310,-0.000396,0.998310,0.000035,0.000692,0.002180,0.0400
-0.000388,-0.000160,0.998310,0.000084,0.000777,0.002191,0.0400
0.000267,0.000266,0.998310,-0.000111,0.000663,0.002201,0.0400
-0.000814,-0.000087,0.998310,0.000208,0.000858,0.002217,0.0400
0.000377,0.000584,0.998310,0.000074,0.000755,0.002231,0.0400
0.000684,-0.001164,0.998310,-0.000093,0.000502,0.002246,0.0410
0.000097,0.000804,0.998309,0.000208,0.000758,0.002260,0.0400
-0.000130,-0.000268,0.998310,0.000312,0.000619,0.002269,0.0560
0.000117,-0.000027,0.998310,0.000158,0.000651,0.002278,0.0410
0.000500,0.000315,0.998310,-0.000015,0.000558,0.002275,0.0410
-0.000772,0.000267,0.998310,0.000068,0.000718,0.002281,0.0400
0.000863,-0.000379,0.998310,-0.000152,0.000492,0.002283,0.0400
-0.000573,-0.000934,0.998309,-0.000207,0.000588,0.002291,0.0400
-0.000595,0.000129,0.998309,0.000034,0.000950,0.002279,0.0400
0.000071,-0.000043,0.998309,0.000041,0.000916,0.002274,0.0410
-0.000094,-0.000080,0.998309,-0.000144,0.000946,0.002285,0.0400
0.000650,0.000291,0.998310,-0.000116,0.000548,0.002291,0.0410
-0.000852,-0.000050,0.998309,-0.000018,0.000969,0.002293,0.0410
0.000133,0.000286,0.998309,0.000290,0.000927,0.002303,0.0400
0.001471,-0.000855,0.998310,0.000298,0.000461,0.002311,0.0410
0.000200,-0.001264,0.998310,-0.000048,0.000461,0.002322,0.0400
0.000702,0.000295,0.998310,-0.000183,0.000245,0.002343,0.0410
-0.000729,0.000584,0.998309,-0.000019,0.000550,0.002356,0.0400
0.000425,-0.000016,0.998309,-0.000066,0.000512,0.002373,0.0410
-0.000133,-0.000782,0.998309,-0.000273,0.001054,0.002382,0.0410
0.000305,-0.000032,0.998309,-0.000226,0.000821,0.002378,0.0400
0.000229,0.000103,0.998309,0.000098,0.000720,0.002378,0.0410
-0.000048,0.000139,0.998309,-0.000076,0.000780,0.002381,0.0410
-0.000066,-0.000145,0.998309,-0.000064,0.000801,0.002386,0.0410
0.000038,0.000139,0.998309,-0.000130,0.000892,0.002396,0.0400
0.000434,0.000175,0.998309,-0.000343,0.000760,0.002399,0.0400
0.000036,-0.000120,0.998309,-0.000316,0.000745,0.002399,0.0400
0.000447,0.001428,0.998309,-0.000017,0.000766,0.002402,0.0410
-0.000270,-0.000311,0.998309,-0.000108,0.000818,0.002409,0.0410
0.000039,0.000414,0.998309,-0.000180,0.000664,0.002408,0.0400
-0.000452,-0.000499,0.998309,0.000040,0.000581,0.002416,0.0410
-0.000086,0.000039,0.998309,-0.000034,0.000568,0.002417,0.0400
-0.000111,0.000954,0.998309,0.000048,0.000699,0.002420,0.0400
0.000134,0.000126,0.998309,0.000045,0.000540,0.002435,0.0410
0.000114,-0.000085,0.998309,0.000079,0.000823,0.002442,0.0400
0.000840,-0.000473,0.998309,0.000053,0.000674,0.002448,0.0400
-0.000826,0.000660,0.998309,0.000482,0.000987,0.002448,0.0410
0.000297,-0.000175,0.998309,-0.000127,0.000702,0.002453,0.0410
-0.000642,-0.000891,0.998309,-0.000492,0.001138,0.002464,0.0400
0.000040,0.000075,0.998309,-0.000333,0.000937,0.002473,0.0400
-0.000250,-0.000409,0.998309,-0.000199,0.001037,0.002487,0.0540
0.000653,-0.000033,0.998309,-0.000462,0.000829,0.002494,0.0400
0.000351,-0.000054,0.998309,-0.000169,0.000871,0.002498,0.0400
-0.000584,-0.001412,0.998309,-0.000524,0.000927,0.002501,0.0410
0.000175,-0.000290,0.998309,-0.000371,0.000802,0.002502,0.0400
0.000411,0.000543,0.998309,-0.000024,0.000868,0.002504,0.0400
-0.000985,-0.000226,0.998308,-0.000151,0.001203,0.002507,0.0400
-0.000095,-0.000133,0.998309,-0.000275,0.001220,0.002516,0.0410
0.000347,0.000023,0.998309,-0.000171,0.001060,0.002523,0.0400
-0.002293,0.006418,0.998309,-0.000576,0.000799,0.002525,0.0430
0.000300,-0.000233,0.998309,-0.000107,0.000873,0.002527,0.0410
-0.000145,0.000089,0.998309,-0.000289,0.000825,0.002536,0.0410
-0.000209,-0.000175,0.998308,-0.000558,0.001261,0.002544,0.0400
0.000688,0.000926,0.998309,-0.000191,0.000964,0.002542,0.0410
0.000426,-0.000698,0.998309,-0.000226,0.000808,0.002544,0.0410
0.000414,0.000338,0.998309,-0.000234,0.000586,0.002554,0.0410
0.000162,-0.000051,0.998309,-0.000126,0.000726,0.002554,0.0400
0.000169,0.000026,0.998309,-0.000254,0.000945,0.002559,0.0400
-0.000101,0.000882,0.998309,-0.000002,0.001014,0.002565,0.0410
0.000179,0.000614,0.998309,0.000014,0.000817,0.002573,0.0400
0.000037,-0.000369,0.998309,-0.000495,0.000687,0.002585,0.0400
-0.000089,-0.000252,0.998309,-0.000436,0.000838,0.002596,0.0410
-0.000595,0.001000,0.998308,0.000219,0.001176,0.002607,0.0400
0.001495,-0.000040,0.998309,-0.000108,0.000894,0.002612,0.0400
-0.000069,-0.000225,0.998308,-0.000144,0.001197,0.002619,0.0400
0.001491,0.000006,0.998309,-0.000400,0.000759,0.002627,0.0400
-0.000046,0.000517,0.998309,0.000225,0.000734,0.002651,0.0400
0.000431,0.000121,0.998309,-0.000194,0.000691,0.002663,0.0400
-0.000955,0.000155,0.998308,-0.000218,0.001076,0.002665,0.0400
0.000612,-0.001458,0.998308,-0.000344,0.000772,0.002679,0.0400
0.000360,0.000615,0.998308,-0.000123,0.000897,0.002688,0.0400
0.000092,-0.000566,0.998308,-0.000437,0.000901,0.002681,0.0410
0.000007,0.000811,0.998309,-0.000065,0.000727,0.002684,0.0400
0.000298,-0.000040,0.998309,-0.000167,0.000705,0.002698,0.0400
0.000133,0.000006,0.998308,-0.000131,0.001110,0.002705,0.0400
0.000094,0.000122,0.998308,-0.000213,0.000850,0.002707,0.0400
0.000175,-0.000390,0.998308,0.000040,0.000919,0.002706,0.0570
0.000031,-0.000466,0.998308,-0.000152,0.000930,0.002714,0.0400
0.001879,0.000558,0.998308,-0.000119,0.000781,0.002716,0.0400
-0.001096,-0.000075,0.998308,-0.000323,0.000959,0.002710,0.0400
0.000122,-0.000117,0.998308,-0.000251,0.000876,0.002714,0.0410
-0.000025,-0.000102,0.998308,-0.000171,0.000691,0.002720,0.0400
-0.000122,-0.000007,0.998308,-0.000003,0.000983,0.002720,0.0410
0.000097,-0.000027,0.998308,-0.000056,0.000990,0.002726,0.0400
0.000109,-0.000199,0.998308,-0.000020,0.000838,0.002729,0.0410
0.000384,0.000243,0.998308,0.000010,0.000748,0.002736,0.0410
-0.000359,-0.000075,0.998308,-0.000036,0.000938,0.002749,0.0400
0.000175,-0.000534,0.998308,-0.000298,0.001206,0.002769,0.0410
0.000114,0.000006,0.998308,-0.000409,0.001197,0.002779,0.0400
0.000648,-0.000828,0.998308,-0.000464,0.000761,0.002789,0.0400
-0.000046,-0.000032,0.998308,-0.000373,0.000749,0.002787,0.0400
0.147013,-0.049005,0.998309,-0.000065,0.000439,0.002773,0.0410
-0.047864,0.032302,0.998308,-0.000072,0.000430,0.002804,0.0400
-0.055642,0.058462,0.998308,-0.000509,0.000245,0.002788,0.0400
-0.044195,0.017310,0.998308,-0.000428,0.000767,0.002823,0.0400
-0.006625,0.003432,0.998307,-0.000724,0.001685,0.002885,0.0400
0.084649,-0.018371,0.998307,-0.000669,0.001706,0.002834,0.0400
-0.065847,-0.023071,0.998306,-0.000677,0.001900,0.002866,0.0400
-0.004091,0.020944,0.998307,0.000150,0.001577,0.002919,0.0400
-0.053848,-0.014092,0.998306,0.000135,0.002217,0.002892,0.0410
0.004327,-0.016491,0.998306,-0.000170,0.001962,0.002894,0.0400
0.017730,-0.007854,0.998307,0.000160,0.001460,0.002865,0.0400
0.007194,0.002791,0.998308,0.000457,0.000789,0.002917,0.0410
-0.059754,-0.048443,0.998307,-0.000105,0.001282,0.002953,0.0410
0.005647,-0.004587,0.998307,-0.000772,0.001111,0.002918,0.0410
-0.006599,0.006398,0.998308,-0.000591,0.000930,0.002922,0.0410
-0.049773,0.011601,0.998308,-0.000124,0.000955,0.002964,0.0400
0.043957,-0.034996,0.998308,0.000047,0.000686,0.003001,0.0400
-0.002275,0.011089,0.998307,-0.000037,0.001092,0.003007,0.0400
0.010963,-0.001546,0.998307,0.000027,0.001015,0.003003,0.0400
-0.008196,0.004111,0.998305,-0.000023,0.002168,0.003013,0.0410
-0.038857,0.022757,0.998305,0.000221,0.002468,0.003032,0.0410
0.051723,0.008221,0.998304,0.000582,0.002502,0.003052,0.0400
0.073403,0.051177,0.998308,-0.000038,0.000529,0.003026,0.0730
-0.097108,0.002146,0.998306,0.000432,0.001942,0.003056,0.0400
-0.084255,-0.035345,0.998303,0.000270,0.003048,0.003082,0.0400
0.083050,0.015414,0.998306,0.000770,0.001478,0.003092,0.0400
0.072622,-0.025635,0.998308,0.000185,-0.000092,0.003073,0.0400
-0.082012,-0.014424,0.998307,-0.000442,-0.000248,0.003142,0.0410
-0.092211,0.026126,0.998307,-0.000173,0.001104,0.003155,0.0410
0.039042,0.026362,0.998307,0.000366,-0.000499,0.003141,0.0400
-0.032999,-0.016860,0.998307,-0.000527,-0.000424,0.003168,0.0410
-0.061641,0.041944,0.998307,0.000107,0.000855,0.003222,0.0410
-0.011095,-0.002503,0.998306,0.000280,0.001419,0.003166,0.0410
0.079349,-0.036042,0.998307,-0.000220,-0.000020,0.003148,0.0400
0.081423,0.020917,0.998307,0.000474,-0.000685,0.003188,0.0400
-0.087471,0.015899,0.998306,0.000690,0.001068,0.003206,0.0400
0.072007,-0.012653,0.998306,0.001142,0.001109,0.003197,0.0410
0.006046,-0.039885,0.998307,0.000042,0.000379,0.003123,0.0410
-0.053492,0.007481,0.998306,-0.000325,0.001588,0.003247,0.0400
0.067620,0.001477,0.998306,0.000214,0.001407,0.003251,0.0400
-0.005461,0.013954,0.998307,0.000129,0.001104,0.003188,0.0410
-0.061950,-0.013393,0.998306,-0.000204,0.001854,0.003168,0.0400
0.047160,-0.025961,0.998306,-0.000097,0.001293,0.003245,0.0410
-0.011174,0.029386,0.998306,0.000230,0.001556,0.003201,0.0400
0.044376,-0.041463,0.998307,-0.000644,0.000628,0.003185,0.0410
-0.114918,0.018046,0.998306,0.000022,0.001504,0.003189,0.0400
0.048397,-0.037260,0.998305,-0.000848,0.001638,0.003221,0.0410
0.146906,0.050066,0.998306,-0.001363,0.001182,0.003181,0.0400
-0.151033,0.008222,0.998305,-0.000677,0.001792,0.003190,0.0410
0.040437,-0.025202,0.998305,-0.001438,0.001413,0.003197,0.0400
0.087150,0.028290,0.998307,-0.000567,-0.000009,0.003235,0.0400
-0.091413,0.014246,0.998306,-0.000409,0.001580,0.003167,0.0410
0.018509,0.029401,0.998307,0.000463,0.000974,0.003194,0.0400
0.040228,-0.023290,0.998307,-0.000003,-0.000169,0.003230,0.0410
-0.098872,0.011806,0.998307,-0.000148,0.001225,0.003204,0.0400
0.118589,0.041988,0.998306,-0.000013,0.001358,0.003223,0.0410
0.035705,0.020155,0.998307,0.000237,-0.000122,0.003265,0.0410
-0.049420,0.001519,0.998306,0.000479,0.001382,0.003270,0.0410
-0.024377,-0.046516,0.998304,0.000228,0.002327,0.003280,0.0400
0.085613,0.010800,0.998307,0.000263,0.000494,0.003291,0.0570
-0.084355,-0.010218,0.998304,0.000485,0.002379,0.003304,0.0410
0.077426,-0.040516,0.998306,-0.000498,0.001541,0.003303,0.0400
-0.022467,0.023305,0.998306,-0.000019,0.001500,0.003263,0.0400
-0.071386,0.006390,0.998305,-0.000151,0.001933,0.003315,0.0410
0.112626,0.012930,0.998306,-0.000430,0.000544,0.003353,0.0410
-0.055560,-0.027159,0.998306,-0.000153,0.001297,0.003331,0.0410
-0.083206,0.018072,0.998304,-0.000556,0.002119,0.003347,0.0410
0.091165,0.016481,0.998306,-0.000241,0.001447,0.003375,0.0400
0.025032,-0.009929,0.998306,-0.000202,0.001142,0.003398,0.0400
-0.024249,-0.032198,0.998305,-0.000111,0.001949,0.003367,0.0410
0.049895,-0.041695,0.998305,-0.000623,0.001609,0.003376,0.0410
-0.059750,0.005476,0.998306,-0.000408,0.001484,0.003344,0.0400
0.012183,0.004122,0.998306,-0.000628,0.000832,0.003379,0.0410
-0.020576,0.032153,0.998306,-0.000465,0.000553,0.003435,0.0400
-0.044546,-0.014887,0.998305,-0.000215,0.001437,0.003460,0.0410
0.022525,-0.053278,0.998304,-0.001533,0.000806,0.003616,0.0400
0.089742,0.182646,0.998306,-0.000642,0.000334,0.003563,0.0400
0.145710,0.166652,0.998305,0.000359,-0.000645,0.003656,0.0400
-0.151434,0.017450,0.998305,0.000452,-0.000973,0.003693,0.0400
-0.017503,0.016641,0.998304,0.001170,-0.001233,0.003621,0.0410
-0.083433,-0.012556,0.998304,0.001845,-0.001338,0.003492,0.0410
0.095107,-0.042218,0.998305,0.001452,-0.000896,0.003525,0.0410
-0.034855,-0.047361,0.998306,0.000856,-0.000008,0.003465,0.0410
0.016976,-0.093325,0.998306,-0.000313,-0.000296,0.003516,0.0410
0.082724,0.011020,0.998306,-0.000306,-0.000278,0.003436,0.0410
-0.044582,0.020831,0.998305,-0.001233,0.000056,0.003482,0.0400
0.067934,-0.025976,0.998305,-0.000707,0.001418,0.003455,0.0570
0.045174,-0.012155,0.998305,-0.001521,0.000680,0.003412,0.0400
0.032984,0.032696,0.998305,-0.001741,0.000068,0.003452,0.0400
-0.026197,0.023957,0.998305,-0.001033,0.000952,0.003439,0.0400
0.034175,-0.004273,0.998305,-0.001326,0.001235,0.003466,0.0410
0.065576,-0.016736,0.998304,-0.001747,0.000988,0.003475,0.0400
0.006087,0.044895,0.998304,-0.001899,0.000570,0.003442,0.0400
0.013832,0.021329,0.998306,-0.000734,-0.000116,0.003465,0.0400
0.025219,0.014509,0.998307,-0.000278,0.000189,0.003438,0.0570
-0.110900,-0.017627,0.998306,0.000361,0.000508,0.003407,0.0400
-0.036900,-0.017984,0.998306,-0.000760,0.000561,0.003418,0.0410
0.194809,0.135456,0.998307,-0.000228,-0.000093,0.003418,0.0400
-0.042835,-0.079041,0.998305,-0.000694,0.000171,0.003752,0.0410
0.017701,-0.004089,0.998302,-0.000124,-0.000749,0.004384,0.0400
-0.187207,-0.066090,0.998292,-0.000728,-0.002973,0.005512,0.0400
-0.395634,-0.085174,0.998274,-0.000673,-0.005137,0.007073,0.0410
-0.380978,0.063786,0.998256,-0.000563,-0.006055,0.008691,0.0400
-0.446171,-0.052885,0.998235,-0.000241,-0.005541,0.011164,0.0400
-0.384891,-0.129002,0.998210,-0.000406,-0.004373,0.013613,0.0410
-0.358255,-0.065358,0.998184,-0.000633,-0.003586,0.015605,0.0400
-0.304900,-0.172058,0.998145,-0.000296,-0.002972,0.018046,0.0410
-0.359630,-0.185096,0.998092,0.000146,-0.002199,0.020883,0.0410
-0.282374,-0.286697,0.998047,0.000401,-0.001241,0.022982,0.0410
-0.197963,-0.209243,0.998002,0.000107,0.000837,0.024897,0.0400
-0.160189,-0.218111,0.997945,-0.000411,0.003189,0.026890,0.0410
0.055123,-0.156073,0.997888,-0.001227,0.004503,0.028743,0.0400
-0.035307,-0.106346,0.997832,-0.002118,0.005461,0.030393,0.0400
-0.029850,-0.147679,0.997773,-0.002892,0.006283,0.032087,0.0400
-0.004197,-0.140825,0.997707,-0.003431,0.007346,0.033789,0.0410
-0.092002,-0.092219,0.997616,-0.004239,0.010795,0.035425,0.0400
-0.000138,-0.049326,0.997504,-0.005412,0.015048,0.036841,0.0400
0.116535,-0.154457,0.997326,-0.006593,0.021244,0.038381,0.0410
0.546719,-0.061130,0.997005,-0.007881,0.030267,0.040376,0.0410
0.715703,-0.081093,0.996466,-0.011063,0.041944,0.042450,0.0400
0.872086,-0.032163,0.995800,-0.016311,0.052871,0.044133,0.0410
0.676724,0.085421,0.995181,-0.021126,0.061189,0.045308,0.0400
1.367708,0.225692,0.994626,-0.025482,0.067529,0.046235,0.0400
0.987283,0.331065,0.994087,-0.030327,0.072611,0.047195,0.0410
1.433163,0.441925,0.993942,-0.033376,0.072956,0.047650,0.0400
1.409406,0.545553,0.994212,-0.036595,0.067169,0.048165,0.0570
1.051381,0.537851,0.994721,-0.039330,0.056789,0.048843,0.0410
0.814158,0.726774,0.995265,-0.041401,0.043242,0.049920,0.0400
0.476582,0.714423,0.995606,-0.042325,0.031475,0.051124,0.0410
0.165499,0.836849,0.995800,-0.042587,0.021409,0.052331,0.0410
-0.160833,0.661937,0.995910,-0.041850,0.013803,0.053383,0.0410
-0.141861,0.707250,0.995968,-0.040738,0.007561,0.054387,0.0410
-0.202235,0.399200,0.996027,-0.038541,0.003929,0.055282,0.0410
-0.287312,0.351308,0.996088,-0.036036,0.003127,0.055933,0.0400
-0.266402,0.270613,0.996167,-0.032971,0.004295,0.056337,0.0400
-0.105796,0.213637,0.996273,-0.029270,0.006443,0.056299,0.0400
0.024779,0.224704,0.996423,-0.024543,0.007351,0.055785,0.0400
0.146558,0.151282,0.996626,-0.018204,0.005517,0.054791,0.0400
-0.104458,-0.119541,0.996763,-0.013683,0.003950,0.053739,0.0400
-0.217875,-0.226521,0.996881,-0.009737,0.002367,0.052494,0.0400
-0.202095,-0.250440,0.996961,-0.007217,0.001841,0.051395,0.0400
-0.205215,-0.195015,0.997030,-0.005505,0.001766,0.050249,0.0400
-0.105901,-0.336760,0.997080,-0.005110,0.001505,0.049300,0.0400
-0.239136,-0.388439,0.997103,-0.006601,0.001377,0.048654,0.0400
-0.090633,-0.292097,0.997079,-0.011837,0.001920,0.048137,0.0400
0.028771,0.129081,0.996955,-0.020190,0.003146,0.047858,0.0400
-0.042044,0.417761,0.996786,-0.027447,0.004245,0.047691,0.0400
0.099539,0.612375,0.996604,-0.033499,0.005330,0.047517,0.0400
0.034969,0.746253,0.996440,-0.038306,0.006067,0.047226,0.0400
-0.053421,0.881395,0.996288,-0.042499,0.006964,0.046730,0.0410
-0.031062,0.945208,0.996260,-0.043759,0.007056,0.046152,0.0450
-0.041727,0.772041,0.996451,-0.039857,0.007671,0.045444,0.0400
0.050560,0.412007,0.996770,-0.031801,0.008931,0.044561,0.0400
0.113386,0.372153,0.996969,-0.025399,0.010155,0.043959,0.0410
0.057016,0.098523,0.997145,-0.017177,0.012296,0.043393,0.0410
0.222342,-0.119348,0.997215,-0.012089,0.013995,0.042994,0.0400
0.271649,-0.178750,0.997224,-0.008661,0.016266,0.042807,0.0400
0.362572,-0.097782,0.997216,-0.005713,0.017876,0.042846,0.0410
0.210864,-0.243799,0.997203,-0.003595,0.018952,0.042923,0.0400
0.277167,-0.287909,0.997203,-0.002110,0.019038,0.042987,0.0410
0.347113,-0.219813,0.997209,-0.000920,0.018434,0.043138,0.0410
0.305920,-0.211417,0.997220,-0.000259,0.017074,0.043457,0.0410
0.289366,-0.276665,0.997218,-0.000031,0.015721,0.044005,0.0410
0.208079,-0.200346,0.997221,0.000025,0.014120,0.044471,0.0410
0.222844,-0.198576,0.997224,0.000121,0.012758,0.044829,0.0400
0.098994,-0.251146,0.997223,-0.000325,0.012077,0.045024,0.0400
0.167727,-0.166081,0.997245,-0.000624,0.010152,0.045021,0.0410
0.122045,-0.253901,0.997274,-0.000960,0.007893,0.044812,0.0410
0.027823,-0.308654,0.997309,-0.001369,0.005227,0.044421,0.0400
0.010164,-0.283734,0.997349,-0.002940,0.002011,0.043714,0.0400
-0.157866,-0.395187,0.997367,-0.006253,0.000301,0.042982,0.0400
-0.189390,-0.112405,0.997341,-0.012785,-0.000670,0.042120,0.0400
-0.050614,0.077619,0.997286,-0.018429,-0.001546,0.041296,0.0400
-0.134557,0.347114,0.997207,-0.024086,-0.002134,0.040255,0.0410
-0.086857,0.433293,0.997127,-0.028652,-0.002185,0.039225,0.0420
-0.170073,0.546304,0.997066,-0.031875,-0.002091,0.038291,0.0400
-0.117351,0.448727,0.997025,-0.034367,-0.001890,0.037196,0.0400
-0.061844,0.571687,0.997016,-0.035969,-0.001774,0.035914,0.0400
-0.168597,0.475027,0.997025,-0.036745,-0.001250,0.034892,0.0400
-0.299116,0.579346,0.997069,-0.036693,-0.000847,0.033678,0.0410
-0.115789,0.600987,0.997206,-0.034082,-0.000907,0.032344,0.0400
-0.106240,0.458455,0.997410,-0.028984,-0.001596,0.030951,0.0410
-0.162872,0.321008,0.997629,-0.021710,-0.002680,0.029755,0.0420
-0.160804,-0.133289,0.997891,-0.008598,-0.002509,0.027592,0.1080
-0.038014,-0.115414,0.997941,-0.005111,-0.002860,0.026602,0.0420
-0.150987,-0.179549,0.997972,-0.002691,-0.002884,0.025754,0.0400
-0.008172,-0.212695,0.997988,-0.001613,-0.003037,0.025202,0.0400
-0.099541,-0.349007,0.998004,-0.000556,-0.002974,0.024640,0.0410
-0.011737,-0.138851,0.998013,0.000033,-0.003495,0.024197,0.0410
-0.162050,-0.385312,0.998026,0.000072,-0.002710,0.023775,0.0400
-0.155950,-0.249081,0.998038,0.000031,-0.002146,0.023314,0.0410
-0.021382,-0.263737,0.998052,-0.000282,-0.002340,0.022657,0.0410
-0.097569,-0.161112,0.998070,-0.001022,-0.002195,0.021875,0.0410
-0.010405,-0.080213,0.998082,-0.001847,-0.002080,0.021248,0.0400
-0.022518,-0.104669,0.998093,-0.002508,-0.002250,0.020644,0.0410
0.064180,-0.130426,0.998100,-0.003323,-0.002887,0.020125,0.0400
-0.077733,-0.107476,0.998103,-0.004454,-0.002686,0.019757,0.0400
-0.049098,-0.049276,0.998099,-0.005953,-0.002079,0.019677,0.0400
-0.025475,-0.026526,0.998089,-0.007360,-0.001697,0.019716,0.0410
-0.041574,-0.042945,0.998079,-0.008379,-0.001142,0.019858,0.0410
0.015472,0.064142,0.998076,-0.008069,-0.001147,0.020148,0.0400
-0.006914,0.065858,0.998059,-0.008740,-0.001593,0.020662,0.0400
-0.033769,0.091149,0.998044,-0.008656,-0.001748,0.021392,0.0400
0.033991,0.122501,0.998029,-0.008078,-0.002835,0.022192,0.0400
0.009843,-0.008257,0.997996,-0.009172,-0.002901,0.023207,0.0410
0.108093,0.091180,0.997964,-0.009845,-0.003493,0.024200,0.0410
-0.045507,0.086883,0.997917,-0.011933,-0.002745,0.025306,0.0410
0.061787,0.190876,0.997858,-0.014181,-0.002538,0.026435,0.0400
0.001392,0.252168,0.997794,-0.016175,-0.002909,0.027664,0.0410
-0.074725,0.209660,0.997742,-0.017435,-0.002466,0.028765,0.0400
0.098624,0.332203,0.997679,-0.018481,-0.002641,0.030261,0.0410
0.025146,0.281405,0.997625,-0.018676,-0.002852,0.031873,0.0410
-0.045212,0.225911,0.997584,-0.018162,-0.002777,0.033415,0.0400
-0.147459,0.204173,0.997544,-0.017432,-0.002287,0.034998,0.0420
-0.044389,0.274601,0.997506,-0.015664,-0.002240,0.036869,0.0410
-0.030525,0.147297,0.997481,-0.012080,-0.002076,0.038855,0.0410
-0.055968,0.108873,0.997447,-0.008437,-0.001988,0.040641,0.0400
0.064439,-0.062602,0.997374,-0.005107,-0.002339,0.042908,0.0410
-0.113877,-0.111161,0.997293,-0.003808,-0.001292,0.044920,0.0410
-0.081275,-0.001236,0.997201,-0.002712,-0.000030,0.047012,0.0410
0.024976,-0.170455,0.997120,-0.001719,-0.000249,0.048754,0.0410
0.032887,-0.266039,0.997040,-0.002039,0.000371,0.050340,0.0420
0.134044,-0.129422,0.996978,-0.002303,0.000464,0.051539,0.0410
0.007209,-0.103213,0.996924,-0.002374,0.001477,0.052562,0.0410
-0.081133,-0.055216,0.996882,-0.002833,0.005505,0.053060,0.0410
0.242981,-0.141307,0.996818,-0.003207,0.011635,0.053254,0.0400
0.374346,-0.070495,0.996726,-0.002966,0.018378,0.053097,0.0410
0.613332,-0.082579,0.996612,-0.002994,0.025384,0.052345,0.0400
0.731230,-0.124539,0.996530,-0.003701,0.030503,0.051101,0.0400
0.751609,-0.113935,0.996512,-0.005336,0.032445,0.050115,0.0400
0.785529,-0.144242,0.996520,-0.009197,0.033258,0.048829,0.0400
0.673109,0.238367,0.996526,-0.014891,0.032832,0.047573,0.0400
0.591167,0.345527,0.996504,-0.021549,0.031800,0.046172,0.0410
0.655174,0.599740,0.996465,-0.026995,0.030847,0.044784,0.0410
0.397087,0.483549,0.996423,-0.031853,0.029798,0.043191,0.0400
0.399138,0.678599,0.996275,-0.042320,0.027055,0.039243,0.1230
0.385309,0.966508,0.996227,-0.044790,0.026659,0.037994,0.0410
0.548399,0.853662,0.996236,-0.045767,0.026283,0.036817,0.0420
0.373149,0.912173,0.996377,-0.044549,0.024941,0.035418,0.0400
0.360095,0.861058,0.996647,-0.040348,0.022157,0.034684,0.0410
0.361478,0.546013,0.997011,-0.032066,0.017982,0.035289,0.0410
0.173007,0.220821,0.997278,-0.023497,0.013176,0.036583,0.0410
0.134829,-0.038407,0.997413,-0.016591,0.007625,0.038230,0.0410
-0.173833,-0.023966,0.997433,-0.011487,0.004709,0.040007,0.0400
-0.182394,-0.222971,0.997381,-0.007357,0.001553,0.042451,0.0400
-0.360823,-0.397784,0.997294,-0.004495,-0.000481,0.044848,0.0410
-0.146757,-0.286616,0.997193,-0.002295,-0.001943,0.047161,0.0400
-0.095633,-0.298180,0.997069,-0.000695,-0.003288,0.049692,0.0400
-0.547022,-0.256271,0.996764,0.001236,-0.003512,0.055458,0.0410
-0.237528,-0.118934,0.995963,0.003613,-0.001592,0.068331,0.0410
-0.110980,-0.657146,0.994809,0.005859,0.001017,0.083350,0.0410
-0.072045,-0.526313,0.993062,0.006354,0.003199,0.102002,0.0400
0.221861,-0.488569,0.990695,0.005806,0.003668,0.122895,0.0410
0.085427,-0.406866,0.987557,0.004254,0.002938,0.146054,0.0400
0.149946,-0.328871,0.983775,0.002481,0.001006,0.169725,0.0410
-0.235746,-0.364481,0.979728,0.001285,-0.000506,0.191728,0.0400
-0.323037,-0.385581,0.975134,0.000664,-0.001993,0.213862,0.0410
-0.216017,-0.564592,0.969646,0.000506,-0.003477,0.237492,0.0400
-0.257761,-0.432288,0.962648,0.000436,-0.004850,0.264409,0.0400
-0.272598,-0.436879,0.955171,-0.000039,-0.006052,0.290240,0.0400
-0.351455,-0.674133,0.948637,-0.000331,-0.006765,0.310919,0.0400
-0.320045,-0.497671,0.941239,-0.000948,-0.006937,0.332637,0.0420
-0.198163,-0.541592,0.932708,-0.002299,-0.007011,0.355849,0.0400
-0.230621,-0.230807,0.924527,-0.002916,-0.007032,0.376589,0.0410
-0.211060,-0.362435,0.916534,-0.003897,-0.007091,0.395636,0.0400
-0.301796,-0.346531,0.908371,-0.005208,-0.006672,0.414027,0.0410
-0.108216,-0.421608,0.899998,-0.007187,-0.006105,0.431905,0.0410
-0.262054,-0.222767,0.893622,-0.008654,-0.004953,0.444936,0.0410
-0.203590,-0.199740,0.887368,-0.010872,-0.002777,0.457252,0.0410
-0.053363,-0.214648,0.881597,-0.014836,0.001703,0.468178,0.0410
-0.184681,-0.062215,0.878268,-0.017917,0.006084,0.474252,0.0410
-0.000227,0.133703,0.875104,-0.021739,0.011342,0.479812,0.0410
0.093202,0.329982,0.872563,-0.025273,0.016160,0.484109,0.0410
0.054341,0.576902,0.870756,-0.028450,0.020497,0.487014,0.0400
0.131069,0.558871,0.869211,-0.031748,0.024700,0.489368,0.0410
0.062172,0.472706,0.867917,-0.035138,0.029199,0.491182,0.0410
-0.058904,0.531712,0.866426,-0.038540,0.034746,0.493194,0.0410
0.223782,0.636249,0.863413,-0.042555,0.041912,0.497571,0.0430
0.285540,1.017589,0.858478,-0.047743,0.051837,0.504655,0.0410
0.477296,1.389298,0.852491,-0.053160,0.063056,0.512918,0.0400
0.639233,1.508661,0.844844,-0.058965,0.074817,0.523251,0.0400
1.004737,1.823861,0.836209,-0.065703,0.083930,0.534810,0.0410
0.862509,2.159989,0.828158,-0.071546,0.088524,0.545734,0.0410
0.699751,2.024676,0.819617,-0.076432,0.088683,0.557808,0.0410
0.587162,2.365124,0.812571,-0.078755,0.085475,0.568197,0.0400
0.361407,2.055784,0.805926,-0.079030,0.079389,0.578414,0.0400
0.251067,1.677746,0.799556,-0.077091,0.070336,0.588598,0.0400
0.237295,1.501996,0.793872,-0.073518,0.059691,0.597853,0.0410
-0.068880,1.289350,0.788935,-0.068469,0.046307,0.606116,0.0400
-0.156922,0.892141,0.784321,-0.060582,0.029429,0.613948,0.0400
-0.565100,0.549348,0.781721,-0.052730,0.015125,0.618491,0.0410
-0.639088,-0.086417,0.779833,-0.042989,0.003871,0.621792,0.0400
-0.612339,-0.252936,0.778547,-0.032801,-0.002410,0.624028,0.0400
-0.429180,-0.472952,0.776732,-0.021195,-0.007194,0.626749,0.0410
-0.339341,-0.771908,0.772269,-0.012756,-0.008680,0.632448,0.0400
-0.168384,-0.877089,0.765689,-0.006102,-0.008735,0.640495,0.0410
0.049528,-0.759273,0.758969,-0.001254,-0.008302,0.648478,0.0400
0.142968,-0.840164,0.751532,0.002752,-0.008072,0.657080,0.0410
0.076897,-0.996625,0.743187,0.006030,-0.007843,0.666486,0.0410
0.187114,-0.968906,0.734250,0.007477,-0.006649,0.676316,0.0400
0.466606,-0.926655,0.728297,0.006580,-0.004615,0.682750,0.0400
0.200970,-0.885373,0.724126,0.004322,-0.003461,0.687196,0.0410
0.214780,-0.750058,0.720055,0.001103,-0.002363,0.691478,0.0410
0.066128,-0.684956,0.716805,-0.002828,-0.001461,0.694844,0.0400
-0.013634,-0.791300,0.714903,-0.006565,-0.000874,0.696777,0.0400
-0.144575,-0.568233,0.713176,-0.010767,0.003474,0.698483,0.0410
-0.146236,-0.437869,0.712120,-0.014202,0.010547,0.699428,0.0400
-0.074355,-0.264909,0.711259,-0.017449,0.022260,0.699956,0.0400
0.235831,0.155967,0.710487,-0.020296,0.033653,0.700209,0.0400
0.570214,0.474093,0.708999,-0.022810,0.047309,0.700850,0.0410
0.690069,0.761352,0.707552,-0.024747,0.057336,0.701497,0.0400
0.895951,0.958416,0.706161,-0.026672,0.065027,0.702157,0.0410
0.842703,1.287453,0.705171,-0.028787,0.067645,0.702821,0.0410
0.461242,0.977273,0.704534,-0.029984,0.064798,0.703677,0.0400
0.325612,0.639789,0.701150,-0.029659,0.059696,0.707511,0.0410
0.502477,0.686634,0.693186,-0.027702,0.052667,0.715947,0.0400
0.193101,0.505501,0.686278,-0.024768,0.045486,0.723165,0.0400
0.314920,0.345711,0.677154,-0.021868,0.037973,0.732236,0.0400
0.450206,0.340187,0.671188,-0.020163,0.032391,0.738023,0.0410
0.445716,-0.071945,0.668103,-0.019576,0.025978,0.741086,0.0400
0.161758,-0.248336,0.666839,-0.020583,0.021757,0.742331,0.0400
0.016369,-0.213244,0.666179,-0.023539,0.022219,0.742823,0.0400
-0.055901,-0.008596,0.665819,-0.027411,0.025342,0.742913,0.0410
0.017693,0.070320,0.665723,-0.030859,0.028568,0.742746,0.0400
-0.002165,0.430103,0.665785,-0.033903,0.033859,0.742336,0.0400
0.050514,0.587031,0.665839,-0.036004,0.038435,0.741965,0.0400
0.034385,0.708459,0.665851,-0.037370,0.042973,0.741638,0.0400
0.252042,0.777579,0.665818,-0.037645,0.046157,0.741463,0.0400
0.267940,0.785580,0.665872,-0.037380,0.046588,0.741400,0.0400
0.251529,0.647654,0.666005,-0.036237,0.044020,0.741495,0.0410
0.045988,0.489563,0.666193,-0.033943,0.040227,0.741650,0.0410
0.168970,0.127209,0.666394,-0.032258,0.036313,0.741747,0.0400
0.049428,0.127942,0.666624,-0.029840,0.032036,0.741838,0.0410
0.157847,0.029751,0.666697,-0.027604,0.028250,0.742013,0.0400
0.055574,-0.114835,0.666647,-0.027196,0.025254,0.742181,0.0400
0.109042,-0.094768,0.666511,-0.025638,0.021941,0.742463,0.0400
-0.016058,-0.050688,0.666162,-0.025388,0.020087,0.742838,0.0400
0.072376,-0.219342,0.665847,-0.027183,0.019498,0.743073,0.0410
-0.102871,-0.006141,0.665256,-0.027043,0.019716,0.743601,0.0410
-0.091469,-0.052086,0.664724,-0.026249,0.018427,0.744138,0.0400
-0.112216,-0.283493,0.664158,-0.025710,0.016866,0.744699,0.0400
0.023360,-0.256931,0.663681,-0.023672,0.014607,0.745239,0.0680
-0.165552,-0.206525,0.663548,-0.022351,0.013756,0.745414,0.0410
-0.063705,-0.033272,0.663613,-0.018901,0.012812,0.745469,0.0400
0.176306,-0.290701,0.663901,-0.016155,0.011623,0.745296,0.0400
0.050708,-0.364459,0.664301,-0.013532,0.010050,0.745016,0.0410
0.109191,-0.225436,0.664884,-0.010188,0.007550,0.744578,0.0410
0.194617,-0.586190,0.665433,-0.007528,0.005627,0.744136,0.0410
-0.044034,-0.448895,0.666142,-0.004770,0.003838,0.743536,0.0410
0.097125,-0.580141,0.666782,-0.003160,0.003046,0.742974,0.0410
0.016557,-0.688066,0.667287,-0.002481,0.003011,0.742523,0.0400
0.241469,-0.848027,0.667678,-0.003946,0.004735,0.742156,0.0410
0.082304,-0.199303,0.668093,-0.014973,0.011591,0.741566,0.1430
-0.066418,-0.044478,0.668122,-0.017995,0.013300,0.741444,0.0400
-0.112184,0.043775,0.668087,-0.020266,0.015286,0.741379,0.0410
0.092633,-0.152930,0.668054,-0.023504,0.016807,0.741280,0.0400
-0.230275,-0.198502,0.668121,-0.026510,0.017941,0.741092,0.0410
-0.070280,-0.065127,0.668192,-0.030241,0.019131,0.740855,0.0420
-0.101315,0.270542,0.668156,-0.033741,0.022207,0.740651,0.0410
-0.052228,0.334008,0.668185,-0.038735,0.025328,0.740280,0.0410
-0.064885,0.536861,0.668214,-0.042899,0.028939,0.739892,0.0410
-0.266904,0.645507,0.668220,-0.047761,0.033581,0.739392,0.0400
-0.263537,1.047502,0.668382,-0.051385,0.037578,0.738810,0.0420
-0.298561,0.928330,0.668705,-0.053443,0.040937,0.738193,0.0400
-0.164005,0.870204,0.669060,-0.054438,0.044041,0.737620,0.0400
-0.017338,0.943499,0.669409,-0.055145,0.046531,0.737098,0.0410
-0.083346,0.924355,0.669796,-0.055932,0.048736,0.736544,0.0400
0.075133,1.030344,0.670384,-0.055890,0.050405,0.735899,0.0410
-0.011367,1.017553,0.670894,-0.054712,0.050941,0.735487,0.0400
0.090266,1.111389,0.671379,-0.052093,0.050173,0.735287,0.0410
0.094884,0.982741,0.671787,-0.048578,0.045829,0.735438,0.0410
0.056134,0.553322,0.672083,-0.043119,0.036026,0.736054,0.0400
-0.031037,0.136462,0.672034,-0.038142,0.023765,0.736871,0.0410
-0.255031,0.049356,0.671592,-0.033946,0.013491,0.737738,0.0410
-0.311641,-0.234975,0.671082,-0.031585,0.005155,0.738412,0.0400
-0.459541,-0.381461,0.670494,-0.029460,-0.003139,0.739046,0.0400
-0.728054,-0.625904,0.669871,-0.027066,-0.010113,0.739639,0.0400
-0.736482,-0.601776,0.669208,-0.021516,-0.013989,0.740358,0.0410
-0.424239,-0.803549,0.668727,-0.015387,-0.014821,0.740928,0.0400
-0.050249,-0.972993,0.668345,-0.009972,-0.014578,0.741371,0.0410
-0.258143,-0.850251,0.667986,-0.005501,-0.013841,0.741755,0.0410
0.104651,-0.852401,0.667427,-0.000814,-0.011941,0.742311,0.0410
0.001752,-0.600978,0.667082,0.001768,-0.010621,0.742639,0.0400
0.080664,-0.710717,0.666676,0.003999,-0.009452,0.743011,0.0410
0.128656,-0.810682,0.666137,0.005892,-0.008102,0.743497,0.0400
0.142661,-0.853060,0.665670,0.006181,-0.006352,0.743930,0.0400
0.056844,-0.879944,0.665135,0.004027,-0.003031,0.744445,0.0410
-0.016559,-0.566579,0.664527,-0.000430,0.001891,0.745002,0.0410
0.282071,-0.489740,0.663951,-0.005943,0.006704,0.745464,0.0410
0.266479,-0.269886,0.663444,-0.011915,0.011476,0.745786,0.0400
0.104602,0.020937,0.663074,-0.017644,0.015823,0.745921,0.0400
0.145826,0.055327,0.662843,-0.023524,0.020086,0.745862,0.0410
0.028915,0.327052,0.662768,-0.026745,0.023401,0.745724,0.0410
0.156997,0.346284,0.662809,-0.028386,0.025411,0.745560,0.0400
0.194945,0.423754,0.663060,-0.029774,0.026780,0.745235,0.0400
0.151546,0.344061,0.663356,-0.030401,0.027775,0.744910,0.0400
0.040575,0.340935,0.663684,-0.030216,0.028548,0.744596,0.0400
0.206389,0.175650,0.664000,-0.030685,0.028799,0.744285,0.0410
0.254796,0.261520,0.664093,-0.031693,0.029369,0.744138,0.0400
0.061571,0.405040,0.664044,-0.032807,0.030147,0.744103,0.0410
0.057012,0.481503,0.663901,-0.034414,0.030894,0.744126,0.0410
0.111316,0.476745,0.663840,-0.036180,0.030856,0.744099,0.0400
0.148655,0.422500,0.663906,-0.038390,0.031490,0.743903,0.0400
-0.028252,0.458344,0.664125,-0.040302,0.032865,0.743547,0.0400
-0.117459,0.575363,0.664417,-0.041486,0.034599,0.743142,0.0410
0.017747,0.633859,0.664769,-0.042870,0.036245,0.742670,0.0460
0.038989,0.513230,0.665213,-0.044406,0.037868,0.742101,0.0400
0.104422,0.583412,0.665555,-0.045490,0.038856,0.741677,0.0400
0.111820,0.429854,0.665826,-0.046494,0.038805,0.741374,0.0400
0.043534,0.489157,0.665935,-0.047323,0.038843,0.741222,0.0400
-0.048700,0.675577,0.665980,-0.048461,0.039163,0.741091,0.0410
-0.094441,0.583939,0.666015,-0.049818,0.039411,0.740957,0.0410
0.029345,0.683223,0.665993,-0.050878,0.039840,0.740881,0.0400
-0.035590,0.784550,0.666034,-0.051316,0.039223,0.740848,0.0420
-0.064079,0.764519,0.666165,-0.049309,0.037147,0.740973,0.0410
-0.023750,0.627326,0.666330,-0.045818,0.033669,0.741215,0.0410
0.013911,0.502707,0.666409,-0.040034,0.028184,0.741708,0.0410
-0.041359,0.189848,0.666270,-0.030811,0.020070,0.742536,0.0410
-0.056864,-0.211694,0.665921,-0.022499,0.013236,0.743300,0.0400
-0.040100,-0.481121,0.665488,-0.013949,0.005605,0.743994,0.0400
0.127296,-1.067911,0.665009,-0.006039,-0.002328,0.744546,0.0410
-0.074264,-1.063300,0.664460,0.000338,-0.008352,0.745017,0.0410
0.053239,-1.294162,0.664055,0.004516,-0.012450,0.745307,0.0400
0.144018,-1.149231,0.663865,0.005440,-0.013739,0.745448,0.0410
-0.131781,-0.974296,0.663742,0.005743,-0.013692,0.745556,0.0400
0.046779,-1.094243,0.663651,0.005377,-0.012142,0.745667,0.0400
0.163037,-0.986726,0.663632,0.004247,-0.009537,0.745728,0.0400
0.061565,-0.825564,0.663529,0.002647,-0.006865,0.745857,0.0400
-0.077689,-0.935781,0.660610,0.000837,-0.004168,0.748468,0.0410
-0.155507,-0.633416,0.654606,-0.000916,-0.001817,0.753733,0.0400
-0.019595,-0.584387,0.646647,-0.002758,0.000757,0.760570,0.0400
-0.072134,-0.546049,0.635244,-0.004886,0.003527,0.770101,0.0400
0.002743,-0.591232,0.625821,-0.006494,0.005470,0.777755,0.0400
0.125037,-0.462786,0.616689,-0.007596,0.007364,0.784990,0.0400
0.022952,-0.414176,0.606351,-0.008605,0.009705,0.792968,0.0400
0.193299,-0.474569,0.594439,-0.010283,0.011431,0.801894,0.0410
0.215895,-0.368719,0.583555,-0.012121,0.012334,0.809810,0.0400
-0.027123,-0.096129,0.571488,-0.013476,0.013396,0.818332,0.0400
-0.017090,-0.339815,0.560576,-0.014426,0.014381,0.825813,0.0400
0.088983,-0.226314,0.550669,-0.015933,0.015275,0.832409,0.0410
0.229076,-0.220723,0.536927,-0.018342,0.015633,0.841282,0.0410
-0.062008,-0.046534,0.525813,-0.019315,0.016434,0.848236,0.0410
0.057661,-0.073898,0.513389,-0.020253,0.017293,0.855774,0.0410
0.125955,-0.129832,0.501754,-0.022285,0.016949,0.862605,0.0400
-0.040500,-0.099631,0.490517,-0.023316,0.016824,0.869019,0.0400
-0.005483,-0.038857,0.480665,-0.023842,0.016476,0.874499,0.0410
-0.036889,-0.025789,0.469383,-0.023994,0.015452,0.880621,0.0400
-0.186258,-0.105532,0.458296,-0.024519,0.014397,0.886445,0.0410
-0.110324,0.004885,0.446431,-0.024205,0.013201,0.892506,0.0410
-0.130105,-0.035033,0.435872,-0.024915,0.012862,0.897695,0.0400
-0.120696,-0.129182,0.423801,-0.027972,0.013568,0.903357,0.0410
-0.279317,0.011178,0.414395,-0.029856,0.013251,0.907655,0.0410
-0.206908,0.123772,0.404530,-0.031812,0.013095,0.912031,0.0400
-0.259507,0.073944,0.393426,-0.033502,0.012833,0.916819,0.0410
-0.245095,-0.057829,0.383690,-0.034473,0.012733,0.920901,0.0400
-0.321408,-0.091005,0.373810,-0.035331,0.012347,0.924929,0.0400
-0.525924,0.169711,0.362712,-0.035911,0.012070,0.929318,0.0400
-0.459323,0.109326,0.352413,-0.035287,0.010964,0.933310,0.0410
-0.472078,0.054222,0.341260,-0.033532,0.009974,0.937521,0.0410
-0.378553,0.002163,0.331558,-0.031209,0.009322,0.941082,0.0400
-0.270384,-0.137782,0.321890,-0.028418,0.009310,0.944521,0.0410
-0.359956,-0.171824,0.313196,-0.025111,0.010738,0.947518,0.0400
-0.334692,-0.117004,0.302934,-0.020040,0.014140,0.950924,0.0410
0.063970,0.020265,0.293934,-0.016619,0.017633,0.953752,0.0410
0.172418,0.049659,0.286073,-0.014810,0.020509,0.956112,0.0410
0.130112,0.099799,0.277988,-0.012941,0.024082,0.958438,0.0410
0.171334,0.203524,0.269226,-0.010666,0.030002,0.960797,0.0400
0.190290,0.191174,0.262190,-0.010085,0.036848,0.962510,0.0410
0.392793,0.608512,0.253877,-0.010738,0.047422,0.964267,0.0410
0.310101,0.995592,0.246544,-0.011986,0.057355,0.965614,0.0440
0.298264,1.108137,0.239158,-0.013573,0.066297,0.966877,0.0420
0.267283,1.383555,0.232811,-0.015231,0.073518,0.967879,0.0400
0.365497,1.635761,0.224575,-0.017514,0.082057,0.969099,0.0410
0.290128,1.561258,0.215515,-0.019510,0.085695,0.970802,0.0400
0.025692,1.576765,0.207796,-0.020408,0.084271,0.972589,0.0400
0.457720,1.584271,0.199803,-0.019946,0.079753,0.974653,0.0400
-0.009322,1.026244,0.191892,-0.017879,0.071252,0.976938,0.0400
0.039368,0.892782,0.183405,-0.014850,0.060059,0.979369,0.0400
0.106206,0.502522,0.176279,-0.012615,0.050638,0.981239,0.0400
0.244041,0.380170,0.168023,-0.010893,0.041671,0.983128,0.0410
0.190271,0.232470,0.158506,-0.009335,0.033155,0.985047,0.0400
0.135769,0.105796,0.150535,-0.008130,0.027180,0.986490,0.0400
0.141290,-0.010648,0.142086,-0.007856,0.022701,0.987857,0.0400
0.172636,-0.167643,0.131761,-0.007347,0.019702,0.989356,0.0410
0.159519,-0.005445,0.123125,-0.007784,0.017410,0.990507,0.0400
0.203440,0.022516,0.112624,-0.007775,0.016155,0.991777,0.0410
0.251076,-0.082462,0.101344,-0.007854,0.015337,0.993006,0.0400
0.147930,-0.123556,0.090496,-0.007982,0.013890,0.994073,0.0400
-0.022808,-0.197842,0.079821,-0.007513,0.012465,0.995010,0.0400
0.164055,-0.193196,0.069785,-0.007674,0.010593,0.995784,0.0400
0.001643,-0.262381,0.058867,-0.007337,0.008603,0.996511,0.0400
0.079049,-0.424184,0.047109,-0.007822,0.006423,0.997149,0.0400
0.146089,-0.334574,0.035071,-0.007861,0.004819,0.997654,0.0400
0.137223,-0.231264,0.025378,-0.006524,0.003196,0.997963,0.0400
-0.005348,-0.296620,0.017659,-0.003798,0.001729,0.998147,0.0400
0.214563,-0.332258,0.013154,-0.001588,-0.001292,0.998224,0.0400
0.239153,-0.511312,0.009738,0.001624,-0.004620,0.998253,0.0410
0.332351,-0.644059,0.008079,0.004354,-0.005610,0.998254,0.0400
0.347031,-0.434114,0.006460,0.007929,-0.004786,0.998249,0.0400
0.370415,-0.529906,0.005411,0.010483,-0.002638,0.998239,0.0400
0.407438,-0.374879,0.004437,0.013133,0.001144,0.998215,0.0410
0.530931,-0.130990,0.003658,0.015276,0.004675,0.998178,0.0410
0.550959,-0.117292,0.002743,0.017075,0.007866,0.998132,0.0400
0.593983,0.024257,0.001613,0.018932,0.009315,0.998088,0.0400
0.608808,-0.383094,0.000540,0.021032,0.010150,0.998039,0.0400
0.881289,-0.480249,-0.000269,0.021591,0.012733,0.997998,0.0400
0.566979,-0.304480,-0.001288,0.018890,0.019228,0.997948,0.0400
0.372539,-0.012034,-0.002269,0.013534,0.029882,0.997771,0.0410
0.284327,0.278288,-0.003089,0.007612,0.042542,0.997372,0.0400
0.146703,1.021677,-0.003837,0.003112,0.053239,0.996880,0.0400
-0.110470,0.890172,-0.004708,-0.000649,0.064691,0.996203,0.0400
-0.134787,1.006013,-0.005473,-0.003214,0.073655,0.995571,0.0400
-0.149925,1.225874,-0.006508,-0.005539,0.082625,0.994851,0.0400
-0.052144,1.338962,-0.007884,-0.007113,0.091031,0.994097,0.0410
-0.184486,1.438618,-0.008954,-0.007883,0.095930,0.993621,0.0400
0.098464,1.322590,-0.010781,-0.010935,0.101648,0.993005,0.0410
0.157276,1.406743,-0.013282,-0.020741,0.106173,0.992345,0.0400
-0.403274,1.662534,-0.016602,-0.037008,0.109119,0.991502,0.0400
-0.848079,1.891956,-0.020136,-0.054383,0.109129,0.990634,0.0410
-1.199894,1.830800,-0.024127,-0.071487,0.104283,0.989980,0.0400
-1.666503,1.433978,-0.028899,-0.087800,0.092435,0.989717,0.0400
-2.238235,1.020090,-0.033564,-0.099983,0.078578,0.989611,0.0400
-2.666308,0.799154,-0.038391,-0.106933,0.062356,0.989864,0.0400
-2.500436,0.235421,-0.043028,-0.103100,0.044437,0.991046,0.0410
-2.128446,-0.086873,-0.046559,-0.090780,0.030166,0.992627,0.0400
-1.502565,-0.254177,-0.049124,-0.076755,0.019915,0.993945,0.0420
-1.122398,-0.439054,-0.051652,-0.060034,0.009924,0.995117,0.0410
-0.657353,-0.531073,-0.054237,-0.041713,0.001122,0.995964,0.0400
-0.448303,-0.681353,-0.056352,-0.028106,-0.004710,0.996313,0.0410
-0.257933,-0.712968,-0.057859,-0.019415,-0.008193,0.996412,0.0400
-0.070877,-0.680865,-0.058946,-0.014040,-0.010439,0.996417,0.0410
-0.003492,-0.784672,-0.060136,-0.011320,-0.011944,0.996364,0.0410
-0.016395,-0.774801,-0.060658,-0.012008,-0.012197,0.996321,0.0410
-0.140814,-0.761655,-0.060910,-0.013853,-0.011508,0.996290,0.0440
-0.277587,-0.583222,-0.060967,-0.016020,-0.009797,0.996272,0.0410
-0.466378,-0.581850,-0.060772,-0.016370,-0.007825,0.996296,0.0410
-0.378496,-0.525882,-0.060173,-0.013779,-0.005893,0.996385,0.0410
-0.130682,-0.434106,-0.059095,-0.009355,-0.003663,0.996511,0.0410
0.159548,-0.419858,-0.058404,-0.006726,-0.002416,0.996577,0.0400
0.018158,-0.363175,-0.057738,-0.003872,-0.001018,0.996633,0.0400
0.123708,-0.272371,-0.057161,-0.002395,-0.000189,0.996672,0.0410
0.171498,-0.334351,-0.056387,-0.001155,0.000388,0.996718,0.0410
-0.018753,-0.048019,-0.053463,-0.001019,0.000355,0.996879,0.0400
0.041209,-0.113628,-0.045886,-0.002454,-0.001489,0.997253,0.0410
-0.106815,-0.584458,-0.032706,-0.004074,-0.004201,0.997759,0.0400
-0.000556,-0.797859,-0.024627,-0.004673,-0.004366,0.997988,0.0400
0.104589,-0.454770,-0.019228,-0.004940,-0.001636,0.998114,0.0400
0.050291,-0.220320,-0.015944,-0.005217,0.002539,0.998168,0.0410
-0.027975,-0.357256,-0.013852,-0.005782,0.006306,0.998180,0.0400
-0.019446,-0.498981,-0.011884,-0.006294,0.012566,0.998143,0.0410
0.083576,-0.241155,-0.009709,-0.008139,0.024886,0.997922,0.0400
-0.116457,0.207383,-0.007527,-0.009713,0.040246,0.997425,0.0400
-0.199617,0.795155,-0.004992,-0.011949,0.059442,0.996457,0.0410
-0.268472,1.058290,-0.002736,-0.013622,0.076134,0.995308,0.0400
-0.261756,1.548224,-0.000845,-0.014677,0.088787,0.994248,0.0400
-0.231277,1.739936,0.001179,-0.015635,0.100837,0.993083,0.0400
-0.213567,1.786439,0.002860,-0.016361,0.109917,0.992104,0.0410
-0.318193,2.477301,0.004542,-0.016749,0.118391,0.991116,0.0400
-0.395892,3.203130,0.005608,-0.015226,0.115294,0.991500,0.0410
0.043559,2.562181,0.006161,-0.011397,0.098154,0.993391,0.0400
0.042922,1.601489,0.006493,-0.006601,0.075449,0.995414,0.0410
0.141732,0.864973,0.006701,-0.002633,0.054908,0.996775,0.0400
0.259448,0.089681,0.006768,0.000159,0.036872,0.997608,0.0400
0.177247,-0.091497,0.006647,0.001660,0.024429,0.997990,0.0400
0.177916,-0.455814,0.006615,0.003772,0.013531,0.998192,0.0410
0.085921,-0.629000,0.006601,0.004620,0.008212,0.998246,0.0400
0.230437,-0.644735,0.006572,0.004881,0.004850,0.998267,0.0410
0.237986,-0.803693,0.006554,0.004486,0.006921,0.998257,0.0410
0.069122,-0.584434,0.006499,0.003291,0.015160,0.998171,0.0410
0.001456,-0.175040,0.006512,0.001459,0.029180,0.997864,0.0400
-0.225287,0.404496,0.006459,-0.000922,0.044683,0.997291,0.0400
0.069603,0.869338,0.006385,-0.003667,0.060836,0.996430,0.0400
0.026583,1.093915,0.006190,-0.006064,0.072248,0.995657,0.0420
-0.126464,1.360352,0.005785,-0.008210,0.083813,0.994737,0.0400
-0.364634,2.006362,0.005525,-0.008994,0.089223,0.994261,0.0400
-0.266183,1.826283,0.005120,-0.008306,0.085350,0.994609,0.0400
-0.243321,1.273213,0.004662,-0.006425,0.076776,0.995324,0.0410
-0.050871,1.089970,0.003998,-0.003953,0.065183,0.996166,0.0410
0.065368,0.719752,0.003252,-0.001458,0.052315,0.996934,0.0410
0.162525,0.374439,0.002427,0.000596,0.039417,0.997531,0.0400
-0.145764,-0.015878,0.001543,0.002733,0.028844,0.997891,0.0420
0.000128,-0.023400,0.000654,0.003706,0.021825,0.998067,0.0400
0.038741,-0.054561,-0.000232,0.004251,0.015893,0.998177,0.0400
0.094918,-0.296485,-0.001351,0.005094,0.010315,0.998245,0.0400
0.089221,-0.384781,-0.002789,0.005810,0.006157,0.998273,0.0410
0.168820,-0.413772,-0.003649,0.005776,0.004543,0.998279,0.0410
0.157173,-0.314027,-0.004440,0.004986,0.004020,0.998282,0.0400
0.121413,-0.463282,-0.004882,0.004494,0.004217,0.998281,0.0410
0.134458,-0.410840,-0.005352,0.001968,0.007277,0.998270,0.0410
-0.001621,-0.155189,-0.005648,-0.002538,0.012357,0.998217,0.0410
-0.034230,-0.019299,-0.005684,-0.007737,0.016867,0.998124,0.0410
-0.164140,0.173660,-0.005432,-0.013229,0.020339,0.998003,0.0400
-0.346471,0.073389,-0.004810,-0.019909,0.025193,0.997784,0.0410
-0.552623,0.183536,-0.004050,-0.025075,0.028559,0.997581,0.0410
-0.516950,0.208665,-0.003258,-0.028864,0.030764,0.997415,0.0400
-0.488140,0.137666,-0.002295,-0.033459,0.033222,0.997196,0.0410
-0.488002,0.299267,-0.001553,-0.038461,0.036756,0.996893,0.0420
-0.674297,0.417740,-0.000740,-0.046417,0.042019,0.996347,0.0400
-0.966861,0.405804,-0.000236,-0.053771,0.046838,0.995762,0.0400
-1.099411,0.601800,0.000001,-0.061445,0.052060,0.995059,0.0400
-1.092884,0.723986,-0.000278,-0.067224,0.056146,0.994463,0.0410
-1.199389,0.765094,-0.000833,-0.070608,0.058730,0.994079,0.0400
-1.338679,0.773463,-0.001661,-0.072637,0.060684,0.993814,0.0400
-1.361905,0.775513,-0.002714,-0.073617,0.061606,0.993683,0.0410
-1.262400,0.838403,-0.003926,-0.073141,0.061096,0.993746,0.0410
-1.198857,0.736544,-0.005212,-0.071370,0.059179,0.993984,0.0410
-1.208427,0.868240,-0.006525,-0.069230,0.057039,0.994253,0.0400
-1.444496,0.889329,-0.008449,-0.062195,0.051331,0.995014,0.0410
-0.952152,0.522766,-0.009539,-0.051974,0.044038,0.995940,0.0400
-0.434157,0.242688,-0.010865,-0.036724,0.033376,0.997019,0.0400
-0.188885,-0.030986,-0.012251,-0.021040,0.023107,0.997748,0.0410
0.139826,-0.286157,-0.013774,-0.005811,0.013468,0.998110,0.0410
0.319080,-0.383979,-0.014723,0.001763,0.008369,0.998167,0.0420
0.582214,-0.459905,-0.015804,0.008477,0.003189,0.998146,0.0410
0.697104,-0.424879,-0.016926,0.013058,-0.000204,0.998083,0.0400
0.706489,-0.714684,-0.017991,0.016647,-0.000785,0.998011,0.0410
0.729319,-0.463794,-0.018925,0.018091,0.002408,0.997966,0.0410
0.596722,-0.439717,-0.019669,0.018909,0.007171,0.997914,0.0400
0.670594,-0.268189,-0.020286,0.019122,0.013599,0.997830,0.0410
0.574745,0.131904,-0.020981,0.018078,0.021450,0.997698,0.0410
0.513623,0.367408,-0.021438,0.016902,0.026203,0.997595,0.0410
0.515985,0.547921,-0.021688,0.015528,0.029524,0.997519,0.0400
0.365715,0.282882,-0.021604,0.014283,0.029993,0.997526,0.0410
0.373172,0.379210,-0.021243,0.013410,0.028953,0.997576,0.0400
0.515227,0.303025,-0.020298,0.012811,0.027648,0.997641,0.0400
0.506757,0.146656,-0.019149,0.011919,0.027894,0.997668,0.0410
0.355389,0.124857,-0.017654,0.009802,0.029168,0.997682,0.0400
0.567193,0.160523,-0.016402,0.006291,0.031653,0.997656,0.0410
0.168426,0.219763,-0.015529,0.003392,0.035475,0.997555,0.0410
0.144810,0.467787,-0.014737,0.001715,0.040341,0.997387,0.0400
0.136379,0.686889,-0.014119,0.000828,0.045107,0.997193,0.0400
0.074891,0.660433,-0.013656,0.001274,0.048136,0.997057,0.0410
0.229739,0.769078,-0.013208,0.001934,0.050366,0.996952,0.0400
0.157278,0.717133,-0.012912,0.002496,0.051664,0.996888,0.0410
0.031057,0.602632,-0.012537,0.003129,0.052098,0.996868,0.0400
0.273715,0.776912,-0.012061,0.003461,0.052343,0.996860,0.0400
0.095646,0.750355,-0.011248,0.003846,0.050903,0.996943,0.0420
0.395044,0.610744,-0.010018,0.003504,0.046106,0.997191,0.0400
0.406674,0.427411,-0.008877,0.002226,0.040474,0.997450,0.0400
0.097144,0.262752,-0.007690,0.000743,0.034341,0.997692,0.0410
0.060793,0.039506,-0.006515,-0.001008,0.028873,0.997873,0.0400
0.189171,0.051184,-0.005358,-0.002959,0.022074,0.998049,0.0400
0.038174,-0.089608,-0.004474,-0.005508,0.017020,0.998142,0.0410
0.001368,-0.175572,-0.003548,-0.007063,0.012550,0.998202,0.0400
-0.029204,-0.307952,-0.003104,-0.007476,0.010085,0.998229,0.0410
-0.044678,-0.278319,-0.002803,-0.007535,0.008680,0.998242,0.0410
-0.103742,-0.317379,-0.002486,-0.006388,0.008105,0.998256,0.0400
-0.079478,-0.455431,-0.002259,-0.005905,0.008662,0.998255,0.0410
0.056857,-0.431221,-0.002048,-0.005971,0.009941,0.998243,0.0400
-0.241704,-0.530722,-0.002006,-0.006099,0.011472,0.998226,0.0410
-0.199126,-0.455237,-0.002156,-0.006411,0.013698,0.998196,0.0410
-0.225241,-0.270199,-0.002365,-0.006145,0.016523,0.998154,0.0410
0.063261,-0.132164,-0.002576,-0.006006,0.018590,0.998118,0.0420
-0.015308,-0.031503,-0.002951,-0.005868,0.020841,0.998073,0.0410
-0.245144,-0.025607,-0.003503,-0.006061,0.022647,0.998031,0.0410
-0.008378,-0.021121,-0.004164,-0.006477,0.023909,0.997996,0.0400
-0.164415,-0.004288,-0.004945,-0.006477,0.024285,0.997984,0.0410
-0.119769,0.059610,-0.006030,-0.005817,0.023797,0.997994,0.0400
-0.033032,-0.051214,-0.007113,-0.005955,0.024302,0.997974,0.0400
-0.176255,0.054736,-0.008666,-0.007306,0.025401,0.997925,0.0400
-0.183885,0.124270,-0.010125,-0.008417,0.025441,0.997901,0.0460
-0.211679,0.054188,-0.011692,-0.008720,0.025607,0.997877,0.0410
-0.226443,0.076743,-0.013752,-0.008564,0.025766,0.997848,0.0400
-0.184802,0.050477,-0.015363,-0.008875,0.027684,0.997771,0.0400
-0.216927,0.187499,-0.017282,-0.010397,0.030280,0.997649,0.0410
-0.261567,0.238378,-0.019312,-0.012322,0.033475,0.997488,0.0410
-0.346641,0.412078,-0.020941,-0.013987,0.035789,0.997353,0.0400
-0.438748,0.334411,-0.022750,-0.016255,0.037645,0.997210,0.0410
-0.336267,0.423831,-0.024301,-0.018701,0.038357,0.997104,0.0410
-0.354336,0.488543,-0.025631,-0.020554,0.038497,0.997029,0.0400
-0.443298,0.443135,-0.027174,-0.022278,0.038537,0.996949,0.0410
-0.548949,0.496726,-0.028595,-0.023178,0.037243,0.996938,0.0410
-0.334471,0.321768,-0.030090,-0.022297,0.031954,0.997098,0.0400
-0.356022,0.037592,-0.031257,-0.020526,0.026656,0.997256,0.0400
-0.150702,-0.073735,-0.032182,-0.018761,0.023200,0.997347,0.0400
-0.193143,-0.086081,-0.032986,-0.017482,0.021808,0.997376,0.0410
-0.283830,-0.196361,-0.033671,-0.015454,0.021812,0.997386,0.0400
-0.139336,0.089975,-0.034158,-0.013129,0.022472,0.997388,0.0410
-0.179952,-0.079372,-0.034352,-0.011436,0.023356,0.997382,0.0400
-0.114795,-0.195023,-0.034546,-0.009743,0.025239,0.997348,0.0400
-0.015773,-0.025683,-0.035840,-0.008047,0.026751,0.997278,0.0400
0.194571,0.134871,-0.038055,-0.006106,0.028247,0.997168,0.0410
-0.049682,0.179731,-0.040288,-0.004086,0.028347,0.997088,0.0400
0.109471,0.107012,-0.042797,-0.002175,0.027694,0.997008,0.0410
0.367485,0.091229,-0.045307,-0.000530,0.026975,0.996919,0.0400
0.351029,0.116886,-0.047606,0.000893,0.026321,0.996829,0.0400
0.277221,0.039796,-0.050513,0.001995,0.025152,0.996714,0.0410
0.322342,-0.047948,-0.053745,0.002589,0.024137,0.996569,0.0410
0.380094,-0.171452,-0.057612,0.003450,0.024021,0.996353,0.0410
0.178499,-0.205085,-0.063530,0.003410,0.024893,0.995972,0.0410
0.372348,-0.024283,-0.070357,0.002783,0.026374,0.995477,0.0410
0.406104,0.059315,-0.080739,0.001801,0.027502,0.994660,0.0400
0.090821,-0.021625,-0.094597,0.000687,0.028883,0.993400,0.0410
0.114372,0.111962,-0.106676,-0.000727,0.028132,0.992198,0.0400
0.109950,0.195161,-0.117675,-0.001106,0.027238,0.990978,0.0400
0.071846,0.118371,-0.130482,-0.002692,0.025872,0.989407,0.0410
0.088375,0.103426,-0.146006,-0.004283,0.023579,0.987287,0.0410
0.145882,0.216985,-0.159485,-0.005393,0.021693,0.985237,0.0410
0.184854,0.128923,-0.172574,-0.006373,0.021167,0.983035,0.0400
-0.027065,-0.012165,-0.184424,-0.006725,0.020611,0.980890,0.0410
-0.035314,-0.108642,-0.196889,-0.006818,0.020796,0.978460,0.0410
-0.081943,0.012800,-0.209389,-0.006703,0.019373,0.975891,0.0400
-0.151896,-0.005405,-0.221670,-0.006207,0.018955,0.973187,0.0410
-0.087703,-0.063626,-0.234575,-0.006432,0.017858,0.970176,0.0400
-0.077885,-0.234874,-0.247097,-0.005901,0.017507,0.967073,0.0400
-0.182104,0.050443,-0.262382,-0.005039,0.015711,0.963074,0.0410
-0.009061,-0.059011,-0.277153,-0.004060,0.014606,0.958949,0.0410
0.133062,-0.209587,-0.288466,-0.002622,0.014432,0.955615,0.0420
0.135832,-0.066950,-0.301444,-0.001240,0.014437,0.951603,0.0400
0.042767,-0.062092,-0.313500,-0.000681,0.014602,0.947698,0.0410
0.066233,0.041295,-0.326965,-0.001614,0.012653,0.943164,0.0400
0.067368,-0.082937,-0.341644,-0.001739,0.011951,0.937956,0.0410
0.162538,-0.179456,-0.357143,-0.000443,0.011939,0.932166,0.0400
0.133156,-0.113473,-0.368972,-0.000090,0.012294,0.927543,0.0400
0.077532,-0.120111,-0.381792,0.000044,0.012431,0.922338,0.0400
0.123847,-0.070701,-0.397213,0.000326,0.012163,0.915807,0.0400
0.089783,-0.094421,-0.410918,0.000513,0.012521,0.909735,0.0410
0.115301,0.053628,-0.422806,-0.000789,0.012135,0.904276,0.0410
-0.002229,-0.074505,-0.435669,-0.002014,0.011953,0.898150,0.0410
-0.005407,-0.129706,-0.446652,-0.001471,0.012194,0.892737,0.0400
0.056909,-0.015638,-0.457776,-0.000757,0.012301,0.887083,0.0410
-0.082930,-0.265756,-0.469060,0.000032,0.013243,0.881156,0.0400
0.087106,-0.065379,-0.478727,0.000054,0.014834,0.875915,0.0400
0.185366,0.157386,-0.488717,-0.000552,0.014123,0.870393,0.0420
0.119103,-0.038185,-0.499682,-0.002477,0.013358,0.864153,0.0410
0.072684,-0.243133,-0.510456,-0.004560,0.013909,0.857816,0.0400
-0.148888,-0.149032,-0.521726,-0.005037,0.013716,0.851009,0.0400
-0.083848,-0.118140,-0.533519,-0.005068,0.014010,0.843660,0.0400
-0.218598,-0.127000,-0.546991,-0.005391,0.014404,0.834980,0.0400
-0.189124,-0.158099,-0.559573,-0.003967,0.014630,0.826605,0.0400
-0.130535,-0.023125,-0.572487,-0.001734,0.014368,0.817727,0.0400
-0.033454,-0.102496,-0.585220,-0.000071,0.014193,0.808668,0.0400
-0.105972,-0.026137,-0.600035,0.002150,0.014486,0.797728,0.0410
-0.196223,0.085899,-0.611071,0.002928,0.014748,0.789300,0.0400
-0.001172,0.285354,-0.622662,0.003053,0.014938,0.780184,0.0410
-0.201282,0.109282,-0.636578,0.002946,0.015124,0.768868,0.0410
-0.200713,0.076323,-0.649539,0.003003,0.014995,0.757953,0.0400
-0.231709,0.236891,-0.659504,0.003270,0.014489,0.749308,0.0400
-0.081023,0.214972,-0.669834,0.002890,0.013851,0.740101,0.0400
-0.211091,0.265156,-0.679871,0.002473,0.013308,0.730904,0.0410
-0.140916,0.198277,-0.688381,0.001286,0.012626,0.722910,0.0400
-0.205190,0.175453,-0.699628,-0.000741,0.011754,0.712046,0.0410
-0.232389,0.000585,-0.709575,-0.003023,0.010968,0.702141,0.0410
-0.347622,-0.094623,-0.717632,-0.004807,0.010422,0.693902,0.0400
-0.417583,-0.005592,-0.724168,-0.006103,0.009947,0.687075,0.0400
-0.585100,-0.047103,-0.730079,-0.006807,0.008716,0.680801,0.0410
-0.415394,-0.146355,-0.734782,-0.004183,0.005274,0.675780,0.0410
-0.087651,-0.028014,-0.736936,0.000240,0.000078,0.673463,0.0410
0.286377,-0.108781,-0.737748,0.004380,-0.004443,0.672545,0.0400
0.413636,-0.116254,-0.737775,0.006585,-0.007736,0.672467,0.0400
0.414259,-0.164998,-0.737418,0.008108,-0.009791,0.672816,0.0400
0.449406,-0.134816,-0.736729,0.008601,-0.010992,0.673546,0.0400
0.361690,-0.159965,-0.735778,0.008823,-0.011124,0.674579,0.0400
0.395810,-0.109597,-0.734712,0.009004,-0.011416,0.675733,0.0400
0.384958,-0.201257,-0.733753,0.009673,-0.012629,0.676743,0.0410
0.390325,-0.170343,-0.732574,0.011252,-0.014932,0.677948,0.0400
0.239238,0.023360,-0.731659,0.012135,-0.016909,0.678874,0.0410
0.379382,-0.270903,-0.730661,0.014713,-0.019625,0.679824,0.0400
0.322970,-0.097796,-0.729715,0.018377,-0.023948,0.680612,0.0410
0.619286,-0.033051,-0.728840,0.023328,-0.029334,0.681187,0.0400
0.967096,-0.202547,-0.727964,0.029616,-0.035653,0.681578,0.0400
1.111763,-0.189223,-0.727185,0.034871,-0.041564,0.681826,0.0400
1.709125,-0.084156,-0.726291,0.040619,-0.047411,0.682079,0.0420
1.643097,-0.128535,-0.725983,0.039610,-0.046135,0.682553,0.0410
1.281985,-0.090586,-0.726064,0.035453,-0.040592,0.683047,0.0400
0.850398,-0.139140,-0.726614,0.027199,-0.029054,0.683429,0.0410
0.567104,-0.076700,-0.726954,0.022004,-0.020250,0.683573,0.0400
0.369674,0.022745,-0.727292,0.017648,-0.013327,0.683509,0.0400
0.087403,0.036656,-0.727935,0.011471,-0.004925,0.683068,0.0400
-0.091192,0.223360,-0.728402,0.007150,-0.000752,0.682647,0.0400
-0.153125,0.199052,-0.728957,0.001887,0.002655,0.682084,0.0410
-0.254018,0.097632,-0.729490,-0.001804,0.004761,0.681502,0.0400
-0.227808,0.074403,-0.729896,-0.006483,0.006935,0.681021,0.0410
-0.067334,-0.048710,-0.729489,-0.012084,0.011159,0.681324,0.0410
-0.363528,-0.162179,-0.728278,-0.021972,0.018567,0.682210,0.0410
-0.862092,-0.143238,-0.727250,-0.035132,0.028942,0.682396,0.0410
-1.286966,-0.161798,-0.726335,-0.047234,0.038578,0.682163,0.0400
-1.408434,-0.190568,-0.725413,-0.057679,0.047171,0.681800,0.0410
-1.587914,-0.370644,-0.724239,-0.068403,0.056066,0.681384,0.0400
-1.815516,-0.321276,-0.723328,-0.074905,0.062381,0.681119,0.0400
-2.360511,-0.222611,-0.722617,-0.078341,0.067439,0.681004,0.0410
-2.890178,-0.123057,-0.722622,-0.074956,0.068040,0.681320,0.0400
-2.256942,-0.126304,-0.723516,-0.064864,0.062596,0.681928,0.0400
-1.700861,-0.047767,-0.725069,-0.048214,0.052180,0.682536,0.0400
-1.219131,0.267340,-0.726429,-0.030816,0.041508,0.682829,0.0410
-0.769910,0.310748,-0.727394,-0.015673,0.032091,0.682825,0.0410
-0.329598,0.498797,-0.727937,-0.005236,0.024397,0.682725,0.0450
-0.051013,0.502771,-0.728242,0.002714,0.017142,0.682635,0.0410
0.141573,0.353663,-0.728428,0.006801,0.011514,0.682526,0.0410
0.208283,0.233876,-0.728644,0.009679,0.006049,0.682331,0.0400
0.272251,0.180959,-0.728732,0.011697,0.002319,0.682228,0.0400
0.298875,0.089163,-0.728636,0.013380,-0.000120,0.682303,0.0400
0.178770,0.347262,-0.728349,0.014696,-0.002922,0.682577,0.0400
0.283412,0.197637,-0.727736,0.016580,-0.007582,0.683151,0.0410
0.418427,0.114570,-0.726910,0.017893,-0.012564,0.683924,0.0400
0.610499,-0.023204,-0.725984,0.018962,-0.016869,0.684785,0.0400
0.645973,-0.056766,-0.724767,0.019788,-0.020755,0.685943,0.0400
0.725711,-0.016337,-0.723581,0.019400,-0.022543,0.687148,0.0410
0.655643,-0.186752,-0.722170,0.018201,-0.021967,0.688683,0.0410
0.563999,-0.255123,-0.720368,0.016584,-0.017306,0.690741,0.0400
0.394648,-0.054714,-0.718606,0.015099,-0.009366,0.692761,0.0410
0.189794,0.078417,-0.717294,0.013773,-0.003024,0.694203,0.0400
0.059767,0.144525,-0.716004,0.013128,0.001572,0.695551,0.0420
0.071712,0.157994,-0.714716,0.012701,0.005329,0.696863,0.0400
0.075518,0.171811,-0.713713,0.012383,0.008281,0.697868,0.0400
-0.229424,0.255537,-0.712736,0.013723,0.008978,0.698832,0.0410
-0.179520,0.177491,-0.712063,0.018302,0.006082,0.699444,0.0410
0.201906,0.253328,-0.711501,0.024250,0.001790,0.699859,0.0400
0.378510,0.402028,-0.711010,0.030871,-0.002517,0.700095,0.0400
0.528217,0.387804,-0.710639,0.036980,-0.006372,0.700151,0.0410
1.061335,0.155296,-0.710357,0.041590,-0.008207,0.700160,0.0410
1.096093,0.228564,-0.710216,0.044018,-0.006662,0.700171,0.0400
0.650440,0.418333,-0.710250,0.042946,-0.001572,0.700233,0.0400
0.516292,0.402250,-0.710174,0.040760,0.006459,0.700413,0.0410
0.216785,0.407313,-0.710025,0.038778,0.013481,0.700576,0.0400
0.027254,0.679178,-0.709776,0.036520,0.020621,0.700776,0.0400
-0.041454,0.696142,-0.709512,0.034240,0.026330,0.700967,0.0400
-0.186284,0.813572,-0.709187,0.030209,0.031248,0.701280,0.0400
-0.134050,0.739967,-0.708981,0.025262,0.033478,0.701580,0.0410
-0.260675,0.724182,-0.708829,0.016808,0.034935,0.701916,0.0410
-0.325062,0.410535,-0.708593,0.005556,0.035609,0.702300,0.0410
-0.634175,0.198192,-0.708158,-0.007016,0.037389,0.702633,0.0400
-0.987276,0.053087,-0.707605,-0.019244,0.039777,0.702830,0.0410
-1.277314,-0.166673,-0.707155,-0.032077,0.041677,0.702704,0.0410
-1.371085,-0.289503,-0.706897,-0.039935,0.042502,0.702512,0.0410
-1.799565,-0.343038,-0.706822,-0.044872,0.041869,0.702328,0.0410
-1.628809,-0.356915,-0.707119,-0.044118,0.036730,0.702364,0.0400
-1.017125,-0.475815,-0.707777,-0.039636,0.028645,0.702344,0.0410
-0.825191,-0.446854,-0.708393,-0.034369,0.020582,0.702283,0.0410
-0.597185,-0.565725,-0.708949,-0.029061,0.013715,0.702130,0.0400
-0.383242,-0.541539,-0.709307,-0.024713,0.008705,0.702015,0.0410
-0.392285,-0.425175,-0.709625,-0.021051,0.005132,0.701848,0.0410
-0.295808,-0.399590,-0.709964,-0.017527,0.002537,0.701616,0.0400
-0.181052,-0.489445,-0.710245,-0.014736,0.001243,0.701399,0.0410
-0.190447,-0.453468,-0.710610,-0.012148,0.000308,0.701080,0.0410
-0.163057,-0.422588,-0.710968,-0.009732,-0.000316,0.700755,0.0410
-0.078295,-0.361818,-0.711324,-0.007355,-0.000097,0.700423,0.0410
-0.154198,-0.200359,-0.711739,-0.004542,-0.000065,0.700025,0.0410
-0.044198,-0.249614,-0.712152,-0.002442,0.000508,0.699614,0.0400
-0.027430,-0.241526,-0.712497,-0.000927,0.000749,0.699267,0.0400
-0.018695,-0.147023,-0.712731,0.000030,0.000805,0.699029,0.0410
-0.087919,-0.097639,-0.712926,0.000155,0.001375,0.698829,0.0420
-0.004489,-0.032070,-0.713178,-0.000055,0.002175,0.698571,0.0410
0.019157,-0.158063,-0.713558,0.001510,0.002731,0.698178,0.0410
-0.064628,-0.135361,-0.713887,0.003111,0.003303,0.697835,0.0400
-0.023303,-0.061636,-0.714206,0.003789,0.003566,0.697503,0.0400
0.025132,0.018736,-0.714643,0.003847,0.003599,0.697055,0.0400
-0.029973,-0.077647,-0.715059,0.004317,0.004005,0.696623,0.0400
0.012394,0.022541,-0.715444,0.004289,0.003742,0.696229,0.0400
-0.016527,0.015300,-0.715924,0.002790,0.002199,0.695750,0.0460
0.004946,-0.022439,-0.716422,0.001710,0.001419,0.695243,0.0410
0.044917,0.063017,-0.716920,0.000387,-0.000096,0.694732,0.0410
-0.013124,-0.014241,-0.717502,-0.000950,-0.002030,0.694128,0.0400
0.004562,-0.204063,-0.718030,-0.001590,-0.004029,0.693572,0.0410
0.036458,-0.164679,-0.718352,-0.001804,-0.005159,0.693230,0.0410
-0.006936,-0.192779,-0.718674,-0.000368,-0.007707,0.692875,0.0400
0.035654,-0.173864,-0.718937,0.002626,-0.010422,0.692561,0.0400
0.299307,-0.197503,-0.719233,0.006492,-0.013827,0.692169,0.0400
0.432771,-0.178308,-0.719456,0.011603,-0.017760,0.691780,0.0410
0.467696,-0.086395,-0.719580,0.015949,-0.020874,0.691478,0.0410
0.713455,-0.112776,-0.719593,0.020637,-0.023625,0.691252,0.0410
0.756227,0.098606,-0.719544,0.024119,-0.026075,0.691102,0.0400
0.779854,0.032456,-0.719430,0.026318,-0.027612,0.691081,0.0400
0.858748,-0.069862,-0.719281,0.027986,-0.028208,0.691147,0.0410
0.926251,0.092910,-0.719087,0.029038,-0.028446,0.691295,0.0400
0.958065,0.131654,-0.718911,0.029465,-0.027617,0.691494,0.0410
0.920762,-0.022504,-0.718827,0.028220,-0.025165,0.691726,0.0400
0.719385,0.024622,-0.718672,0.025373,-0.020802,0.692143,0.0400
0.482112,-0.085342,-0.718348,0.021919,-0.014612,0.692755,0.0410
0.309775,0.254903,-0.717890,0.019074,-0.009596,0.693402,0.0400
0.226641,0.246452,-0.717281,0.016455,-0.004610,0.694149,0.0400
0.111763,0.255080,-0.716520,0.014081,-0.000155,0.695002,0.0410
0.161649,0.413112,-0.715711,0.011561,0.003848,0.695872,0.0400
-0.003814,0.184013,-0.715027,0.007848,0.007859,0.696592,0.0400
-0.163621,0.194231,-0.714196,0.002874,0.012318,0.697418,0.0400
-0.207866,0.226920,-0.713389,-0.002868,0.017186,0.698141,0.0400
-0.521097,0.315715,-0.712653,-0.009308,0.022583,0.698683,0.0400
-0.522190,0.250435,-0.711927,-0.016354,0.028947,0.699059,0.0400
-0.888663,0.256077,-0.711200,-0.025496,0.037436,0.699121,0.0410
-1.242958,0.188793,-0.710483,-0.036323,0.048149,0.698716,0.0400
-1.417539,0.151117,-0.710140,-0.043227,0.055143,0.698154,0.0400
-1.740481,0.213601,-0.709908,-0.050139,0.062435,0.697314,0.0410
-1.877249,0.082693,-0.709911,-0.054593,0.067633,0.696491,0.0400
-1.968108,0.005236,-0.710230,-0.057647,0.071794,0.695503,0.0400
-2.077551,0.162638,-0.710751,-0.059129,0.073911,0.694623,0.0400
-2.415428,0.252383,-0.711599,-0.057315,0.072698,0.694035,0.0400
-1.975397,0.320132,-0.713166,-0.049392,0.065372,0.693764,0.0400
-1.269651,0.212359,-0.715009,-0.038073,0.054456,0.693524,0.0400
-0.823106,0.280142,-0.716796,-0.026643,0.042653,0.693038,0.0410
-0.489549,0.281467,-0.718366,-0.017776,0.031496,0.692293,0.0410
-0.236679,0.164551,-0.719755,-0.011815,0.020593,0.691388,0.0410
-0.150366,0.029451,-0.720914,-0.008606,0.011320,0.690441,0.0410
-0.050483,-0.117694,-0.722086,-0.006212,0.003891,0.689322,0.0410
0.188990,-0.159487,-0.722924,-0.005527,-0.000545,0.688461,0.0410
0.211320,-0.118078,-0.723719,-0.005441,-0.004218,0.687613,0.0400
0.314295,-0.124110,-0.724588,-0.006908,-0.007960,0.686650,0.0410
0.242888,-0.037158,-0.725452,-0.011806,-0.012945,0.685595,0.0400
0.105763,-0.409142,-0.726123,-0.016964,-0.019650,0.684616,0.0400
0.243783,-0.676873,-0.726507,-0.021533,-0.026084,0.683865,0.0410
0.218092,-0.924200,-0.726798,-0.026651,-0.034445,0.683005,0.0400
0.109658,-1.011809,-0.726956,-0.027404,-0.040529,0.682473,0.0400
0.379915,-1.062275,-0.727269,-0.023926,-0.047081,0.681849,0.0400
0.577729,-1.022113,-0.727715,-0.016583,-0.051170,0.681297,0.0400
0.778038,-0.952457,-0.728184,-0.007666,-0.052094,0.680884,0.0400
1.078469,-0.548414,-0.728785,0.003956,-0.050305,0.680407,0.0410
1.278156,-0.225204,-0.729299,0.011949,-0.045931,0.680072,0.0400
1.057912,-0.064352,-0.729866,0.017882,-0.037138,0.679871,0.0400
0.706649,0.178172,-0.730301,0.020427,-0.027161,0.679804,0.0410
0.656426,0.393650,-0.730641,0.021151,-0.018252,0.679714,0.0400
0.474635,0.473995,-0.730919,0.020875,-0.012241,0.679559,0.0400
0.366109,0.651603,-0.731213,0.020042,-0.006393,0.679348,0.0400
0.267976,0.473093,-0.731424,0.018836,-0.002113,0.679182,0.0400
0.043879,0.459386,-0.731637,0.017814,0.000978,0.678982,0.0410
0.149870,0.561238,-0.731910,0.016771,0.004069,0.678702,0.0410
0.131478,0.561880,-0.732265,0.015276,0.006670,0.678335,0.0410
-0.009163,0.488253,-0.732555,0.013657,0.008219,0.678039,0.0410
-0.069702,0.347929,-0.732764,0.012709,0.008697,0.677826,0.0400
0.157482,0.369715,-0.733027,0.011265,0.009373,0.677557,0.0400
0.318957,0.393977,-0.733353,0.008641,0.011350,0.677213,0.0410
0.225389,0.286680,-0.733837,0.002414,0.015825,0.676650,0.0400
-0.372292,0.076178,-0.734417,-0.006708,0.022329,0.675807,0.0420
-0.737748,0.246149,-0.734861,-0.014500,0.028757,0.674959,0.0400
-0.998817,0.217451,-0.735437,-0.021432,0.034868,0.673858,0.0400
-1.320407,0.131137,-0.736149,-0.026156,0.039125,0.672680,0.0410
-1.373440,0.212159,-0.737060,-0.028194,0.039799,0.671560,0.0400
-1.182714,0.198075,-0.738221,-0.027345,0.036543,0.670503,0.0410
-1.025553,0.024565,-0.739558,-0.023865,0.030643,0.669457,0.0400
-0.608257,0.036953,-0.741007,-0.017781,0.023120,0.668345,0.0410
-0.376250,0.149307,-0.742368,-0.012761,0.015758,0.667163,0.0410
-0.109109,0.057040,-0.743820,-0.010194,0.007776,0.665730,0.0410
-0.055247,-0.007089,-0.745947,-0.011727,0.000165,0.663365,0.0400
0.087693,-0.272686,-0.748699,-0.013724,-0.004555,0.660203,0.0400
0.056731,-0.364735,-0.752663,-0.017109,-0.006781,0.655582,0.0400
0.059629,-0.458130,-0.756096,-0.020012,-0.005078,0.651553,0.0400
-0.028667,-0.398961,-0.760170,-0.024693,0.000243,0.646652,0.0400
-0.316642,-0.278873,-0.765429,-0.031400,0.007858,0.640077,0.0400
-0.666815,-0.524925,-0.771026,-0.038293,0.015599,0.632801,0.0400
-0.913715,-0.503893,-0.776690,-0.043857,0.023304,0.625231,0.0410
-1.225515,-0.391103,-0.782327,-0.048327,0.030006,0.617541,0.0410
-1.590693,-0.316319,-0.787754,-0.051396,0.035115,0.610079,0.0400
-1.426798,-0.386987,-0.794006,-0.051170,0.038226,0.601750,0.0410
-1.494551,-0.127013,-0.800571,-0.048269,0.037218,0.593295,0.0410
-1.148056,0.038348,-0.807320,-0.045359,0.031944,0.584623,0.0400
-0.913359,-0.231321,-0.814741,-0.045174,0.022476,0.574698,0.0400
-0.828554,-0.405308,-0.820877,-0.047031,0.012882,0.566049,0.0410
-0.759004,-0.794760,-0.827074,-0.049753,0.001931,0.556863,0.0400
-0.427607,-0.989818,-0.832774,-0.051752,-0.009147,0.548045,0.0410
-0.184454,-1.158996,-0.838138,-0.052755,-0.018776,0.539460,0.0410
-0.014169,-1.264419,-0.843121,-0.052565,-0.026317,0.531338,0.0410
0.158139,-1.125037,-0.848778,-0.050847,-0.032983,0.522045,0.0410
0.350530,-1.208059,-0.853892,-0.048642,-0.037705,0.513526,0.0410
0.609123,-1.108260,-0.859176,-0.044987,-0.041052,0.504712,0.0400
0.537343,-0.804505,-0.864965,-0.039856,-0.042813,0.495018,0.0400
0.505474,-0.809700,-0.869435,-0.035965,-0.043336,0.487379,0.0400
0.213902,-0.791505,-0.874369,-0.030307,-0.044518,0.478755,0.0400
0.427286,-0.671032,-0.879737,-0.020332,-0.047845,0.469029,0.0410
0.755828,-0.413431,-0.885810,-0.005174,-0.053647,0.457234,0.0410
1.052354,-0.084495,-0.889746,0.005631,-0.057138,0.449091,0.0400
1.153998,0.092305,-0.894913,0.020667,-0.060903,0.437748,0.0410
1.469417,0.535280,-0.900161,0.035438,-0.064158,0.425400,0.0400
1.546531,0.684042,-0.905567,0.049154,-0.066134,0.412051,0.0400
1.924484,0.773903,-0.910494,0.060705,-0.066848,0.399344,0.0400
2.370855,1.099843,-0.915648,0.071658,-0.063822,0.386016,0.0400
1.981220,1.624908,-0.921176,0.076080,-0.054880,0.373179,0.0400
1.308652,1.576121,-0.926622,0.073238,-0.042489,0.361705,0.0410
0.786702,1.318975,-0.931826,0.067371,-0.029539,0.350595,0.0410
0.396692,1.253792,-0.938156,0.058753,-0.014134,0.335914,0.0400
-0.006494,1.147696,-0.942436,0.052508,-0.005278,0.325049,0.0400
-0.131762,1.029861,-0.947506,0.044928,0.002172,0.311187,0.0400
-0.290398,0.952513,-0.952890,0.037366,0.006748,0.295272,0.0400
-0.330438,0.641846,-0.958034,0.030594,0.008588,0.278908,0.0400
-0.285551,0.609123,-0.962279,0.025664,0.009016,0.264401,0.0410
-0.328258,0.464139,-0.965926,0.021818,0.008576,0.251129,0.0400
-0.356459,0.467794,-0.969156,0.018577,0.007630,0.238667,0.0400
-0.369714,0.255451,-0.973876,0.014797,0.005135,0.218970,0.0400
-0.399119,0.212450,-0.977577,0.014618,0.002028,0.201873,0.0420
-0.203739,0.310481,-0.981041,0.015151,-0.001339,0.184267,0.0400
-0.118039,0.343133,-0.984433,0.015569,-0.004240,0.165102,0.0410
-0.112513,0.287723,-0.987821,0.014365,-0.006427,0.143488,0.0400
-0.075884,0.136160,-0.990376,0.011433,-0.007300,0.124896,0.0410
-0.141517,0.071043,-0.992714,0.008227,-0.008156,0.104944,0.0400
-0.106361,-0.029774,-0.994919,0.005573,-0.008699,0.081589,0.0410
-0.007383,-0.025609,-0.996200,0.003423,-0.007991,0.064329,0.0410
-0.170364,-0.141253,-0.997218,0.001968,-0.007853,0.046034,0.0410
-0.212671,-0.125601,-0.997910,0.001456,-0.007258,0.027343,0.0410
0.068012,-0.258188,-0.998265,0.001892,-0.004802,0.008263,0.0410
-0.057970,-0.183481,-0.998287,0.003678,-0.000422,-0.006109,0.0410
-0.406198,-0.151449,-0.998217,0.004769,0.002296,-0.012735,0.0400
-0.454391,-0.130968,-0.998146,0.006235,0.003771,-0.016707,0.0400
-0.375626,0.036209,-0.998084,0.007862,0.003843,-0.019482,0.0410
-0.515056,-0.007268,-0.998038,0.008890,0.002570,-0.021480,0.0400
-0.297585,0.060671,-0.997983,0.009826,-0.001463,-0.023635,0.0410
0.021252,0.210957,-0.997952,0.008966,-0.004190,-0.024936,0.0410
-0.024207,0.026509,-0.997918,0.009019,-0.006512,-0.025755,0.0410
0.111358,0.007545,-0.997900,0.008681,-0.007437,-0.026302,0.0400
0.039046,0.010139,-0.997900,0.007198,-0.008340,-0.026486,0.0400
0.010389,-0.106428,-0.997899,0.007375,-0.009147,-0.026210,0.0410
0.047981,-0.071871,-0.997914,0.007107,-0.009249,-0.025660,0.0410
0.001123,-0.139376,-0.997902,0.007954,-0.011341,-0.025037,0.0400
0.050423,-0.126633,-0.997883,0.008536,-0.014106,-0.024189,0.0410
0.156072,0.010545,-0.997830,0.009039,-0.018646,-0.023112,0.0410
0.431343,0.091105,-0.997755,0.009470,-0.023069,-0.022162,0.0400
0.559866,0.006601,-0.997669,0.009844,-0.027262,-0.021070,0.0410
0.384094,0.004111,-0.997637,0.010701,-0.028843,-0.020020,0.0410
0.357335,0.129406,-0.997617,0.011030,-0.030186,-0.018851,0.0410
0.449577,0.105318,-0.997560,0.010678,-0.032664,-0.017935,0.0400
0.639720,0.076024,-0.997505,0.010331,-0.034715,-0.017304,0.0410
0.716548,0.011534,-0.997474,0.010067,-0.035890,-0.016840,0.0410
0.588411,-0.028443,-0.997493,0.010354,-0.035383,-0.016650,0.0400
0.567510,0.110881,-0.997545,0.010395,-0.033888,-0.016612,0.0400
0.487399,-0.001368,-0.997600,0.009963,-0.032272,-0.016750,0.0400
0.513354,0.041651,-0.997665,0.009828,-0.030015,-0.017158,0.0400
0.398180,-0.050561,-0.997782,0.010485,-0.025180,-0.017740,0.0400
0.268057,0.160179,-0.997937,0.010964,-0.017043,-0.018423,0.0400
0.068581,0.116271,-0.998023,0.010566,-0.010083,-0.019085,0.0420
-0.159528,0.057825,-0.998054,0.009946,-0.005547,-0.019645,0.0410
-0.193177,0.147762,-0.998066,0.008847,-0.001026,-0.020327,0.0400
-0.301776,0.082341,-0.998063,0.007746,0.001579,-0.020849,0.0410
-0.463441,0.105637,-0.998058,0.006440,0.003144,-0.021346,0.0410
-0.430249,0.107810,-0.998059,0.003754,0.004054,-0.021796,0.0400
-0.570934,-0.160924,-0.998054,-0.000588,0.004218,-0.022320,0.0400
-0.526479,-0.255312,-0.998023,-0.006539,0.001862,-0.023066,0.0410
-0.133272,-0.482265,-0.997956,-0.011382,-0.002821,-0.023941,0.0410
-0.140756,-0.449216,-0.997867,-0.014495,-0.007747,-0.024868,0.0400
0.072945,-0.617467,-0.997777,-0.016240,-0.011662,-0.025853,0.0410
0.107073,-0.729408,-0.997656,-0.016748,-0.016319,-0.027630,0.0400
0.354212,-0.639544,-0.997652,-0.013269,-0.017184,-0.029087,0.0410
0.273585,-0.220711,-0.997693,-0.007791,-0.015726,-0.030476,0.0410
0.102341,-0.087239,-0.997720,-0.002571,-0.012786,-0.031810,0.0410
0.019215,-0.038651,-0.997709,0.002909,-0.009235,-0.033340,0.0400
-0.056948,0.014968,-0.997655,0.007124,-0.005459,-0.035092,0.0400
-0.260728,0.071406,-0.997542,0.011500,-0.001210,-0.037470,0.0400
-0.443657,0.171665,-0.997452,0.013753,0.001346,-0.039054,0.0400
-0.429326,0.290505,-0.997364,0.015153,0.003593,-0.040624,0.0400
-0.476139,0.308050,-0.997292,0.015581,0.004115,-0.042145,0.0400
-0.698315,0.274077,-0.997247,0.014415,0.000623,-0.043793,0.0400
-0.259116,0.054862,-0.997199,0.010070,-0.008758,-0.045216,0.0400
0.059260,0.032139,-0.997009,0.004240,-0.021090,-0.046238,0.0410
0.375018,-0.127592,-0.996723,-0.000577,-0.031107,-0.046939,0.0440
0.675421,-0.185098,-0.996381,-0.004925,-0.039716,-0.047435,0.0400
0.818302,-0.279259,-0.995929,-0.009310,-0.048624,-0.047983,0.0410
1.003699,-0.383750,-0.995394,-0.013738,-0.057152,-0.048612,0.0410
1.191814,-0.428968,-0.995014,-0.016724,-0.062343,-0.049072,0.0410
1.340389,-0.491981,-0.994730,-0.019305,-0.065635,-0.049592,0.0410
1.390047,-0.505542,-0.994655,-0.021429,-0.065539,-0.050353,0.0410
1.290312,-0.259492,-0.994849,-0.022824,-0.061449,-0.051053,0.0410
1.062865,-0.481918,-0.995132,-0.025235,-0.055123,-0.051629,0.0410
0.943880,-0.677309,-0.995437,-0.028378,-0.047097,-0.052049,0.0400
0.753552,-0.925524,-0.995810,-0.031635,-0.035071,-0.052525,0.0410
0.268192,-1.010583,-0.996192,-0.030367,-0.022134,-0.053068,0.0410
-0.126807,-0.731310,-0.996544,-0.023432,-0.011001,-0.053457,0.0400
-0.348957,-0.387632,-0.996735,-0.016050,-0.003268,-0.053647,0.0410
-0.419310,-0.216875,-0.996822,-0.009524,0.002126,-0.053657,0.0400
-0.550454,0.026259,-0.996857,-0.004289,0.005652,-0.053425,0.0400
-0.462874,0.077301,-0.996873,0.000020,0.008003,-0.052991,0.0410
-0.587378,-0.011599,-0.996890,0.003149,0.008974,-0.052424,0.0400
-0.614149,0.034052,-0.996914,0.006320,0.009365,-0.051603,0.0400
-0.654999,-0.030407,-0.996922,0.010597,0.008967,-0.050808,0.0400
-0.445333,0.324301,-0.996904,0.015293,0.008368,-0.050056,0.0400
-0.363954,0.617459,-0.996869,0.019806,0.007793,-0.049263,0.0400
-0.208069,0.648322,-0.996856,0.022270,0.007942,-0.048444,0.0410
-0.621997,0.498411,-0.996879,0.022549,0.009092,-0.047631,0.0420
-0.497599,0.469816,-0.996960,0.020332,0.010020,-0.046747,0.0400
-0.424190,0.348626,-0.997072,0.016907,0.009790,-0.045745,0.0400
-0.393901,0.186682,-0.997195,0.012873,0.008705,-0.044602,0.0400
-0.167987,0.163707,-0.997285,0.009487,0.007260,-0.043664,0.0410
-0.266191,0.052095,-0.997356,0.007242,0.005046,-0.042798,0.0400
-0.162521,0.042810,-0.997417,0.004901,0.003002,-0.041869,0.0400
-0.134636,-0.095933,-0.997460,0.003879,0.001123,-0.041035,0.0400
-0.025471,-0.022798,-0.997503,0.001894,0.002124,-0.040102,0.0420
-0.054488,-0.014301,-0.997512,0.001086,0.007135,-0.039304,0.0400
-0.369370,0.074010,-0.997470,0.000380,0.013999,-0.038534,0.0410
-0.685833,-0.032386,-0.997370,-0.000384,0.021226,-0.037818,0.0400
-0.796426,-0.008184,-0.997210,-0.001301,0.028845,-0.036960,0.0400
-1.125181,-0.054199,-0.997079,-0.001920,0.033878,-0.036184,0.0410
-1.194369,-0.080038,-0.997051,-0.002462,0.035186,-0.035670,0.0400
-0.963584,-0.110270,-0.997170,-0.002468,0.032165,-0.035195,0.0420
-0.813815,-0.200513,-0.997396,-0.001507,0.024797,-0.034813,0.0410
-0.657211,0.069143,-0.997601,0.000036,0.014983,-0.034583,0.0410
-0.434139,-0.051384,-0.997698,0.001157,0.004685,-0.034691,0.0410
-0.046688,-0.009487,-0.997678,0.002440,-0.005988,-0.034979,0.0400
0.139047,0.047299,-0.997590,0.003360,-0.013673,-0.035264,0.0410
0.330939,0.049334,-0.997479,0.004329,-0.019659,-0.035460,0.0400
0.599499,0.049260,-0.997363,0.005675,-0.024494,-0.035543,0.0410
0.420217,-0.133281,-0.997282,0.008053,-0.027112,-0.035454,0.0400
0.429934,0.048410,-0.997260,0.011784,-0.026905,-0.035188,0.0400
0.408565,0.285796,-0.997240,0.017054,-0.025399,-0.034692,0.0410
0.388940,0.360065,-0.997187,0.022224,-0.024381,-0.034020,0.0410
0.336095,0.438428,-0.997131,0.024647,-0.025242,-0.033363,0.0410
0.165032,0.627455,-0.997086,0.025091,-0.027467,-0.032605,0.0400
0.168184,0.455358,-0.996995,0.021271,-0.034763,-0.031122,0.0400
0.585820,0.267529,-0.996746,0.015145,-0.044984,-0.029532,0.0410
0.979930,0.361591,-0.996407,0.010579,-0.053842,-0.028120,0.0410
1.065087,-0.004022,-0.995949,0.006106,-0.062999,-0.026608,0.0400
1.494803,0.009141,-0.995363,0.001782,-0.072558,-0.024731,0.0410
1.934149,-0.076351,-0.995069,-0.001345,-0.077032,-0.023014,0.0400
2.021163,-0.107534,-0.995264,-0.002619,-0.074759,-0.021964,0.0400
1.651766,-0.013723,-0.995753,-0.003255,-0.068119,-0.021267,0.0400
1.286134,-0.365551,-0.996259,-0.003018,-0.060456,-0.020786,0.0400
1.162388,-0.186582,-0.996851,-0.002328,-0.049930,-0.020419,0.0410
0.652813,-0.049169,-0.997232,-0.001481,-0.041724,-0.020313,0.0430
0.562887,-0.133678,-0.997521,-0.001304,-0.034200,-0.020206,0.0400
0.266316,-0.257106,-0.997711,-0.001366,-0.028218,-0.020048,0.0400
0.032791,-0.076049,-0.997814,-0.000574,-0.024548,-0.019813,0.0400
0.107383,-0.051420,-0.997863,-0.000868,-0.022687,-0.019563,0.0400
0.165379,-0.150178,-0.997884,-0.001676,-0.022017,-0.019177,0.0410
0.139578,-0.033854,-0.997882,-0.001747,-0.022573,-0.018643,0.0400
0.246177,-0.055633,-0.997858,-0.001821,-0.024100,-0.017981,0.0420
0.274001,-0.135982,-0.997868,-0.002661,-0.024354,-0.016942,0.0400
0.023249,-0.241653,-0.997877,-0.002155,-0.024756,-0.015857,0.0400
0.202854,-0.109514,-0.997918,-0.001720,-0.023851,-0.014645,0.0410
0.141258,-0.217619,-0.997975,-0.000462,-0.022105,-0.013563,0.0410
0.166873,-0.140027,-0.998034,0.001239,-0.019719,-0.012868,0.0410
0.074047,-0.100706,-0.998078,0.003327,-0.017378,-0.012426,0.0400
0.146254,0.064117,-0.998122,0.005193,-0.014238,-0.012258,0.0410
-0.068839,0.035423,-0.998110,0.007000,-0.014161,-0.012416,0.0400
-0.005278,0.106741,-0.998120,0.008157,-0.012309,-0.012876,0.0400
0.007508,0.140135,-0.998118,0.009792,-0.010248,-0.013659,0.0400
0.075984,0.145413,-0.998104,0.011755,-0.008017,-0.014620,0.0400
0.073475,0.284393,-0.998092,0.013352,-0.004619,-0.015518,0.0400
-0.125567,0.301370,-0.998081,0.013688,-0.000392,-0.016564,0.0400
-0.163387,0.189326,-0.998057,0.012570,0.005170,-0.018016,0.0410
-0.496296,0.087853,-0.998021,0.011716,0.008640,-0.019255,0.0410
-0.400740,0.115921,-0.997975,0.010765,0.011653,-0.020562,0.0420
-0.574524,-0.113677,-0.997923,0.010617,0.013992,-0.021663,0.0400
-0.507254,0.123666,-0.997865,0.010606,0.016017,-0.022910,0.0410
-0.583805,0.061649,-0.997829,0.010014,0.017019,-0.023959,0.0400
-0.596472,0.096584,-0.997812,0.008904,0.017418,-0.024805,0.0400
-0.584784,-0.020956,-0.997818,0.007747,0.016600,-0.025518,0.0410
-0.520715,0.006858,-0.997838,0.007444,0.014697,-0.025989,0.0400
-0.412005,0.018072,-0.997856,0.007493,0.012749,-0.026303,0.0400
-0.237253,-0.077005,-0.997864,0.008038,0.011056,-0.026629,0.0400
-0.374858,0.138047,-0.997867,0.008138,0.009770,-0.026985,0.0410
-0.374656,0.057918,-0.997874,0.007956,0.008518,-0.027192,0.0400
-0.253552,-0.044704,-0.997886,0.007796,0.006418,-0.027372,0.0410
-0.248794,0.079336,-0.997893,0.007601,0.003759,-0.027648,0.0410
-0.118037,0.000101,-0.997889,0.007797,0.001351,-0.027989,0.0400
-0.085514,-0.015381,-0.997874,0.008460,-0.000179,-0.028332,0.0410
-0.101539,0.001502,-0.997865,0.008401,-0.000816,-0.028663,0.0400
-0.140958,0.073408,-0.997850,0.008534,-0.001264,-0.029130,0.0400
-0.025028,0.000221,-0.997833,0.008662,-0.001497,-0.029643,0.0400
0.044928,0.003762,-0.997810,0.009297,-0.000886,-0.030247,0.0410
0.275273,-0.119817,-0.997828,0.011842,0.003008,-0.028593,0.0400
-0.260253,0.131259,-0.997825,0.016220,0.007744,-0.025490,0.0410
-0.466860,0.369787,-0.997781,0.019462,0.011615,-0.023396,0.0400
-0.444770,0.280035,-0.997764,0.020810,0.013139,-0.022123,0.0410
-0.536592,0.567310,-0.997820,0.019690,0.011935,-0.021256,0.0410
-1.702081,2.995847,-0.997999,-0.003456,-0.017290,-0.017728,0.0400
4.089877,-8.043664,-0.996917,-0.034567,-0.031879,-0.023920,0.0400
0.604075,-1.160893,-0.997948,0.001259,0.000318,-0.026949,0.0410
0.323050,-0.280766,-0.998016,-0.000020,0.005467,-0.023710,0.0400
-0.266736,0.476226,-0.998130,-0.001488,0.005975,-0.018076,0.0400
0.673962,-2.654160,-0.998039,-0.018699,-0.006931,-0.012196,0.0400
1.021688,-0.523985,-0.997935,-0.013119,-0.022407,-0.008869,0.0410
1.418216,0.623772,-0.997894,-0.008239,-0.026195,-0.008985,0.0400
0.399591,0.642420,-0.997977,-0.003574,-0.023513,-0.010224,0.0400
0.568175,-1.242968,-0.997873,-0.008903,-0.027051,-0.008156,0.0410
-0.465668,0.523306,-0.997917,-0.006895,-0.026965,-0.003936,0.0400
0.399821,-0.400243,-0.997921,-0.007117,-0.026807,-0.003422,0.0410
0.260732,0.139860,-0.997952,-0.006339,-0.025872,-0.003039,0.0400
0.343017,-0.118889,-0.997976,-0.005926,-0.025042,-0.003061,0.0400
0.234646,-0.214227,-0.997995,-0.006245,-0.024208,-0.003075,0.0410
0.281575,0.045040,-0.998026,-0.005003,-0.023209,-0.002918,0.0490
0.274004,-0.211757,-0.998045,-0.004915,-0.022372,-0.003097,0.0400
0.261513,0.094153,-0.998055,-0.004746,-0.021973,-0.002989,0.0400
0.131593,-0.109970,-0.998078,-0.004171,-0.021036,-0.002906,0.0410
0.184234,-0.109985,-0.998106,-0.003801,-0.019711,-0.002973,0.0410
-0.003807,0.140237,-0.998119,-0.003606,-0.019112,-0.002928,0.0400
0.069989,-0.175018,-0.998132,-0.003092,-0.018522,-0.002913,0.0400
0.134636,-0.080314,-0.998149,-0.003236,-0.017558,-0.002928,0.0410
0.108417,0.022614,-0.998169,-0.002813,-0.016436,-0.002966,0.0400
0.098746,-0.069193,-0.998184,-0.002303,-0.015555,-0.002931,0.0400
0.025867,-0.062899,-0.998187,-0.002088,-0.015402,-0.002947,0.0400
0.035529,0.024716,-0.998206,-0.002355,-0.014033,-0.003035,0.0400
0.000201,0.018937,-0.998209,-0.002505,-0.013809,-0.002897,0.0400
0.074664,-0.143446,-0.998213,-0.002526,-0.013534,-0.003040,0.0410
-0.022438,0.061578,-0.998209,-0.002887,-0.013727,-0.003014,0.0410
0.012563,0.003538,-0.998217,-0.002145,-0.013287,-0.002950,0.0410
0.035415,-0.109466,-0.998220,-0.001792,-0.013094,-0.003004,0.0410
-0.012328,0.065759,-0.998218,-0.002509,-0.013194,-0.003023,0.0400
-0.010835,-0.026385,-0.998219,-0.001537,-0.013266,-0.002995,0.0400
0.013863,-0.071838,-0.998218,-0.001126,-0.013318,-0.003025,0.0410
0.049317,0.052514,-0.998227,-0.001531,-0.012616,-0.003014,0.0410
0.002921,-0.022974,-0.998231,-0.000652,-0.012362,-0.003035,0.0410
0.024716,-0.025474,-0.998233,-0.000041,-0.012187,-0.003017,0.0410
-0.007513,-0.001139,-0.998225,-0.000601,-0.012848,-0.003028,0.0410
-0.005408,0.022278,-0.998220,-0.001457,-0.013114,-0.003074,0.0410
0.001514,-0.000118,-0.998226,-0.000928,-0.012722,-0.003058,0.0400
0.010096,-0.018754,-0.998231,-0.000411,-0.012362,-0.003058,0.0410
-0.002400,0.004496,-0.998224,-0.000920,-0.012874,-0.003098,0.0400
-0.005155,0.021661,-0.998227,-0.001111,-0.012657,-0.003085,0.0400
0.015768,-0.033151,-0.998227,-0.000909,-0.012666,-0.003097,0.0410
-0.005471,0.006172,-0.998222,-0.000626,-0.013034,-0.003111,0.0420
-0.005915,0.026301,-0.998223,-0.001086,-0.012943,-0.003123,0.0410
0.006568,-0.013583,-0.998228,-0.000295,-0.012629,-0.003128,0.0400
0.003062,-0.002449,-0.998226,-0.000249,-0.012765,-0.003152,0.0410
-0.004018,0.016790,-0.998223,-0.001203,-0.012943,-0.003185,0.0400
0.000918,0.004138,-0.998227,-0.001077,-0.012646,-0.003202,0.0400
0.004631,-0.008278,-0.998232,-0.000618,-0.012226,-0.003208,0.0410
-0.004485,0.005832,-0.998223,-0.001365,-0.012892,-0.003214,0.0400
-0.001020,0.008745,-0.998223,-0.001445,-0.012893,-0.003216,0.0410
0.005245,-0.005885,-0.998226,-0.000857,-0.012674,-0.003220,0.0400
0.002738,-0.003775,-0.998230,-0.000757,-0.012379,-0.003240,0.0410
-0.000549,0.001367,-0.998224,-0.001309,-0.012781,-0.003258,0.0400
0.001164,0.002051,-0.998224,-0.001251,-0.012853,-0.003269,0.0410
0.000433,-0.003651,-0.998227,-0.000809,-0.012632,-0.003270,0.0410
0.001059,0.000136,-0.998227,-0.000953,-0.012612,-0.003286,0.0410
0.000934,-0.000020,-0.998228,-0.000909,-0.012558,-0.003304,0.0410
0.001224,-0.001584,-0.998227,-0.000612,-0.012654,-0.003322,0.0410
-0.000135,-0.004043,-0.998226,-0.000388,-0.012662,-0.003332,0.0400
0.000683,-0.000068,-0.998223,-0.001076,-0.012917,-0.003347,0.0400
0.002877,0.008074,-0.998223,-0.001055,-0.012861,-0.003354,0.0400
0.002337,-0.000822,-0.998229,-0.000871,-0.012431,-0.003366,0.0400
0.001795,0.000206,-0.998225,-0.001330,-0.012713,-0.003387,0.0400
-0.000670,-0.000956,-0.998224,-0.001122,-0.012812,-0.003408,0.0400
0.001506,0.000250,-0.998225,-0.001166,-0.012701,-0.003427,0.0410
0.001462,-0.000804,-0.998225,-0.001240,-0.012663,-0.003449,0.0410
0.000858,-0.000439,-0.998229,-0.001100,-0.012418,-0.003474,0.0410
0.000812,-0.000327,-0.998226,-0.001015,-0.012608,-0.003488,0.0410
0.001825,-0.000473,-0.998228,-0.000700,-0.012478,-0.003501,0.0410
0.000851,0.000026,-0.998226,-0.000882,-0.012641,-0.003514,0.0410
0.001289,0.000027,-0.998227,-0.001215,-0.012480,-0.003544,0.0410
0.000960,-0.000372,-0.998227,-0.001106,-0.012537,-0.003554,0.0400
0.000865,0.000530,-0.998228,-0.001112,-0.012462,-0.003564,0.0430
0.003359,0.684141,-0.998223,-0.003883,-0.012522,-0.002546,0.0410
0.080291,-0.554655,-0.998151,-0.011934,-0.013406,0.000475,0.0410
0.125474,-0.252723,-0.998213,-0.006028,-0.012737,-0.000553,0.0410
0.143405,-0.090558,-0.998225,-0.003372,-0.012657,-0.001473,0.0400
-0.164090,0.455419,-0.998240,-0.001722,-0.011756,-0.001927,0.0410
0.123573,0.082612,-0.998241,-0.002819,-0.011410,-0.002273,0.0410
0.000534,-0.206750,-0.998238,-0.004340,-0.011166,-0.002351,0.0400
-0.056813,0.149310,-0.998237,-0.004877,-0.011104,-0.001574,0.0410
-0.017833,0.078635,-0.998227,-0.007696,-0.010547,-0.000300,0.0400
0.100045,0.025445,-0.998150,-0.013931,-0.011370,0.000705,0.0410
0.033330,-0.254762,-0.998080,-0.017841,-0.011871,0.002384,0.0400
-0.060824,-0.051690,-0.998136,-0.015262,-0.010833,0.001684,0.0410
-0.038481,0.059598,-0.998171,-0.012736,-0.010897,0.000745,0.0410
-0.041746,-0.000158,-0.998201,-0.009797,-0.011285,0.000168,0.0400
0.015342,0.037537,-0.998240,-0.006854,-0.009894,-0.000548,0.0410
0.015688,0.222070,-0.998246,-0.006550,-0.009368,-0.001026,0.0410
-0.008344,-0.046321,-0.998243,-0.007948,-0.008665,-0.000870,0.0410
0.016825,-0.040792,-0.998233,-0.008871,-0.008936,0.000348,0.0400
-0.025336,-0.062062,-0.998234,-0.007879,-0.009637,0.001012,0.0400
-0.003434,-0.037721,-0.998252,-0.004113,-0.010145,0.000476,0.0400
0.052210,0.079852,-0.998254,-0.002571,-0.010439,-0.000714,0.0410
0.027852,0.077042,-0.998260,-0.001559,-0.009925,-0.001709,0.0410
0.002957,0.180590,-0.998263,-0.002455,-0.009375,-0.001997,0.0410
0.011582,0.066685,-0.998259,-0.006366,-0.008038,-0.001268,0.0400
-0.207356,-0.018791,-0.998238,-0.010022,-0.006989,-0.000263,0.0400
0.020666,-0.241737,-0.998232,-0.010238,-0.007450,0.000687,0.0410
-0.029280,-0.000856,-0.998263,-0.005652,-0.008167,0.000247,0.0410
0.000184,0.029897,-0.998266,-0.002579,-0.009303,-0.000678,0.0410
0.004896,0.044064,-0.998260,-0.000071,-0.010075,-0.001595,0.0400
0.029709,0.056276,-0.998260,0.000271,-0.009946,-0.002187,0.0410
-0.021102,-0.024243,-0.998261,0.000017,-0.009832,-0.002247,0.0410
-0.048718,0.021179,-0.998253,-0.001684,-0.010606,-0.001666,0.0410
0.062127,-0.102975,-0.998258,-0.002453,-0.010125,-0.000729,0.0410
-0.049475,-0.040508,-0.998253,-0.002005,-0.010686,0.000032,0.0400
-0.095289,-0.064558,-0.998247,-0.001976,-0.011287,0.000508,0.0410
-0.120172,-0.100144,-0.998236,-0.001416,-0.012282,0.000718,0.0410
0.178631,-0.016644,-0.998250,0.000946,-0.011059,0.000802,0.0400
-0.200296,-0.017577,-0.998237,0.003347,-0.011758,0.000505,0.0400
