0.379741,0.336817,0.084671,0.075100,-0.004889,0.002985,0.040914,-27.505784,-50.110646,-2.521212,0.395123
0.379741,0.336817,0.084671,0.075100,0.002520,0.001151,0.040950,-27.505784,-50.110646,-2.426461,0.396212
0.379741,0.336817,0.084671,0.075100,-0.001197,-0.001139,0.039939,-27.505784,-50.110646,-2.337419,0.397250
0.379741,0.336817,0.084671,0.075100,-0.000319,-0.002711,0.039528,-27.505784,-50.110646,-2.253161,0.398209
0.379741,0.336817,0.084671,0.075100,0.005339,-0.004319,0.039814,-27.505784,-50.110646,-2.154652,0.399380
0.379741,0.336817,0.084671,0.075100,0.005249,0.000582,0.040226,-27.505784,-50.110646,-2.098918,0.400067
0.379741,0.336817,0.084671,0.075100,0.001491,0.003701,0.041131,-27.505784,-50.110646,-2.010663,0.401168
0.379741,0.336817,0.084671,0.075100,-0.000489,-0.002112,0.042427,-27.505784,-50.110646,-1.943705,0.402024
0.379741,0.336817,0.084671,0.075100,0.003998,-0.000139,0.043878,-27.505784,-50.110646,-1.864762,0.403086
0.379741,0.336817,0.084671,0.075100,0.000887,-0.004587,0.043597,-27.505784,-50.110646,-1.819925,0.403715
0.379741,0.336817,0.084671,0.075100,-0.005096,0.001204,0.043921,-27.505784,-50.110646,-1.762093,0.404562
0.379741,0.336817,0.084671,0.075100,0.001592,0.001239,0.045328,-27.505784,-50.110646,-1.680665,0.405821
0.379741,0.336817,0.084671,0.075100,0.003296,-0.001935,0.046169,-27.505784,-50.110646,-1.629045,0.406683
0.379741,0.336817,0.084671,0.075100,-0.001047,0.004601,0.044628,-27.505784,-50.110646,-1.556017,0.407967
0.379741,0.336817,0.084671,0.075100,-0.005757,-0.002065,0.044781,-27.505784,-50.110646,-1.510012,0.408817
0.379741,0.336817,0.084671,0.075100,-0.000370,0.003459,0.045587,-27.505784,-50.110646,-1.443941,0.410157
0.379741,0.336817,0.084671,0.075100,-0.004342,-0.004035,0.047857,-27.505784,-50.110646,-1.392045,0.411269
0.379741,0.336817,0.084671,0.075100,0.004122,0.002861,0.048778,-27.505784,-50.110646,-1.352448,0.412150
0.379741,0.336817,0.084671,0.075100,-0.002518,0.003442,0.049221,-27.505784,-50.110646,-1.323531,0.412843
0.379741,0.336817,0.084671,0.075100,-0.001436,-0.002652,0.050481,-27.505784,-50.110646,-1.276964,0.414034
0.379741,0.336817,0.084671,0.075100,-0.000503,-0.005270,0.050846,-27.505784,-50.110646,-1.250343,0.414709
0.379741,0.336817,0.000000,0.000000,-0.001365,0.003736,0.051030,-27.505783,-50.110644,-1.209491,0.413807
0.379741,0.336817,0.000000,0.000000,-0.000158,-0.000471,0.050589,-27.505783,-50.110644,-1.171136,0.412426
0.379741,0.336817,0.000000,0.000000,0.000559,0.000554,0.049762,-27.505783,-50.110644,-1.141558,0.411384
0.379741,0.336817,0.000000,0.000000,0.001388,0.000342,0.048916,-27.505783,-50.110644,-1.106113,0.410119
0.379741,0.336817,0.000000,0.000000,-0.003387,0.003586,0.049000,-27.505783,-50.110644,-1.078507,0.409202
0.379741,0.336817,0.000000,0.000000,-0.004459,-0.003973,0.049057,-27.505783,-50.110644,-1.045877,0.408004
0.379741,0.336817,0.000000,0.000000,-0.004254,0.006790,0.049578,-27.505783,-50.110644,-1.020567,0.407109
0.379741,0.336817,0.000000,0.000000,0.000309,-0.000403,0.050342,-27.505783,-50.110644,-0.989919,0.406056
0.379741,0.336817,0.000000,0.000000,-0.001393,0.002450,0.050909,-27.505783,-50.110644,-0.960562,0.405034
0.379741,0.336817,0.000000,0.000000,-0.000364,-0.003142,0.052067,-27.505783,-50.110644,-0.937900,0.404434
0.379741,0.336817,0.000000,0.000000,0.005413,-0.001981,0.051867,-27.505783,-50.110644,-0.910400,0.403314
0.379741,0.336817,0.000000,0.000000,0.002586,0.001885,0.051488,-27.505783,-50.110644,-0.889326,0.402565
0.379741,0.336817,0.000000,0.000000,0.002681,-0.005732,0.050564,-27.505783,-50.110644,-0.868765,0.401857
0.379741,0.336817,0.000000,0.000000,0.004478,0.003166,0.049725,-27.505783,-50.110644,-0.843866,0.401006
0.379741,0.336817,0.000000,0.000000,-0.003373,-0.000261,0.049810,-27.505783,-50.110644,-0.819743,0.400204
0.379741,0.336817,0.000000,0.000000,-0.005397,-0.003113,0.048933,-27.505783,-50.110644,-0.791887,0.399281
0.379741,0.336817,0.000000,0.000000,0.004345,0.003458,0.051000,-27.505783,-50.110644,-0.774035,0.398674
0.379741,0.336817,0.000000,0.000000,0.001422,-0.004986,0.051649,-27.505783,-50.110644,-0.756659,0.398085
0.379741,0.336817,0.000000,0.000000,0.003435,-0.002874,0.049768,-27.505783,-50.110644,-0.735558,0.397376
0.379741,0.336817,0.000000,0.000000,0.002219,-0.002950,0.050432,-27.505783,-50.110644,-0.715052,0.396707
0.379741,0.336817,0.000000,0.000000,-0.002571,0.000264,0.051224,-27.505784,-50.110644,-0.699288,0.396160
0.379741,0.336817,0.000000,0.000000,-0.006106,0.002994,0.052029,-27.505784,-50.110644,-0.679760,0.395558
0.379741,0.336817,0.000000,0.000000,0.002815,0.001313,0.052236,-27.505784,-50.110644,-0.668520,0.395178
0.379741,0.336817,0.000000,0.000000,0.002588,-0.002271,0.052397,-27.505784,-50.110644,-0.653664,0.394595
0.379741,0.336817,0.000000,0.000000,0.000511,-0.000949,0.052737,-27.505784,-50.110644,-0.635783,0.394119
0.379741,0.336817,0.000000,0.000000,0.002368,-0.002065,0.053182,-27.505784,-50.110644,-0.618515,0.393530
0.379741,0.336817,0.000000,0.000000,-0.002827,0.002407,0.054204,-27.505784,-50.110644,-0.601517,0.392998
0.379741,0.336817,0.000000,0.000000,0.001743,0.003298,0.055143,-27.505784,-50.110644,-0.588492,0.392549
0.379741,0.336817,0.000000,0.000000,-0.004929,-0.003239,0.054958,-27.505784,-50.110644,-0.578804,0.392138
0.379741,0.336817,0.000000,0.000000,-0.001991,-0.000787,0.055613,-27.505784,-50.110644,-0.559921,0.391637
0.379741,0.336817,0.000000,0.000000,0.005117,-0.003329,0.056113,-27.505784,-50.110644,-0.547834,0.391224
0.379741,0.336817,0.000000,0.000000,0.001163,-0.004406,0.055181,-27.505784,-50.110644,-0.532988,0.390738
0.379741,0.336817,0.000000,0.000000,-0.001094,0.002170,0.054388,-27.505784,-50.110644,-0.518545,0.390267
0.379741,0.336817,0.000000,0.000000,0.001462,-0.000858,0.054581,-27.505784,-50.110644,-0.504487,0.389809
0.379741,0.336817,0.000000,0.000000,0.003017,-0.005967,0.055060,-27.505784,-50.110644,-0.488021,0.389291
0.379741,0.336817,0.000000,0.000000,0.004139,-0.003945,0.055879,-27.505784,-50.110644,-0.477399,0.388942
0.379741,0.336817,0.000000,0.000000,0.005666,-0.004078,0.055153,-27.505784,-50.110644,-0.464410,0.388519
0.379741,0.336817,0.000000,0.000000,0.000173,-0.000760,0.054771,-27.505784,-50.110644,-0.454270,0.388185
0.379741,0.336817,0.000000,0.000000,-0.000533,-0.000164,0.055738,-27.505784,-50.110644,-0.444334,0.387861
0.379741,0.336817,0.000000,0.000000,-0.005483,0.000840,0.057660,-27.505784,-50.110644,-0.432109,0.387479
-0.189871,0.336817,-0.324100,-0.000000,0.002470,-0.000635,0.058996,-27.505789,-50.110645,-0.433581,0.387109
-0.189871,0.336817,-0.324100,-0.000000,0.000261,-0.000812,0.059506,-27.505789,-50.110645,-0.437573,0.386808
-0.189871,0.336817,-0.324100,-0.000000,0.000014,-0.000202,0.059686,-27.505789,-50.110645,-0.440611,0.386585
-0.189871,0.336817,-0.324100,-0.000000,0.000046,-0.001770,0.060037,-27.505789,-50.110645,-0.445687,0.386226
-0.189871,0.336817,-0.324100,-0.000000,-0.000322,-0.001047,0.060601,-27.505789,-50.110645,-0.450738,0.385896
-0.189871,0.336817,-0.324100,-0.000000,-0.004770,-0.001820,0.060482,-27.505789,-50.110645,-0.455956,0.385555
-0.189871,0.336817,-0.324100,-0.000000,-0.000102,0.000329,0.058616,-27.505789,-50.110645,-0.459134,0.385286
-0.189871,0.336817,-0.324100,-0.000000,0.000672,0.004373,0.057478,-27.505789,-50.110645,-0.465412,0.384985
-0.189871,0.336817,-0.324100,-0.000000,-0.001127,0.002643,0.055929,-27.505789,-50.110645,-0.470788,0.384674
-0.189871,0.336817,-0.324100,-0.000000,0.001882,0.002169,0.054532,-27.505789,-50.110645,-0.475191,0.384412
-0.189871,0.336817,-0.324100,-0.000000,-0.000087,-0.003587,0.055357,-27.505789,-50.110645,-0.479550,0.384183
-0.189871,0.336817,-0.324100,-0.000000,-0.003145,-0.004089,0.056984,-27.505789,-50.110645,-0.485112,0.383882
-0.189871,0.336817,-0.324100,-0.000000,-0.000699,-0.000284,0.056679,-27.505789,-50.110645,-0.489589,0.383653
-0.189871,0.336817,-0.324100,-0.000000,-0.001422,0.003474,0.057024,-27.505789,-50.110645,-0.495252,0.383364
-0.189871,0.336817,-0.324100,-0.000000,-0.001019,0.001316,0.058157,-27.505789,-50.110645,-0.500958,0.383091
-0.189871,0.336817,-0.324100,-0.000000,0.000037,0.000172,0.058153,-27.505789,-50.110645,-0.506735,0.382805
-0.189871,0.336817,-0.324100,-0.000000,-0.000303,0.005909,0.058994,-27.505789,-50.110645,-0.511387,0.382584
-0.189871,0.336817,-0.324100,-0.000000,-0.006481,-0.001901,0.059982,-27.505789,-50.110645,-0.516071,0.382367
-0.189871,0.336817,-0.324100,-0.000000,-0.002339,0.004321,0.060853,-27.505789,-50.110645,-0.521970,0.382103
-0.189871,0.336817,-0.324100,-0.000000,0.001187,-0.000549,0.061096,-27.505789,-50.110645,-0.527923,0.381852
0.189871,0.336817,0.174911,0.000000,0.000073,-0.003780,0.059715,-27.505786,-50.110646,-0.522964,0.381607
0.189871,0.336817,0.174911,0.000000,-0.002126,0.002916,0.059490,-27.505786,-50.110646,-0.513233,0.381398
0.189871,0.336817,0.174911,0.000000,-0.001131,0.000095,0.059064,-27.505786,-50.110646,-0.501216,0.381154
0.189871,0.336817,0.174911,0.000000,-0.004492,0.001659,0.057938,-27.505786,-50.110646,-0.486986,0.380859
0.189871,0.336817,0.174911,0.000000,-0.000555,-0.000206,0.057837,-27.505786,-50.110646,-0.472956,0.380595
0.189871,0.336817,0.174911,0.000000,-0.001057,0.004124,0.058399,-27.505786,-50.110646,-0.463714,0.380409
0.189871,0.336817,0.174911,0.000000,-0.000905,0.000030,0.059826,-27.505786,-50.110646,-0.454554,0.380234
0.189871,0.336817,0.174911,0.000000,0.000776,0.003021,0.061003,-27.505786,-50.110646,-0.443224,0.380010
0.189871,0.336817,0.174911,0.000000,-0.003003,0.003242,0.061999,-27.505786,-50.110646,-0.434254,0.379831
0.189871,0.336817,0.174911,0.000000,0.000952,0.000596,0.062159,-27.505786,-50.110646,-0.423144,0.379621
0.189871,0.336817,0.174911,0.000000,0.003843,0.003010,0.062142,-27.505786,-50.110646,-0.409957,0.379382
0.189871,0.336817,0.174911,0.000000,-0.001006,-0.000426,0.060838,-27.505786,-50.110646,-0.401275,0.379214
0.189871,0.336817,0.174911,0.000000,-0.000330,0.003991,0.059525,-27.505786,-50.110646,-0.390495,0.379024
0.189871,0.336817,0.174911,0.000000,-0.004796,0.003944,0.059830,-27.505786,-50.110646,-0.381973,0.378862
0.189871,0.336817,0.174911,0.000000,0.001598,-0.001263,0.059903,-27.505786,-50.110646,-0.375631,0.378740
0.189871,0.336817,0.174911,0.000000,0.004012,-0.004257,0.060142,-27.505786,-50.110646,-0.363035,0.378519
0.189871,0.336817,0.174911,0.000000,-0.002956,-0.003606,0.061075,-27.505786,-50.110646,-0.356809,0.378380
0.189871,0.336817,0.174911,0.000000,-0.002222,0.001188,0.062677,-27.505786,-50.110646,-0.346463,0.378228
0.189871,0.336817,0.174911,0.000000,-0.004286,-0.001673,0.064483,-27.505786,-50.110646,-0.334219,0.378005
-1.518965,-1.010450,-0.743336,-0.586055,-0.004059,0.001635,0.065281,-27.505801,-50.110659,-0.334326,0.377884
-1.518965,-1.010450,-0.743336,-0.586055,-0.000235,-0.000095,0.065883,-27.505801,-50.110659,-0.365188,0.343681
-1.518965,-1.010450,-0.743336,-0.586055,0.000669,0.000691,0.066530,-27.505801,-50.110659,-0.389722,0.321053
-1.518965,-1.010450,-0.743336,-0.586055,-0.000289,-0.000184,0.066947,-27.505801,-50.110659,-0.420219,0.292980
-1.518965,-1.010450,-0.743336,-0.586055,-0.000372,-0.001168,0.065642,-27.505801,-50.110659,-0.450512,0.265111
-1.518965,-1.010450,-0.743336,-0.586055,-0.003750,-0.003418,0.066795,-27.505801,-50.110659,-0.480649,0.237409
-1.518965,-1.010450,-0.743336,-0.586055,0.001020,-0.000142,0.067895,-27.505801,-50.110659,-0.498637,0.220911
-1.518965,-1.010450,-0.743336,-0.586055,-0.002460,-0.003346,0.069768,-27.505801,-50.110659,-0.528467,0.188051
-1.518965,-1.010450,-0.743336,-0.586055,0.002453,-0.004194,0.071472,-27.505801,-50.110659,-0.558172,0.166400
-1.518965,-1.010450,-0.743336,-0.586055,-0.001371,0.007442,0.072307,-27.505801,-50.110659,-0.581827,0.144778
-1.518965,-1.010450,-0.743336,-0.586055,0.002756,-0.005081,0.073087,-27.505801,-50.110659,-0.605388,0.123271
-1.518965,-1.010450,-0.743336,-0.586055,0.000017,-0.001152,0.073165,-27.505801,-50.110659,-0.634709,0.096540
-1.518965,-1.010450,-0.743336,-0.586055,0.000562,0.001553,0.073732,-27.505801,-50.110659,-0.663840,0.070027
-1.518965,-1.010450,-0.743336,-0.586055,0.003351,-0.004354,0.072881,-27.505801,-50.110659,-0.687081,0.048901
-1.518965,-1.010450,-0.743336,-0.586055,-0.000410,0.004518,0.072741,-27.505801,-50.110659,-0.716009,0.022636
-1.518965,-1.010450,-0.743336,-0.586055,-0.001013,0.003551,0.072922,-27.505801,-50.110659,-0.738931,0.001856
-1.518965,-1.010450,-0.743336,-0.586055,-0.003331,-0.000608,0.071808,-27.505801,-50.110659,-0.767546,-0.024058
-1.518965,-1.010450,-0.743336,-0.586055,0.001550,-0.002232,0.072940,-27.505801,-50.110659,-0.801869,-0.055094
-1.518965,-1.010450,-0.743336,-0.586055,0.003804,-0.001899,0.073836,-27.505801,-50.110659,-0.830199,-0.080673
-1.518965,-1.010450,-0.743336,-0.586055,0.002131,0.000134,0.075089,-27.505801,-50.110659,-0.852584,-0.100862
-1.518965,-1.010450,-0.743336,-0.586055,-0.000694,0.000386,0.076114,-27.505798,-50.110653,-0.875134,-0.121179
-1.329094,-0.336817,0.100486,0.356509,0.000616,-0.000354,0.076157,-27.505798,-50.110653,-0.878082,-0.114895
-1.329094,-0.336817,0.100486,0.356509,0.002400,-0.001892,0.074947,-27.505798,-50.110653,-0.880949,-0.108560
-1.329094,-0.336817,0.100486,0.356509,0.002114,0.001899,0.073808,-27.505798,-50.110653,-0.882933,-0.103249
-1.329094,-0.336817,0.100486,0.356509,0.000731,0.000889,0.073445,-27.505798,-50.110653,-0.885204,-0.098190
-1.329094,-0.336817,0.100486,0.356509,0.000641,0.005598,0.074653,-27.505798,-50.110653,-0.888311,-0.090378
-1.329094,-0.336817,0.100486,0.356509,-0.000036,-0.000543,0.075560,-27.505798,-50.110653,-0.890648,-0.083693
-1.329094,-0.336817,0.100486,0.356509,-0.004626,-0.002086,0.075801,-27.505798,-50.110653,-0.892997,-0.077036
-1.329094,-0.336817,0.100486,0.356509,0.003760,-0.000087,0.075323,-27.505798,-50.110653,-0.894951,-0.071772
-1.329094,-0.336817,0.100486,0.356509,-0.000408,0.000360,0.076003,-27.505798,-50.110653,-0.897176,-0.065048
-1.329094,-0.336817,0.100486,0.356509,0.005280,-0.002119,0.075157,-27.505798,-50.110653,-0.899482,-0.058390
-1.329094,-0.336817,0.100486,0.356509,0.000555,0.000406,0.075298,-27.505798,-50.110653,-0.901643,-0.051644
-1.329094,-0.336817,0.100486,0.356509,0.000713,0.004247,0.076047,-27.505798,-50.110653,-0.903811,-0.044906
-1.329094,-0.336817,0.100486,0.356509,0.000366,0.002574,0.076530,-27.505798,-50.110653,-0.905354,-0.039403
-1.329094,-0.336817,0.100486,0.356509,-0.000748,-0.006899,0.076707,-27.505798,-50.110653,-0.907405,-0.032595
-1.329094,-0.336817,0.100486,0.356509,-0.000738,0.004699,0.076189,-27.505798,-50.110653,-0.908862,-0.027052
-1.329094,-0.336817,0.100486,0.356509,-0.002812,0.000646,0.076112,-27.505798,-50.110653,-0.910666,-0.020115
-1.329094,-0.336817,0.100486,0.356509,0.004829,0.004895,0.076568,-27.505798,-50.110653,-0.912244,-0.014625
-1.329094,-0.336817,0.100486,0.356509,-0.000948,-0.001046,0.077639,-27.505798,-50.110653,-0.913943,-0.007629
-1.329094,-0.336817,0.100486,0.356509,0.005370,-0.003013,0.078351,-27.505798,-50.110653,-0.915368,-0.002054
-1.139224,-0.336817,0.210922,0.000000,0.000180,-0.003565,0.078794,-27.505797,-50.110652,-0.914820,0.000388
-1.139224,-0.336817,0.210922,0.000000,0.002494,-0.000879,0.078644,-27.505797,-50.110652,-0.912553,-0.001882
-1.139224,-0.336817,0.210922,0.000000,-0.002114,-0.000534,0.078177,-27.505797,-50.110652,-0.910388,-0.004178
-1.139224,-0.336817,0.210922,0.000000,-0.001571,0.000730,0.078626,-27.505797,-50.110652,-0.907092,-0.007578
-1.139224,-0.336817,0.210922,0.000000,-0.001081,0.000992,0.078486,-27.505797,-50.110652,-0.904749,-0.009771
-1.139224,-0.336817,0.210922,0.000000,0.004794,0.001354,0.078114,-27.505797,-50.110652,-0.901985,-0.012564
-1.139224,-0.336817,0.210922,0.000000,-0.001986,0.004424,0.078291,-27.505797,-50.110652,-0.899647,-0.014731
-1.139224,-0.336817,0.210922,0.000000,0.000856,0.001150,0.078290,-27.505797,-50.110652,-0.896759,-0.017439
-1.139224,-0.336817,0.210922,0.000000,0.003234,-0.003409,0.079502,-27.505797,-50.110652,-0.894957,-0.019024
-1.139224,-0.336817,0.210922,0.000000,-0.000483,0.004265,0.081266,-27.505797,-50.110652,-0.891962,-0.021656
-1.139224,-0.336817,0.210922,0.000000,0.000574,0.001156,0.082145,-27.505797,-50.110652,-0.888934,-0.024255
-1.139224,-0.336817,0.210922,0.000000,0.003121,0.000174,0.083320,-27.505797,-50.110652,-0.885921,-0.026845
-1.139224,-0.336817,0.210922,0.000000,-0.004100,0.000218,0.083499,-27.505797,-50.110652,-0.883485,-0.028895
-1.139224,-0.336817,0.210922,0.000000,-0.002626,-0.001073,0.083816,-27.505797,-50.110652,-0.880984,-0.030902
-1.139224,-0.336817,0.210922,0.000000,0.003661,-0.004198,0.083800,-27.505797,-50.110652,-0.877882,-0.033410
-1.139224,-0.336817,0.210922,0.000000,0.001776,0.003006,0.083921,-27.505797,-50.110652,-0.875296,-0.035352
-1.139224,-0.336817,0.210922,0.000000,0.002004,0.000095,0.085377,-27.505797,-50.110652,-0.872100,-0.037787
-1.139224,-0.336817,0.210922,0.000000,0.000639,-0.000988,0.087314,-27.505797,-50.110652,-0.869590,-0.039753
-1.139224,-0.336817,0.210922,0.000000,-0.003743,-0.005368,0.087069,-27.505797,-50.110652,-0.866342,-0.042135
-1.139224,-0.336817,0.210922,0.000000,0.010090,0.002970,0.086982,-27.505797,-50.110652,-0.863717,-0.044018
-0.949353,0.000000,0.025263,0.044814,-0.000036,-0.002849,0.086998,-27.505794,-50.110650,-0.861104,-0.045904
-0.949353,0.000000,0.025263,0.044814,-0.003435,-0.002062,0.085755,-27.505794,-50.110650,-0.861799,-0.045133
-0.949353,0.000000,0.025263,0.044814,0.004684,-0.000735,0.085798,-27.505794,-50.110650,-0.862338,-0.044170
-0.949353,0.000000,0.025263,0.044814,-0.000335,0.000183,0.087015,-27.505794,-50.110650,-0.863110,-0.042845
-0.949353,0.000000,0.025263,0.044814,0.002887,-0.000312,0.087008,-27.505794,-50.110650,-0.863687,-0.042256
-0.949353,0.000000,0.025263,0.044814,0.000303,0.000176,0.087335,-27.505794,-50.110650,-0.864220,-0.041494
-0.949353,0.000000,0.025263,0.044814,-0.005030,0.001126,0.087497,-27.505794,-50.110650,-0.864900,-0.040559
-0.949353,0.000000,0.025263,0.044814,-0.002702,0.004048,0.088338,-27.505794,-50.110650,-0.865410,-0.039793
-0.949353,0.000000,0.025263,0.044814,-0.003459,-0.003740,0.088223,-27.505794,-50.110650,-0.866002,-0.038811
-0.949353,0.000000,0.025263,0.044814,-0.000058,-0.000727,0.088868,-27.505794,-50.110650,-0.866550,-0.037809
-0.949353,0.000000,0.025263,0.044814,0.001318,-0.006562,0.089457,-27.505794,-50.110650,-0.867145,-0.036838
-0.949353,0.000000,0.025263,0.044814,-0.003846,0.002444,0.089097,-27.505794,-50.110650,-0.867697,-0.035845
-0.949353,0.000000,0.025263,0.044814,-0.000077,-0.000311,0.088726,-27.505794,-50.110650,-0.868293,-0.034884
-0.949353,0.000000,0.025263,0.044814,-0.000913,-0.004170,0.088877,-27.505794,-50.110650,-0.868707,-0.034080
-0.949353,0.000000,0.025263,0.044814,-0.000292,-0.001366,0.089092,-27.505794,-50.110650,-0.869190,-0.033060
-0.949353,0.000000,0.025263,0.044814,0.002966,0.001209,0.089854,-27.505794,-50.110650,-0.869691,-0.032053
-0.949353,0.000000,0.025263,0.044814,-0.003415,-0.003893,0.089203,-27.505794,-50.110650,-0.870208,-0.031058
-0.949353,0.000000,0.025263,0.044814,0.006777,-0.001269,0.088576,-27.505794,-50.110650,-0.870584,-0.030246
-0.949353,0.000000,0.025263,0.044814,-0.004119,-0.001537,0.086724,-27.505794,-50.110650,-0.871142,-0.029034
-0.949353,0.000000,0.025263,0.044814,-0.000398,0.004888,0.086372,-27.505794,-50.110650,-0.871373,-0.028405
-0.189871,0.000000,0.205778,0.000000,-0.004381,-0.004123,0.085272,-27.505788,-50.110648,-0.866399,-0.027935
-0.189871,0.000000,0.205778,0.000000,-0.001702,0.000135,0.085323,-27.505788,-50.110648,-0.859447,-0.028129
-0.189871,0.000000,0.205778,0.000000,0.000859,-0.005003,0.086257,-27.505788,-50.110648,-0.852465,-0.028292
-0.189871,0.000000,0.205778,0.000000,0.002118,0.003742,0.086975,-27.505788,-50.110648,-0.843801,-0.028515
-0.189871,0.000000,0.205778,0.000000,0.001139,-0.001058,0.087104,-27.505788,-50.110648,-0.835190,-0.028749
-0.189871,0.000000,0.205778,0.000000,-0.001955,0.005476,0.087797,-27.505788,-50.110648,-0.828302,-0.028921
-0.189871,0.000000,0.205778,0.000000,0.001278,0.001620,0.087803,-27.505788,-50.110648,-0.819726,-0.029135
-0.189871,0.000000,0.205778,0.000000,-0.000697,0.005362,0.089165,-27.505788,-50.110648,-0.811196,-0.029361
-0.189871,0.000000,0.205778,0.000000,0.001943,0.004755,0.089317,-27.505788,-50.110648,-0.804373,-0.029524
-0.189871,0.000000,0.205778,0.000000,-0.000836,-0.000166,0.089338,-27.505788,-50.110648,-0.795874,-0.029729
-0.189871,0.000000,0.205778,0.000000,0.000473,-0.000009,0.089427,-27.505788,-50.110648,-0.789090,-0.029889
-0.189871,0.000000,0.205778,0.000000,-0.004200,-0.002786,0.089665,-27.505788,-50.110648,-0.780637,-0.030091
-0.189871,0.000000,0.205778,0.000000,0.002248,0.000222,0.089914,-27.505788,-50.110648,-0.773892,-0.030248
-0.189871,0.000000,0.205778,0.000000,-0.002616,-0.005238,0.089961,-27.505788,-50.110648,-0.765478,-0.030433
-0.189871,0.000000,0.205778,0.000000,0.000287,0.000032,0.088485,-27.505788,-50.110648,-0.758774,-0.030588
-0.189871,0.000000,0.205778,0.000000,0.000283,-0.004378,0.088391,-27.505788,-50.110648,-0.750441,-0.030810
-0.189871,0.000000,0.205778,0.000000,0.000139,-0.000075,0.089241,-27.505788,-50.110648,-0.740451,-0.031044
-0.189871,0.000000,0.205778,0.000000,-0.002463,0.004133,0.089411,-27.505788,-50.110648,-0.733810,-0.031194
-0.189871,0.000000,0.205778,0.000000,-0.002101,-0.004297,0.088728,-27.505788,-50.110648,-0.725535,-0.031381
-0.189871,0.000000,0.205778,0.000000,-0.003103,-0.004013,0.088604,-27.505788,-50.110648,-0.720586,-0.031501
-0.000000,0.336817,0.108630,0.192702,0.006465,0.004815,0.088657,-27.505786,-50.110647,-0.711751,-0.027515
-0.000000,0.336817,0.108630,0.192702,-0.003375,-0.000982,0.089080,-27.505786,-50.110647,-0.703980,-0.019273
-0.000000,0.336817,0.108630,0.192702,-0.001900,0.000829,0.088394,-27.505786,-50.110647,-0.697555,-0.012459
-0.000000,0.336817,0.108630,0.192702,-0.002449,0.005532,0.089339,-27.505786,-50.110647,-0.692436,-0.007018
-0.000000,0.336817,0.108630,0.192702,-0.004171,0.003989,0.089820,-27.505786,-50.110647,-0.687331,-0.001568
-0.000000,0.336817,0.108630,0.192702,0.002095,-0.000735,0.090212,-27.505786,-50.110647,-0.683519,0.002502
-0.000000,0.336817,0.108630,0.192702,0.001972,-0.000975,0.090000,-27.505786,-50.110647,-0.677186,0.009274
-0.000000,0.336817,0.108630,0.192702,-0.000199,0.000547,0.089624,-27.505786,-50.110647,-0.670880,0.016048
-0.000000,0.336817,0.108630,0.192702,-0.004322,-0.001627,0.091016,-27.505786,-50.110647,-0.663352,0.024139
-0.000000,0.336817,0.108630,0.192702,-0.002070,0.005500,0.091491,-27.505786,-50.110647,-0.658358,0.029535
-0.000000,0.336817,0.108630,0.192702,0.001479,-0.000894,0.091056,-27.505786,-50.110647,-0.652138,0.034914
-0.000000,0.336817,0.108630,0.192702,0.001820,-0.001597,0.090693,-27.505786,-50.110647,-0.645948,0.042973
-0.000000,0.336817,0.108630,0.192702,-0.004660,-0.000615,0.090153,-27.505786,-50.110647,-0.641015,0.048337
-0.000000,0.336817,0.108630,0.192702,-0.008301,-0.001251,0.090358,-27.505786,-50.110647,-0.636106,0.053696
-0.000000,0.336817,0.108630,0.192702,-0.001416,-0.000988,0.090865,-27.505786,-50.110647,-0.631209,0.059047
-0.000000,0.336817,0.108630,0.192702,0.004146,-0.005105,0.090298,-27.505786,-50.110647,-0.623898,0.067061
-0.000000,0.336817,0.108630,0.192702,0.001937,0.002403,0.090251,-27.505786,-50.110647,-0.617834,0.073724
-0.000000,0.336817,0.108630,0.192702,0.005291,-0.000933,0.090095,-27.505786,-50.110647,-0.613011,0.080376
-0.000000,0.336817,0.108630,0.192702,-0.006588,0.000695,0.089160,-27.505786,-50.110647,-0.605774,0.087020
-0.000000,0.336817,0.108630,0.192702,-0.001613,0.000448,0.088878,-27.505789,-50.110646,-0.600995,0.092313
-0.189871,0.336817,-0.066878,-0.000000,0.000819,0.003063,0.089283,-27.505789,-50.110646,-0.600769,0.093599
-0.189871,0.336817,-0.066878,-0.000000,0.001140,-0.006045,0.089106,-27.505789,-50.110646,-0.600605,0.094616
-0.189871,0.336817,-0.066878,-0.000000,-0.000894,0.003285,0.088736,-27.505789,-50.110646,-0.600447,0.095880
-0.189871,0.336817,-0.066878,-0.000000,-0.000242,0.000411,0.088307,-27.505789,-50.110646,-0.600300,0.096633
-0.189871,0.336817,-0.066878,-0.000000,0.002612,-0.001650,0.088206,-27.505789,-50.110646,-0.600143,0.097872
-0.189871,0.336817,-0.066878,-0.000000,0.001833,0.000202,0.088553,-27.505789,-50.110646,-0.599990,0.099117
-0.189871,0.336817,-0.066878,-0.000000,-0.004361,-0.002761,0.089122,-27.505789,-50.110646,-0.599858,0.100349
-0.189871,0.336817,-0.066878,-0.000000,-0.000459,0.000747,0.090463,-27.505789,-50.110646,-0.599765,0.101327
-0.189871,0.336817,-0.066878,-0.000000,-0.002923,-0.002513,0.090509,-27.505789,-50.110646,-0.599663,0.102539
-0.189871,0.336817,-0.066878,-0.000000,-0.004383,0.003032,0.091347,-27.505789,-50.110646,-0.599595,0.103497
-0.189871,0.336817,-0.066878,-0.000000,0.000995,0.005555,0.092384,-27.505789,-50.110646,-0.599520,0.104696
-0.189871,0.336817,-0.066878,-0.000000,0.000530,0.001620,0.091587,-27.505789,-50.110646,-0.599478,0.105635
-0.189871,0.336817,-0.066878,-0.000000,0.000628,0.002767,0.089466,-27.505789,-50.110646,-0.599434,0.106812
-0.189871,0.336817,-0.066878,-0.000000,-0.000106,0.000508,0.089077,-27.505789,-50.110646,-0.599405,0.107974
-0.189871,0.336817,-0.066878,-0.000000,-0.000035,0.000184,0.088928,-27.505789,-50.110646,-0.599393,0.108894
-0.189871,0.336817,-0.066878,-0.000000,0.000882,-0.003807,0.088405,-27.505789,-50.110646,-0.599392,0.110269
-0.189871,0.336817,-0.066878,-0.000000,0.000356,-0.002869,0.088097,-27.505789,-50.110646,-0.599402,0.111178
-0.189871,0.336817,-0.066878,-0.000000,0.005597,-0.000965,0.087431,-27.505789,-50.110646,-0.599423,0.112076
-0.189871,0.336817,-0.066878,-0.000000,-0.000035,0.001282,0.087767,-27.505789,-50.110646,-0.599460,0.113198
-0.189871,0.673634,-0.000000,0.159478,0.001433,-0.002961,0.088577,-27.505789,-50.110642,-0.599154,0.115705
-0.189871,0.673634,-0.000000,0.159478,-0.000758,0.000933,0.088370,-27.505789,-50.110642,-0.597014,0.124071
-0.189871,0.673634,-0.000000,0.159478,0.001071,0.000660,0.087534,-27.505789,-50.110642,-0.595597,0.129633
-0.189871,0.673634,-0.000000,0.159478,-0.003583,0.001084,0.087845,-27.505789,-50.110642,-0.593488,0.137971
-0.189871,0.673634,-0.000000,0.159478,-0.003030,-0.000917,0.087687,-27.505789,-50.110642,-0.592093,0.143506
-0.189871,0.673634,-0.000000,0.159478,-0.000955,0.000139,0.088219,-27.505789,-50.110642,-0.590707,0.149020
-0.189871,0.673634,-0.000000,0.159478,-0.003882,0.001882,0.088286,-27.505789,-50.110642,-0.589327,0.154538
-0.189871,0.673634,-0.000000,0.159478,-0.009322,0.033171,0.092002,-27.505789,-50.110642,-0.587620,0.161430
-0.189871,0.673634,-0.000000,0.159478,-0.003585,0.054411,0.100421,-27.505789,-50.110642,-0.586611,0.165570
-0.189871,0.673634,-0.000000,0.159478,0.125599,-0.207785,0.126657,-27.505789,-50.110642,-0.584581,0.173886
-0.189871,0.673634,-0.000000,0.159478,0.064264,-0.173145,0.135456,-27.505789,-50.110642,-0.583138,0.179235
-0.189871,0.673634,-0.000000,0.159478,-0.065295,0.078876,0.147322,-27.505789,-50.110642,-0.580891,0.187040
-0.189871,0.673634,-0.000000,0.159478,-0.164764,0.062704,0.138808,-27.505789,-50.110642,-0.579479,0.192288
-0.189871,0.673634,-0.000000,0.159478,0.138783,-0.089888,0.130685,-27.505789,-50.110642,-0.578211,0.197592
-0.189871,0.673634,-0.000000,0.159478,0.124589,-0.070401,0.121876,-27.505789,-50.110642,-0.576532,0.204135
-0.189871,0.673634,-0.000000,0.159478,-0.020529,0.027824,0.128747,-27.505789,-50.110642,-0.575082,0.209298
-0.189871,0.673634,-0.000000,0.159478,-0.114331,-0.012597,0.137384,-27.505789,-50.110642,-0.572956,0.217055
-0.189871,0.673634,-0.000000,0.159478,-0.065029,-0.011329,0.135545,-27.505789,-50.110642,-0.571974,0.220911
-0.189871,0.673634,-0.000000,0.159478,0.083672,-0.016508,0.129274,-27.505789,-50.110642,-0.570005,0.228610
-0.189871,0.673634,-0.000000,0.159478,-0.032925,-0.012830,0.128194,-27.505789,-50.110642,-0.568624,0.233699
0.759482,1.010451,0.232721,0.082566,0.139941,0.030367,0.135491,-27.505779,-50.110639,-0.562760,0.239752
0.759482,1.010451,0.232721,0.082566,-0.124449,0.000189,0.196022,-27.505779,-50.110639,-0.550650,0.245358
0.759482,1.010451,0.232721,0.082566,0.226174,-0.060327,0.815166,-27.505779,-50.110639,-0.541077,0.249819
0.759482,1.010451,0.232721,0.082566,0.711762,0.355535,1.762695,-27.505779,-50.110639,-0.531399,0.254241
0.759482,1.010451,0.232721,0.082566,3.173943,-0.313635,2.884533,-27.505779,-50.110639,-0.517921,0.259974
0.759482,1.010451,0.232721,0.082566,2.033111,-0.545264,2.532292,-27.505779,-50.110639,-0.500870,0.264321
0.759482,1.010451,0.232721,0.082566,0.857429,-0.840000,1.943033,-27.505779,-50.110639,-0.485090,0.269101
0.759482,1.010451,0.232721,0.082566,0.802773,-0.553829,-0.017048,-27.505779,-50.110639,-0.464106,0.272668
0.759482,1.010451,0.232721,0.082566,0.062591,0.532891,-2.310599,-27.505779,-50.110639,-0.441411,0.275346
0.759482,1.010451,0.232721,0.082566,0.242607,1.120668,-3.580313,-27.505779,-50.110639,-0.419389,0.278921
0.759482,1.010451,0.232721,0.082566,0.215582,0.500342,-4.700309,-27.505779,-50.110639,-0.401280,0.282761
0.759482,1.010451,0.232721,0.082566,-0.103579,-0.201727,-5.923528,-27.505779,-50.110639,-0.382616,0.287183
0.759482,1.010451,0.232721,0.082566,-0.259127,-0.600574,-6.834717,-27.505779,-50.110639,-0.364103,0.291473
0.759482,1.010451,0.232721,0.082566,-0.423998,-0.329206,-8.641958,-27.505779,-50.110639,-0.341670,0.296089
0.759482,1.010451,0.232721,0.082566,-0.844650,0.272586,-10.066678,-27.505779,-50.110639,-0.324676,0.299456
0.759482,1.010451,0.232721,0.082566,-0.917168,0.273559,-10.948241,-27.505779,-50.110639,-0.312498,0.302100
0.759482,1.010451,0.232721,0.082566,-1.526088,0.210050,-11.685230,-27.505779,-50.110639,-0.293076,0.306795
0.759482,1.010451,0.232721,0.082566,-2.576850,0.786312,-12.236927,-27.505779,-50.110639,-0.278896,0.310807
0.759482,1.010451,0.232721,0.082566,-3.040330,0.314475,-12.319169,-27.505779,-50.110639,-0.263172,0.318014
0.759482,1.010451,0.232721,0.082566,-2.362122,0.161017,-12.272867,-27.505779,-50.110639,-0.256303,0.323293
0.759482,1.010451,0.232721,0.082566,-1.571198,0.549056,-12.215781,-27.505779,-50.110639,-0.251328,0.328689
0.759482,1.010451,0.232721,0.082566,-1.585727,-0.301143,-11.826552,-27.505779,-50.110639,-0.248039,0.336264
0.759482,1.010451,0.232721,0.082566,-1.938118,0.545050,-11.591026,-27.505779,-50.110639,-0.246931,0.342152
0.759482,1.010451,0.232721,0.082566,-1.350711,-0.065226,-10.648703,-27.505779,-50.110639,-0.248472,0.350098
0.759482,1.010451,0.232721,0.082566,-1.068480,0.775887,-10.027456,-27.505779,-50.110639,-0.251481,0.356639
0.759482,1.010451,0.232721,0.082566,0.351988,-0.020879,-9.151811,-27.505779,-50.110639,-0.255898,0.365388
0.759482,1.010451,0.232721,0.082566,-0.451035,-0.158606,-8.665210,-27.505779,-50.110639,-0.259016,0.370807
0.759482,1.010451,0.232721,0.082566,1.071763,-0.219237,-8.145573,-27.505779,-50.110639,-0.263498,0.379613
0.759482,1.010451,0.232721,0.082566,0.820562,-0.733334,-7.880287,-27.505779,-50.110639,-0.265802,0.386407
0.759482,1.010451,0.232721,0.082566,1.009187,-0.059478,-7.565131,-27.505779,-50.110639,-0.269061,0.396049
0.759482,1.010451,0.232721,0.082566,1.132008,-0.023579,-7.186334,-27.505779,-50.110639,-0.269295,0.400580
0.759482,1.010451,0.232721,0.082566,1.969480,0.116914,-6.877982,-27.505779,-50.110639,-0.269139,0.408290
0.759482,1.010451,0.232721,0.082566,2.368323,0.064121,-6.664825,-27.505779,-50.110639,-0.266236,0.416225
0.759482,1.010451,0.232721,0.082566,1.894215,-0.537191,-6.403180,-27.505779,-50.110639,-0.258594,0.423652
0.759482,1.010451,0.232721,0.082566,1.752782,0.147226,-6.355083,-27.505779,-50.110639,-0.250981,0.429086
0.759482,1.010451,0.232721,0.082566,1.201964,0.236543,-6.430010,-27.505779,-50.110639,-0.241829,0.434761
0.759482,1.010451,0.232721,0.082566,2.568766,-0.014778,-6.577140,-27.505779,-50.110639,-0.231355,0.440483
0.759482,1.010451,0.232721,0.082566,1.532827,0.168980,-6.949713,-27.505779,-50.110639,-0.215267,0.447663
0.759482,1.010451,0.232721,0.082566,0.122573,0.194292,-7.228853,-27.505779,-50.110639,-0.201274,0.453303
0.759482,1.010451,0.232721,0.082566,-0.702813,0.247581,-7.240613,-27.505779,-50.110639,-0.182765,0.460850
0.759482,1.010451,0.232721,0.082566,-0.567942,0.087202,-6.965066,-27.505779,-50.110639,-0.165175,0.468650
0.759482,1.010451,0.232721,0.082566,-1.085093,0.310741,-7.031057,-27.505779,-50.110639,-0.151866,0.475008
0.759482,1.010451,0.232721,0.082566,-1.195380,0.391291,-7.023854,-27.505779,-50.110639,-0.136618,0.483485
0.759482,1.010451,0.232721,0.082566,-1.168272,-0.350923,-7.621554,-27.505779,-50.110639,-0.123516,0.492008
0.759482,1.010451,0.232721,0.082566,-0.701237,-1.162562,-8.211064,-27.505779,-50.110639,-0.114255,0.498358
0.759482,1.010451,0.232721,0.082566,-0.404055,-2.198641,-8.595344,-27.505779,-50.110639,-0.103310,0.505001
0.759482,1.010451,0.232721,0.082566,-0.919840,-2.228380,-8.227642,-27.505779,-50.110639,-0.093129,0.508414
0.759482,1.010451,0.232721,0.082566,-0.375063,-2.105774,-6.761822,-27.505779,-50.110639,-0.084179,0.508499
0.759482,1.010451,0.232721,0.082566,0.146018,-1.846641,-5.247044,-27.505779,-50.110639,-0.077373,0.506927
0.759482,1.010451,0.232721,0.082566,0.363775,-0.958413,-2.581186,-27.505779,-50.110639,-0.068794,0.501488
0.759482,1.010451,0.232721,0.082566,0.790449,0.314983,0.614945,-27.505779,-50.110639,-0.057613,0.494507
0.759482,1.010451,0.232721,0.082566,0.434940,1.408948,2.868959,-27.505779,-50.110639,-0.049429,0.490139
0.759482,1.010451,0.232721,0.082566,0.265757,2.663516,4.904545,-27.505779,-50.110639,-0.040890,0.487198
0.759482,1.010451,0.232721,0.082566,0.536157,3.210034,7.171280,-27.505779,-50.110639,-0.029892,0.486267
0.759482,1.010451,0.232721,0.082566,0.264098,3.014704,8.302587,-27.505779,-50.110639,-0.018015,0.489610
0.759482,1.010451,0.232721,0.082566,-0.151641,3.034784,8.856607,-27.505779,-50.110639,-0.008566,0.495256
0.759482,1.010451,0.232721,0.082566,-0.081139,3.145973,8.303477,-27.505779,-50.110639,0.007794,0.511645
0.759482,1.010451,0.232721,0.082566,0.176728,3.029469,7.464278,-27.505779,-50.110639,0.017134,0.525390
0.759482,1.010451,0.232721,0.082566,0.314835,2.843820,5.676697,-27.505779,-50.110639,0.026298,0.539898
0.759482,1.010451,0.232721,0.082566,0.548972,2.187543,3.525195,-27.505779,-50.110639,0.038703,0.564609
0.759482,1.010451,0.232721,0.082566,0.611102,1.349976,0.392109,-27.505767,-50.110626,0.048615,0.583375
2.088576,2.357718,0.354063,0.358904,0.394385,0.215722,-3.434067,-27.505767,-50.110626,0.070373,0.623848
2.088576,2.357718,0.354063,0.358904,-0.076445,-0.667473,-7.207534,-27.505767,-50.110626,0.092732,0.664511
2.088576,2.357718,0.354063,0.358904,-0.006261,-1.343582,-9.817748,-27.505767,-50.110626,0.110786,0.697169
2.088576,2.357718,0.354063,0.358904,0.059466,-2.180851,-11.995382,-27.505767,-50.110626,0.128156,0.725983
2.088576,2.357718,0.354063,0.358904,-0.317156,-2.550767,-14.011179,-27.505767,-50.110626,0.146089,0.755048
2.088576,2.357718,0.354063,0.358904,-0.189527,-3.394080,-15.866834,-27.505767,-50.110626,0.167830,0.786719
2.088576,2.357718,0.354063,0.358904,-0.866109,-3.195657,-17.138731,-27.505767,-50.110626,0.188718,0.812714
2.088576,2.357718,0.354063,0.358904,-1.059936,-2.776432,-17.812347,-27.505767,-50.110626,0.208889,0.834894
2.088576,2.357718,0.354063,0.358904,-0.894125,-2.466759,-17.874569,-27.505767,-50.110626,0.223717,0.849321
2.088576,2.357718,0.354063,0.358904,-0.769103,-2.628657,-17.408251,-27.505767,-50.110626,0.241145,0.864147
2.088576,2.357718,0.354063,0.358904,-1.124036,-2.671448,-16.586033,-27.505767,-50.110626,0.254158,0.873170
2.088576,2.357718,0.354063,0.358904,-0.558427,-2.677391,-14.842588,-27.505767,-50.110626,0.268957,0.880508
2.088576,2.357718,0.354063,0.358904,0.064150,-2.182386,-12.841111,-27.505767,-50.110626,0.280385,0.884692
2.088576,2.357718,0.354063,0.358904,0.130128,-0.629884,-9.358666,-27.505767,-50.110626,0.294448,0.885968
2.088576,2.357718,0.354063,0.358904,0.280949,0.580681,-6.393091,-27.505767,-50.110626,0.305966,0.887308
2.088576,2.357718,0.354063,0.358904,0.875146,1.403659,-2.374398,-27.505767,-50.110626,0.320887,0.889684
2.088576,2.357718,0.354063,0.358904,0.340290,2.264831,0.941597,-27.505767,-50.110626,0.336909,0.893399
2.088576,2.357718,0.354063,0.358904,0.360098,2.700969,3.320478,-27.505767,-50.110626,0.350188,0.899099
2.088576,2.357718,0.354063,0.358904,0.214012,3.195961,5.122381,-27.505767,-50.110626,0.363761,0.907383
2.088576,2.357718,0.354063,0.358904,0.101694,3.238130,6.554608,-27.505790,-50.110615,0.380892,0.921962
-0.379741,3.368169,-0.699861,0.286501,0.284049,2.827041,7.231806,-27.505790,-50.110615,0.356537,0.947441
-0.379741,3.368169,-0.699861,0.286501,0.187325,2.715200,7.131993,-27.505790,-50.110615,0.340423,0.966962
-0.379741,3.368169,-0.699861,0.286501,-0.177178,2.559685,6.468047,-27.505790,-50.110615,0.324571,0.989536
-0.379741,3.368169,-0.699861,0.286501,0.185649,2.118381,5.125575,-27.505790,-50.110615,0.304594,1.021071
-0.379741,3.368169,-0.699861,0.286501,0.136429,1.533942,3.361346,-27.505790,-50.110615,0.284700,1.054846
-0.379741,3.368169,-0.699861,0.286501,0.707630,0.965324,1.288510,-27.505790,-50.110615,0.265319,1.092187
-0.379741,3.368169,-0.699861,0.286501,0.159590,0.859106,-0.908907,-27.505790,-50.110615,0.250295,1.122477
-0.379741,3.368169,-0.699861,0.286501,0.231686,0.650570,-3.065761,-27.505790,-50.110615,0.235583,1.154307
-0.379741,3.368169,-0.699861,0.286501,0.185734,0.092756,-5.416599,-27.505790,-50.110615,0.220976,1.177820
-0.379741,3.368169,-0.699861,0.286501,-0.111413,-0.306787,-7.590217,-27.505790,-50.110615,0.206544,1.217028
-0.379741,3.368169,-0.699861,0.286501,-0.054830,-1.285713,-10.293612,-27.505790,-50.110615,0.184899,1.263967
-0.379741,3.368169,-0.699861,0.286501,-0.145003,-1.949275,-11.373137,-27.505790,-50.110615,0.173825,1.285189
-0.379741,3.368169,-0.699861,0.286501,-0.547291,-2.533017,-13.129786,-27.505790,-50.110615,0.155364,1.319482
-0.379741,3.368169,-0.699861,0.286501,-0.633160,-2.662793,-14.027698,-27.505790,-50.110615,0.143992,1.338225
-0.379741,3.368169,-0.699861,0.286501,-0.726490,-2.556799,-15.187073,-27.505790,-50.110615,0.116127,1.375799
-0.379741,3.368169,-0.699861,0.286501,-0.838927,-2.239222,-15.400476,-27.505790,-50.110615,0.103603,1.389704
-0.379741,3.368169,-0.699861,0.286501,-0.774925,-2.025096,-15.421252,-27.505790,-50.110615,0.081708,1.410317
-0.379741,3.368169,-0.699861,0.286501,-0.708458,-1.608972,-15.122264,-27.505790,-50.110615,0.063377,1.424411
-0.379741,3.368169,-0.699861,0.286501,-0.514091,-1.432920,-14.543982,-27.505790,-50.110615,0.044511,1.436895
-0.379741,3.368169,-0.699861,0.286501,-0.304601,-1.067765,-13.443982,-27.505790,-50.110615,0.020117,1.450664
-0.379741,3.368169,-0.699861,0.286501,-0.345110,-0.485484,-11.989005,-27.505790,-50.110615,-0.004630,1.462899
-0.379741,3.368169,-0.699861,0.286501,-0.075496,0.086226,-10.217211,-27.505790,-50.110615,-0.029973,1.474338
-0.379741,3.368169,-0.699861,0.286501,-0.026592,0.475162,-8.590918,-27.505790,-50.110615,-0.055299,1.485949
-0.379741,3.368169,-0.699861,0.286501,0.034795,0.707397,-7.132552,-27.505790,-50.110615,-0.080788,1.498085
-0.379741,3.368169,-0.699861,0.286501,0.207048,1.269827,-5.710095,-27.505790,-50.110615,-0.106009,1.511340
-0.379741,3.368169,-0.699861,0.286501,0.074802,1.993979,-4.118857,-27.505790,-50.110615,-0.131128,1.526461
-0.379741,3.368169,-0.699861,0.286501,0.177280,2.027310,-2.965755,-27.505790,-50.110615,-0.151232,1.540699
-0.379741,3.368169,-0.699861,0.286501,0.485728,0.980555,-1.472229,-27.505790,-50.110615,-0.180923,1.565693
-0.379741,3.368169,-0.699861,0.286501,0.356296,0.585489,-0.962092,-27.505790,-50.110615,-0.199817,1.583081
-0.379741,3.368169,-0.699861,0.286501,0.570763,0.421333,-0.578336,-27.505790,-50.110615,-0.218484,1.601278
-0.379741,3.368169,-0.699861,0.286501,0.284858,0.511140,-1.046813,-27.505790,-50.110615,-0.241096,1.624585
-0.379741,3.368169,-0.699861,0.286501,-0.252256,0.184013,-1.744040,-27.505790,-50.110615,-0.258780,1.643707
-0.379741,3.368169,-0.699861,0.286501,0.060678,-0.327702,-2.349005,-27.505790,-50.110615,-0.276579,1.662970
-0.379741,3.368169,-0.699861,0.286501,-0.197443,-0.518986,-3.029016,-27.505790,-50.110615,-0.298771,1.686230
-0.379741,3.368169,-0.699861,0.286501,-0.090440,-0.727272,-3.223460,-27.505790,-50.110615,-0.321309,1.709383
-0.379741,3.368169,-0.699861,0.286501,-0.023753,-0.433454,-3.523128,-27.505790,-50.110615,-0.339270,1.726537
-0.379741,3.368169,-0.699861,0.286501,-0.176385,-0.828582,-3.847684,-27.505790,-50.110615,-0.366555,1.752234
-0.379741,3.368169,-0.699861,0.286501,-0.108295,-0.020472,-3.997906,-27.505790,-50.110615,-0.389438,1.772415
-0.379741,3.368169,-0.699861,0.286501,-0.016694,0.015615,-4.210212,-27.505790,-50.110615,-0.412662,1.792739
-0.379741,3.368169,-0.699861,0.286501,0.081707,-0.034507,-4.411197,-27.505790,-50.110615,-0.430974,1.808410
-0.379741,3.368169,-0.699861,0.286501,0.144277,0.023033,-5.122253,-27.505790,-50.110615,-0.454378,1.829104
-0.379741,3.368169,-0.699861,0.286501,-0.280478,0.051903,-6.127671,-27.505790,-50.110615,-0.472523,1.844648
-0.379741,3.368169,-0.699861,0.286501,-0.080577,0.022975,-6.722117,-27.505790,-50.110615,-0.496125,1.865305
-0.379741,3.368169,-0.699861,0.286501,0.109725,-0.053413,-6.827396,-27.505790,-50.110615,-0.524772,1.890200
-0.379741,3.368169,-0.699861,0.286501,0.053874,0.011234,-7.047908,-27.505790,-50.110615,-0.539017,1.902477
-0.379741,3.368169,-0.699861,0.286501,0.004881,0.000931,-7.317958,-27.505790,-50.110615,-0.562624,1.922720
-0.379741,3.368169,-0.699861,0.286501,-0.004348,0.001508,-7.454333,-27.505790,-50.110615,-0.576692,1.934671
-0.379741,3.368169,-0.699861,0.286501,0.011645,-0.006876,-7.846267,-27.505790,-50.110615,-0.605128,1.959050
-0.379741,3.368169,-0.699861,0.286501,-0.043488,0.005805,-8.098470,-27.505790,-50.110615,-0.628515,1.978826
-0.379741,3.368169,-0.699861,0.286501,-0.046989,0.031534,-8.160867,-27.505790,-50.110615,-0.652108,1.998829
-0.379741,3.368169,-0.699861,0.286501,0.009580,0.011189,-8.177063,-27.505790,-50.110615,-0.670880,2.014589
-0.379741,3.368169,-0.699861,0.286501,-0.000513,-0.002299,-8.187469,-27.505790,-50.110615,-0.694312,2.034234
-0.379741,3.368169,-0.699861,0.286501,-0.034810,-0.009358,-8.184936,-27.505790,-50.110615,-0.713041,2.053807
-0.379741,3.368169,-0.699861,0.286501,0.007466,0.002976,-8.182144,-27.505790,-50.110615,-0.736824,2.069971
-0.379741,3.368169,-0.699861,0.286501,0.010655,0.017739,-8.184712,-27.505790,-50.110615,-0.760232,2.089428
-0.379741,3.368169,-0.699861,0.286501,-0.007015,-0.009154,-8.186088,-27.505790,-50.110615,-0.778933,2.101081
-0.379741,3.368169,-0.699861,0.286501,-0.000176,-0.021337,-8.181131,-27.505790,-50.110615,-0.797622,2.120444
-0.379741,3.368169,-0.699861,0.286501,-0.000357,0.001639,-8.175827,-27.505790,-50.110615,-0.816482,2.136146
-0.379741,3.368169,-0.699861,0.286501,-0.010253,0.019220,-8.178267,-27.505790,-50.110615,-0.835333,2.151808
-0.379741,3.368169,-0.699861,0.286501,0.011323,-0.012180,-8.183828,-27.505790,-50.110615,-0.854181,2.167443
-0.379741,3.368169,-0.699861,0.286501,0.023398,-0.010441,-8.184498,-27.505790,-50.110615,-0.877848,2.187126
-0.379741,3.368169,-0.699861,0.286501,-0.002954,0.000168,-8.179539,-27.505790,-50.110615,-0.901287,2.206459
-0.379741,3.368169,-0.699861,0.286501,-0.037071,0.011487,-8.173744,-27.505790,-50.110615,-0.924542,2.225458
-0.379741,3.368169,-0.699861,0.286501,-0.001486,0.000561,-8.169770,-27.505790,-50.110615,-0.942965,2.240343
-0.379741,3.368169,-0.699861,0.286501,0.010693,-0.009786,-8.172748,-27.505790,-50.110615,-0.966598,2.259792
-0.379741,3.368169,-0.699861,0.286501,-0.004396,0.009327,-8.182576,-27.505790,-50.110615,-0.990206,2.279171
-0.379741,3.368169,-0.699861,0.286501,-0.007739,0.015907,-8.187819,-27.505790,-50.110615,-1.008770,2.294196
-0.379741,3.368169,-0.699861,0.286501,0.001486,-0.005187,-8.189637,-27.505790,-50.110615,-1.031965,2.312938
-0.379741,3.368169,-0.699861,0.286501,0.006404,-0.011704,-8.188328,-27.505790,-50.110615,-1.045871,2.324149
-0.379741,3.368169,-0.699861,0.286501,0.001828,0.003549,-8.187518,-27.505790,-50.110615,-1.069431,2.343336
-0.379741,3.368169,-0.699861,0.286501,-0.000089,0.001891,-8.185570,-27.505790,-50.110615,-1.087943,2.362189
-0.379741,3.368169,-0.699861,0.286501,-0.000096,-0.013403,-8.178216,-27.505790,-50.110615,-1.111064,2.376723
-0.379741,3.368169,-0.699861,0.286501,-0.002027,-0.000610,-8.172717,-27.505790,-50.110615,-1.134577,2.395739
-0.379741,3.368169,-0.699861,0.286501,-0.001981,0.010595,-8.171977,-27.505790,-50.110615,-1.148429,2.406785
-0.379741,3.368169,-0.699861,0.286501,-0.001616,0.003075,-8.172483,-27.505790,-50.110615,-1.167096,2.425437
-0.379741,3.368169,-0.699861,0.286501,-0.000215,-0.000665,-8.170643,-27.505790,-50.110615,-1.190155,2.440095
-0.379741,3.368169,-0.699861,0.286501,0.004473,0.001664,-8.168992,-27.505790,-50.110615,-1.213617,2.458921
-0.379741,3.368169,-0.699861,0.286501,-0.000271,0.000227,-8.171297,-27.505790,-50.110615,-1.227432,2.469853
-0.379741,3.368169,-0.699861,0.286501,-0.000291,-0.000186,-8.173368,-27.505790,-50.110615,-1.246270,2.484956
-0.379741,3.368169,-0.699861,0.286501,0.001699,0.006494,-8.171537,-27.505790,-50.110615,-1.273866,2.506706
-0.379741,3.368169,-0.699861,0.286501,-0.000166,0.005981,-8.171600,-27.505790,-50.110615,-1.292031,2.520884
-0.379741,3.368169,-0.699861,0.286501,-0.003862,0.002326,-8.172570,-27.505790,-50.110615,-1.310617,2.535587
-0.379741,3.368169,-0.699861,0.286501,-0.000481,0.004900,-8.172456,-27.505790,-50.110615,-1.329632,2.550814
-0.379741,3.368169,-0.699861,0.286501,-0.001593,0.001029,-8.170599,-27.505790,-50.110615,-1.352784,2.569030
-0.379741,3.368169,-0.699861,0.286501,-0.003520,0.004869,-8.170743,-27.505790,-50.110615,-1.375473,2.590480
-0.379741,3.368169,-0.699861,0.286501,0.001207,-0.001186,-8.172471,-27.505790,-50.110615,-1.398587,2.604738
-0.379741,3.368169,-0.699861,0.286501,-0.000071,-0.001075,-8.172816,-27.505790,-50.110615,-1.412313,2.615409
-0.379741,3.368169,-0.699861,0.286501,-0.003448,-0.000472,-8.173244,-27.505790,-50.110615,-1.435175,2.633153
-0.379741,3.368169,-0.699861,0.286501,-0.002270,0.004044,-8.173221,-27.505790,-50.110615,-1.453677,2.647591
-0.379741,3.368169,-0.699861,0.286501,-0.003212,-0.005149,-8.172770,-27.505790,-50.110615,-1.485855,2.672567
-0.379741,3.368169,-0.699861,0.286501,0.003759,0.004756,-8.171610,-27.505790,-50.110615,-1.499537,2.683119
-0.379741,3.368169,-0.699861,0.286501,0.002213,-0.001882,-8.169084,-27.505790,-50.110615,-1.522321,2.700665
-0.379741,3.368169,-0.699861,0.286501,0.004171,-0.003532,-8.167059,-27.505790,-50.110615,-1.540767,2.714942
-0.379741,3.368169,-0.699861,0.286501,0.003424,-0.001564,-8.163589,-27.505790,-50.110615,-1.563751,2.732672
-0.379741,3.368169,-0.699861,0.286501,-0.004659,-0.003566,-8.162107,-27.505790,-50.110615,-1.581936,2.746593
-0.379741,3.368169,-0.699861,0.286501,0.003398,0.003204,-8.161950,-27.505790,-50.110615,-1.605126,2.764507
-0.379741,3.368169,-0.699861,0.286501,-0.003672,-0.004518,-8.164001,-27.505790,-50.110615,-1.623286,2.778354
-0.379741,3.368169,-0.699861,0.286501,-0.000148,-0.001472,-8.161562,-27.505790,-50.110615,-1.637377,2.789277
-0.379741,3.368169,-0.699861,0.286501,-0.000441,-0.000393,-8.159904,-27.505790,-50.110615,-1.659810,2.806221
-2.658188,3.704986,-0.447844,0.066204,0.000326,0.008446,-8.160718,-27.505810,-50.110611,-1.678762,2.820025
-2.658188,3.704986,-0.447844,0.066204,0.000548,0.000220,-8.161910,-27.505810,-50.110611,-1.700206,2.831284
-2.658188,3.704986,-0.447844,0.066204,-0.001219,0.004402,-8.161097,-27.505810,-50.110611,-1.717714,2.840701
-2.658188,3.704986,-0.447844,0.066204,-0.000359,-0.000146,-8.161733,-27.505810,-50.110611,-1.739556,2.852423
-2.658188,3.704986,-0.447844,0.066204,0.003106,-0.001577,-8.162504,-27.505810,-50.110611,-1.766195,2.866972
-2.658188,3.704986,-0.447844,0.066204,0.001313,0.004977,-8.162258,-27.505810,-50.110611,-1.783837,2.876534
-2.658188,3.704986,-0.447844,0.066204,-0.004437,0.002363,-8.161734,-27.505810,-50.110611,-1.801205,2.885784
-2.658188,3.704986,-0.447844,0.066204,0.002246,-0.001979,-8.161854,-27.505810,-50.110611,-1.814705,2.893252
-2.658188,3.704986,-0.447844,0.066204,0.000256,0.003521,-8.159885,-27.505810,-50.110611,-1.836101,2.904455
-2.658188,3.704986,-0.447844,0.066204,-0.002075,-0.003421,-8.158625,-27.505810,-50.110611,-1.853382,2.913600
-2.658188,3.704986,-0.447844,0.066204,0.000843,-0.000456,-8.156893,-27.505810,-50.110611,-1.875437,2.925533
-2.658188,3.704986,-0.447844,0.066204,-0.004227,0.005946,-8.155724,-27.505810,-50.110611,-1.888353,2.932338
-2.658188,3.704986,-0.447844,0.066204,0.000543,-0.002926,-8.152765,-27.505810,-50.110611,-1.910093,2.943911
-2.658188,3.704986,-0.447844,0.066204,-0.001855,0.000899,-8.150781,-27.505810,-50.110611,-1.927003,2.952638
-2.658188,3.704986,-0.447844,0.066204,-0.000414,-0.000049,-8.150885,-27.505810,-50.110611,-1.948915,2.964389
-2.658188,3.704986,-0.447844,0.066204,-0.003240,0.002597,-8.149655,-27.505810,-50.110611,-1.970783,2.976084
-2.658188,3.704986,-0.447844,0.066204,-0.002924,0.002044,-8.149372,-27.505810,-50.110611,-1.987844,2.984966
-2.658188,3.704986,-0.447844,0.066204,0.002936,0.001264,-8.147821,-27.505810,-50.110611,-2.009384,2.996293
-2.658188,3.704986,-0.447844,0.066204,0.004926,-0.003158,-8.145711,-27.505810,-50.110611,-2.026129,3.004829
-2.658188,3.704986,-0.447844,0.066204,0.003323,0.002147,-8.144888,-27.505810,-50.110611,-2.047842,3.016332
-0.379741,3.704986,-0.447844,0.066204,-0.003477,0.003869,-8.144011,-27.505791,-50.110621,-2.060290,3.022616
-0.379741,2.694535,0.009405,-0.004171,-0.000307,0.001678,-8.143925,-27.505791,-50.110621,-2.062566,3.029228
-0.379741,2.694535,0.009405,-0.004171,-0.000394,-0.000009,-8.145108,-27.505791,-50.110621,-2.063615,3.032854
-0.379741,2.694535,0.009405,-0.004171,0.005074,0.003662,-8.143508,-27.505791,-50.110621,-2.065345,3.038864
-0.379741,2.694535,0.009405,-0.004171,-0.000491,-0.003042,-8.141485,-27.505791,-50.110621,-2.067554,3.045367
-0.379741,2.694535,0.009405,-0.004171,0.003746,-0.002982,-8.139507,-27.505791,-50.110621,-2.069152,3.050381
-0.379741,2.694535,0.009405,-0.004171,0.001932,0.000043,-8.138231,-27.505791,-50.110621,-2.071066,3.056543
-0.379741,2.694535,0.009405,-0.004171,0.001106,-0.000042,-8.137993,-27.505791,-50.110621,-2.072382,3.061232
-0.379741,2.694535,0.009405,-0.004171,-0.003326,0.000444,-8.137719,-27.505791,-50.110621,-2.074011,3.067058
-0.379741,2.694535,0.009405,-0.004171,-0.005280,0.000667,-8.138367,-27.505791,-50.110621,-2.075297,3.071691
-0.379741,2.694535,0.009405,-0.004171,-0.003711,0.001349,-8.137901,-27.505791,-50.110621,-2.077694,3.079120
-0.379741,2.694535,0.009405,-0.004171,-0.000559,-0.004502,-8.138933,-27.505791,-50.110621,-2.078945,3.083692
-0.379741,2.694535,0.009405,-0.004171,0.000617,0.000415,-8.136652,-27.505791,-50.110621,-2.079938,3.089633
-0.379741,2.694535,0.009405,-0.004171,-0.003361,0.003375,-8.134534,-27.505791,-50.110621,-2.081404,3.092763
-0.379741,2.694535,0.009405,-0.004171,-0.006098,0.003154,-8.131491,-27.505791,-50.110621,-2.083156,3.098644
-0.379741,2.694535,0.009405,-0.004171,-0.003535,0.003186,-8.130637,-27.505791,-50.110621,-2.084295,3.102258
-0.379741,2.694535,0.009405,-0.004171,-0.000601,-0.000087,-8.129445,-27.505791,-50.110621,-2.086255,3.108336
-0.379741,2.694535,0.009405,-0.004171,0.005290,-0.000488,-8.130065,-27.505791,-50.110621,-2.087419,3.112759
-0.379741,2.694535,0.009405,-0.004171,0.000048,-0.000667,-8.126374,-27.505791,-50.110621,-2.089376,3.119604
-0.379741,2.694535,0.009405,-0.004171,-0.000298,0.000570,-8.124531,-27.505791,-50.110621,-2.090501,3.123966
-0.379741,2.694535,0.009405,-0.004171,-0.001408,0.000168,-8.123957,-27.505791,-50.110621,-2.091613,3.128304
0.189871,2.694535,0.087456,0.000000,-0.000454,-0.000322,-8.124223,-27.505785,-50.110624,-2.090445,3.132691
0.189871,2.694535,0.087456,0.000000,0.005069,-0.002868,-8.125209,-27.505785,-50.110624,-2.088500,3.138679
0.189871,2.694535,0.087456,0.000000,-0.000325,-0.000103,-8.123566,-27.505785,-50.110624,-2.085574,3.145206
0.189871,2.694535,0.087456,0.000000,0.005753,-0.001266,-8.122656,-27.505785,-50.110624,-2.084105,3.148450
0.189871,2.694535,0.087456,0.000000,0.001538,0.000648,-8.122889,-27.505785,-50.110624,-2.081877,3.154080
0.189871,2.694535,0.087456,0.000000,-0.000706,0.000056,-8.123821,-27.505785,-50.110624,-2.079135,3.160737
0.189871,2.694535,0.087456,0.000000,0.006046,0.000533,-8.124306,-27.505785,-50.110624,-2.077138,3.164978
0.189871,2.694535,0.087456,0.000000,-0.001338,0.005709,-8.123649,-27.505785,-50.110624,-2.074857,3.170498
0.189871,2.694535,0.087456,0.000000,-0.001153,0.005539,-8.123387,-27.505785,-50.110624,-2.073067,3.174939
0.189871,2.694535,0.087456,0.000000,0.000258,0.002486,-8.122377,-27.505785,-50.110624,-2.070530,3.180151
0.189871,2.694535,0.087456,0.000000,0.002136,-0.000744,-8.120716,-27.505785,-50.110624,-2.068261,3.184050
0.189871,2.694535,0.087456,0.000000,-0.000791,0.002919,-8.117794,-27.505785,-50.110624,-2.066152,3.189692
0.189871,2.694535,0.087456,0.000000,0.000629,-0.000110,-8.118227,-27.505785,-50.110624,-2.064606,3.192765
0.189871,2.694535,0.087456,0.000000,-0.005267,-0.002633,-8.119126,-27.505785,-50.110624,-2.062018,3.197860
0.189871,2.694535,0.087456,0.000000,0.002607,0.001121,-8.118911,-27.505785,-50.110624,-2.060165,3.202157
0.189871,2.694535,0.087456,0.000000,-0.001001,0.000734,-8.119256,-27.505785,-50.110624,-2.057476,3.208681
0.189871,2.694535,0.087456,0.000000,0.004579,0.004262,-8.118912,-27.505785,-50.110624,-2.054847,3.213675
0.189871,2.694535,0.087456,0.000000,-0.002955,0.001450,-8.118612,-27.505785,-50.110624,-2.053483,3.216899
0.189871,2.694535,0.087456,0.000000,0.002003,0.001334,-8.117778,-27.505785,-50.110624,-2.050828,3.221840
0.189871,2.694535,0.087456,0.000000,0.000829,-0.006502,-8.119036,-27.505785,-50.110625,-2.048695,3.225769
0.189871,2.357719,0.000000,-0.061733,-0.003031,0.005605,-8.117979,-27.505785,-50.110625,-2.048531,3.227983
0.189871,2.357719,0.000000,-0.061733,-0.001114,0.004995,-8.118950,-27.505785,-50.110625,-2.048611,3.229974
0.189871,2.357719,0.000000,-0.061733,-0.001967,-0.000624,-8.118819,-27.505785,-50.110625,-2.048463,3.231707
0.189871,2.357719,0.000000,-0.061733,-0.001135,-0.005860,-8.117982,-27.505785,-50.110625,-2.048916,3.234559
0.189871,2.357719,0.000000,-0.061733,-0.000471,0.000087,-8.116570,-27.505785,-50.110625,-2.048748,3.236249
0.189871,2.357719,0.000000,-0.061733,-0.002407,0.002338,-8.114710,-27.505785,-50.110625,-2.048525,3.238335
0.189871,2.357719,0.000000,-0.061733,0.003265,0.005227,-8.113236,-27.505785,-50.110625,-2.048505,3.240625
0.189871,2.357719,0.000000,-0.061733,0.000242,-0.002636,-8.114298,-27.505785,-50.110625,-2.048142,3.241611
0.189871,2.357719,0.000000,-0.061733,0.004866,-0.000005,-8.113149,-27.505785,-50.110625,-2.048473,3.244718
0.189871,2.357719,0.000000,-0.061733,-0.005570,-0.000814,-8.112803,-27.505785,-50.110625,-2.048254,3.246299
0.189871,2.357719,0.000000,-0.061733,-0.000318,-0.000844,-8.112192,-27.505785,-50.110625,-2.047909,3.248639
0.189871,2.357719,0.000000,-0.061733,0.004119,0.000193,-8.111588,-27.505785,-50.110625,-2.047669,3.250179
0.189871,2.357719,0.000000,-0.061733,0.000973,-0.005901,-8.109940,-27.505785,-50.110625,-2.047905,3.251782
0.189871,2.357719,0.000000,-0.061733,0.000972,-0.005253,-8.107875,-27.505785,-50.110625,-2.047584,3.253662
0.189871,2.357719,0.000000,-0.061733,-0.003475,0.003013,-8.107151,-27.505785,-50.110625,-2.047318,3.255147
0.189871,2.357719,0.000000,-0.061733,0.003353,0.001771,-8.107787,-27.505785,-50.110625,-2.046976,3.256979
0.189871,2.357719,0.000000,-0.061733,-0.000330,-0.001732,-8.107476,-27.505785,-50.110625,-2.046901,3.258652
0.189871,2.357719,0.000000,-0.061733,-0.000163,0.001462,-8.108565,-27.505785,-50.110625,-2.046536,3.260436
0.189871,2.357719,0.000000,-0.061733,-0.004198,0.004721,-8.108123,-27.505785,-50.110625,-2.046443,3.262070
0.189871,2.357719,0.000000,-0.061733,-0.005603,-0.002591,-8.106738,-27.505785,-50.110625,-2.046390,3.264599
0.000000,1.010451,-0.073227,-0.519599,0.001263,0.006826,-8.104714,-27.505786,-50.110638,-2.048592,3.249604
0.000000,1.010451,-0.073227,-0.519599,0.000014,-0.000118,-8.105941,-27.505786,-50.110638,-2.050988,3.234811
0.000000,1.010451,-0.073227,-0.519599,0.000557,0.001306,-8.106319,-27.505786,-50.110638,-2.052528,3.222571
0.000000,1.010451,-0.073227,-0.519599,-0.001662,-0.001680,-8.107133,-27.505786,-50.110638,-2.054700,3.207529
0.000000,1.010451,-0.073227,-0.519599,0.000618,-0.000281,-8.106904,-27.505786,-50.110638,-2.056427,3.195485
0.000000,1.010451,-0.073227,-0.519599,0.005657,0.002181,-8.105004,-27.505786,-50.110638,-2.058761,3.184064
0.000000,1.010451,-0.073227,-0.519599,0.002761,0.000430,-8.101407,-27.505786,-50.110638,-2.060693,3.168764
0.000000,1.010451,-0.073227,-0.519599,-0.000298,0.000489,-8.099256,-27.505786,-50.110638,-2.062598,3.156889
0.000000,1.010451,-0.073227,-0.519599,-0.000127,-0.003082,-8.102743,-27.505786,-50.110638,-2.064715,3.141768
0.000000,1.010451,-0.073227,-0.519599,0.004217,0.000861,-8.102189,-27.505786,-50.110638,-2.067223,3.127038
0.000000,1.010451,-0.073227,-0.519599,-0.003824,0.000986,-8.102001,-27.505786,-50.110638,-2.068693,3.114711
0.000000,1.010451,-0.073227,-0.519599,-0.000734,-0.001820,-8.102099,-27.505786,-50.110638,-2.071175,3.099937
0.000000,1.010451,-0.073227,-0.519599,0.003958,0.003705,-8.101458,-27.505786,-50.110638,-2.073441,3.084943
0.000000,1.010451,-0.073227,-0.519599,0.002479,0.001156,-8.102428,-27.505786,-50.110638,-2.074884,3.072583
0.000000,1.010451,-0.073227,-0.519599,0.000143,0.002434,-8.101694,-27.505786,-50.110638,-2.076919,3.060796
0.000000,1.010451,-0.073227,-0.519599,0.003283,0.001271,-8.101938,-27.505786,-50.110638,-2.078952,3.045559
0.000000,1.010451,-0.073227,-0.519599,0.000069,0.003857,-8.101026,-27.505786,-50.110638,-2.080167,3.036409
0.000000,1.010451,-0.073227,-0.519599,-0.000283,-0.004926,-8.098939,-27.505786,-50.110638,-2.082579,3.021521
0.000000,1.010451,-0.073227,-0.519599,-0.002760,0.001734,-8.098671,-27.505786,-50.110638,-2.084780,3.006423
0.189871,0.673634,0.186944,-0.331626,-0.000008,-0.000184,-8.099282,-27.505785,-50.110641,-2.081964,2.993875
0.189871,0.673634,0.186944,-0.331626,0.004286,0.006749,-8.098427,-27.505785,-50.110641,-2.076127,2.983331
0.189871,0.673634,0.186944,-0.331626,-0.000178,0.000147,-8.098831,-27.505785,-50.110641,-2.071288,2.974744
0.189871,0.673634,0.186944,-0.331626,0.001085,-0.004282,-8.100554,-27.505785,-50.110641,-2.064843,2.963641
0.189871,0.673634,0.186944,-0.331626,0.000147,0.000416,-8.100110,-27.505785,-50.110641,-2.060379,2.955395
0.189871,0.673634,0.186944,-0.331626,-0.003712,-0.002648,-8.099342,-27.505785,-50.110641,-2.054496,2.944805
0.189871,0.673634,0.186944,-0.331626,-0.000514,-0.000061,-8.101526,-27.505785,-50.110641,-2.048410,2.934026
0.189871,0.673634,0.186944,-0.331626,0.005790,-0.002085,-8.101419,-27.505785,-50.110641,-2.044752,2.927553
0.189871,0.673634,0.186944,-0.331626,-0.001707,0.001827,-8.100863,-27.505785,-50.110641,-2.039023,2.917100
0.189871,0.673634,0.186944,-0.331626,0.004189,-0.001894,-8.100590,-27.505785,-50.110641,-2.033087,2.906459
0.189871,0.673634,0.186944,-0.331626,0.002815,0.000504,-8.101507,-27.505785,-50.110641,-2.029593,2.900136
0.189871,0.673634,0.186944,-0.331626,-0.006309,0.000970,-8.101739,-27.505785,-50.110641,-2.022212,2.887141
0.189871,0.673634,0.186944,-0.331626,-0.001254,-0.001092,-8.101541,-27.505785,-50.110641,-2.018516,2.880638
0.189871,0.673634,0.186944,-0.331626,-0.002995,-0.000574,-8.102232,-27.505785,-50.110641,-2.012529,2.869958
0.189871,0.673634,0.186944,-0.331626,-0.001460,-0.003062,-8.103844,-27.505785,-50.110641,-2.006531,2.859265
0.189871,0.673634,0.186944,-0.331626,-0.001048,0.002750,-8.101357,-27.505785,-50.110641,-2.002818,2.850572
0.189871,0.673634,0.186944,-0.331626,-0.001175,0.002279,-8.100256,-27.505785,-50.110641,-1.995743,2.840018
0.189871,0.673634,0.186944,-0.331626,0.005735,-0.003191,-8.099936,-27.505785,-50.110641,-1.990775,2.831309
0.189871,0.673634,0.186944,-0.331626,0.001688,-0.000572,-8.100542,-27.505785,-50.110641,-1.985800,2.820571
0.189871,0.673634,0.186944,-0.331626,-0.001430,-0.001321,-8.100981,-27.505785,-50.110641,-1.980816,2.813871
0.189871,0.673634,0.000000,0.000000,0.001221,-0.000356,-8.101540,-27.505784,-50.110641,-1.977100,2.807124
0.189871,0.673634,0.000000,0.000000,0.003210,0.002985,-8.101723,-27.505784,-50.110641,-1.976608,2.806351
0.189871,0.673634,0.000000,0.000000,-0.004256,-0.003407,-8.100567,-27.505784,-50.110641,-1.975779,2.805059
0.189871,0.673634,0.000000,0.000000,-0.005489,0.003108,-8.099635,-27.505784,-50.110641,-1.974941,2.803758
0.189871,0.673634,0.000000,0.000000,-0.002161,0.003053,-8.098376,-27.505784,-50.110641,-1.974446,2.802758
0.189871,0.673634,0.000000,0.000000,0.003096,-0.001713,-8.096415,-27.505784,-50.110641,-1.973590,2.801443
0.189871,0.673634,0.000000,0.000000,-0.005457,-0.000194,-8.095036,-27.505784,-50.110641,-1.972902,2.800386
0.189871,0.673634,0.000000,0.000000,-0.004421,-0.001373,-8.095634,-27.505784,-50.110641,-1.972380,2.799478
0.189871,0.673634,0.000000,0.000000,0.001452,0.002305,-8.096405,-27.505784,-50.110641,-1.971850,2.798564
0.189871,0.673634,0.000000,0.000000,-0.003222,0.004250,-8.095737,-27.505784,-50.110641,-1.970791,2.797074
0.189871,0.673634,0.000000,0.000000,-0.004623,-0.003125,-8.095451,-27.505784,-50.110641,-1.970248,2.796150
0.189871,0.673634,0.000000,0.000000,-0.001771,0.005420,-8.094872,-27.505784,-50.110641,-1.969516,2.794949
0.189871,0.673634,0.000000,0.000000,-0.003443,-0.002273,-8.094490,-27.505784,-50.110641,-1.968788,2.793865
0.189871,0.673634,0.000000,0.000000,-0.001872,0.003304,-8.094845,-27.505784,-50.110641,-1.967870,2.792505
0.189871,0.673634,0.000000,0.000000,0.005574,-0.001231,-8.095510,-27.505784,-50.110641,-1.967114,2.791288
0.189871,0.673634,0.000000,0.000000,-0.002333,-0.001334,-8.097071,-27.505784,-50.110641,-1.966515,2.790211
0.189871,0.673634,0.000000,0.000000,-0.002758,0.003008,-8.096411,-27.505784,-50.110641,-1.965758,2.789107
0.189871,0.673634,0.000000,0.000000,0.000347,-0.000353,-8.096154,-27.505784,-50.110641,-1.965165,2.788147
0.189871,0.673634,0.000000,0.000000,0.003721,0.003243,-8.094004,-27.505784,-50.110641,-1.964374,2.786904
0.189871,0.673634,0.000000,0.000000,0.000673,-0.002269,-8.094312,-27.505784,-50.110641,-1.963628,2.785921
0.379742,0.673634,0.169767,0.000000,0.000490,-0.005031,-8.094629,-27.505783,-50.110642,-1.963017,2.784948
0.379742,0.673634,0.169767,0.000000,0.000837,-0.003080,-8.094566,-27.505783,-50.110642,-1.955515,2.783405
0.379742,0.673634,0.169767,0.000000,0.001126,-0.002882,-8.094278,-27.505783,-50.110642,-1.950398,2.781994
0.379742,0.673634,0.169767,0.000000,0.001324,-0.001218,-8.093663,-27.505783,-50.110642,-1.944324,2.781150
0.379742,0.673634,0.169767,0.000000,-0.001781,0.001432,-8.091125,-27.505783,-50.110642,-1.939199,2.780011
0.379742,0.673634,0.169767,0.000000,-0.001024,-0.000585,-8.089608,-27.505783,-50.110642,-1.935676,2.779441
0.379742,0.673634,0.169767,0.000000,0.005882,0.002109,-8.088161,-27.505783,-50.110642,-1.927969,2.777719
0.379742,0.673634,0.169767,0.000000,-0.004924,-0.000462,-8.087168,-27.505783,-50.110642,-1.922822,2.776568
0.379742,0.673634,0.169767,0.000000,-0.000770,-0.005427,-8.087492,-27.505783,-50.110642,-1.917672,2.775413
0.379742,0.673634,0.169767,0.000000,0.003923,-0.005083,-8.086247,-27.505783,-50.110642,-1.912834,2.774536
0.379742,0.673634,0.169767,0.000000,-0.002356,-0.003088,-8.087124,-27.505783,-50.110642,-1.907515,2.773231
0.379742,0.673634,0.169767,0.000000,-0.004263,0.000223,-8.085814,-27.505783,-50.110642,-1.901213,2.771914
0.379742,0.673634,0.169767,0.000000,-0.006466,0.003427,-8.083937,-27.505783,-50.110642,-1.895058,2.770731
0.379742,0.673634,0.169767,0.000000,-0.000581,0.001704,-8.083768,-27.505783,-50.110642,-1.888584,2.769262
0.379742,0.673634,0.169767,0.000000,0.001575,-0.002978,-8.084497,-27.505783,-50.110642,-1.884694,2.768378
0.379742,0.673634,0.169767,0.000000,0.002058,-0.001092,-8.083340,-27.505783,-50.110642,-1.878360,2.767039
0.379742,0.673634,0.169767,0.000000,-0.001742,0.001334,-8.083193,-27.505783,-50.110642,-1.873318,2.765992
0.379742,0.673634,0.169767,0.000000,0.003006,-0.004994,-8.084743,-27.505783,-50.110642,-1.866668,2.764364
0.379742,0.673634,0.169767,0.000000,0.006273,-0.000658,-8.085173,-27.505783,-50.110642,-1.860460,2.763144
0.379742,0.673634,0.169767,0.000000,0.000009,0.000238,-8.085467,-27.505783,-50.110642,-1.856550,2.761942
0.379742,0.673634,0.169767,0.000000,-0.006413,-0.004590,-8.086594,-27.505783,-50.110642,-1.849022,2.760707
0.379742,0.673634,0.000000,0.000000,0.000305,-0.003913,-8.085725,-27.505783,-50.110642,-1.847933,2.759660
0.379742,0.673634,0.000000,0.000000,-0.000170,-0.000989,-8.085512,-27.505783,-50.110642,-1.846509,2.758581
0.379742,0.673634,0.000000,0.000000,0.003138,0.001686,-8.086514,-27.505783,-50.110642,-1.845856,2.757635
0.379742,0.673634,0.000000,0.000000,0.001143,-0.002985,-8.086432,-27.505783,-50.110642,-1.844273,2.756109
0.379742,0.673634,0.000000,0.000000,-0.006746,-0.001487,-8.085914,-27.505783,-50.110642,-1.843003,2.754886
0.379742,0.673634,0.000000,0.000000,-0.000741,-0.001201,-8.086633,-27.505783,-50.110642,-1.841730,2.753659
0.379742,0.673634,0.000000,0.000000,-0.006685,-0.001552,-8.087489,-27.505783,-50.110642,-1.840102,2.752086
0.379742,0.673634,0.000000,0.000000,-0.007259,-0.001446,-8.085854,-27.505783,-50.110642,-1.838676,2.750720
0.379742,0.673634,0.000000,0.000000,-0.002760,-0.000113,-8.085958,-27.505783,-50.110642,-1.837538,2.749619
0.379742,0.673634,0.000000,0.000000,0.001215,0.000251,-8.088059,-27.505783,-50.110642,-1.835896,2.748028
0.379742,0.673634,0.000000,0.000000,-0.002171,-0.006730,-8.089561,-27.505783,-50.110642,-1.834281,2.746473
0.379742,0.673634,0.000000,0.000000,0.005744,0.002095,-8.089740,-27.505783,-50.110642,-1.832806,2.745042
0.379742,0.673634,0.000000,0.000000,-0.002244,-0.001644,-8.090601,-27.505783,-50.110642,-1.831506,2.743789
0.379742,0.673634,0.000000,0.000000,-0.000368,-0.000096,-8.092356,-27.505783,-50.110642,-1.830530,2.742533
0.379742,0.673634,0.000000,0.000000,0.000849,-0.005139,-8.092009,-27.505783,-50.110642,-1.828897,2.741271
0.379742,0.673634,0.000000,0.000000,-0.003793,0.000263,-8.091736,-27.505783,-50.110642,-1.827728,2.740133
0.379742,0.673634,0.000000,0.000000,-0.003936,0.001603,-8.091613,-27.505783,-50.110642,-1.826558,2.738991
0.379742,0.673634,0.000000,0.000000,0.013520,-0.004523,-8.091495,-27.505783,-50.110642,-1.825529,2.737976
0.379742,0.673634,0.000000,0.000000,-0.001286,-0.000413,-8.092737,-27.505783,-50.110642,-1.823738,2.736248
0.379742,0.673634,0.000000,0.000000,0.000176,0.005594,-8.093736,-27.505783,-50.110642,-1.821887,2.734453
0.379742,0.673634,0.000000,0.000000,0.000816,-0.006027,-8.093128,-27.505783,-50.110643,-1.820084,2.732719
0.379742,0.673634,0.000000,0.000000,-0.000005,-0.002335,-8.091263,-27.505783,-50.110643,-1.818887,2.731558
0.379742,0.673634,0.000000,0.000000,0.002545,-0.000916,-8.090833,-27.505783,-50.110643,-1.817549,2.730265
0.379742,0.673634,0.000000,0.000000,-0.000243,-0.000698,-8.090391,-27.505783,-50.110643,-1.816008,2.728770
0.379742,0.673634,0.000000,0.000000,0.000406,0.000691,-8.087294,-27.505783,-50.110643,-1.814600,2.727393
0.379742,0.673634,0.000000,0.000000,0.003254,-0.019256,-8.084848,-27.505783,-50.110643,-1.813115,2.725959
0.379742,0.673634,0.000000,0.000000,0.005558,0.033584,-8.083268,-27.505783,-50.110643,-1.811562,2.724439
0.379742,0.673634,0.000000,0.000000,-0.014120,0.000580,-8.072333,-27.505783,-50.110643,-1.810338,2.723262
0.379742,0.673634,0.000000,0.000000,-0.097543,-0.057179,-8.067074,-27.505783,-50.110643,-1.808449,2.721357
0.379742,0.673634,0.000000,0.000000,0.172065,0.079714,-8.074000,-27.505783,-50.110643,-1.807173,2.719946
0.379742,0.673634,0.000000,0.000000,0.207283,0.012896,-8.069290,-27.505783,-50.110643,-1.806429,2.719169
0.379742,0.673634,0.000000,0.000000,-0.177976,-0.068140,-8.075006,-27.505783,-50.110643,-1.804455,2.717326
0.379742,0.673634,0.000000,0.000000,-0.034721,0.041919,-8.072165,-27.505783,-50.110643,-1.803199,2.716014
0.379742,0.673634,0.000000,0.000000,0.042727,-0.016543,-8.074726,-27.505783,-50.110643,-1.801484,2.714296
0.379742,0.673634,0.000000,0.000000,-0.102255,-0.058132,-8.095652,-27.505783,-50.110643,-1.800013,2.712832
0.379742,0.673634,0.000000,0.000000,0.198925,0.014937,-8.092007,-27.505783,-50.110643,-1.798511,2.711301
0.379742,0.673634,0.000000,0.000000,-0.176191,0.025640,-8.100036,-27.505783,-50.110643,-1.796804,2.709677
0.379742,0.673634,0.000000,0.000000,0.086039,-0.005279,-8.096961,-27.505783,-50.110643,-1.795377,2.708214
0.379742,0.673634,0.000000,0.000000,-0.018228,0.032029,-8.102541,-27.505783,-50.110643,-1.793872,2.706720
0.379742,0.673634,0.000000,0.000000,0.051450,-0.049564,-8.106939,-27.505783,-50.110643,-1.792751,2.705603
0.379742,0.673634,0.000000,0.000000,0.002257,-0.001933,-8.105591,-27.505783,-50.110642,-1.790830,2.703735
0.379742,0.673634,0.000000,0.000000,-0.086379,0.064513,-8.107975,-27.505783,-50.110642,-1.789362,2.702306
0.379742,0.673634,0.000000,0.000000,0.021829,-0.005824,-8.111358,-27.505783,-50.110642,-1.787986,2.700932
0.379742,0.673634,0.000000,0.000000,0.009115,-0.027463,-8.113849,-27.505783,-50.110642,-1.786702,2.699674
0.379742,0.673634,0.000000,0.000000,-0.008512,0.003429,-8.116529,-27.505783,-50.110642,-1.785152,2.698159
0.379742,0.673634,0.000000,0.000000,-0.000775,0.011778,-8.121983,-27.505783,-50.110642,-1.783990,2.696999
0.379742,0.673634,0.000000,0.000000,0.005198,-0.007364,-8.130450,-27.505783,-50.110642,-1.782085,2.695149
0.379742,0.673634,0.000000,0.000000,-0.002145,0.003742,-8.130367,-27.505783,-50.110642,-1.780298,2.693404
0.379742,0.673634,0.000000,0.000000,-0.017370,-0.008585,-8.130153,-27.505783,-50.110642,-1.778636,2.691771
0.379742,0.673634,0.000000,0.000000,0.010433,0.004232,-8.134011,-27.505783,-50.110642,-1.777110,2.690242
0.379742,0.673634,0.000000,0.000000,0.002368,-0.001659,-8.146317,-27.505783,-50.110642,-1.775320,2.688478
0.379742,0.673634,0.000000,0.000000,-0.004091,-0.000351,-8.156400,-27.505783,-50.110642,-1.773758,2.686950
0.379742,0.673634,0.000000,0.000000,0.000098,0.000954,-8.169086,-27.505783,-50.110642,-1.771851,2.685054
0.379742,0.673634,0.000000,0.000000,0.004265,-0.000643,-8.174703,-27.505783,-50.110642,-1.770410,2.683635
0.379742,0.673634,0.000000,0.000000,0.038009,-0.071977,-8.179591,-27.505783,-50.110642,-1.769326,2.682565
0.379742,0.673634,0.000000,0.000000,0.079537,-0.050812,-8.193623,-27.505783,-50.110642,-1.767707,2.680922
0.379742,0.673634,0.000000,0.000000,-0.017741,0.017890,-8.216107,-27.505783,-50.110642,-1.766547,2.679775
0.379742,0.673634,0.000000,0.000000,-0.009272,0.059226,-8.227396,-27.505783,-50.110642,-1.763993,2.677184
0.379742,0.673634,0.000000,0.000000,0.118581,-0.009890,-8.221252,-27.505783,-50.110642,-1.763193,2.676356
