-0.000000,0.336803,0.000000,0.000000,0.090191,0.776225,-0.193503,-27.510380,-50.112377,-0.000129,0.315918,0.008558,0.072000,0.1850
-0.000000,0.336803,0.000000,0.000000,0.085533,0.748028,-0.192485,-27.510380,-50.112377,0.000096,0.322294,0.010556,0.090108,0.0400
-0.000000,0.336803,0.000000,0.000000,0.083673,0.719687,-0.190740,-27.510380,-50.112377,0.000283,0.326340,0.012016,0.102963,0.0400
-0.000000,0.336803,0.000000,0.000000,0.081662,0.686974,-0.187332,-27.510380,-50.112377,0.000518,0.330342,0.013615,0.115960,0.0400
-0.000000,0.336803,0.000000,0.000000,0.073230,0.630472,-0.186838,-27.510380,-50.112377,0.000785,0.334238,0.014992,0.127277,0.0620
-0.000000,0.336803,0.000000,0.000000,0.070346,0.614622,-0.185495,-27.510380,-50.112377,0.000996,0.337013,0.015706,0.133986,0.0400
-0.000000,0.336803,0.000000,0.000000,0.070742,0.585193,-0.184808,-27.510380,-50.112377,0.001179,0.339257,0.016293,0.138548,0.0400
-0.000000,0.336803,0.000000,0.000000,0.068448,0.554485,-0.183790,-27.510380,-50.112377,0.001381,0.341642,0.016814,0.141989,0.0400
-0.000000,0.336803,0.000000,0.000000,0.063726,0.522499,-0.182853,-27.510380,-50.112377,0.001575,0.343827,0.017118,0.143786,0.0400
-0.000000,0.336803,0.000000,0.000000,0.054140,0.487866,-0.181566,-27.510380,-50.112377,0.001766,0.345922,0.017036,0.144148,0.0400
-0.000000,0.336803,0.000000,0.000000,0.055582,0.457743,-0.181163,-27.510380,-50.112377,0.001950,0.347932,0.016973,0.142841,0.0400
-0.000000,0.336803,0.000000,0.000000,0.050098,0.423241,-0.181670,-27.510380,-50.112377,0.002092,0.349463,0.016676,0.140675,0.0400
-0.000000,0.336803,0.000000,0.000000,0.044033,0.388224,-0.182177,-27.510380,-50.112377,0.002270,0.351220,0.016438,0.139434,0.0400
-0.000000,0.336803,0.000000,0.000000,0.041487,0.355396,-0.182362,-27.510379,-50.112377,0.002417,0.352696,0.016095,0.137014,0.0410
-0.000000,0.336803,0.000000,0.000000,0.035516,0.266860,-0.179828,-27.510379,-50.112377,0.002978,0.358076,0.014595,0.123434,0.1290
-0.000000,0.336803,0.000000,0.000000,0.022892,0.198108,-0.178446,-27.510379,-50.112377,0.003168,0.359936,0.013188,0.110115,0.1190
-0.000000,0.336803,0.000000,0.000000,0.020449,0.168581,-0.178941,-27.510379,-50.112377,0.003175,0.360117,0.012197,0.101066,0.0430
-0.000000,0.336803,0.000000,0.000000,0.005910,0.039283,-0.183903,-27.510379,-50.112377,0.003263,0.361234,0.007981,0.065929,0.1960
-0.000000,0.336803,0.000000,0.000000,-0.001238,0.000175,-0.183035,-27.510379,-50.112377,0.003126,0.360402,0.004124,0.034221,0.1830
-0.000000,0.336803,0.000000,0.000000,0.000137,-0.000235,-0.182901,-27.510379,-50.112377,0.002790,0.357965,0.001496,0.012685,0.3140
0.189871,0.336803,0.051444,0.000000,-0.001566,-0.000646,-0.182880,-27.510379,-50.112377,0.019463,0.356915,0.018445,0.008391,0.1280
0.189871,0.336803,0.051444,0.000000,0.000302,0.000294,-0.187443,-27.510379,-50.112377,0.046140,0.355211,0.036012,0.003948,0.2450
0.189871,0.336803,0.051444,0.000000,0.000868,0.000129,-0.187730,-27.510379,-50.112377,0.064386,0.354033,0.042812,0.002249,0.1950
0.189871,0.336803,0.051444,0.000000,0.000263,-0.000982,-0.187749,-27.510379,-50.112377,0.069496,0.353674,0.044248,0.001861,0.0400
0.189871,0.336803,0.051444,0.000000,-0.000273,-0.000817,-0.187236,-27.510379,-50.112377,0.087536,0.352531,0.047757,0.000952,0.1850
0.189871,0.336803,0.000000,0.000000,0.001373,0.000844,-0.185568,-27.510379,-50.112376,0.107651,0.351012,0.034314,0.000395,0.2820
0.189871,0.336803,0.000000,0.000000,-0.000036,-0.000568,-0.188238,-27.510379,-50.112376,0.113206,0.350158,0.017537,0.000198,0.2440
0.189871,0.336803,0.000000,0.000000,0.000304,-0.000161,-0.187816,-27.510379,-50.112376,0.115218,0.349818,0.013118,0.000130,0.0870
0.189871,0.336803,0.000000,0.000000,0.000213,0.000494,-0.189669,-27.510379,-50.112376,0.116616,0.349578,0.010686,0.000114,0.0400
0.189871,0.336803,0.000000,0.000000,-0.000951,0.000113,-0.190778,-27.510379,-50.112376,0.121157,0.348819,0.005198,0.000064,0.2200
0.189871,0.336803,0.000000,0.000000,-0.001854,-0.000530,-0.191832,-27.510379,-50.112376,0.121931,0.348687,0.004547,0.000052,0.0600
0.189871,0.336803,0.000000,0.000000,-0.003167,-0.001217,-0.191819,-27.510379,-50.112376,0.123381,0.348437,0.003504,0.000043,0.0810
0.189871,0.336803,0.000000,0.000000,-0.000522,0.000694,-0.192500,-27.510379,-50.112376,0.124327,0.348271,0.002893,0.000037,0.0410
0.189871,0.336803,0.000000,0.000000,0.000083,-0.000052,-0.193151,-27.510379,-50.112376,0.125340,0.348097,0.002441,0.000007,0.0680
0.189871,0.336803,0.000000,0.000000,0.000113,0.000288,-0.192773,-27.510379,-50.112376,0.126233,0.347941,0.002049,0.000010,0.0400
0.189871,0.336803,0.000000,0.000000,-0.027099,-0.027153,-0.192854,-27.510379,-50.112376,0.126562,0.347884,0.001874,-0.000036,0.0400
-0.000000,0.336803,-0.092600,-0.000000,-0.179470,-0.104907,-0.196885,-27.510379,-50.112376,0.120265,0.347755,-0.037369,-0.002106,0.0640
-0.000000,0.336803,-0.092600,-0.000000,0.327816,0.058874,-0.192918,-27.510379,-50.112376,0.115607,0.347671,-0.049337,-0.001616,0.0440
-0.000000,0.336803,-0.092600,-0.000000,0.022919,0.103040,-0.203201,-27.510379,-50.112376,0.105826,0.347474,-0.064330,-0.001637,0.0800
-0.000000,0.336803,-0.092600,-0.000000,-0.265973,0.086944,-0.197288,-27.510379,-50.112376,0.099123,0.347330,-0.071695,-0.001944,0.0530
-0.000000,0.336803,-0.092600,-0.000000,-0.225631,-0.033228,-0.202089,-27.510379,-50.112376,0.093196,0.347204,-0.079435,-0.001591,0.0540
-0.000000,0.336803,-0.092600,-0.000000,-0.025733,-0.004957,-0.200594,-27.510379,-50.112376,0.087898,0.347090,-0.080574,-0.001474,0.0410
-0.000000,0.336803,-0.092600,-0.000000,-0.118143,-0.025295,-0.199763,-27.510379,-50.112376,0.081206,0.346945,-0.084217,-0.000310,0.0650
-0.000000,0.336803,-0.092600,-0.000000,0.017550,0.015845,-0.194612,-27.510379,-50.112376,0.072499,0.346762,-0.091405,0.000015,0.0790
-0.000000,0.336803,-0.092600,-0.000000,-0.010292,-0.004566,-0.195679,-27.510379,-50.112376,0.066568,0.346630,-0.091107,0.000170,0.0400
-0.000000,0.336803,-0.092600,-0.000000,-0.008071,-0.039296,-0.193226,-27.510379,-50.112376,0.059972,0.346497,-0.090342,-0.001297,0.0670
-0.000000,0.336803,-0.092600,-0.000000,0.058776,-0.029325,-0.200920,-27.510379,-50.112376,0.055500,0.346402,-0.087855,-0.001387,0.0400
-0.000000,0.336803,-0.092600,-0.000000,0.024502,0.006571,-0.199197,-27.510379,-50.112376,0.049682,0.346279,-0.085256,-0.001618,0.0550
-0.000000,0.336803,-0.092600,-0.000000,0.120738,-0.009465,-0.193550,-27.510379,-50.112376,0.045409,0.346189,-0.083999,-0.001576,0.0400
-0.000000,0.336803,-0.092600,-0.000000,0.009754,0.011794,-0.201935,-27.510379,-50.112376,0.041600,0.346106,-0.084436,-0.000536,0.0400
-0.000000,0.336803,-0.092600,-0.000000,0.009086,0.010903,-0.201935,-27.510379,-50.112376,0.041600,0.346106,-0.084436,-0.000536,0.0400
-0.000000,0.336803,-0.092600,-0.000000,-0.275707,0.052731,-0.183367,-27.510379,-50.112376,0.032763,0.346003,-0.100853,-0.000691,0.0400
-0.000000,0.336803,-0.092600,-0.000000,0.095101,-0.021092,-0.178811,-27.510379,-50.112376,0.027818,0.345895,-0.100793,0.000337,0.0520
-0.000000,0.336803,-0.092600,-0.000000,0.120948,-0.017741,-0.180599,-27.510379,-50.112376,0.022778,0.345783,-0.092857,-0.000393,0.0400
-0.000000,0.336803,0.000000,0.000000,-0.091482,0.039866,-0.186571,-27.510379,-50.112377,0.022136,0.345620,-0.056591,-0.000566,0.0990
-0.000000,0.336803,0.000000,0.000000,-0.269346,0.095722,-0.185932,-27.510379,-50.112377,0.022042,0.345499,-0.046124,0.001943,0.0660
-0.000000,0.336803,0.000000,0.000000,-0.191478,0.003846,-0.181501,-27.510379,-50.112377,0.022105,0.345407,-0.047739,0.002805,0.0400
-0.000000,0.336803,0.000000,0.000000,-0.031778,0.034958,-0.186494,-27.510379,-50.112377,0.021972,0.345331,-0.045126,0.003314,0.0410
-0.000000,0.336803,0.000000,0.000000,0.132341,0.008183,-0.187998,-27.510379,-50.112377,0.021849,0.345262,-0.037274,0.000885,0.0420
-0.000000,0.336803,0.000000,0.000000,0.145391,0.040836,-0.186621,-27.510379,-50.112377,0.021758,0.345169,-0.024816,0.001186,0.0400
-0.000000,0.336803,0.000000,0.000000,0.087614,-0.015810,-0.192453,-27.510379,-50.112377,0.021689,0.345135,-0.020972,0.001109,0.0400
-0.000000,0.336803,0.000000,0.000000,0.087614,-0.015810,-0.192453,-27.510379,-50.112377,0.021689,0.345135,-0.020972,0.001109,0.0400
-0.000000,0.336803,0.000000,0.000000,0.087614,-0.015810,-0.192453,-27.510379,-50.112377,0.021689,0.345135,-0.020972,0.001109,0.0630
-0.000000,0.336803,0.000000,0.000000,0.164492,0.015896,-0.166979,-27.510379,-50.112377,0.019790,0.345161,-0.001245,0.000493,0.0790
-0.000000,0.336803,0.000000,0.000000,0.075691,0.014675,-0.171145,-27.510379,-50.112377,0.019361,0.345057,0.008495,0.000368,0.0500
-0.000000,0.336803,0.000000,0.000000,0.059804,-0.039357,-0.167060,-27.510379,-50.112377,0.018829,0.344903,0.003542,-0.000703,0.0880
-0.000000,0.336803,0.000000,0.000000,0.087861,0.024082,-0.169994,-27.510379,-50.112377,0.018594,0.344834,0.004425,-0.000428,0.0610
-0.000000,0.336803,0.000000,0.000000,0.075122,0.021791,-0.168312,-27.510379,-50.112377,0.018386,0.344764,0.005704,0.000356,0.0470
-0.000000,0.336803,0.000000,0.000000,0.223918,-0.094218,-0.169626,-27.510379,-50.112377,0.018193,0.344685,0.003728,0.000587,0.0470
-0.000000,0.336803,0.000000,0.000000,-0.081643,0.065529,-0.168226,-27.510379,-50.112377,0.018015,0.344611,0.002615,0.001494,0.0400
-0.000000,0.336803,0.000000,0.000000,0.354189,-0.003956,-0.170301,-27.510379,-50.112377,0.017823,0.344544,0.017095,-0.001140,0.0580
-0.000000,0.336803,0.000000,0.000000,-0.072879,-0.050101,-0.167538,-27.510379,-50.112377,0.017573,0.344494,0.026392,-0.001455,0.0400
-0.000000,0.336803,0.000000,0.000000,-0.033926,-0.045915,-0.166487,-27.510379,-50.112377,0.017330,0.344439,0.021147,-0.002591,0.0400
-0.000000,0.336803,0.000000,0.000000,-0.055813,-0.070597,-0.166487,-27.510379,-50.112377,0.017330,0.344439,0.021147,-0.002591,0.0400
-0.000000,0.336803,0.000000,0.000000,-0.055813,-0.070597,-0.166487,-27.510379,-50.112377,0.017330,0.344439,0.021147,-0.002591,0.0400
-0.000000,0.336803,0.000000,0.000000,0.043138,0.248827,-0.172618,-27.510379,-50.112377,0.018440,0.344008,0.003546,0.002507,0.0700
-0.000000,0.336803,0.000000,0.000000,0.082398,0.030106,-0.162307,-27.510379,-50.112377,0.018177,0.343826,0.004786,0.004488,0.0400
-0.000000,0.336803,0.000000,0.000000,-0.237829,-0.012112,-0.125407,-27.510379,-50.112377,0.018074,0.343829,0.001101,0.004097,0.0400
-0.000000,0.336803,0.000000,0.000000,-0.077748,0.145520,-0.066670,-27.510379,-50.112377,0.017835,0.343645,0.002661,0.007968,0.0570
-0.000000,0.336803,0.000000,0.000000,-0.056165,0.140944,0.034810,-27.510379,-50.112377,0.017610,0.343329,0.001032,0.012588,0.0400
-0.000000,0.336803,0.000000,0.000000,-0.175842,0.150819,0.150541,-27.510379,-50.112377,0.017466,0.343181,-0.004802,0.017488,0.0630
-0.000000,0.336803,0.000000,0.000000,-0.244899,0.152891,0.429702,-27.510379,-50.112377,0.017261,0.342791,-0.018197,0.022866,0.1240
-0.000000,0.336803,0.000000,0.000000,0.003883,0.074698,0.268858,-27.510379,-50.112377,0.017236,0.342632,-0.020660,0.021041,0.0430
-0.000000,0.336803,0.000000,0.000000,0.051167,-0.019623,-0.319883,-27.510379,-50.112377,0.017156,0.342538,-0.021662,0.016739,0.0490
-0.000000,0.336803,0.000000,0.000000,-0.367130,0.026284,-6.508335,-27.510379,-50.112377,0.016701,0.342349,-0.034057,0.014806,0.1400
-0.000000,0.336803,0.000000,0.000000,-0.039520,0.072134,-23.903917,-27.510380,-50.112379,0.015346,0.342296,-0.024330,0.013622,0.3700
-0.000000,0.336803,0.000000,0.000000,-0.022034,0.049355,-31.740568,-27.510380,-50.112379,0.014830,0.342239,-0.011663,-0.002135,0.1820
-0.000000,0.336803,0.000000,0.000000,0.652033,0.565666,-39.476860,-27.510380,-50.112379,0.014446,0.342091,0.043780,0.037013,0.1400
-0.000000,0.336803,0.000000,0.000000,1.236412,0.151261,-51.282791,-27.510380,-50.112379,0.015635,0.343575,0.238217,0.159959,0.2720
-0.000000,0.336803,0.000000,0.000000,0.880050,-1.094543,-52.891148,-27.510380,-50.112379,0.017285,0.344326,0.254572,-0.019025,0.1650
-0.000000,-0.000000,0.000000,-0.169767,0.963428,-0.958467,-53.144695,-27.510380,-50.112380,0.018096,0.340702,0.256297,-0.074874,0.0520
-0.000000,-0.000000,0.000000,-0.169767,-0.374407,-2.963990,-55.758152,-27.510380,-50.112380,0.019480,0.285716,0.144908,-0.486904,0.2460
-0.000000,-0.000000,0.000000,-0.169767,0.204917,-0.595015,-61.060715,-27.510380,-50.112380,0.020061,0.219283,0.078267,-0.517618,0.3080
-0.000000,-0.000000,0.000000,-0.169767,-0.128835,0.109943,-62.106239,-27.510380,-50.112380,0.019688,0.146360,0.027282,-0.303722,0.3830
-0.000000,0.336803,-0.000000,0.334389,0.404374,-0.075994,-62.478874,-27.510379,-50.112377,0.019199,0.223676,0.038841,0.066337,0.3020
-0.000000,0.336803,-0.000000,0.334389,0.137302,0.051157,-62.450222,-27.510379,-50.112377,0.018964,0.269117,0.046377,0.163935,0.0700
-0.000000,0.336803,-0.000000,0.334389,0.520853,-1.363407,-62.287003,-27.510379,-50.112377,0.018855,0.389440,0.082691,0.083615,0.3730
-0.000000,0.336803,-0.000000,0.334389,0.463711,-1.305809,-64.638481,-27.510379,-50.112377,0.019399,0.458199,0.137714,-0.043714,0.2590
0.379741,0.673606,0.534977,0.474485,-0.348135,0.382848,-65.023003,-27.510375,-50.112372,0.147975,0.576876,0.330166,0.224468,0.2170
0.379741,0.673606,0.534977,0.474485,-0.502615,1.097997,-64.972153,-27.510375,-50.112372,0.225398,0.643852,0.361864,0.423360,0.1880
0.379741,0.673606,0.534977,0.474485,-0.443182,1.103037,-64.900932,-27.510375,-50.112372,0.269981,0.682747,0.366394,0.518216,0.0820
0.379741,0.673606,0.534977,0.474485,-0.589059,1.103529,-65.142647,-27.510375,-50.112372,0.337049,0.741090,0.375048,0.621401,0.1240
0.379741,0.673606,0.534977,0.474485,-0.389441,1.201793,-69.609482,-27.510375,-50.112372,0.451335,0.841918,0.366753,0.728395,0.1760
1.139224,1.347211,0.812087,0.720262,-0.423552,0.319806,-70.649971,-27.510370,-50.112364,0.651910,1.021643,0.492186,0.788925,0.3470
1.139224,1.347211,0.812087,0.720262,0.720051,-0.532912,-70.854965,-27.510370,-50.112364,0.801059,1.154770,0.652319,0.749266,0.1900
1.139224,1.347211,0.812087,0.720262,0.719655,-0.731859,-71.033089,-27.510370,-50.112364,0.929821,1.267727,0.811220,0.649320,0.1440
1.139224,1.347211,0.812087,0.720262,0.420025,-1.039230,-71.270081,-27.510370,-50.112364,1.149310,1.459013,0.896011,0.526712,0.2440
1.139224,1.347211,0.812087,0.720262,0.308517,-0.953964,-71.267235,-27.510370,-50.112364,1.312113,1.599937,0.899656,0.486540,0.2330
1.708835,2.020817,0.501589,0.593164,0.028102,-0.816212,-71.124710,-27.510365,-50.112362,1.478809,1.772298,0.727852,0.404033,0.2410
1.708835,2.020817,0.501589,0.593164,0.062710,-0.883801,-71.035774,-27.510365,-50.112362,1.572644,1.880306,0.643082,0.366751,0.1890
1.708835,2.020817,0.501589,0.593164,-0.418956,0.454591,-71.093636,-27.510365,-50.112362,1.684284,2.009486,0.562271,0.462918,0.2400
1.708835,2.020817,0.501589,0.593164,-0.189326,0.745638,-71.266151,-27.510365,-50.112362,1.784273,2.126937,0.498902,0.608845,0.1430
2.468318,3.031225,1.066405,1.418736,-0.578662,0.816546,-71.317284,-27.510358,-50.112350,1.996990,2.395451,0.566083,1.036808,0.3500
2.468318,3.031225,1.066405,1.418736,-0.190751,0.363375,-71.333588,-27.510358,-50.112350,2.109391,2.545604,0.677038,1.207408,0.1190
2.468318,3.031225,1.066405,1.418736,0.077738,0.474153,-71.436340,-27.510358,-50.112350,2.405774,2.941703,0.903708,1.430709,0.2410
2.468318,3.031225,1.066405,1.418736,0.116270,0.332901,-71.502304,-27.510358,-50.112350,2.622661,3.231783,1.017338,1.482518,0.2180
2.468318,3.031225,1.066405,1.418736,0.017346,-0.361688,-71.479057,-27.510358,-50.112350,2.854354,3.540744,1.048819,1.422081,0.2350
3.417671,4.378437,0.960122,1.362493,0.151520,-0.655585,-71.463982,-27.510349,-50.112336,2.994253,3.730642,1.053935,1.353413,0.1240
3.417671,4.378437,0.960122,1.362493,-0.094536,0.122447,-71.424942,-27.510349,-50.112336,3.282522,4.139761,0.992693,1.342881,0.2860
3.417671,4.378437,0.960122,1.362493,-0.028619,-0.245838,-71.421173,-27.510349,-50.112336,3.434074,4.355160,0.967288,1.352112,0.1830
3.417671,4.378437,0.960122,1.362493,0.033926,0.631976,-71.391319,-27.510349,-50.112336,3.585622,4.570702,0.966114,1.363205,0.1590
3.417671,4.378437,0.960122,1.362493,0.091344,-0.218033,-71.326889,-27.510349,-50.112336,3.736270,4.785045,0.973664,1.369705,0.1520
4.177153,5.725648,0.730117,1.295121,-0.076057,0.045402,-71.351105,-27.510341,-50.112324,3.975076,5.148019,0.909316,1.345768,0.2630
4.177153,5.725648,0.730117,1.295121,-0.048204,0.187834,-71.361214,-27.510341,-50.112324,4.080135,5.335770,0.850178,1.318659,0.1540
4.177153,5.725648,0.730117,1.295121,-0.182856,0.067961,-71.358658,-27.510341,-50.112324,4.214998,5.577802,0.789188,1.328243,0.1690
4.177153,5.725648,0.730117,1.295121,0.439328,0.349235,-71.236946,-27.510341,-50.112324,4.419635,5.945062,0.790088,1.362021,0.2970
4.177153,5.725648,0.730117,1.295121,0.320802,0.304381,-71.172127,-27.510341,-50.112324,4.477183,6.048372,0.798060,1.371838,0.0870
4.177153,5.725648,0.730117,1.295121,0.457818,0.178943,-71.148895,-27.510341,-50.112324,4.507929,6.103798,0.801574,1.379450,0.0410
4.177153,5.725648,0.730117,1.295121,0.465175,0.529176,-71.145462,-27.510341,-50.112324,4.517041,6.120198,0.804372,1.381856,0.0400
4.177153,5.725648,0.730117,1.295121,0.465175,0.529176,-71.145462,-27.510341,-50.112324,4.517041,6.120198,0.804372,1.381856,0.0410
4.177153,5.725648,0.730117,1.295121,-0.061844,0.079899,-71.142838,-27.510341,-50.112324,4.616041,6.293572,0.767056,1.348412,0.0520
5.316377,7.072860,1.069614,1.264893,0.225800,-0.111823,-71.136864,-27.510332,-50.112310,4.646610,6.346420,0.758651,1.329570,0.0430
5.316377,7.072860,1.069614,1.264893,-0.146038,-0.179513,-71.138023,-27.510332,-50.112310,4.700132,6.402256,0.855886,1.303231,0.0400
5.316377,7.072860,1.069614,1.264893,-0.121418,-0.127247,-71.154022,-27.510332,-50.112310,4.766101,6.484162,0.906833,1.285986,0.0590
5.316377,7.072860,1.069614,1.264893,-0.033349,-0.186730,-71.153290,-27.510332,-50.112310,4.818017,6.542702,0.940804,1.279892,0.0460
5.316377,7.072860,1.069614,1.264893,0.003378,-0.588102,-71.122429,-27.510332,-50.112310,4.953452,6.699862,0.989400,1.234427,0.1190
5.316377,7.072860,1.069614,1.264893,-0.116037,-0.932735,-71.107925,-27.510332,-50.112310,5.012806,6.769765,1.001824,1.194367,0.0570
5.316377,7.072860,1.069614,1.264893,-0.042590,-0.969144,-71.093262,-27.510332,-50.112310,5.061355,6.827110,1.008888,1.166914,0.0400
5.316377,7.072860,1.069614,1.264893,0.126482,-1.148827,-71.085587,-27.510332,-50.112310,5.121077,6.897609,1.022913,1.134793,0.0500
5.316377,7.072860,1.069614,1.264893,0.033797,-1.003713,-71.084999,-27.510332,-50.112310,5.163347,6.947695,1.032148,1.112400,0.0430
5.316377,7.072860,1.069614,1.264893,0.170993,-1.116106,-71.086632,-27.510332,-50.112310,5.215439,7.010206,1.045684,1.090421,0.0400
5.316377,7.072860,1.069614,1.264893,-0.079067,-0.937017,-71.090164,-27.510332,-50.112310,5.226250,7.023181,1.046239,1.087428,0.0400
5.316377,7.072860,1.069614,1.264893,-0.079067,-0.937017,-71.139877,-27.510332,-50.112310,5.315418,7.116305,1.046178,1.055022,0.0400
5.316377,7.072860,1.069614,1.264893,-0.033005,-0.841923,-71.180260,-27.510332,-50.112310,5.371390,7.187099,1.061916,1.144185,0.0570
5.316377,7.072860,1.069614,1.264893,0.046546,-0.715309,-71.224213,-27.510332,-50.112310,5.418303,7.244970,1.065733,1.163290,0.0400
5.316377,7.072860,1.069614,1.264893,0.210679,-0.914330,-71.248268,-27.510332,-50.112310,5.439518,7.271004,1.068949,1.163979,0.0400
5.316377,7.072860,1.069614,1.264893,0.210679,-0.914328,-71.248268,-27.510332,-50.112310,5.439518,7.271004,1.068949,1.163979,0.0400
5.316377,7.072860,1.069614,1.264893,0.208984,-0.916782,-71.283447,-27.510332,-50.112310,5.583690,7.430850,1.073930,1.151316,0.0410
5.316377,7.072860,1.069614,1.264893,0.112100,-0.980082,-71.304626,-27.510332,-50.112310,5.628535,7.488909,1.077376,1.185705,0.0580
5.316377,7.072860,1.069614,1.264893,0.126146,-1.005214,-71.343857,-27.510332,-50.112310,5.685686,7.559993,1.075467,1.179945,0.0400
5.316377,7.072860,1.069614,1.264893,-0.424437,-1.015372,-71.362991,-27.510323,-50.112295,5.703305,7.581626,1.076812,1.175729,0.0400
6.455600,8.420073,1.129406,1.335602,-1.302497,-1.307843,-71.467674,-27.510323,-50.112295,5.798306,7.690737,1.038399,1.171789,0.0480
6.455600,8.420073,1.129406,1.335602,-1.258316,-0.856120,-71.513557,-27.510323,-50.112295,5.850004,7.752682,1.032206,1.194385,0.0410
6.455600,8.420073,1.129406,1.335602,-0.661544,-1.171252,-71.557785,-27.510323,-50.112295,5.914515,7.829265,1.029841,1.191562,0.0400
6.455600,8.420073,1.129406,1.335602,-0.660413,-1.089317,-71.557785,-27.510323,-50.112295,5.914515,7.829265,1.029841,1.191562,0.0400
6.455600,8.420073,1.129406,1.335602,-0.660413,-1.089317,-71.557785,-27.510323,-50.112295,5.914515,7.829265,1.029841,1.191562,0.0420
6.455600,8.420073,1.129406,1.335602,-0.660413,-1.089317,-71.557785,-27.510323,-50.112295,5.914515,7.829265,1.029841,1.191562,0.0400
6.455600,8.420073,1.129406,1.335602,-0.660413,-1.089317,-71.807228,-27.510323,-50.112295,6.126058,8.078585,1.074824,1.294106,0.0400
6.455600,8.420073,1.129406,1.335602,-0.262410,0.808446,-71.784782,-27.510323,-50.112295,6.182983,8.141455,1.105208,1.347057,0.0550
6.455600,8.420073,1.129406,1.335602,0.146900,1.088320,-71.743988,-27.510323,-50.112295,6.239306,8.204687,1.118978,1.378323,0.0400
6.455600,8.420073,1.129406,1.335602,0.517380,1.016991,-71.703445,-27.510323,-50.112295,6.273684,8.243789,1.135464,1.393380,0.0400
6.455600,8.420073,1.129406,1.335602,0.481978,1.049800,-71.703445,-27.510323,-50.112295,6.273684,8.243789,1.135464,1.393380,0.0400
6.455600,8.420073,1.129406,1.335602,0.481978,1.049800,-71.703445,-27.510323,-50.112295,6.273684,8.243789,1.135464,1.393380,0.0580
6.455600,8.420073,1.129406,1.335602,0.481978,1.049800,-71.703445,-27.510323,-50.112295,6.273684,8.243789,1.135464,1.393380,0.0400
6.455600,8.420073,1.129406,1.335602,0.481978,1.049800,-71.703445,-27.510323,-50.112295,6.273684,8.243789,1.135464,1.393380,0.0400
6.455600,8.420073,1.129406,1.335602,0.481978,1.049800,-71.703445,-27.510323,-50.112295,6.273684,8.243789,1.135464,1.393380,0.0400
6.455600,8.420073,1.129406,1.335602,0.481978,1.049800,-71.703445,-27.510323,-50.112295,6.273684,8.243789,1.135464,1.393380,0.0400
6.455600,8.420073,1.129406,1.335602,-0.133156,0.801202,-71.407158,-27.510323,-50.112295,6.730444,8.794823,1.122405,1.364274,0.0400
6.455600,8.420073,1.129406,1.335602,-0.389699,0.907883,-71.388977,-27.510323,-50.112295,6.785974,8.853075,1.119582,1.368261,0.0410
6.455600,8.420073,1.129406,1.335602,-0.464007,0.773220,-71.375458,-27.510323,-50.112295,6.839207,8.909945,1.107794,1.383358,0.0400
6.455600,8.420073,1.129406,1.335602,-0.524973,0.782206,-71.373123,-27.510310,-50.112275,6.842587,8.913747,1.106638,1.384788,0.0400
6.455600,8.420073,1.129406,1.335602,-0.524973,0.782206,-71.373123,-27.510310,-50.112275,6.842587,8.913747,1.106638,1.384788,0.0400
7.594824,10.440890,1.215177,2.155548,-0.527250,0.776764,-71.349739,-27.510310,-50.112275,7.022184,9.187519,1.138575,1.910406,0.0400
7.594824,10.440890,1.215177,2.155548,-0.950848,0.870063,-71.331589,-27.510310,-50.112275,7.082117,9.297802,1.165128,2.084645,0.0550
7.594824,10.440890,1.215177,2.155548,-0.899244,0.783321,-71.286591,-27.510310,-50.112275,7.150340,9.416502,1.154115,2.144671,0.0400
7.594824,10.440890,1.215177,2.155548,-0.587737,1.071825,-71.227966,-27.510310,-50.112275,7.211289,9.524378,1.152567,2.210028,0.0410
7.594824,10.440890,1.215177,2.155548,0.374199,1.514382,-71.147408,-27.510310,-50.112275,7.284219,9.650700,1.196710,2.271160,0.0550
7.594824,10.440890,1.215177,2.155548,0.363239,1.591215,-71.092850,-27.510310,-50.112275,7.353530,9.771740,1.221416,2.307429,0.0400
7.594824,10.440890,1.215177,2.155548,0.151264,1.090607,-71.075638,-27.510310,-50.112275,7.419797,9.888504,1.230894,2.329778,0.0590
7.594824,10.440890,1.215177,2.155548,-0.326043,1.354593,-71.071327,-27.510310,-50.112275,7.484603,10.002004,1.221686,2.358224,0.0400
7.594824,10.440890,1.215177,2.155548,-0.264876,1.374385,-71.088394,-27.510310,-50.112275,7.544260,10.113342,1.202813,2.387540,0.0400
7.594824,10.440890,1.215177,2.155548,-0.587357,1.080272,-71.100929,-27.510310,-50.112275,7.608950,10.226400,1.186364,2.367802,0.0540
7.594824,10.440890,1.215177,2.155548,-0.452858,1.280377,-71.118774,-27.510310,-50.112275,7.661541,10.316808,1.175136,2.368758,0.0400
7.594824,10.440890,1.215177,2.155548,-0.435010,1.030069,-71.129768,-27.510310,-50.112275,7.685959,10.358863,1.170824,2.367787,0.0400
7.594824,10.440890,1.215177,2.155548,-0.658068,1.035376,-71.158058,-27.510310,-50.112275,7.763999,10.509589,1.152966,2.383448,0.0420
7.594824,10.440890,1.215177,2.155548,-0.684599,0.783858,-71.167114,-27.510310,-50.112275,7.825101,10.613519,1.150899,2.335859,0.0470
7.594824,10.440890,1.215177,2.155548,-0.784190,1.342652,-71.170883,-27.510310,-50.112275,7.872621,10.694527,1.143596,2.329280,0.0410
7.594824,10.440890,1.215177,2.155548,-0.562316,1.206448,-71.166443,-27.510310,-50.112275,7.955593,10.840043,1.128090,2.340551,0.0630
7.594824,10.440890,1.215177,2.155548,-0.291686,0.631742,-71.163361,-27.510310,-50.112275,8.005914,10.928094,1.129991,2.339052,0.0490
8.734047,12.124906,1.078072,1.593620,-0.460516,1.162724,-71.144066,-27.510301,-50.112257,8.090637,11.072903,1.114660,2.320744,0.0690
8.734047,12.124906,1.078072,1.593620,-0.190409,1.079470,-71.140244,-27.510301,-50.112257,8.136630,11.139807,1.099025,2.258589,0.0430
8.734047,12.124906,1.078072,1.593620,-0.597220,0.806784,-71.126038,-27.510301,-50.112257,8.186005,11.209800,1.075836,2.189057,0.0400
8.734047,12.124906,1.078072,1.593620,-1.264433,0.619310,-71.123825,-27.510301,-50.112257,8.260592,11.321532,0.997256,2.107309,0.0660
8.734047,12.124906,1.078072,1.593620,-0.884118,0.839675,-71.132774,-27.510301,-50.112257,8.305549,11.385768,0.958953,2.063740,0.0400
8.734047,12.124906,1.078072,1.593620,-0.944993,0.760827,-71.156128,-27.510301,-50.112257,8.345863,11.443866,0.938479,2.033337,0.0400
8.734047,12.124906,1.078072,1.593620,-0.552937,0.532578,-71.188042,-27.510301,-50.112257,8.424274,11.572061,0.919742,1.973716,0.0580
8.734047,12.124906,1.078072,1.593620,-0.466959,0.516703,-71.199753,-27.510301,-50.112257,8.467851,11.634225,0.921351,1.930325,0.0400
8.734047,12.124906,1.078072,1.593620,-0.439673,0.647853,-71.214554,-27.510301,-50.112257,8.508325,11.690978,0.930236,1.895202,0.0400
8.734047,12.124906,1.078072,1.593620,-0.429385,0.661952,-71.214554,-27.510301,-50.112257,8.508325,11.690978,0.930236,1.895202,0.0400
8.734047,12.124906,1.078072,1.593620,-0.429385,0.661952,-71.214554,-27.510301,-50.112257,8.508325,11.690978,0.930236,1.895202,0.0400
8.734047,12.124906,1.078072,1.593620,-0.429385,0.661952,-71.256157,-27.510301,-50.112257,8.682395,12.011753,1.012649,1.735229,0.0430
8.734047,12.124906,1.078072,1.593620,0.054192,0.186919,-71.275795,-27.510301,-50.112257,8.737251,12.077784,1.060967,1.636543,0.0550
8.734047,12.124906,1.078072,1.593620,0.066973,-0.162154,-71.334122,-27.510301,-50.112257,8.791683,12.155513,1.072265,1.614017,0.0400
8.734047,12.124906,1.078072,1.593620,0.060114,-0.097185,-71.364769,-27.510301,-50.112257,8.809973,12.182252,1.074987,1.610226,0.0400
8.734047,12.124906,1.078072,1.593620,0.060114,-0.097185,-71.364769,-27.510301,-50.112257,8.809973,12.182252,1.074987,1.610226,0.0400
8.734047,12.124906,1.078072,1.593620,0.060114,-0.097185,-71.364769,-27.510301,-50.112257,8.809973,12.182252,1.074987,1.610226,0.0400
8.734047,12.124906,1.078072,1.593620,0.060114,-0.097185,-71.364769,-27.510301,-50.112257,8.809973,12.182252,1.074987,1.610226,0.0400
8.734047,12.124906,1.078072,1.593620,0.060114,-0.097185,-71.364769,-27.510301,-50.112257,8.809973,12.182252,1.074987,1.610226,0.0400
8.734047,12.124906,1.078072,1.593620,0.060114,-0.097185,-71.364769,-27.510301,-50.112257,8.809973,12.182252,1.074987,1.610226,0.0400
8.734047,12.124906,1.078072,1.593620,0.060114,-0.097185,-71.364769,-27.510299,-50.112250,8.809973,12.182252,1.074987,1.610226,0.0400
8.923918,12.798512,0.128403,0.455538,0.761600,0.150244,-72.086800,-27.510299,-50.112250,9.032789,12.577144,0.179882,0.499806,0.0570
8.923918,12.798512,0.128403,0.455538,0.840102,0.116817,-72.161491,-27.510299,-50.112250,9.031886,12.596995,0.182265,0.480573,0.0400
8.923918,12.798512,0.128403,0.455538,0.807910,0.209501,-72.207764,-27.510299,-50.112250,9.032514,12.610194,0.189605,0.482225,0.0400
8.923918,12.798512,0.128403,0.455538,0.814826,0.173413,-72.305214,-27.510299,-50.112250,9.041157,12.639089,0.218280,0.487033,0.0400
8.923918,12.798512,0.128403,0.455538,0.975788,0.174156,-72.396347,-27.510299,-50.112250,9.043218,12.665868,0.219707,0.481263,0.0590
8.923918,12.798512,0.128403,0.455538,0.930896,-0.039128,-72.466476,-27.510299,-50.112250,9.045923,12.687346,0.238309,0.483153,0.0480
8.923918,12.798512,0.128403,0.455538,0.526460,0.020568,-72.601036,-27.510299,-50.112250,9.052228,12.732217,0.246447,0.469464,0.0990
8.923918,12.798512,0.128403,0.455538,0.198096,-0.026847,-72.609161,-27.510299,-50.112250,9.052739,12.735854,0.243515,0.468745,0.0400
8.923918,12.798512,0.128403,0.455538,0.198096,-0.026847,-72.609161,-27.510299,-50.112250,9.052739,12.735854,0.243515,0.468745,0.0400
8.923918,12.798512,0.128403,0.455538,0.168207,-0.047006,-72.764229,-27.510299,-50.112250,9.079841,12.796177,0.192821,0.450879,0.0400
8.923918,12.798512,0.128403,0.455538,0.013148,-0.358564,-72.828407,-27.510299,-50.112250,9.083670,12.823185,0.148466,0.443543,0.0570
8.923918,12.798512,0.128403,0.455538,0.017431,-0.383958,-72.882500,-27.510299,-50.112250,9.088958,12.846875,0.139597,0.435439,0.0400
8.923918,12.798512,0.128403,0.455538,-0.127875,-0.239551,-72.922844,-27.510299,-50.112250,9.095679,12.871699,0.131545,0.423864,0.0400
8.923918,12.798512,0.128403,0.455538,-0.293382,-0.264819,-72.944275,-27.510299,-50.112250,9.100984,12.892510,0.117757,0.418134,0.0510
8.923918,12.798512,0.128403,0.455538,-0.457511,-0.376774,-72.969017,-27.510299,-50.112250,9.106940,12.915180,0.102535,0.411585,0.0400
8.923918,12.798512,0.128403,0.455538,-0.271449,-0.495967,-72.974419,-27.510299,-50.112250,9.108181,12.919817,0.101003,0.409509,0.0400
8.923918,12.798512,0.128403,0.455538,-0.625414,-0.429292,-73.063980,-27.510299,-50.112250,9.117514,12.956213,0.080429,0.396488,0.0470
8.923918,12.798512,0.128403,0.455538,-0.560350,-0.429724,-73.100105,-27.510299,-50.112250,9.122381,12.972993,0.074379,0.400511,0.0410
8.354306,13.135315,-0.438398,0.259218,-0.499906,-0.399651,-73.138268,-27.510305,-50.112246,9.114160,12.991253,0.002374,0.375498,0.0400
8.354306,13.135315,-0.438398,0.259218,-0.580255,-0.397624,-73.142792,-27.510305,-50.112246,9.110246,12.992640,-0.017455,0.368955,0.0400
8.354306,13.135315,-0.438398,0.259218,-0.242093,-0.499781,-73.239090,-27.510305,-50.112246,9.080123,13.022993,-0.240482,0.288076,0.0540
8.354306,13.135315,-0.438398,0.259218,-0.267596,-0.410322,-73.272957,-27.510305,-50.112246,9.056562,13.033953,-0.317462,0.263807,0.0400
8.354306,13.135315,-0.438398,0.259218,-0.195133,-0.407184,-73.292152,-27.510305,-50.112246,9.033669,13.045510,-0.358790,0.248160,0.0400
8.354306,13.135315,-0.438398,0.259218,-0.153533,-0.533349,-73.292152,-27.510305,-50.112246,9.033669,13.045510,-0.358790,0.248160,0.0400
8.354306,13.135315,-0.438398,0.259218,-0.153533,-0.533349,-73.292152,-27.510305,-50.112246,9.033669,13.045510,-0.358790,0.248160,0.0400
8.354306,13.135315,-0.438398,0.259218,0.088726,-0.079702,-73.305603,-27.510305,-50.112246,8.966714,13.086461,-0.423500,0.247199,0.0620
8.354306,13.135315,-0.438398,0.259218,0.351537,-0.207615,-73.311394,-27.510305,-50.112246,8.943980,13.098975,-0.424426,0.247999,0.0400
8.354306,13.135315,-0.438398,0.259218,0.422381,-0.218134,-73.336639,-27.510305,-50.112246,8.924165,13.109718,-0.413644,0.246677,0.0400
8.354306,13.135315,-0.438398,0.259218,0.458198,-0.197985,-73.432480,-27.510305,-50.112246,8.893106,13.127919,-0.389438,0.250665,0.0400
8.354306,13.135315,-0.438398,0.259218,0.628621,-0.211528,-73.467926,-27.510305,-50.112246,8.867298,13.141327,-0.384892,0.252502,0.0510
8.354306,13.135315,-0.438398,0.259218,0.919206,-0.017905,-73.492706,-27.510305,-50.112246,8.842935,13.153876,-0.367357,0.253331,0.0400
8.354306,13.135315,-0.438398,0.259218,0.731504,-0.077061,-73.497292,-27.510305,-50.112246,8.837831,13.156480,-0.365295,0.252957,0.0400
8.354306,13.135315,-0.438398,0.259218,0.731504,-0.077061,-73.497292,-27.510305,-50.112246,8.837831,13.156480,-0.365295,0.252957,0.0400
8.354306,13.135315,-0.438398,0.259218,0.957565,0.213305,-73.477707,-27.510305,-50.112246,8.780270,13.192892,-0.353409,0.269913,0.0530
8.354306,13.135315,-0.438398,0.259218,1.209982,0.105242,-73.496643,-27.510305,-50.112246,8.740332,13.210886,-0.351551,0.273831,0.0740
8.354306,13.135315,-0.438398,0.259218,0.951005,0.455320,-73.506569,-27.510305,-50.112246,8.729828,13.215746,-0.346442,0.277388,0.0400
8.354306,13.135315,-0.438398,0.259218,0.922244,-0.018696,-73.397171,-27.510305,-50.112246,8.698088,13.238936,-0.316607,0.271129,0.0550
6.835341,13.135315,-1.425011,-0.000000,1.190789,0.115027,-73.350410,-27.510318,-50.112248,8.662139,13.249813,-0.385785,0.253190,0.0550
6.835341,13.135315,-1.425011,-0.000000,1.035402,-0.001606,-73.308601,-27.510318,-50.112248,8.574914,13.244352,-0.692544,0.167282,0.0400
6.835341,13.135315,-1.425011,-0.000000,0.993851,-0.502817,-73.286331,-27.510318,-50.112248,8.535863,13.242775,-0.782566,0.136915,0.0400
6.835341,13.135315,-1.425011,-0.000000,0.993830,-0.502823,-73.286331,-27.510318,-50.112248,8.535863,13.242775,-0.782566,0.136915,0.0400
6.835341,13.135315,-1.425011,-0.000000,1.019967,-0.243655,-73.115143,-27.510318,-50.112248,8.378548,13.251915,-1.148261,0.050884,0.0400
6.835341,13.135315,-1.425011,-0.000000,0.994413,-0.286823,-73.067093,-27.510318,-50.112248,8.305359,13.250099,-1.247156,0.023930,0.0410
6.835341,13.135315,-1.425011,-0.000000,0.980621,-0.083852,-73.027046,-27.510318,-50.112248,8.218430,13.249071,-1.278730,0.010297,0.0400
6.835341,13.135315,-1.425011,-0.000000,0.810107,-0.104119,-73.024506,-27.510318,-50.112248,8.209989,13.248973,-1.281853,0.009299,0.0400
6.835341,13.135315,-1.425011,-0.000000,0.804558,-0.108362,-73.095169,-27.510318,-50.112248,8.079682,13.248589,-1.305073,-0.025372,0.0400
6.835341,13.135315,-1.425011,-0.000000,-0.071964,-0.355632,-73.170723,-27.510318,-50.112248,7.981750,13.249268,-1.374292,-0.019231,0.0670
6.835341,13.135315,-1.425011,-0.000000,0.105557,-0.319452,-73.279411,-27.510318,-50.112248,7.898825,13.249529,-1.394417,-0.026065,0.0410
6.835341,13.135315,-1.425011,-0.000000,-0.107939,-0.445241,-73.341347,-27.510318,-50.112248,7.795242,13.249644,-1.408589,-0.040900,0.0800
6.835341,13.135315,-1.425011,-0.000000,-0.091783,-0.554692,-73.260849,-27.510318,-50.112248,7.695254,13.249802,-1.422928,-0.062743,0.0400
6.835341,13.135315,-1.425011,-0.000000,-0.074371,-0.119055,-73.354424,-27.510318,-50.112248,7.575417,13.250055,-1.443947,-0.078128,0.0950
6.835341,13.135315,-1.425011,-0.000000,0.303957,-0.019358,-72.959984,-27.510318,-50.112248,7.498817,13.250006,-1.433189,-0.068819,0.0520
6.835341,13.135315,-1.425011,-0.000000,0.372172,-0.175757,-72.055679,-27.510318,-50.112248,7.432696,13.249876,-1.419676,-0.062368,0.0420
6.835341,13.135315,-1.425011,-0.000000,0.451964,0.148120,-70.489502,-27.510318,-50.112248,7.293809,13.249280,-1.391888,-0.038826,0.0880
6.835341,13.135315,0.000000,0.000000,0.996552,0.025656,-69.848457,-27.510318,-50.112248,7.222039,13.248398,-1.038985,-0.004058,0.1170
6.835341,13.135315,0.000000,0.000000,1.019264,0.108116,-69.616348,-27.510318,-50.112248,7.220326,13.247802,-0.721504,0.008470,0.0860
6.835341,13.135315,0.000000,0.000000,1.135813,0.119700,-69.477783,-27.510318,-50.112248,7.222329,13.247285,-0.544257,0.013459,0.0410
6.835341,13.135315,0.000000,0.000000,1.156834,0.209642,-69.273270,-27.510318,-50.112248,7.218828,13.246717,-0.343850,0.021476,0.0820
6.835341,13.135315,0.000000,0.000000,0.556365,0.051662,-69.099770,-27.510318,-50.112248,7.216909,13.246051,-0.194595,0.035927,0.0810
6.835341,13.135315,0.000000,0.000000,1.086694,0.231695,-68.963150,-27.510318,-50.112248,7.214721,13.245474,-0.092335,0.033382,0.0750
6.835341,13.135315,0.000000,0.000000,0.300234,0.143838,-68.771118,-27.510318,-50.112248,7.211171,13.244534,-0.002817,0.023774,0.1260
6.835341,13.135315,0.000000,0.000000,0.172800,-0.058838,-68.664932,-27.510318,-50.112248,7.207788,13.243621,0.016850,0.010154,0.1480
6.835341,13.135315,0.000000,0.000000,-0.189200,-0.073709,-68.633293,-27.510318,-50.112248,7.205752,13.243042,0.015602,0.003228,0.0890
6.835341,13.135315,0.000000,0.000000,-0.103364,0.049101,-68.600906,-27.510318,-50.112248,7.204763,13.242752,0.009303,0.002874,0.0420
6.835341,13.135315,0.000000,0.000000,-0.148275,-0.019961,-68.542885,-27.510318,-50.112248,7.203353,13.242332,0.001362,0.002548,0.0400
6.835341,13.135315,0.000000,0.000000,-0.174481,0.054599,-68.410736,-27.510318,-50.112248,7.200906,13.241639,-0.006959,0.005508,0.0940
4.177153,13.472117,-1.347361,0.170716,-0.024819,-0.206656,-68.278221,-27.510342,-50.112242,7.120188,13.251052,-0.218878,0.032617,0.0910
4.177153,13.472117,-1.347361,0.170716,-0.081104,-0.011183,-68.171997,-27.510342,-50.112242,7.025566,13.262436,-0.422433,0.058503,0.0640
4.177153,13.472117,-1.347361,0.170716,0.249837,-0.020950,-68.068565,-27.510342,-50.112242,6.920284,13.275068,-0.604101,0.080761,0.0410
4.177153,13.472117,-1.347361,0.170716,0.253881,-0.102556,-67.981400,-27.510342,-50.112242,6.841902,13.284524,-0.712966,0.094277,0.0630
4.177153,13.472117,-1.347361,0.170716,0.109803,0.097280,-67.923141,-27.510342,-50.112242,6.765422,13.293684,-0.806680,0.109077,0.0410
4.177153,13.472117,-1.347361,0.170716,0.119871,0.030815,-67.854706,-27.510342,-50.112242,6.677163,13.304340,-0.894789,0.125071,0.0630
4.177153,13.472117,-1.347361,0.170716,0.138222,0.174121,-67.821991,-27.510342,-50.112242,6.608039,13.312612,-0.953121,0.133645,0.0400
4.177153,13.472117,-1.347361,0.170716,0.212431,0.027546,-67.781540,-27.510342,-50.112242,6.525021,13.322632,-1.009850,0.144576,0.0550
4.177153,13.472117,-1.347361,0.170716,0.077751,0.061835,-67.742668,-27.510342,-50.112242,6.449450,13.331684,-1.056601,0.150903,0.0400
4.177153,13.472117,-1.347361,0.170716,0.176194,-0.010393,-67.730560,-27.510342,-50.112242,6.420602,13.335124,-1.072164,0.154057,0.0410
4.177153,13.472117,-1.347361,0.170716,0.176194,-0.010393,-67.730560,-27.510342,-50.112242,6.420602,13.335124,-1.072164,0.154057,0.0400
4.177153,13.472117,-1.347361,0.170716,0.044819,0.007425,-67.693138,-27.510342,-50.112242,6.269288,13.355955,-1.215037,0.172921,0.0400
4.177153,13.472117,-1.347361,0.170716,0.219323,-0.003196,-67.688309,-27.510342,-50.112242,6.198692,13.363801,-1.284516,0.174734,0.0410
4.177153,13.472117,-1.347361,0.170716,0.135467,-0.020144,-67.675285,-27.510342,-50.112242,6.122789,13.372577,-1.305862,0.173787,0.0400
4.177153,13.472117,-1.347361,0.170716,0.090852,-0.016651,-67.670090,-27.510342,-50.112242,6.106378,13.374516,-1.308271,0.173379,0.0400
4.177153,13.472117,-1.347361,0.170716,0.090852,-0.016651,-67.670090,-27.510342,-50.112242,6.106378,13.374516,-1.308271,0.173379,0.0400
4.177153,13.472117,-1.347361,0.170716,0.090852,-0.016651,-67.670090,-27.510342,-50.112242,6.106378,13.374516,-1.308271,0.173379,0.0400
4.177153,13.472117,-1.347361,0.170716,0.090852,-0.016651,-67.670090,-27.510342,-50.112242,6.106378,13.374516,-1.308271,0.173379,0.0400
4.177153,13.472117,-1.347361,0.170716,0.090852,-0.016651,-67.670090,-27.510342,-50.112242,6.106378,13.374516,-1.308271,0.173379,0.0400
4.177153,13.472117,-1.347361,0.170716,0.090852,-0.016651,-67.670090,-27.510356,-50.112234,6.106378,13.374516,-1.308271,0.173379,0.0400
2.848059,14.145723,-1.454635,0.737231,-0.062657,-0.090923,-67.733238,-27.510356,-50.112234,5.644105,13.527376,-1.442256,0.683411,0.0430
2.848059,14.145723,-1.454635,0.737231,0.065549,-0.171689,-67.757866,-27.510356,-50.112234,5.572925,13.565421,-1.448675,0.714360,0.0460
2.848059,14.145723,-1.454635,0.737231,0.141241,-0.129901,-67.782768,-27.510356,-50.112234,5.494823,13.603850,-1.449022,0.719736,0.0400
2.848059,14.145723,-1.454635,0.737231,0.087521,-0.192403,-67.804459,-27.510356,-50.112234,5.373317,13.662644,-1.443421,0.724255,0.0680
2.848059,14.145723,-1.454635,0.737231,-0.102983,0.097036,-67.815857,-27.510356,-50.112234,5.314741,13.690589,-1.448834,0.729511,0.0440
2.848059,14.145723,-1.454635,0.737231,-0.063788,0.042207,-67.819649,-27.510356,-50.112234,5.227011,13.732232,-1.453573,0.732904,0.0430
2.848059,14.145723,-1.454635,0.737231,0.123592,0.022933,-67.819557,-27.510356,-50.112234,5.161385,13.763560,-1.449440,0.729607,0.0410
2.848059,14.145723,-1.454635,0.737231,0.024962,-0.053121,-67.821198,-27.510356,-50.112234,5.086833,13.798865,-1.445299,0.727291,0.0410
2.848059,14.145723,-1.454635,0.737231,0.224275,-0.086750,-67.830215,-27.510356,-50.112234,5.041371,13.820342,-1.444068,0.725957,0.0400
2.848059,14.145723,-1.454635,0.737231,0.201970,0.111660,-67.862297,-27.510356,-50.112234,4.938742,13.871735,-1.434410,0.735278,0.0410
2.848059,14.145723,-1.454635,0.737231,0.041206,-0.176468,-67.877678,-27.510356,-50.112234,4.846330,13.915444,-1.443658,0.736070,0.0570
2.848059,14.145723,-1.454635,0.737231,0.209228,-0.042892,-67.894714,-27.510356,-50.112234,4.780612,13.946377,-1.439344,0.732743,0.0420
2.848059,14.145723,-1.454635,0.737231,-0.252676,0.122601,-67.903366,-27.510356,-50.112234,4.753532,13.959159,-1.441765,0.733996,0.0400
2.848059,14.145723,-1.454635,0.737231,-0.341232,0.080908,-67.949997,-27.510356,-50.112234,4.629461,14.019958,-1.444332,0.726750,0.0530
2.848059,14.145723,-1.454635,0.737231,-0.103534,-0.009400,-67.971893,-27.510356,-50.112234,4.561680,14.052080,-1.453147,0.732889,0.0410
2.848059,14.145723,-1.454635,0.737231,-0.175942,-0.056362,-67.994354,-27.510356,-50.112234,4.497121,14.082627,-1.460777,0.729628,0.0400
2.848059,14.145723,-1.454635,0.737231,-0.161589,-0.026776,-67.994354,-27.510356,-50.112234,4.497121,14.082627,-1.460777,0.729628,0.0400
2.848059,14.145723,-1.454635,0.737231,-0.393621,-0.042506,-68.006851,-27.510356,-50.112234,4.323457,14.168257,-1.469470,0.726930,0.0420
2.848059,14.145723,-1.454635,0.737231,-0.246813,-0.086696,-67.990356,-27.510356,-50.112234,4.252553,14.202400,-1.469480,0.726484,0.0530
1.329094,15.156132,-1.259303,0.837682,-0.126254,-0.067349,-67.916885,-27.510369,-50.112227,4.162167,14.254212,-1.432716,0.747076,0.0620
1.329094,15.156132,-1.259303,0.837682,-0.265639,0.068479,-67.837814,-27.510369,-50.112227,4.099044,14.295444,-1.395811,0.766503,0.0460
1.329094,15.156132,-1.259303,0.837682,-0.327463,0.129326,-67.645386,-27.510369,-50.112227,3.990373,14.364398,-1.354426,0.780656,0.0770
1.329094,15.156132,-1.259303,0.837682,0.129705,-0.088853,-67.491753,-27.510369,-50.112227,3.905287,14.418173,-1.330967,0.790857,0.0510
1.329094,15.156132,-1.259303,0.837682,-0.153848,-0.085799,-67.355247,-27.510369,-50.112227,3.821933,14.470368,-1.307477,0.797566,0.0680
1.329094,15.156132,-1.259303,0.837682,0.241540,-0.136310,-67.259766,-27.510369,-50.112227,3.755158,14.512146,-1.295049,0.799796,0.0400
1.329094,15.156132,-1.259303,0.837682,-0.107586,0.010926,-67.182076,-27.510369,-50.112227,3.698881,14.547240,-1.289311,0.803292,0.0410
1.329094,15.156132,-1.259303,0.837682,0.148933,-0.095790,-67.128036,-27.510369,-50.112227,3.632334,14.588660,-1.275999,0.807169,0.0410
1.329094,15.156132,-1.259303,0.837682,0.252839,-0.034697,-67.102043,-27.510369,-50.112227,3.589961,14.614991,-1.273069,0.811514,0.0400
1.329094,15.156132,-1.259303,0.837682,0.268853,-0.041886,-67.102043,-27.510369,-50.112227,3.589961,14.614991,-1.273069,0.811514,0.0400
1.329094,15.156132,-1.259303,0.837682,0.268853,-0.041886,-67.102043,-27.510369,-50.112227,3.589961,14.614991,-1.273069,0.811514,0.1070
1.329094,15.156132,-1.259303,0.837682,0.268853,-0.041886,-67.102043,-27.510369,-50.112227,3.589961,14.614991,-1.273069,0.811514,0.0400
1.329094,15.156132,-1.259303,0.837682,-0.116802,0.263447,-67.217583,-27.510369,-50.112227,3.240255,14.840851,-1.260938,0.835904,0.0400
1.329094,15.156132,-1.259303,0.837682,0.173320,0.087685,-67.237053,-27.510369,-50.112227,3.179362,14.878403,-1.259014,0.841214,0.0400
1.329094,15.156132,-1.259303,0.837682,-0.036200,0.027315,-67.265503,-27.510369,-50.112227,3.107107,14.922578,-1.258831,0.841529,0.0400
1.329094,15.156132,-1.259303,0.837682,-0.031751,0.365009,-67.269562,-27.510369,-50.112227,3.097510,14.928519,-1.259006,0.841974,0.0400
1.329094,15.156132,-1.259303,0.837682,-0.031751,0.365009,-67.269562,-27.510369,-50.112227,3.097510,14.928519,-1.259006,0.841974,0.0400
1.329094,15.156132,-1.259303,0.837682,-0.031751,0.365009,-67.269562,-27.510369,-50.112227,3.097510,14.928519,-1.259006,0.841974,0.0400
-0.000000,15.829738,-1.312383,0.665136,0.100511,0.017810,-67.474464,-27.510381,-50.112222,2.841869,15.085987,-1.278279,0.775998,0.0490
-0.000000,15.829738,-1.312383,0.665136,0.091274,0.018746,-67.507210,-27.510381,-50.112222,2.780454,15.109317,-1.297056,0.723669,0.0400
-0.000000,15.829738,-1.312383,0.665136,-0.115672,-0.139143,-67.543518,-27.510381,-50.112222,2.708869,15.140789,-1.305771,0.698174,0.0400
-0.000000,15.829738,-1.312383,0.665136,-0.111378,-0.029692,-67.546600,-27.510381,-50.112222,2.701494,15.144244,-1.306577,0.696902,0.0400
-0.000000,15.829738,-1.312383,0.665136,-0.111378,-0.029692,-67.546600,-27.510381,-50.112222,2.701494,15.144244,-1.306577,0.696902,0.0410
-0.000000,15.829738,-1.312383,0.665136,0.134627,-0.018848,-67.601242,-27.510381,-50.112222,2.473015,15.259194,-1.315743,0.679097,0.0730
-0.000000,15.829738,-1.312383,0.665136,0.250190,-0.012262,-67.623611,-27.510381,-50.112222,2.366260,15.309408,-1.303462,0.668774,0.0410
-0.000000,15.829738,-1.312383,0.665136,-0.141667,0.036736,-67.643623,-27.510381,-50.112222,2.288994,15.346207,-1.303520,0.671712,0.0730
-0.000000,15.829738,-1.312383,0.665136,0.010648,-0.020515,-67.669693,-27.510381,-50.112222,2.212329,15.382392,-1.307408,0.669922,0.0400
-0.000000,15.829738,-1.312383,0.665136,0.190838,0.167112,-67.699600,-27.510381,-50.112222,2.126863,15.423187,-1.304074,0.666091,0.0580
-0.000000,15.829738,-1.312383,0.665136,0.026891,0.032571,-67.708527,-27.510381,-50.112222,2.067115,15.451511,-1.302453,0.670228,0.0400
-0.000000,15.829738,-1.312383,0.665136,0.058070,-0.091546,-67.710503,-27.510381,-50.112222,2.008534,15.479137,-1.301685,0.668378,0.0400
-0.000000,15.829738,-1.312383,0.665136,0.056301,-0.093267,-67.710503,-27.510381,-50.112222,2.008534,15.479137,-1.301685,0.668378,0.0400
-0.000000,15.829738,-1.312383,0.665136,0.056301,-0.093267,-67.710503,-27.510381,-50.112222,2.008534,15.479137,-1.301685,0.668378,0.0400
-0.000000,15.829738,-1.312383,0.665136,0.056301,-0.093267,-67.710503,-27.510381,-50.112222,2.008534,15.479137,-1.301685,0.668378,0.0400
-0.000000,15.829738,-1.312383,0.665136,0.056301,-0.093267,-67.710503,-27.510381,-50.112222,2.008534,15.479137,-1.301685,0.668378,0.0400
-0.000000,15.829738,-1.312383,0.665136,0.056301,-0.093267,-67.710503,-27.510381,-50.112222,2.008534,15.479137,-1.301685,0.668378,0.0400
-0.000000,15.829738,-1.312383,0.665136,0.056301,-0.093267,-67.645264,-27.510381,-50.112222,1.569568,15.702691,-1.310258,0.664572,0.0400
-0.000000,15.829738,-1.312383,0.665136,0.056586,0.124701,-67.619263,-27.510381,-50.112222,1.493301,15.739556,-1.311089,0.659899,0.0620
-1.139224,16.503344,-1.208915,0.714813,-0.025034,-0.128859,-67.591080,-27.510390,-50.112212,1.426072,15.779041,-1.284642,0.673290,0.0400
-1.139224,16.503344,-1.208915,0.714813,0.082311,-0.108066,-67.556587,-27.510390,-50.112212,1.356195,15.820449,-1.262809,0.683321,0.0400
-1.139224,16.503344,-1.208915,0.714813,-0.053589,0.119185,-67.525429,-27.510390,-50.112212,1.277860,15.866332,-1.249291,0.691579,0.0610
-1.139224,16.503344,-1.208915,0.714813,-0.196228,-0.066486,-67.555130,-27.510390,-50.112212,0.984971,16.031710,-1.229607,0.695688,0.1860
-1.139224,16.503344,-1.208915,0.714813,-0.218871,-0.061025,-67.570259,-27.510390,-50.112212,0.894156,16.082471,-1.229286,0.696398,0.0980
-1.139224,16.503344,-1.208915,0.714813,0.024032,-0.218909,-67.601944,-27.510390,-50.112212,0.718454,16.180391,-1.230328,0.698071,0.1030
-1.139224,16.503344,-1.208915,0.714813,-0.002713,-0.000056,-67.690384,-27.510390,-50.112212,0.301079,16.412609,-1.236277,0.701308,0.3200
-2.278448,17.176949,-1.217772,0.720050,0.132374,0.123488,-67.677856,-27.510401,-50.112205,0.056351,16.548855,-1.236545,0.707959,0.2150
-2.278448,17.176949,-1.217772,0.720050,0.624811,-0.050326,-67.669571,-27.510401,-50.112205,-0.013323,16.587609,-1.219755,0.712631,0.0530
-2.278448,17.176949,-1.217772,0.720050,0.155784,0.229411,-67.936424,-27.510401,-50.112205,-0.467260,16.841038,-1.150350,0.727089,0.3150
-2.278448,17.176949,-1.217772,0.720050,-0.154448,-0.081757,-67.959572,-27.510401,-50.112205,-0.782830,17.017377,-1.162040,0.730232,0.2570
-2.278448,17.176949,-1.217772,0.720050,0.422331,0.166629,-67.887169,-27.510401,-50.112205,-0.876826,17.069794,-1.167072,0.730263,0.0720
-2.278448,17.176949,-1.217772,0.720050,1.375121,0.338555,-67.788521,-27.510401,-50.112205,-0.979758,17.127044,-1.110764,0.743076,0.0770
-2.278448,17.176949,-1.217772,0.720050,1.221172,0.308527,-67.753571,-27.510401,-50.112205,-1.057396,17.170343,-1.060671,0.765023,0.0630
-3.607542,18.187357,-0.958317,0.728535,0.502813,-0.032117,-67.760468,-27.510411,-50.112199,-1.213038,17.263226,-1.006940,0.776080,0.1270
-3.607542,18.187357,-0.958317,0.728535,0.922309,-0.099371,-67.781387,-27.510411,-50.112199,-1.284547,17.314126,-0.958585,0.779366,0.0660
-3.607542,18.187357,-0.958317,0.728535,0.808129,0.221893,-67.792007,-27.510411,-50.112199,-1.334109,17.349234,-0.921527,0.783012,0.0400
-3.607542,18.187357,-0.958317,0.728535,0.709058,0.162119,-67.801933,-27.510411,-50.112199,-1.400964,17.396707,-0.891370,0.780210,0.0610
-3.607542,18.187357,-0.958317,0.728535,0.632735,-0.066847,-67.801071,-27.510411,-50.112199,-1.449288,17.430844,-0.874226,0.774565,0.0430
-3.607542,18.187357,-0.958317,0.728535,0.412565,0.024840,-67.804977,-27.510411,-50.112199,-1.514737,17.477271,-0.865164,0.767880,0.0400
-3.607542,18.187357,-0.958317,0.728535,0.092856,0.038656,-67.789284,-27.510411,-50.112199,-1.564405,17.512737,-0.865202,0.762149,0.0530
-3.607542,18.187357,-0.958317,0.728535,0.177341,-0.176299,-67.781586,-27.510411,-50.112199,-1.623669,17.554311,-0.874683,0.751023,0.0400
-3.607542,18.187357,-0.958317,0.728535,-0.242383,0.023305,-67.838669,-27.510411,-50.112199,-1.691998,17.605265,-0.887661,0.747414,0.0690
-3.607542,18.187357,-0.958317,0.728535,0.086155,-0.185190,-67.911270,-27.510411,-50.112199,-1.738604,17.638088,-0.901220,0.740370,0.0400
-3.607542,18.187357,-0.958317,0.728535,0.110786,-0.046008,-67.996910,-27.510411,-50.112199,-1.777930,17.665602,-0.907533,0.733025,0.0400
-3.607542,18.187357,-0.958317,0.728535,-0.382052,0.196887,-68.255608,-27.510411,-50.112199,-1.873916,17.736100,-0.917532,0.748352,0.0800
-3.607542,18.187357,-0.958317,0.728535,-1.275543,-0.463390,-68.374596,-27.510411,-50.112199,-1.920845,17.769277,-0.956486,0.734144,0.0470
-3.607542,18.187357,-0.958317,0.728535,-1.169423,-0.473918,-68.496552,-27.510411,-50.112199,-1.988093,17.817397,-1.027562,0.709603,0.0610
-3.607542,18.187357,-0.958317,0.728535,-1.051898,-0.184072,-68.543129,-27.510411,-50.112199,-2.036410,17.852118,-1.062745,0.700242,0.0420
-3.607542,18.187357,-0.958317,0.728535,-0.607187,-0.148391,-68.552597,-27.510411,-50.112199,-2.146206,17.930341,-1.095083,0.689441,0.0950
-3.607542,18.187357,-0.958317,0.728535,-0.519636,-0.077586,-68.533768,-27.510411,-50.112199,-2.179503,17.954146,-1.094688,0.690290,0.0440
-3.607542,18.187357,-0.958317,0.728535,-0.287612,-0.071603,-68.504555,-27.510411,-50.112199,-2.226117,17.987662,-1.088156,0.695933,0.0430
-4.177154,18.524160,-0.717378,0.424175,-0.121290,-0.091848,-68.485344,-27.510418,-50.112195,-2.261414,18.009346,-1.059517,0.677548,0.0400
-4.177154,18.524160,-0.717378,0.424175,-0.220963,0.002966,-68.473396,-27.510418,-50.112195,-2.296422,18.028594,-1.024281,0.642231,0.0410
-4.177154,18.524160,-0.717378,0.424175,-0.044537,-0.045130,-68.455238,-27.510418,-50.112195,-2.335455,18.049642,-0.977035,0.605035,0.0400
-4.177154,18.524160,-0.717378,0.424175,0.002642,0.024415,-68.451157,-27.510418,-50.112195,-2.353308,18.059225,-0.955238,0.589065,0.0400
-4.177154,18.524160,-0.717378,0.424175,0.002642,0.024415,-68.451157,-27.510418,-50.112195,-2.353308,18.059225,-0.955238,0.589065,0.0400
-4.177154,18.524160,-0.717378,0.424175,-0.041905,0.049289,-68.584435,-27.510418,-50.112195,-2.473226,18.129522,-0.797256,0.483730,0.0640
-4.177154,18.524160,-0.717378,0.424175,-0.066451,0.236491,-68.659492,-27.510418,-50.112195,-2.512759,18.150720,-0.768002,0.466706,0.0400
-4.177154,18.524160,-0.717378,0.424175,-0.011413,0.508189,-68.694298,-27.510418,-50.112195,-2.533652,18.161947,-0.762074,0.468318,0.0400
-4.177154,18.524160,-0.717378,0.424175,0.038005,0.541088,-68.694298,-27.510418,-50.112195,-2.533652,18.161947,-0.762074,0.468318,0.0400
-4.177154,18.524160,-0.717378,0.424175,0.038005,0.541088,-68.694298,-27.510418,-50.112195,-2.533652,18.161947,-0.762074,0.468318,0.0400
-4.177154,18.524160,-0.717378,0.424175,0.038005,0.541088,-68.694298,-27.510418,-50.112195,-2.533652,18.161947,-0.762074,0.468318,0.0400
-4.177154,18.524160,-0.717378,0.424175,0.038005,0.541088,-68.694298,-27.510418,-50.112195,-2.533652,18.161947,-0.762074,0.468318,0.0400
-4.177154,18.524160,-0.717378,0.424175,0.038005,0.541088,-68.694298,-27.510418,-50.112195,-2.533652,18.161947,-0.762074,0.468318,0.0400
-4.177154,18.524160,-0.717378,0.424175,0.038005,0.541088,-68.694298,-27.510418,-50.112195,-2.533652,18.161947,-0.762074,0.468318,0.0400
-4.177154,18.524160,-0.717378,0.424175,0.038005,0.541088,-68.694298,-27.510418,-50.112195,-2.533652,18.161947,-0.762074,0.468318,0.0400
-4.177154,18.524160,-0.717378,0.424175,0.038005,0.541088,-68.694298,-27.510418,-50.112195,-2.533652,18.161947,-0.762074,0.468318,0.0400
-4.177154,18.524160,-0.717378,0.424175,0.038005,0.541088,-68.694298,-27.510418,-50.112195,-2.533652,18.161947,-0.762074,0.468318,0.0400
-4.177154,18.524160,-0.717378,0.424175,0.038005,0.541088,-68.694298,-27.510418,-50.112195,-2.533652,18.161947,-0.762074,0.468318,0.0410
-4.177154,18.524160,-0.717378,0.424175,0.038005,0.541088,-68.869194,-27.510418,-50.112195,-2.954148,18.419433,-0.710435,0.436986,0.0410
-4.177154,18.524160,-0.717378,0.424175,0.261199,0.170884,-68.888222,-27.510418,-50.112195,-2.988807,18.432264,-0.710897,0.431599,0.0460
-4.367024,18.187357,-0.275373,-0.488471,0.191971,0.388705,-68.911659,-27.510419,-50.112198,-3.014430,18.430676,-0.683879,0.388588,0.0410
-4.367024,18.187357,-0.275373,-0.488471,0.218338,0.141153,-68.935913,-27.510419,-50.112198,-2.991128,18.324838,-0.532077,0.084363,0.0400
-4.367024,18.187357,-0.275373,-0.488471,0.214853,0.140155,-68.935913,-27.510419,-50.112198,-2.991128,18.324838,-0.532077,0.084363,0.0400
-4.367024,18.187357,-0.275373,-0.488471,0.214853,0.140155,-68.935913,-27.510419,-50.112198,-2.991128,18.324838,-0.532077,0.084363,0.0400
-4.367024,18.187357,-0.275373,-0.488471,0.214853,0.140155,-68.935913,-27.510419,-50.112198,-2.991128,18.324838,-0.532077,0.084363,0.0400
-4.367024,18.187357,-0.275373,-0.488471,0.214853,0.140155,-68.935913,-27.510419,-50.112198,-2.991128,18.324838,-0.532077,0.084363,0.0400
-4.367024,18.187357,-0.275373,-0.488471,0.214853,0.140155,-68.935913,-27.510419,-50.112198,-2.991128,18.324838,-0.532077,0.084363,0.0400
-4.367024,18.187357,-0.275373,-0.488471,0.214853,0.140155,-68.935913,-27.510419,-50.112198,-2.991128,18.324838,-0.532077,0.084363,0.0400
-4.367024,18.187357,-0.275373,-0.488471,0.214853,0.140155,-68.935913,-27.510419,-50.112198,-2.991128,18.324838,-0.532077,0.084363,0.0400
-4.367024,18.187357,-0.275373,-0.488471,0.214853,0.140155,-68.935913,-27.510419,-50.112198,-2.991128,18.324838,-0.532077,0.084363,0.0400
-4.367024,18.187357,-0.275373,-0.488471,0.214853,0.140155,-68.935913,-27.510419,-50.112198,-2.991128,18.324838,-0.532077,0.084363,0.0400
-4.367024,18.187357,-0.275373,-0.488471,0.214853,0.140155,-68.935913,-27.510419,-50.112198,-2.991128,18.324838,-0.532077,0.084363,0.0400
-4.367024,18.187357,-0.275373,-0.488471,0.086844,0.086857,-68.772659,-27.510419,-50.112198,-3.217590,18.213274,-0.301885,-0.469935,0.0400
-4.367024,18.187357,-0.275373,-0.488471,-0.367945,-0.231409,-68.743065,-27.510419,-50.112198,-3.224310,18.191839,-0.295996,-0.491866,0.0410
-4.367024,18.187357,-0.275373,-0.488471,-0.275827,-0.229405,-68.707321,-27.510419,-50.112198,-3.236754,18.171101,-0.297437,-0.498880,0.0400
-4.367024,18.187357,-0.275373,-0.488471,-0.201958,-0.224231,-68.684441,-27.510419,-50.112198,-3.244928,18.158772,-0.297647,-0.501858,0.0400
-4.367024,18.187357,-0.275373,-0.488471,-0.201444,-0.223741,-68.684441,-27.510419,-50.112198,-3.244928,18.158772,-0.297647,-0.501858,0.0400
-4.367024,18.187357,-0.275373,-0.488471,-0.201444,-0.223741,-68.684441,-27.510419,-50.112198,-3.244928,18.158772,-0.297647,-0.501858,0.0400
-4.367024,18.187357,-0.275373,-0.488471,-0.201444,-0.223741,-68.684441,-27.510419,-50.112198,-3.244928,18.158772,-0.297647,-0.501858,0.0400
-4.367024,18.187357,-0.275373,-0.488471,-0.201444,-0.223741,-68.684441,-27.510419,-50.112198,-3.244928,18.158772,-0.297647,-0.501858,0.0400
-4.367024,18.187357,-0.275373,-0.488471,-0.201444,-0.223741,-68.684441,-27.510419,-50.112198,-3.244928,18.158772,-0.297647,-0.501858,0.0400
-4.367024,18.187357,-0.275373,-0.488471,-0.201444,-0.223741,-68.684441,-27.510426,-50.112212,-3.244928,18.158772,-0.297647,-0.501858,0.0400
-5.126507,16.503344,-0.573160,-1.270876,0.215303,-0.009612,-68.579178,-27.510426,-50.112212,-3.436103,17.775436,-0.556214,-1.249288,0.0780
-5.126507,16.503344,-0.573160,-1.270876,0.210966,-0.045192,-68.608871,-27.510426,-50.112212,-3.473805,17.702864,-0.558434,-1.257881,0.0400
-5.126507,16.503344,-0.573160,-1.270876,0.335279,-0.119958,-68.619606,-27.510426,-50.112212,-3.483098,17.684972,-0.557811,-1.258081,0.0400
-5.126507,16.503344,-0.573160,-1.270876,0.335279,-0.119958,-68.619606,-27.510426,-50.112212,-3.483098,17.684972,-0.557811,-1.258081,0.0400
-5.126507,16.503344,-0.573160,-1.270876,0.335279,-0.119958,-68.619606,-27.510426,-50.112212,-3.483098,17.684972,-0.557811,-1.258081,0.0400
-5.126507,16.503344,-0.573160,-1.270876,0.335279,-0.119958,-68.619606,-27.510426,-50.112212,-3.483098,17.684972,-0.557811,-1.258081,0.0400
-5.126507,16.503344,-0.573160,-1.270876,0.255896,-0.067062,-68.836014,-27.510426,-50.112212,-3.637406,17.347229,-0.569727,-1.270068,0.0410
-5.126507,16.503344,-0.573160,-1.270876,0.044269,-0.144027,-68.996628,-27.510426,-50.112212,-3.729664,17.165691,-0.565491,-1.280130,0.1530
-5.126507,16.503344,-0.573160,-1.270876,0.072465,-0.147507,-69.048424,-27.510426,-50.112212,-3.754693,17.117314,-0.560624,-1.284738,0.0420
-5.126507,16.503344,-0.573160,-1.270876,0.085057,0.053338,-69.119583,-27.510426,-50.112212,-3.795840,17.038827,-0.560344,-1.281227,0.0420
-5.126507,16.503344,-0.573160,-1.270876,0.209250,-0.007075,-69.168228,-27.510426,-50.112212,-3.825286,16.981579,-0.554262,-1.284563,0.0490
-5.126507,16.503344,-0.573160,-1.270876,-0.043662,0.045213,-69.204475,-27.510426,-50.112212,-3.853534,16.927016,-0.552262,-1.283961,0.0410
-5.126507,16.503344,-0.573160,-1.270876,0.104569,-0.066104,-69.221497,-27.510426,-50.112212,-3.879955,16.876413,-0.554026,-1.282950,0.0400
-5.126507,16.503344,-0.573160,-1.270876,0.145100,-0.111300,-69.249939,-27.510426,-50.112212,-3.928355,16.777383,-0.545481,-1.296039,0.0630
-5.126507,16.503344,-0.573160,-1.270876,0.123454,-0.341330,-69.251274,-27.510426,-50.112212,-3.954400,16.727414,-0.541564,-1.304057,0.0400
-5.126507,16.503344,-0.573160,-1.270876,0.236852,-0.228009,-69.241783,-27.510426,-50.112212,-3.988393,16.660852,-0.540832,-1.312989,0.0410
-6.075861,15.492936,-1.116675,-1.188490,0.178388,-0.501052,-69.224892,-27.510434,-50.112224,-4.043593,16.586217,-0.591727,-1.319338,0.0650
-6.075861,15.492936,-1.116675,-1.188490,0.244420,-0.369631,-69.209961,-27.510434,-50.112224,-4.101960,16.531342,-0.668844,-1.312328,0.0480
-6.075861,15.492936,-1.116675,-1.188490,0.337749,-0.426696,-69.188560,-27.510434,-50.112224,-4.185245,16.448910,-0.753321,-1.310710,0.0640
-6.075861,15.492936,-1.116675,-1.188490,0.321738,-0.326980,-69.182159,-27.510434,-50.112224,-4.235584,16.400472,-0.790758,-1.307039,0.0400
-6.075861,15.492936,-1.116675,-1.188490,0.008707,-0.422612,-69.182617,-27.510434,-50.112224,-4.300017,16.335737,-0.836124,-1.306365,0.0510
-6.075861,15.492936,-1.116675,-1.188490,-0.272420,-0.699668,-69.184715,-27.510434,-50.112224,-4.367388,16.270365,-0.898461,-1.317147,0.0400
-6.075861,15.492936,-1.116675,-1.188490,-0.508979,-0.635257,-69.204773,-27.510434,-50.112224,-4.423649,16.206995,-0.938569,-1.335253,0.0430
-6.075861,15.492936,-1.116675,-1.188490,-0.459961,-0.643160,-69.208443,-27.510434,-50.112224,-4.492040,16.138165,-1.003052,-1.328564,0.0630
-6.075861,15.492936,-1.116675,-1.188490,-0.671472,-0.501673,-69.207237,-27.510434,-50.112224,-4.550822,16.081308,-1.048416,-1.324184,0.0400
-6.075861,15.492936,-1.116675,-1.188490,-0.575978,-0.639209,-69.211334,-27.510434,-50.112224,-4.571782,16.060657,-1.062431,-1.325190,0.0400
-6.075861,15.492936,-1.116675,-1.188490,-0.717276,-0.620134,-69.199707,-27.510434,-50.112224,-4.662025,15.955969,-1.120889,-1.323639,0.0400
-6.075861,15.492936,-1.116675,-1.188490,-0.852515,-0.542359,-69.179413,-27.510434,-50.112224,-4.723240,15.896368,-1.150667,-1.287882,0.0570
-6.075861,15.492936,-1.116675,-1.188490,-0.785105,-0.430920,-69.128677,-27.510434,-50.112224,-4.797423,15.822902,-1.174936,-1.276292,0.0400
-6.075861,15.492936,-1.116675,-1.188490,-0.091859,-0.517513,-69.052544,-27.510434,-50.112224,-4.874875,15.745367,-1.172982,-1.278652,0.0810
-6.075861,15.492936,-1.116675,-1.188490,-0.257725,-0.471633,-69.011108,-27.510434,-50.112224,-4.938021,15.682367,-1.173441,-1.278297,0.0400
-6.075861,15.492936,-1.116675,-1.188490,-0.282642,-0.364895,-68.945412,-27.510434,-50.112224,-5.020004,15.594833,-1.163895,-1.279306,0.0410
-6.075861,15.492936,-1.116675,-1.188490,0.013232,-0.151723,-68.912895,-27.510434,-50.112224,-5.089280,15.525876,-1.141415,-1.244423,0.0790
-6.075861,15.492936,-1.116675,-1.188490,0.150977,0.165563,-68.884018,-27.510434,-50.112224,-5.154095,15.461177,-1.128715,-1.229695,0.0570
-6.075861,15.492936,-1.116675,-1.188490,0.092976,-0.080145,-68.866524,-27.510434,-50.112224,-5.210499,15.404570,-1.124517,-1.221281,0.0480
-7.025214,14.145726,-0.906783,-1.286799,0.139100,-0.000055,-68.853989,-27.510442,-50.112234,-5.263069,15.333180,-1.072376,-1.235955,0.0400
-7.025214,14.145726,-0.906783,-1.286799,0.148005,-0.014421,-68.853432,-27.510442,-50.112234,-5.265077,15.330403,-1.070489,-1.236479,0.0400
-7.025214,14.145726,-0.906783,-1.286799,0.013414,0.164080,-68.868240,-27.510442,-50.112234,-5.367207,15.201310,-0.992948,-1.258781,0.0550
-7.025214,14.145726,-0.906783,-1.286799,-0.003177,0.063584,-68.875084,-27.510442,-50.112234,-5.406761,15.146592,-0.963239,-1.265796,0.0410
-7.025214,14.145726,-0.906783,-1.286799,0.089307,0.138466,-68.913177,-27.510442,-50.112234,-5.476040,15.052940,-0.936340,-1.266510,0.0510
-7.025214,14.145726,-0.906783,-1.286799,-0.056779,0.004825,-69.205223,-27.510442,-50.112234,-5.866702,14.529674,-0.898952,-1.279208,0.3540
-7.025214,14.145726,-0.906783,-1.286799,0.054675,-0.192177,-69.196236,-27.510442,-50.112234,-5.989824,14.365110,-0.896773,-1.291057,0.1560
-7.594825,13.472121,-0.910169,-1.076337,-0.037335,-0.268937,-69.298233,-27.510449,-50.112244,-6.387497,13.873219,-0.914641,-1.213127,0.3570
-7.594825,13.472121,-0.910169,-1.076337,-0.040367,0.101702,-69.529655,-27.510449,-50.112244,-6.560724,13.678827,-0.909132,-1.154690,0.2550
-7.594825,13.472121,-0.910169,-1.076337,-0.157665,0.172773,-69.649307,-27.510449,-50.112244,-6.804268,13.406315,-0.925404,-1.098114,0.2490
-7.594825,13.472121,-0.778940,-1.036294,-0.152982,0.138191,-69.582253,-27.510455,-50.112253,-7.172217,12.993918,-0.957484,-1.018305,0.3580
-8.354307,12.461714,-0.778940,-1.036294,-0.360040,0.545496,-69.614052,-27.510455,-50.112253,-7.289264,12.847046,-0.926205,-0.978894,0.1480
-8.354307,12.461714,-0.778940,-1.036294,-0.634870,1.353657,-69.343643,-27.510455,-50.112253,-7.679737,12.357478,-0.935699,-0.758311,0.4090
-8.354307,12.461714,-0.778940,-1.036294,-0.175735,1.128607,-69.151817,-27.510455,-50.112253,-7.826523,12.173001,-0.889773,-0.748162,0.1880
-9.303660,10.777701,-1.056017,-1.873220,0.058062,0.249415,-68.864960,-27.510464,-50.112268,-8.136159,11.724044,-0.908986,-1.125757,0.3670
-9.303660,10.777701,-1.056017,-1.873220,0.288451,-0.728609,-68.784760,-27.510464,-50.112268,-8.365705,11.331804,-0.950328,-1.550208,0.2500
-9.303660,10.777701,-1.056017,-1.873220,0.434853,-0.710562,-68.627060,-27.510464,-50.112268,-8.636410,10.867723,-0.934505,-1.819398,0.2030
-9.303660,10.777701,-1.056017,-1.873220,0.343695,-0.048134,-68.432137,-27.510464,-50.112268,-8.815771,10.559324,-0.951792,-1.876764,0.2060
-9.303660,10.777701,-1.056017,-1.873220,-0.069128,0.119619,-68.318542,-27.510464,-50.112268,-8.963874,10.305491,-0.980149,-1.878077,0.0940
-9.303660,10.777701,-1.829891,-2.434469,0.333809,-0.626869,-68.211784,-27.510478,-50.112292,-9.183889,9.965862,-1.092474,-2.036530,0.1640
-10.822625,8.756886,-1.829891,-2.434469,0.824621,-2.289595,-68.734314,-27.510478,-50.112292,-9.805775,9.145794,-1.476613,-2.623045,0.3720
-10.822625,8.756886,-1.829891,-2.434469,2.122379,-3.246098,-69.430489,-27.510478,-50.112292,-10.222593,8.596658,-1.404274,-2.995615,0.2270
-10.822625,8.756886,-1.829891,-2.434469,2.147577,-3.307602,-69.814415,-27.510478,-50.112292,-10.396036,8.372627,-1.357020,-3.107768,0.0680
-10.822625,8.756886,-1.829891,-2.434469,1.873959,-2.567559,-70.214539,-27.510478,-50.112292,-10.908312,7.692775,-1.286535,-3.244164,0.2940
-11.961849,7.072875,-1.098251,-1.623446,1.320682,-0.778067,-69.425049,-27.510486,-50.112308,-11.198781,7.270495,-0.947110,-2.597045,0.2350
-11.961849,7.072875,-1.098251,-1.623446,1.010538,-0.547128,-69.177055,-27.510486,-50.112308,-11.309230,7.113073,-0.907501,-2.367662,0.0770
-11.961849,7.072875,-1.098251,-1.623446,-0.234949,-0.057971,-68.681953,-27.510486,-50.112308,-11.619514,6.662731,-0.971810,-1.963493,0.3140
-11.961849,7.072875,-1.098251,-1.623446,-0.743973,0.286515,-68.205505,-27.510486,-50.112308,-11.934824,6.208015,-1.171745,-1.731963,0.2700
-11.961849,7.072875,-1.098251,-1.623446,-0.718740,0.474080,-68.022827,-27.510486,-50.112308,-12.044374,6.050578,-1.211954,-1.664497,0.1200
-10.822625,6.736072,1.105073,-0.326706,-0.447523,0.534739,-67.609192,-27.510477,-50.112313,-11.868427,5.970257,-0.286099,-1.012675,0.1790
-10.822625,6.736072,1.105073,-0.326706,-0.144615,0.317269,-67.187248,-27.510477,-50.112313,-11.611839,5.903078,0.405227,-0.582681,0.2360
-10.822625,6.736072,1.105073,-0.326706,-0.565467,0.276996,-66.916183,-27.510477,-50.112313,-11.444494,5.861316,0.638307,-0.449062,0.1530
-10.822625,6.736072,1.105073,-0.326706,-0.229104,0.189168,-66.821419,-27.510477,-50.112313,-11.392535,5.849603,0.692509,-0.422403,0.0400
-10.822625,6.736072,1.105073,-0.326706,-0.325067,0.233477,-66.492012,-27.510477,-50.112313,-11.207850,5.803714,0.829636,-0.352433,0.1270
-10.822625,6.736072,1.105073,-0.326706,0.078921,0.063934,-66.145554,-27.510477,-50.112313,-10.939843,5.736800,0.977500,-0.310654,0.2720
-9.683401,6.399270,1.114940,-0.329623,0.063309,0.050641,-66.052452,-27.510467,-50.112316,-10.660447,5.666593,1.075766,-0.284340,0.2170
-9.683401,6.399270,1.114940,-0.329623,0.083118,0.057954,-66.074249,-27.510467,-50.112316,-10.512902,5.629694,1.098891,-0.291858,0.1450
-9.683401,6.399270,1.114940,-0.329623,0.221136,-0.025881,-66.115784,-27.510467,-50.112316,-10.171883,5.544258,1.119977,-0.315412,0.2880
-9.683401,6.399270,1.114940,-0.329623,-0.139357,-0.203417,-66.150475,-27.510467,-50.112316,-9.914632,5.479792,1.122134,-0.335636,0.2470
-9.683401,6.399270,1.114940,-0.329623,-0.025381,0.014877,-66.271034,-27.510467,-50.112316,-9.863975,5.467274,1.122161,-0.340984,0.0400
-8.544177,6.062467,1.292541,-0.382129,-0.251995,0.044793,-66.968376,-27.510456,-50.112322,-9.774802,5.445184,1.126792,-0.334659,0.0430
-8.544177,6.062467,1.292541,-0.382129,0.004712,-0.086171,-68.339096,-27.510456,-50.112322,-9.574362,5.393363,1.199437,-0.351707,0.1660
-8.544177,6.062467,1.292541,-0.382129,0.031055,0.110223,-72.130371,-27.510456,-50.112322,-9.192807,5.294712,1.262326,-0.369382,0.2750
-8.544177,6.062467,1.292541,-0.382129,0.065044,-0.329096,-72.960197,-27.510456,-50.112322,-9.005265,5.246260,1.271620,-0.394239,0.1560
-8.544177,6.062467,1.292541,-0.382129,-0.006986,-0.221116,-73.179108,-27.510456,-50.112322,-8.931644,5.227284,1.268000,-0.405427,0.0610
-8.544177,6.062467,1.292541,-0.382129,-0.112525,-0.492591,-73.699600,-27.510456,-50.112322,-8.690028,5.164834,1.250605,-0.432617,0.1830
-7.215083,4.715257,1.123632,-1.138948,-0.091567,-0.020154,-73.952248,-27.510445,-50.112332,-8.363461,5.004442,1.190391,-0.634203,0.2450
-7.215083,4.715257,1.123632,-1.138948,0.061141,-0.153489,-74.089577,-27.510445,-50.112332,-8.176211,4.823845,1.163783,-0.842179,0.1760
-7.215083,4.715257,1.123632,-1.138948,0.122236,0.200486,-74.101486,-27.510445,-50.112332,-7.921996,4.576437,1.137581,-0.999294,0.1790
-7.215083,4.715257,1.123632,-1.138948,-0.157339,0.049578,-74.250633,-27.510445,-50.112332,-7.585919,4.248679,1.115467,-1.082667,0.3300
-7.215083,4.715257,1.123632,-1.138948,0.010552,-0.037005,-74.404785,-27.510445,-50.112332,-7.435662,4.102034,1.111062,-1.095144,0.1250
-7.215083,4.715257,1.123632,-1.138948,0.023224,-0.084580,-74.475090,-27.510445,-50.112332,-7.373318,4.041202,1.110345,-1.100749,0.0620
-6.075859,4.041652,1.270911,-0.751470,0.031537,-0.192904,-74.527756,-27.510436,-50.112341,-7.305248,3.978584,1.114413,-1.100089,0.0620
-6.075859,4.041652,1.270911,-0.751470,-0.068398,-0.038457,-74.568184,-27.510436,-50.112341,-7.217929,3.931220,1.145482,-1.032818,0.0650
-6.075859,4.041652,1.270911,-0.751470,0.007739,0.140494,-74.593323,-27.510436,-50.112341,-7.146845,3.887322,1.162100,-0.988786,0.0450
-6.075859,4.041652,1.270911,-0.751470,-0.013874,-0.032926,-74.625534,-27.510436,-50.112341,-7.059578,3.838321,1.186713,-0.934478,0.0680
-6.075859,4.041652,1.270911,-0.751470,0.242476,0.040893,-74.660805,-27.510436,-50.112341,-6.964606,3.785165,1.207723,-0.888714,0.0750
-6.075859,4.041652,1.270911,-0.751470,0.119402,0.103883,-74.721237,-27.510436,-50.112341,-6.858017,3.725808,1.233924,-0.850406,0.0750
-6.075859,4.041652,1.270911,-0.751470,0.044413,-0.154365,-74.811195,-27.510436,-50.112341,-6.717124,3.646201,1.249369,-0.823781,0.0970
-6.075859,4.041652,1.270911,-0.751470,0.202281,-0.132709,-74.838959,-27.510436,-50.112341,-6.666219,3.617931,1.256919,-0.814488,0.0440
-6.075859,4.041652,1.270911,-0.751470,0.355469,-0.087271,-74.876694,-27.510436,-50.112341,-6.590927,3.575617,1.276739,-0.805113,0.0660
-6.075859,4.041652,1.270911,-0.751470,0.195081,-0.081910,-74.904816,-27.510436,-50.112341,-6.530005,3.541711,1.286748,-0.801503,0.0400
-6.075859,4.041652,1.270911,-0.751470,0.180790,0.067121,-74.920998,-27.510436,-50.112341,-6.500245,3.525165,1.289025,-0.796171,0.0400
-6.075859,4.041652,1.270911,-0.751470,0.181032,0.067095,-74.920998,-27.510436,-50.112341,-6.500245,3.525165,1.289025,-0.796171,0.0400
-6.075859,4.041652,1.270911,-0.751470,0.187094,0.064773,-74.984055,-27.510436,-50.112341,-6.335146,3.425808,1.319530,-0.780921,0.0410
-6.075859,4.041652,1.270911,-0.751470,0.311263,-0.031045,-75.018097,-27.510436,-50.112341,-6.261847,3.384292,1.300728,-0.755249,0.0670
-6.075859,4.041652,1.270911,-0.751470,0.317655,-0.037779,-75.046776,-27.510436,-50.112341,-6.173609,3.334308,1.307296,-0.754810,0.0670
-6.075859,4.041652,1.270911,-0.751470,0.719726,-0.026311,-75.055679,-27.510436,-50.112341,-6.122014,3.305036,1.323995,-0.751712,0.0430
-4.936635,3.031244,1.193113,-1.058204,0.651026,0.094453,-75.120483,-27.510424,-50.112351,-5.835641,3.081804,1.361440,-0.883932,0.1950
-4.936635,3.031244,1.193113,-1.058204,0.699786,-0.043155,-75.121704,-27.510424,-50.112351,-5.737802,2.996346,1.377160,-0.923175,0.1160
-4.936635,3.031244,1.193113,-1.058204,0.347371,-0.205031,-75.134384,-27.510424,-50.112351,-5.667066,2.934747,1.371215,-0.945984,0.0580
-4.936635,3.031244,1.193113,-1.058204,-0.150579,-0.199809,-75.232338,-27.510424,-50.112351,-5.497727,2.788239,1.304910,-0.994613,0.1190
-4.936635,3.031244,1.193113,-1.058204,-0.645489,-0.054602,-75.578674,-27.510424,-50.112351,-5.065509,2.418118,1.086988,-1.057905,0.3670
-4.936635,3.031244,1.193113,-1.058204,-0.705227,-0.418610,-75.618896,-27.510424,-50.112351,-4.940843,2.311573,1.035173,-1.077491,0.1160
-4.936635,3.031244,1.193113,-1.058204,-0.718325,-0.205603,-75.630409,-27.510424,-50.112351,-4.885251,2.264904,1.028786,-1.084915,0.0400
-3.417671,1.347230,1.292119,-1.432519,-0.040080,-0.102157,-75.574890,-27.510411,-50.112365,-4.667299,2.046158,1.099235,-1.207752,0.1540
-3.417671,1.347230,1.292119,-1.432519,-0.063913,0.108048,-75.487511,-27.510411,-50.112365,-4.214426,1.555230,1.248656,-1.344429,0.3410
-3.417671,1.347230,1.292119,-1.432519,-0.291539,0.247248,-75.500008,-27.510411,-50.112365,-4.094842,1.425637,1.257951,-1.362081,0.0990
-3.417671,1.347230,1.292119,-1.432519,-0.194764,0.065969,-75.485367,-27.510411,-50.112365,-4.020744,1.345348,1.255078,-1.366343,0.0580
-3.417671,1.347230,1.292119,-1.432519,-0.472241,0.212525,-75.443016,-27.510411,-50.112365,-3.854493,1.165315,1.227758,-1.381653,0.0780
-3.417671,1.347230,1.292119,-1.432519,-0.693600,0.019908,-75.316772,-27.510397,-50.112374,-3.492523,0.772510,1.161191,-1.402324,0.3110
-1.898706,0.673625,1.669481,-0.740354,-0.034176,0.199847,-75.008446,-27.510397,-50.112374,-2.946915,0.533967,1.423102,-0.954998,0.3300
-1.898706,0.673625,1.669481,-0.740354,-0.192364,0.031269,-74.629715,-27.510397,-50.112374,-2.356493,0.280459,1.567915,-0.785405,0.3130
-1.898706,0.673625,1.669481,-0.740354,-0.174161,0.149749,-74.332214,-27.510397,-50.112374,-1.914860,0.091691,1.595522,-0.742112,0.2980
-0.759482,0.000019,1.293052,-0.764562,-0.057527,0.105652,-73.841545,-27.510387,-50.112382,-1.379537,-0.195081,1.407608,-0.750105,0.3360
-0.759482,0.000019,1.293052,-0.764562,0.666462,-0.103254,-73.911469,-27.510387,-50.112382,-1.085966,-0.362589,1.438888,-0.755501,0.2700
-0.759482,0.000019,1.293052,-0.764562,1.287724,-0.018856,-74.897339,-27.510387,-50.112382,-0.626234,-0.624915,1.552168,-0.775766,0.2840
0.189871,-0.673586,1.057291,-0.750192,0.086639,-0.557636,-76.088776,-27.510378,-50.112388,-0.275179,-0.847193,1.302879,-0.801328,0.3690
0.189871,-0.673586,1.057291,-0.750192,0.161235,-1.104323,-76.437317,-27.510378,-50.112388,-0.138143,-0.941225,1.236852,-0.874511,0.1290
0.189871,-0.673586,1.057291,-0.750192,0.094053,0.156004,-76.573494,-27.510378,-50.112388,0.239351,-1.201260,1.115263,-0.846577,0.3130
0.189871,-0.673586,1.057291,-0.750192,-0.869032,-1.199208,-69.021774,-27.510378,-50.112388,0.418186,-1.324288,1.045730,-0.856943,0.2120
0.189871,-0.673586,1.057291,-0.750192,-0.578444,0.354023,-65.757278,-27.510378,-50.112388,0.580987,-1.436195,0.971876,-0.841389,0.1590
1.139224,-2.020797,0.817882,-1.160642,-0.596620,0.305346,-65.483589,-27.510371,-50.112400,0.616909,-1.481747,0.938340,-0.863569,0.0400
1.139224,-2.020797,0.817882,-1.160642,-0.402976,0.168277,-65.129791,-27.510371,-50.112400,0.675006,-1.563395,0.880133,-0.904472,0.0610
1.139224,-2.020797,0.817882,-1.160642,-0.162303,0.182779,-65.002205,-27.510371,-50.112400,0.702689,-1.602725,0.862955,-0.922589,0.0400
1.139224,-2.020797,0.817882,-1.160642,-0.160320,0.157548,-64.802803,-27.510371,-50.112400,0.756277,-1.678060,0.839118,-0.945383,0.0410
1.139224,-2.020797,0.817882,-1.160642,0.105217,0.245690,-64.707085,-27.510371,-50.112400,0.801372,-1.741194,0.838054,-0.968984,0.0640
1.139224,-2.020797,0.817882,-1.160642,-0.202442,0.033924,-64.651558,-27.510371,-50.112400,0.843026,-1.800248,0.829288,-0.989787,0.0400
1.139224,-2.020797,0.817882,-1.160642,-0.175323,0.159689,-64.611954,-27.510371,-50.112400,0.891690,-1.864030,0.809102,-1.009790,0.0440
1.139224,-2.020797,0.817882,-1.160642,-0.796657,-0.320025,-64.586563,-27.510371,-50.112400,0.925849,-1.912634,0.783334,-1.051987,0.0500
1.139224,-2.020797,0.817882,-1.160642,-0.842079,-0.190484,-64.558853,-27.510371,-50.112400,0.968554,-1.972761,0.756988,-1.091495,0.0400
1.139224,-2.020797,0.817882,-1.160642,-0.378312,-0.399171,-64.542488,-27.510371,-50.112400,0.988711,-2.000944,0.753978,-1.108388,0.0400
1.139224,-2.020797,0.817882,-1.160642,-0.377999,-0.398874,-64.542488,-27.510371,-50.112400,0.988711,-2.000944,0.753978,-1.108388,0.0400
1.139224,-2.020797,0.817882,-1.160642,-0.377999,-0.398874,-64.542488,-27.510371,-50.112400,0.988711,-2.000944,0.753978,-1.108388,0.0400
1.139224,-2.020797,0.817882,-1.160642,-0.377999,-0.398874,-64.542488,-27.510371,-50.112400,0.988711,-2.000944,0.753978,-1.108388,0.0400
1.139224,-2.020797,0.817882,-1.160642,-0.377999,-0.398874,-64.542488,-27.510371,-50.112400,0.988711,-2.000944,0.753978,-1.108388,0.0400
1.139224,-2.020797,0.817882,-1.160642,0.082556,0.391987,-64.306221,-27.510371,-50.112400,1.204705,-2.312437,0.811528,-1.147668,0.0500
1.139224,-2.020797,0.817882,-1.160642,0.188695,0.490469,-64.278450,-27.510371,-50.112400,1.235644,-2.357255,0.821603,-1.137131,0.0410
1.139224,-2.020797,0.817882,-1.160642,-0.028322,0.251346,-64.231781,-27.510371,-50.112400,1.269551,-2.406452,0.819836,-1.136759,0.0400
1.139224,-2.020797,0.817882,-1.160642,-0.434150,-1.082144,-63.993443,-27.510371,-50.112400,1.337414,-2.501141,0.798879,-1.182780,0.0770
1.139224,-2.020797,0.817882,-1.160642,0.044958,-1.542715,-63.741711,-27.510371,-50.112400,1.388908,-2.570687,0.803221,-1.257072,0.0400
1.518965,-2.357600,0.762053,-0.675885,0.334113,-1.278071,-63.599113,-27.510366,-50.112405,1.431004,-2.613238,0.810878,-1.250705,0.0570
1.518965,-2.357600,0.762053,-0.675885,0.477226,-0.678621,-63.452492,-27.510366,-50.112405,1.475936,-2.643313,0.822559,-1.169210,0.0600
1.518965,-2.357600,0.762053,-0.675885,0.386396,-0.380846,-63.302181,-27.510366,-50.112405,1.518701,-2.675632,0.822628,-1.095505,0.0560
1.518965,-2.357600,0.762053,-0.675885,0.246465,-0.089568,-63.178928,-27.510366,-50.112405,1.552103,-2.700202,0.826960,-1.035173,0.0400
1.518965,-2.357600,0.762053,-0.675885,0.225644,-0.052006,-63.178928,-27.510366,-50.112405,1.552103,-2.700202,0.826960,-1.035173,0.0400
1.518965,-2.357600,0.762053,-0.675885,0.225644,-0.052006,-62.908691,-27.510366,-50.112405,1.647859,-2.812233,0.826599,-0.953067,0.0410
1.518965,-2.357600,0.762053,-0.675885,0.140567,0.335628,-62.825283,-27.510366,-50.112405,1.676477,-2.830086,0.791198,-0.765388,0.0490
1.518965,-2.357600,0.762053,-0.675885,0.087811,0.259665,-62.730362,-27.510366,-50.112405,1.708628,-2.856195,0.783499,-0.721612,0.0400
1.518965,-2.357600,0.762053,-0.675885,0.347531,0.203138,-62.643223,-27.510366,-50.112405,1.733609,-2.877494,0.789217,-0.702409,0.0400
1.518965,-2.357600,0.762053,-0.675885,0.336517,0.199026,-62.643223,-27.510366,-50.112405,1.733609,-2.877494,0.789217,-0.702409,0.0400
1.518965,-2.357600,0.762053,-0.675885,0.336517,0.199026,-62.643223,-27.510366,-50.112405,1.733609,-2.877494,0.789217,-0.702409,0.0400
1.518965,-2.357600,0.762053,-0.675885,0.336517,0.199026,-62.643223,-27.510366,-50.112405,1.733609,-2.877494,0.789217,-0.702409,0.0400
1.518965,-2.357600,0.762053,-0.675885,0.336517,0.199026,-62.643223,-27.510366,-50.112405,1.733609,-2.877494,0.789217,-0.702409,0.0400
1.518965,-2.357600,0.762053,-0.675885,0.336517,0.199026,-62.643223,-27.510366,-50.112405,1.733609,-2.877494,0.789217,-0.702409,0.0400
1.518965,-2.357600,0.762053,-0.675885,0.336517,0.199026,-62.643223,-27.510366,-50.112405,1.733609,-2.877494,0.789217,-0.702409,0.0400
1.518965,-2.357600,0.762053,-0.675885,0.336517,0.199026,-62.643223,-27.510366,-50.112405,1.733609,-2.877494,0.789217,-0.702409,0.0400
1.518965,-2.357600,0.762053,-0.675885,0.336517,0.199026,-62.643223,-27.510366,-50.112405,1.733609,-2.877494,0.789217,-0.702409,0.0400
1.518965,-2.357600,0.762053,-0.675885,0.336517,0.199026,-62.643223,-27.510366,-50.112405,1.733609,-2.877494,0.789217,-0.702409,0.0400
1.518965,-2.357600,0.762053,-0.675885,0.336517,0.199026,-62.643223,-27.510366,-50.112405,1.733609,-2.877494,0.789217,-0.702409,0.0400
1.518965,-2.357600,0.762053,-0.675885,0.336517,0.199026,-62.643223,-27.510365,-50.112404,1.733609,-2.877494,0.789217,-0.702409,0.0400
1.518965,-2.357600,0.762053,-0.675885,0.336517,0.199026,-62.643223,-27.510365,-50.112404,1.733609,-2.877494,0.789217,-0.702409,0.0400
1.518965,-2.357600,0.762053,-0.675885,0.336517,0.199026,-62.643223,-27.510365,-50.112404,1.733609,-2.877494,0.789217,-0.702409,0.0400
1.518965,-2.357600,0.762053,-0.675885,0.336517,0.199026,-62.643223,-27.510365,-50.112404,1.733609,-2.877494,0.789217,-0.702409,0.0400
1.518965,-2.357600,0.762053,-0.675885,0.336517,0.199026,-62.643223,-27.510365,-50.112404,1.733609,-2.877494,0.789217,-0.702409,0.0400
1.518965,-2.357600,0.762053,-0.675885,0.336517,0.199026,-62.643223,-27.510365,-50.112404,1.733609,-2.877494,0.789217,-0.702409,0.0400
1.518965,-2.357600,0.762053,-0.675885,0.336517,0.199026,-62.643223,-27.510365,-50.112404,1.733609,-2.877494,0.789217,-0.702409,0.0400
1.518965,-2.357600,0.762053,-0.675885,0.336517,0.199026,-62.643223,-27.510365,-50.112404,1.733609,-2.877494,0.789217,-0.702409,0.0400
1.518965,-2.357600,0.762053,-0.675885,0.336517,0.199026,-62.643223,-27.510365,-50.112404,1.733609,-2.877494,0.789217,-0.702409,0.0400
1.518965,-2.357600,0.762053,-0.675885,0.336517,0.199026,-62.643223,-27.510365,-50.112404,1.733609,-2.877494,0.789217,-0.702409,0.0400
1.518965,-2.357600,0.762053,-0.675885,0.336517,0.199026,-62.643223,-27.510365,-50.112404,1.733609,-2.877494,0.789217,-0.702409,0.0400
1.708836,-2.357600,0.504156,0.000000,0.324774,0.180678,-61.887611,-27.510365,-50.112404,2.458478,-3.315430,0.472063,-0.086510,0.0400
1.708836,-2.357600,0.504156,0.000000,-0.585496,-1.272004,-61.851788,-27.510365,-50.112404,2.504857,-3.249185,0.481391,-0.046927,0.0410
1.708836,-2.357600,0.504156,0.000000,-0.944836,-1.214984,-61.851742,-27.510365,-50.112404,2.534717,-3.227536,0.464598,-0.060693,0.0410
1.708836,-2.357600,0.504156,0.000000,-0.960860,-1.568916,-61.871994,-27.510365,-50.112404,2.558065,-3.212358,0.449430,-0.085404,0.0400
1.708836,-2.357600,0.504156,0.000000,-0.959494,-1.566141,-61.871994,-27.510365,-50.112404,2.558065,-3.212358,0.449430,-0.085404,0.0400
1.708836,-2.357600,0.504156,0.000000,-0.959494,-1.566141,-61.871994,-27.510365,-50.112404,2.558065,-3.212358,0.449430,-0.085404,0.0400
1.708836,-2.357600,0.504156,0.000000,-0.959494,-1.566141,-61.871994,-27.510365,-50.112404,2.558065,-3.212358,0.449430,-0.085404,0.0400
1.708836,-2.357600,0.504156,0.000000,-0.959494,-1.566141,-61.871994,-27.510365,-50.112404,2.558065,-3.212358,0.449430,-0.085404,0.0400
1.708836,-2.357600,0.504156,0.000000,-0.959494,-1.566141,-61.871994,-27.510365,-50.112404,2.558065,-3.212358,0.449430,-0.085404,0.0400
1.708836,-2.357600,0.504156,0.000000,-0.959494,-1.566141,-61.871994,-27.510365,-50.112403,2.558065,-3.212358,0.449430,-0.085404,0.0400
1.708836,-2.357600,0.504156,0.000000,-0.959494,-1.566141,-61.871994,-27.510365,-50.112403,2.558065,-3.212358,0.449430,-0.085404,0.0410
1.708836,-2.357600,0.504156,0.000000,-0.959494,-1.566141,-61.871994,-27.510365,-50.112403,2.558065,-3.212358,0.449430,-0.085404,0.0400
1.708836,-2.357600,0.504156,0.000000,-0.959494,-1.566141,-61.871994,-27.510365,-50.112403,2.558065,-3.212358,0.449430,-0.085404,0.0400
1.708836,-2.357600,0.504156,0.000000,-0.959494,-1.566141,-61.871994,-27.510365,-50.112403,2.558065,-3.212358,0.449430,-0.085404,0.0400
1.708836,-2.357600,0.000000,0.000000,-0.738565,-1.107966,-61.686729,-27.510365,-50.112403,2.685323,-3.242649,-0.001345,-0.046372,0.0410
1.708836,-2.357600,0.000000,0.000000,-0.677111,-1.118146,-61.682182,-27.510365,-50.112403,2.686573,-3.224126,-0.019446,-0.037976,0.0400
1.708836,-2.357600,0.000000,0.000000,-0.702881,-1.069417,-61.667347,-27.510365,-50.112403,2.688027,-3.213473,-0.033546,-0.055662,0.0400
1.708836,-2.357600,0.000000,0.000000,-0.676436,-1.065488,-61.664272,-27.510365,-50.112403,2.688966,-3.206755,-0.044028,-0.069222,0.0400
1.708836,-2.357600,0.000000,0.000000,-0.667753,-1.067099,-61.664272,-27.510365,-50.112403,2.688966,-3.206755,-0.044028,-0.069222,0.0400
1.708836,-2.357600,0.000000,0.000000,-0.667753,-1.067099,-61.664272,-27.510365,-50.112403,2.688966,-3.206755,-0.044028,-0.069222,0.0400
1.708836,-2.357600,0.000000,0.000000,-0.667753,-1.067099,-61.664272,-27.510365,-50.112403,2.688966,-3.206755,-0.044028,-0.069222,0.0400
1.708836,-2.357600,0.000000,0.000000,-0.667753,-1.067099,-61.664272,-27.510365,-50.112403,2.688966,-3.206755,-0.044028,-0.069222,0.0400
1.708836,-2.357600,0.000000,0.000000,-0.583727,-0.882625,-61.683399,-27.510365,-50.112403,2.681559,-3.213903,-0.029589,-0.045391,0.0400
1.708836,-2.357600,0.000000,0.000000,-0.581402,-0.879647,-61.670200,-27.510365,-50.112403,2.682061,-3.206436,-0.028897,-0.044514,0.0400
1.708836,-2.357600,0.000000,0.000000,-0.549382,-0.845600,-61.663849,-27.510365,-50.112403,2.680978,-3.198923,-0.037585,-0.057328,0.0400
1.708836,-2.357600,0.000000,0.000000,-0.546094,-0.846199,-61.662006,-27.510365,-50.112403,2.680745,-3.197820,-0.039191,-0.059806,0.0400
1.708836,-2.357600,0.000000,0.000000,-0.546094,-0.846199,-61.662006,-27.510365,-50.112403,2.680745,-3.197820,-0.039191,-0.059806,0.0400
1.708836,-2.357600,0.000000,0.000000,-0.546094,-0.846199,-61.662006,-27.510365,-50.112403,2.680745,-3.197820,-0.039191,-0.059806,0.0400
1.708836,-2.357600,0.000000,0.000000,-0.546094,-0.846199,-61.662006,-27.510365,-50.112403,2.680745,-3.197820,-0.039191,-0.059806,0.0400
1.708836,-2.357600,0.000000,0.000000,-0.546094,-0.846199,-61.662006,-27.510364,-50.112400,2.680745,-3.197820,-0.039191,-0.059806,0.0400
1.708836,-2.357600,0.000000,0.000000,-0.546094,-0.846199,-61.662006,-27.510364,-50.112400,2.680745,-3.197820,-0.039191,-0.059806,0.0400
1.708836,-2.357600,0.000000,0.000000,-0.546094,-0.846199,-61.662006,-27.510364,-50.112400,2.680745,-3.197820,-0.039191,-0.059806,0.0400
1.708836,-2.357600,0.000000,0.000000,-0.546094,-0.846199,-61.662006,-27.510364,-50.112400,2.680745,-3.197820,-0.039191,-0.059806,0.0430
1.708836,-2.357600,0.000000,0.000000,-0.546094,-0.846199,-61.662006,-27.510364,-50.112400,2.680745,-3.197820,-0.039191,-0.059806,0.0400
1.708836,-2.020797,-0.000000,0.087456,-0.383153,-0.578773,-61.567120,-27.510364,-50.112400,2.670092,-3.180671,-0.014308,0.064835,0.0520
1.708836,-2.020797,-0.000000,0.087456,-0.356219,-0.561506,-61.561131,-27.510364,-50.112400,2.669693,-3.171227,-0.018097,0.059712,0.0400
1.708836,-2.020797,-0.000000,0.087456,-0.347648,-0.535321,-61.551559,-27.510364,-50.112400,2.668568,-3.160011,-0.024352,0.050404,0.0410
1.708836,-2.020797,-0.000000,0.087456,-0.345995,-0.532719,-61.551559,-27.510364,-50.112400,2.668568,-3.160011,-0.024352,0.050404,0.0400
1.708836,-2.020797,-0.000000,0.087456,-0.345995,-0.532719,-61.551559,-27.510364,-50.112400,2.668568,-3.160011,-0.024352,0.050404,0.0400
1.708836,-2.020797,-0.000000,0.087456,-0.345995,-0.532719,-61.551559,-27.510364,-50.112400,2.668568,-3.160011,-0.024352,0.050404,0.0400
1.708836,-2.020797,-0.000000,0.087456,-0.270487,-0.406810,-61.497036,-27.510364,-50.112400,2.663584,-3.136684,-0.016824,0.062350,0.0600
1.708836,-2.020797,-0.000000,0.087456,-0.257743,-0.390278,-61.488251,-27.510364,-50.112400,2.661669,-3.128661,-0.018031,0.060682,0.0410
1.708836,-2.020797,-0.000000,0.087456,-0.244884,-0.375736,-61.480587,-27.510364,-50.112400,2.659884,-3.122276,-0.020433,0.057153,0.0400
1.708836,-2.020797,-0.000000,0.087456,-0.243995,-0.374383,-61.480587,-27.510364,-50.112400,2.659884,-3.122276,-0.020433,0.057153,0.0400
1.708836,-2.020797,-0.000000,0.087456,-0.243995,-0.374383,-61.480587,-27.510364,-50.112400,2.659884,-3.122276,-0.020433,0.057153,0.0400
1.708836,-2.020797,-0.000000,0.087456,-0.242845,-0.372683,-61.436337,-27.510364,-50.112400,2.656086,-3.110304,-0.020995,0.055464,0.0410
1.708836,-2.020797,-0.000000,0.087456,-0.158941,-0.242497,-61.424725,-27.510364,-50.112400,2.654431,-3.099587,-0.011067,0.070769,0.0520
1.708836,-2.020797,-0.000000,0.087456,-0.150714,-0.225497,-61.414047,-27.510364,-50.112400,2.651732,-3.091085,-0.011680,0.070150,0.0400
1.708836,-2.020797,-0.000000,0.087456,-0.139673,-0.205202,-61.407978,-27.510364,-50.112400,2.650112,-3.086392,-0.012556,0.068988,0.0410
1.708836,-2.020797,-0.000000,0.087456,-0.139673,-0.205202,-61.407978,-27.510361,-50.112397,2.650112,-3.086392,-0.012556,0.068988,0.0400
1.708836,-2.020797,-0.000000,0.087456,-0.139673,-0.205202,-61.407978,-27.510361,-50.112397,2.650112,-3.086392,-0.012556,0.068988,0.0400
1.708836,-2.020797,-0.000000,0.087456,-0.139673,-0.205202,-61.407978,-27.510361,-50.112397,2.650112,-3.086392,-0.012556,0.068988,0.0400
1.708836,-2.020797,-0.000000,0.087456,-0.139673,-0.205202,-61.407978,-27.510361,-50.112397,2.650112,-3.086392,-0.012556,0.068988,0.0400
1.708836,-2.020797,-0.000000,0.087456,-0.139673,-0.205202,-61.407978,-27.510361,-50.112397,2.650112,-3.086392,-0.012556,0.068988,0.0400
1.708836,-2.020797,-0.000000,0.087456,-0.139673,-0.205202,-61.407978,-27.510361,-50.112397,2.650112,-3.086392,-0.012556,0.068988,0.0400
1.708836,-2.020797,-0.000000,0.087456,-0.139673,-0.205202,-61.407978,-27.510361,-50.112397,2.650112,-3.086392,-0.012556,0.068988,0.0400
1.708836,-2.020797,-0.000000,0.087456,-0.139673,-0.205202,-61.407978,-27.510361,-50.112397,2.650112,-3.086392,-0.012556,0.068988,0.0400
2.088577,-1.683994,0.042336,0.037549,-0.050451,-0.073645,-61.295464,-27.510361,-50.112397,2.656343,-3.058918,0.040027,0.041140,0.0400
2.088577,-1.683994,0.042336,0.037549,0.004744,0.010228,-61.307320,-27.510361,-50.112397,2.656591,-3.053419,0.041754,0.039520,0.0430
2.088577,-1.683994,0.042336,0.037549,-0.002123,0.001837,-61.310040,-27.510361,-50.112397,2.656425,-3.046120,0.041842,0.039009,0.0400
2.088577,-1.683994,0.042336,0.037549,-0.002065,0.002384,-61.308781,-27.510361,-50.112397,2.656391,-3.043960,0.041835,0.038951,0.0400
2.088577,-1.683994,0.042336,0.037549,-0.002065,0.002384,-61.308781,-27.510361,-50.112397,2.656391,-3.043960,0.041835,0.038951,0.0400
2.088577,-1.683994,0.042336,0.037549,-0.046537,0.017287,-61.326466,-27.510361,-50.112397,2.660851,-3.036393,0.038695,0.039485,0.0520
2.088577,-1.683994,0.042336,0.037549,-0.022560,0.008542,-61.317204,-27.510361,-50.112397,2.661004,-3.031056,0.039415,0.039075,0.0400
2.088577,-1.683994,0.042336,0.037549,-0.002979,0.002923,-61.309895,-27.510361,-50.112397,2.660861,-3.023383,0.040325,0.038761,0.0400
2.088577,-1.683994,0.042336,0.037549,-0.002023,0.001704,-61.307770,-27.510361,-50.112397,2.660807,-3.021866,0.040443,0.038705,0.0400
2.088577,-1.683994,0.042336,0.037549,-0.002023,0.001704,-61.307770,-27.510361,-50.112397,2.660807,-3.021866,0.040443,0.038705,0.0400
2.088577,-1.683994,0.042336,0.037549,-0.002023,0.001704,-61.307770,-27.510361,-50.112397,2.660807,-3.021866,0.040443,0.038705,0.0400
2.088577,-1.683994,0.042336,0.037549,-0.002023,0.001704,-61.307770,-27.510361,-50.112397,2.660807,-3.021866,0.040443,0.038705,0.0400
2.088577,-1.683994,0.042336,0.037549,-0.002023,0.001704,-61.307770,-27.510361,-50.112397,2.660807,-3.021866,0.040443,0.038705,0.0400
2.088577,-1.683994,0.042336,0.037549,-0.002023,0.001704,-61.307770,-27.510361,-50.112396,2.660807,-3.021866,0.040443,0.038705,0.0400
2.088577,-1.683994,0.042336,0.037549,-0.002023,0.001704,-61.307770,-27.510361,-50.112396,2.660807,-3.021866,0.040443,0.038705,0.0400
2.088577,-1.683994,0.000000,0.000000,0.070160,0.174053,-61.663578,-27.510361,-50.112396,2.664550,-3.009413,0.004307,0.008872,0.0790
2.088577,-1.683994,0.000000,0.000000,0.020486,0.100619,-61.711197,-27.510361,-50.112396,2.662053,-3.005420,0.003407,0.009525,0.0400
2.088577,-1.683994,0.000000,0.000000,0.015935,0.079558,-61.750881,-27.510361,-50.112396,2.660027,-3.001780,0.004888,0.011081,0.0430
2.088577,-1.683994,0.000000,0.000000,0.053212,0.079086,-61.817165,-27.510361,-50.112396,2.657267,-2.996668,0.005264,0.011487,0.0400
2.088577,-1.683994,0.000000,0.000000,0.061135,0.073141,-61.831409,-27.510361,-50.112396,2.656180,-2.994587,0.005864,0.011714,0.0400
2.088577,-1.683994,0.000000,0.000000,0.061064,0.073080,-61.831409,-27.510361,-50.112396,2.656180,-2.994587,0.005864,0.011714,0.0400
2.088577,-1.683994,0.000000,0.000000,0.061064,0.073080,-61.831409,-27.510361,-50.112396,2.656180,-2.994587,0.005864,0.011714,0.0400
2.088577,-1.683994,0.000000,0.000000,0.061064,0.073080,-61.831409,-27.510361,-50.112396,2.656180,-2.994587,0.005864,0.011714,0.0400
2.088577,-1.683994,0.000000,0.000000,0.061064,0.073080,-61.831409,-27.510361,-50.112396,2.656180,-2.994587,0.005864,0.011714,0.0400
2.088577,-1.683994,0.000000,0.000000,0.061064,0.073080,-61.831409,-27.510361,-50.112396,2.656180,-2.994587,0.005864,0.011714,0.0400
2.088577,-1.683994,0.000000,0.000000,-0.608805,-0.125952,-60.497105,-27.510361,-50.112396,2.656099,-2.986023,-0.012828,-0.003953,0.0670
2.088577,-1.683994,0.000000,0.000000,-0.300203,-0.087301,-60.483963,-27.510361,-50.112396,2.655772,-2.981308,-0.019891,-0.003948,0.0400
