2.088576,-2.020817,0.154333,0.000000,-0.455018,-0.044585,0.005278,-27.510373,-50.112371,2.080364,-2.029695,0.161366,-0.023420,1.1330
2.088576,-2.020817,0.154333,0.000000,0.079976,0.028924,0.007774,-27.510373,-50.112371,2.115011,-2.028934,0.157200,-0.010325,0.2210
1.518965,-2.694422,-0.521520,-0.616734,-0.520354,0.170211,0.128210,-27.510378,-50.112377,2.067036,-2.102677,-0.020370,-0.140813,0.2110
1.518965,-2.694422,-0.521520,-0.616734,-0.310420,0.830513,1.017114,-27.510378,-50.112377,1.936674,-2.252743,-0.266092,-0.282114,0.1670
1.518965,-2.694422,-0.521520,-0.616734,-0.124148,0.638047,2.030439,-27.510378,-50.112377,1.826245,-2.376411,-0.401842,-0.325868,0.1620
1.518965,-2.694422,-0.521520,-0.616734,-0.313294,0.291209,-0.179754,-27.510378,-50.112377,1.743722,-2.468237,-0.463371,-0.383256,0.1240
1.518965,-2.694422,-0.521520,-0.616734,-0.289474,0.539530,-9.814211,-27.510378,-50.112377,1.637805,-2.586130,-0.501050,-0.428816,0.1900
3.417671,-2.694422,1.116344,0.000000,0.319786,0.085888,-28.975172,-27.510360,-50.112378,1.491029,-2.755185,-0.507972,-0.486126,0.2740
3.417671,-2.694422,1.116344,0.000000,1.590589,-1.990461,-50.407276,-27.510360,-50.112378,2.101831,-2.762257,0.825376,-0.367685,0.3920
3.417671,-2.694422,1.116344,0.000000,1.644479,-2.271819,-52.361946,-27.510360,-50.112378,2.170157,-2.761262,0.926482,-0.395840,0.0400
3.417671,-2.694422,1.116344,0.000000,1.627854,-2.339525,-54.104839,-27.510360,-50.112378,2.229812,-2.760400,1.005821,-0.426695,0.0400
3.417671,-2.694422,1.116344,0.000000,1.560328,-2.634917,-57.300396,-27.510360,-50.112378,2.319585,-2.779028,1.128014,-0.467446,0.0640
3.417671,-2.694422,1.116344,0.000000,1.158330,-2.718781,-69.630966,-27.510360,-50.112378,2.691680,-2.766983,1.309369,-0.548558,0.2300
5.316377,-2.020817,1.692081,0.600301,-0.497385,-1.760506,-74.228630,-27.510343,-50.112368,3.374701,-2.630436,1.374680,-0.367936,0.4130
5.316377,-2.020817,1.692081,0.600301,-0.245795,-1.928139,-74.492294,-27.510343,-50.112368,3.636077,-2.545231,1.450706,-0.219282,0.1330
5.316377,-2.020817,1.692081,0.600301,-0.377800,-1.436629,-74.551384,-27.510343,-50.112368,3.742577,-2.507251,1.472900,-0.157986,0.0410
5.316377,-2.020817,1.692081,0.600301,0.178503,-2.083308,-74.568123,-27.510343,-50.112368,3.793612,-2.489643,1.487351,-0.140387,0.0400
5.316377,-2.020817,1.692081,0.600301,0.178503,-2.083308,-74.568123,-27.510343,-50.112368,3.793612,-2.489643,1.487351,-0.140387,0.0400
5.316377,-2.020817,1.692081,0.600301,1.605306,-0.586720,-74.479240,-27.510343,-50.112368,4.079779,-2.427403,1.731706,0.362096,0.0930
5.316377,-2.020817,1.692081,0.600301,3.096468,-0.101259,-73.909225,-27.510343,-50.112368,4.515939,-2.263883,2.046447,0.472372,0.2280
5.316377,-2.020817,1.692081,0.600301,2.857895,-0.556672,-73.666206,-27.510343,-50.112368,4.635011,-2.220305,2.130903,0.479150,0.0610
5.316377,-2.020817,1.692081,0.600301,2.342728,-0.362501,-73.469719,-27.510343,-50.112368,4.738233,-2.183110,2.176659,0.479539,0.0630
5.316377,-2.020817,1.692081,0.600301,2.172621,-0.618275,-73.302277,-27.510343,-50.112368,4.821749,-2.152508,2.194432,0.473546,0.0400
6.645471,0.336804,1.205071,2.137622,0.724003,-0.186689,-72.754799,-27.510331,-50.112347,5.086209,-1.833240,1.957710,0.985254,0.1460
6.645471,0.336804,1.205071,2.137622,-0.463030,-0.521120,-72.492661,-27.510331,-50.112347,5.240307,-1.573805,1.735880,1.271483,0.1110
6.645471,0.336804,1.205071,2.137622,-1.496557,-0.595605,-71.737488,-27.510331,-50.112347,5.784265,-0.665857,1.067072,1.741881,0.3740
6.645471,0.336804,1.205071,2.137622,-0.601880,-0.104324,-71.552681,-27.510331,-50.112347,5.893889,-0.480481,1.026870,1.814310,0.0820
6.645471,0.336804,1.205071,2.137622,0.318666,0.023937,-70.828522,-27.510331,-50.112347,6.330015,0.260540,1.155397,2.009673,0.3350
8.354306,2.357622,1.654247,1.956264,0.437563,-0.091413,-70.711952,-27.510317,-50.112326,6.461415,0.415054,1.269698,1.995537,0.0640
8.354306,2.357622,1.654247,1.956264,0.104136,-0.092091,-70.587875,-27.510317,-50.112326,6.595466,0.571777,1.364509,1.986236,0.0700
8.354306,2.357622,1.654247,1.956264,0.033301,-0.379073,-70.511086,-27.510317,-50.112326,6.686877,0.676182,1.416007,1.973965,0.0400
8.354306,2.357622,1.654247,1.956264,0.041519,0.073149,-70.487564,-27.510317,-50.112326,6.736835,0.733567,1.435420,1.971288,0.0550
8.354306,2.357622,1.654247,1.956264,0.041519,0.073149,-70.487564,-27.510317,-50.112326,6.736835,0.733567,1.435420,1.971288,0.0400
8.354306,2.357622,1.654247,1.956264,0.041519,0.073149,-70.487564,-27.510317,-50.112326,6.736835,0.733567,1.435420,1.971288,0.0410
8.354306,2.357622,1.654247,1.956264,0.041519,0.073149,-70.487564,-27.510317,-50.112326,6.736835,0.733567,1.435420,1.971288,0.0400
8.354306,2.357622,1.654247,1.956264,0.041519,0.073149,-70.487564,-27.510317,-50.112326,6.736835,0.733567,1.435420,1.971288,0.0410
8.354306,2.357622,1.654247,1.956264,0.041519,0.073149,-70.487564,-27.510317,-50.112326,6.736835,0.733567,1.435420,1.971288,0.0410
8.354306,2.357622,1.654247,1.956264,0.041519,0.073149,-70.487564,-27.510317,-50.112326,6.736835,0.733567,1.435420,1.971288,0.0400
8.354306,2.357622,1.654247,1.956264,0.041519,0.073149,-70.487564,-27.510317,-50.112326,6.736835,0.733567,1.435420,1.971288,0.0400
8.354306,2.357622,1.654247,1.956264,-0.681102,0.641562,-69.777237,-27.510317,-50.112326,7.454689,1.630742,1.644410,1.969358,0.0880
8.354306,2.357622,1.654247,1.956264,-0.596473,-0.378478,-69.687973,-27.510317,-50.112326,7.592831,1.784750,1.623086,1.957315,0.0650
8.354306,2.357622,1.654247,1.956264,-1.152903,0.352201,-69.543282,-27.510317,-50.112326,7.804953,2.022147,1.557216,1.980930,0.1180
8.354306,2.357622,1.654247,1.956264,-1.212022,-0.140264,-69.451805,-27.510317,-50.112326,7.977012,2.213271,1.516794,1.963418,0.1060
8.354306,2.357622,1.654247,1.956264,-0.922798,0.088349,-69.403503,-27.510317,-50.112326,8.051972,2.296191,1.495583,1.957568,0.0410
10.063142,4.378440,1.797084,2.125178,-1.202322,-0.048910,-69.374557,-27.510302,-50.112304,8.104663,2.355582,1.490819,1.966799,0.0430
10.063142,4.378440,1.797084,2.125178,-1.221815,0.282575,-69.242104,-27.510302,-50.112304,8.310650,2.599116,1.556851,2.036692,0.0890
10.063142,4.378440,1.797084,2.125178,-0.951898,0.115374,-69.127892,-27.510302,-50.112304,8.490165,2.803113,1.578793,2.087130,0.0840
10.063142,4.378440,1.797084,2.125178,-1.122339,0.010326,-69.051727,-27.510302,-50.112304,8.660627,2.998212,1.579938,2.109880,0.0720
10.063142,4.378440,1.797084,2.125178,-1.823302,-0.100965,-69.003548,-27.510302,-50.112304,8.771377,3.125094,1.551363,2.116585,0.0640
10.063142,4.378440,1.797084,2.125178,-1.567433,-0.240138,-68.997551,-27.510302,-50.112304,8.867782,3.235057,1.528210,2.109604,0.0410
10.063142,4.378440,1.797084,2.125178,-1.922978,-0.121900,-69.004921,-27.510302,-50.112304,8.890024,3.260582,1.518570,2.108971,0.0420
10.063142,4.378440,1.797084,2.125178,-1.917364,-0.418452,-69.117950,-27.510302,-50.112304,9.032860,3.451313,1.482015,2.113285,0.0550
10.063142,4.378440,1.797084,2.125178,-2.487068,-0.645671,-69.218330,-27.510302,-50.112304,9.169502,3.599295,1.554341,2.101530,0.0670
10.063142,4.378440,1.797084,2.125178,-2.376959,-0.225888,-69.289452,-27.510302,-50.112304,9.252733,3.691992,1.537090,2.096462,0.0410
10.063142,4.378440,1.797084,2.125178,-1.299096,-0.079914,-69.556870,-27.510302,-50.112304,9.389113,3.860052,1.550730,2.099225,0.0770
10.063142,4.378440,1.797084,2.125178,-0.807525,0.400346,-69.729370,-27.510302,-50.112304,9.490600,3.972549,1.593466,2.127044,0.0510
10.063142,4.378440,1.797084,2.125178,-0.696337,0.001877,-69.855637,-27.510302,-50.112304,9.565392,4.055739,1.620450,2.129336,0.0400
10.063142,4.378440,1.797084,2.125178,-1.061409,0.814364,-69.879471,-27.510302,-50.112304,9.577059,4.068814,1.620978,2.133911,0.0400
10.063142,4.378440,1.797084,2.125178,-1.061409,0.814364,-69.879471,-27.510302,-50.112304,9.577059,4.068814,1.620978,2.133911,0.0400
10.063142,4.378440,1.797084,2.125178,-1.060918,0.814577,-70.537331,-27.510302,-50.112304,9.807730,4.367076,1.677975,2.211417,0.0410
10.063142,4.378440,1.797084,2.125178,-0.342078,1.363506,-70.902283,-27.510302,-50.112304,9.982602,4.554471,1.754186,2.192655,0.1010
11.582107,6.736062,1.331825,2.067158,-0.192633,0.891410,-71.686142,-27.510287,-50.112283,10.222334,4.927367,1.452466,2.228027,0.1630
11.582107,6.736062,1.331825,2.067158,-0.450987,1.033408,-71.924026,-27.510287,-50.112283,10.290940,5.031342,1.412615,2.244194,0.0410
11.582107,6.736062,1.331825,2.067158,-1.013681,5.856099,-72.137207,-27.510287,-50.112283,10.335300,5.097950,1.382709,2.324963,0.0410
11.582107,6.736062,1.331825,2.067158,-1.013681,5.856099,-72.137207,-27.510287,-50.112283,10.335300,5.097950,1.382709,2.324963,0.0400
11.582107,6.736062,1.331825,2.067158,-1.013681,5.856099,-72.137207,-27.510287,-50.112283,10.335300,5.097950,1.382709,2.324963,0.0400
11.582107,6.736062,1.331825,2.067158,-1.013681,5.856099,-72.137207,-27.510287,-50.112283,10.335300,5.097950,1.382709,2.324963,0.0410
11.582107,6.736062,1.331825,2.067158,-1.013681,5.856099,-72.137207,-27.510287,-50.112283,10.335300,5.097950,1.382709,2.324963,0.0410
11.582107,6.736062,1.331825,2.067158,-1.013681,5.856099,-72.137207,-27.510287,-50.112283,10.335300,5.097950,1.382709,2.324963,0.0400
11.582107,6.736062,1.331825,2.067158,-2.588444,1.770260,-78.804306,-27.510287,-50.112283,10.778345,5.805679,1.265097,2.087882,0.0660
11.582107,6.736062,1.331825,2.067158,-2.705428,5.165263,-80.722588,-27.510287,-50.112283,10.853891,5.899367,1.222357,2.220279,0.0480
11.582107,6.736062,1.331825,2.067158,-2.196225,7.444054,-82.598389,-27.510287,-50.112283,10.918899,5.974861,1.179457,2.384558,0.0410
11.582107,6.736062,1.331825,2.067158,-2.303146,7.629856,-82.598389,-27.510287,-50.112283,10.918899,5.974861,1.179457,2.384558,0.0400
11.582107,6.736062,1.331825,2.067158,-2.303146,7.629856,-82.598389,-27.510287,-50.112283,10.918899,5.974861,1.179457,2.384558,0.0400
11.582107,6.736062,1.331825,2.067158,-2.303146,7.629856,-82.598389,-27.510287,-50.112283,10.918899,5.974861,1.179457,2.384558,0.0400
11.582107,6.736062,1.331825,2.067158,-2.303146,7.629856,-82.598389,-27.510287,-50.112283,10.918899,5.974861,1.179457,2.384558,0.0410
11.582107,6.736062,1.331825,2.067158,-2.303146,7.629856,-82.598389,-27.510287,-50.112283,10.918899,5.974861,1.179457,2.384558,0.0410
11.582107,6.736062,1.331825,2.067158,-2.303146,7.629856,-82.598389,-27.510287,-50.112283,10.918899,5.974861,1.179457,2.384558,0.0400
11.582107,6.736062,1.331825,2.067158,-2.303146,7.629856,-82.598389,-27.510287,-50.112283,10.918899,5.974861,1.179457,2.384558,0.0410
11.582107,6.736062,1.331825,2.067158,-2.303146,7.629856,-82.598389,-27.510287,-50.112283,10.918899,5.974861,1.179457,2.384558,0.0400
11.582107,6.736062,1.331825,2.067158,-2.303146,7.629856,-82.598389,-27.510269,-50.112269,10.918899,5.974861,1.179457,2.384558,0.0400
11.582107,6.736062,1.331825,2.067158,-2.303146,7.629856,-82.598389,-27.510269,-50.112269,10.918899,5.974861,1.179457,2.384558,0.1070
11.582107,6.736062,1.331825,2.067158,-2.303146,7.629856,-82.598389,-27.510269,-50.112269,10.918899,5.974861,1.179457,2.384558,0.0400
11.582107,6.736062,1.331825,2.067158,-2.303146,7.629856,-82.598389,-27.510269,-50.112269,10.918899,5.974861,1.179457,2.384558,0.0400
11.582107,6.736062,1.331825,2.067158,-2.303146,7.629856,-82.598389,-27.510269,-50.112269,10.918899,5.974861,1.179457,2.384558,0.0410
11.582107,6.736062,1.331825,2.067158,-2.303146,7.629856,-82.598389,-27.510269,-50.112269,10.918899,5.974861,1.179457,2.384558,0.0400
11.582107,6.736062,1.331825,2.067158,-2.303146,7.629856,-82.598389,-27.510269,-50.112269,10.918899,5.974861,1.179457,2.384558,0.0410
11.582107,6.736062,1.331825,2.067158,-2.303146,7.629856,-82.598389,-27.510269,-50.112269,10.918899,5.974861,1.179457,2.384558,0.0410
11.582107,6.736062,1.331825,2.067158,-2.303146,7.629856,-82.598389,-27.510269,-50.112269,10.918899,5.974861,1.179457,2.384558,0.0400
11.582107,6.736062,1.331825,2.067158,-2.303146,7.629856,-82.598389,-27.510269,-50.112269,10.918899,5.974861,1.179457,2.384558,0.0410
11.582107,6.736062,1.331825,2.067158,-2.303146,7.629856,-82.598389,-27.510269,-50.112269,10.918899,5.974861,1.179457,2.384558,0.0400
11.582107,6.736062,1.331825,2.067158,-2.303146,7.629856,-82.598389,-27.510269,-50.112269,10.918899,5.974861,1.179457,2.384558,0.0410
11.582107,6.736062,1.331825,2.067158,-2.303146,7.629856,-82.598389,-27.510269,-50.112269,10.918899,5.974861,1.179457,2.384558,0.0610
11.582107,6.736062,1.331825,2.067158,-2.303146,7.629856,-82.598389,-27.510269,-50.112269,10.918899,5.974861,1.179457,2.384558,0.0400
11.582107,6.736062,1.331825,2.067158,-2.303146,7.629856,-82.598389,-27.510269,-50.112269,10.918899,5.974861,1.179457,2.384558,0.0400
11.582107,6.736062,1.331825,2.067158,-2.303146,7.629856,-82.598389,-27.510269,-50.112269,10.918899,5.974861,1.179457,2.384558,0.0400
11.582107,6.736062,1.331825,2.067158,-2.303146,7.629856,-82.598389,-27.510269,-50.112269,10.918899,5.974861,1.179457,2.384558,0.0410
13.670683,7.746471,2.435899,1.178437,-1.016550,2.258407,-76.252945,-27.510269,-50.112269,13.227890,8.105967,2.399021,1.259884,0.0750
13.670683,7.746471,2.435899,1.178437,-0.525938,2.921976,-76.171288,-27.510269,-50.112269,13.335624,8.115977,2.392593,1.313297,0.0410
13.670683,7.746471,2.435899,1.178437,-0.485483,2.201545,-76.122459,-27.510269,-50.112269,13.417395,8.125277,2.387998,1.347366,0.0410
13.670683,7.746471,2.435899,1.178437,-0.485483,2.201545,-76.122459,-27.510258,-50.112272,13.417395,8.125277,2.387998,1.347366,0.0420
14.809906,7.746471,1.471311,0.000000,0.476362,2.155344,-76.295708,-27.510258,-50.112272,13.619643,8.073564,1.752901,0.525727,0.0780
14.809906,7.746471,1.471311,0.000000,0.889032,1.563208,-76.368820,-27.510258,-50.112272,13.671012,8.042038,1.681292,0.397355,0.0450
14.809906,7.746471,1.471311,0.000000,1.128883,1.964991,-76.430458,-27.510258,-50.112272,13.714148,8.027860,1.662636,0.365877,0.0410
14.809906,7.746471,1.471311,0.000000,1.128883,1.964991,-76.430458,-27.510258,-50.112272,13.714148,8.027860,1.662636,0.365877,0.0410
14.809906,7.746471,1.471311,0.000000,1.490541,1.739959,-76.743355,-27.510258,-50.112272,13.946346,8.029739,1.628920,0.232697,0.0950
14.809906,7.746471,1.471311,0.000000,1.386251,2.614277,-76.882210,-27.510258,-50.112272,14.075447,8.016624,1.633281,0.241350,0.0850
14.809906,7.746471,1.471311,0.000000,1.640967,1.976238,-76.969421,-27.510258,-50.112272,14.152895,8.009048,1.658450,0.284157,0.0500
14.809906,7.746471,1.471311,0.000000,2.160728,2.346702,-77.098518,-27.510258,-50.112272,14.284937,8.000434,1.736408,0.345940,0.0880
14.809906,7.746471,1.471311,0.000000,1.784914,2.158762,-77.156693,-27.510258,-50.112272,14.393220,7.994034,1.791761,0.407376,0.0690
14.809906,7.746471,1.471311,0.000000,1.572511,2.113002,-77.168007,-27.510258,-50.112272,14.490203,7.988756,1.819567,0.437682,0.0680
14.809906,7.746471,1.471311,0.000000,1.319360,1.814757,-77.152222,-27.510258,-50.112272,14.618307,7.983478,1.829844,0.469336,0.0870
14.809906,7.746471,1.471311,0.000000,1.270122,1.981930,-77.134369,-27.510258,-50.112272,14.684182,7.979909,1.829820,0.480066,0.0410
14.809906,7.746471,1.471311,0.000000,1.122372,1.829575,-77.126717,-27.510258,-50.112272,14.712921,7.977711,1.827033,0.481179,0.0400
14.809906,7.746471,1.471311,0.000000,1.114761,1.776046,-77.071983,-27.510258,-50.112272,14.850157,8.001908,1.781625,0.448520,0.0590
14.809906,7.746471,1.471311,0.000000,1.094089,2.124133,-77.044876,-27.510258,-50.112272,14.936634,7.991655,1.691698,0.325912,0.0630
15.569388,8.756881,1.109679,1.476309,0.819777,2.008742,-77.016563,-27.510251,-50.112262,14.992721,8.003965,1.655096,0.395321,0.0420
15.569388,8.756881,1.109679,1.476309,0.788749,2.001303,-77.013214,-27.510251,-50.112262,14.996880,8.011631,1.643422,0.432477,0.0400
15.569388,8.756881,1.109679,1.476309,0.788749,2.001303,-77.013214,-27.510251,-50.112262,14.996880,8.011631,1.643422,0.432477,0.0410
15.569388,8.756881,1.109679,1.476309,-0.419794,1.475870,-76.808609,-27.510251,-50.112262,15.209075,8.204046,1.233276,1.306583,0.0830
15.569388,8.756881,1.109679,1.476309,-0.708280,1.675256,-76.812637,-27.510251,-50.112262,15.257970,8.275129,1.170806,1.418866,0.0400
15.569388,8.756881,1.109679,1.476309,-0.779645,1.958647,-76.826340,-27.510251,-50.112262,15.276179,8.299951,1.149340,1.456476,0.0400
15.569388,8.756881,1.109679,1.476309,-1.156565,2.366989,-77.093933,-27.510251,-50.112262,15.406318,8.468526,1.045425,1.608641,0.0880
15.569388,8.756881,1.109679,1.476309,-1.281542,2.355253,-77.338127,-27.510251,-50.112262,15.480033,8.558615,1.002913,1.676821,0.0660
15.569388,8.756881,1.109679,1.476309,-1.405011,2.361377,-77.558510,-27.510251,-50.112262,15.538223,8.646075,0.952416,1.769313,0.0410
15.569388,8.756881,1.109679,1.476309,-1.668779,3.074684,-77.734871,-27.510251,-50.112262,15.626757,8.750588,0.929512,1.821244,0.0850
15.569388,8.756881,1.109679,1.476309,-1.742844,2.301743,-77.585083,-27.510251,-50.112262,15.714275,8.857899,0.884776,1.872905,0.0690
15.569388,8.756881,1.109679,1.476309,-1.411609,1.891217,-77.377480,-27.510251,-50.112262,15.780346,8.940463,0.854498,1.887380,0.0680
15.569388,8.756881,1.109679,1.476309,-1.502561,1.883618,-77.250122,-27.510251,-50.112262,15.822969,8.992621,0.846082,1.890308,0.0410
15.569388,8.756881,1.109679,1.476309,-1.620363,1.892577,-77.250122,-27.510251,-50.112262,15.822969,8.992621,0.846082,1.890308,0.0400
15.569388,8.756881,1.109679,1.476309,-1.620363,1.892577,-77.250122,-27.510251,-50.112262,15.822969,8.992621,0.846082,1.890308,0.0410
15.569388,8.756881,1.109679,1.476309,-1.372282,1.670585,-77.034233,-27.510251,-50.112262,15.992378,9.261347,0.963327,1.668774,0.0750
15.569388,8.756881,1.109679,1.476309,-1.372307,1.360947,-77.043007,-27.510251,-50.112262,16.037836,9.312691,0.966020,1.650911,0.0400
15.569388,8.756881,1.109679,1.476309,-1.541172,1.576564,-77.058167,-27.510251,-50.112262,16.063361,9.342817,0.959384,1.652734,0.0410
16.328871,10.440897,0.898865,1.993073,-1.027607,1.261559,-77.170685,-27.510245,-50.112244,16.156842,9.532612,0.861948,1.887118,0.0790
16.328871,10.440897,0.898865,1.993073,-1.084754,1.331759,-77.261017,-27.510245,-50.112244,16.198355,9.626633,0.832983,1.965042,0.0450
16.328871,10.440897,0.898865,1.993073,-1.160196,1.613033,-77.345299,-27.510245,-50.112244,16.233133,9.704204,0.812769,2.023208,0.0410
16.328871,10.440897,0.898865,1.993073,-0.994059,1.447252,-77.671066,-27.510245,-50.112244,16.309314,9.877989,0.779189,2.097352,0.0810
16.328871,10.440897,0.898865,1.993073,-0.784495,1.690446,-77.959160,-27.510245,-50.112244,16.351424,9.969163,0.777842,2.132571,0.0400
16.328871,10.440897,0.898865,1.993073,-0.955929,1.968731,-78.148964,-27.510245,-50.112244,16.374653,10.019445,0.772270,2.158603,0.0430
16.328871,10.440897,0.898865,1.993073,-0.729526,2.712027,-79.068459,-27.510245,-50.112244,16.478169,10.257792,0.772676,2.282209,0.1000
16.328871,10.440897,0.898865,1.993073,-0.676477,3.024131,-79.527962,-27.510245,-50.112244,16.542761,10.398287,0.768017,2.378064,0.0600
16.328871,10.440897,0.898865,1.993073,-0.658719,3.500900,-80.122604,-27.510245,-50.112244,16.661689,10.663326,0.752293,2.562205,0.1490
16.328871,10.440897,0.898865,1.993073,-0.619336,3.601684,-80.358025,-27.510245,-50.112244,16.743575,10.845062,0.732443,2.669380,0.0940
16.328871,10.440897,0.898865,1.993073,-0.617402,3.046151,-80.412926,-27.510245,-50.112244,16.798867,10.968770,0.725967,2.731345,0.0670
16.328871,10.440897,0.898865,1.993073,-0.614668,3.546740,-80.410652,-27.510245,-50.112244,16.846061,11.074899,0.722243,2.775405,0.0570
16.328871,10.440897,0.898865,1.993073,-0.460943,3.510274,-80.384254,-27.510245,-50.112244,16.877092,11.144104,0.727257,2.796558,0.0410
16.328871,10.440897,0.898865,1.993073,-0.279888,3.526225,-80.228073,-27.510245,-50.112244,16.953408,11.348277,0.759470,2.743079,0.0910
15.189647,12.124913,-1.008890,1.491355,-0.188312,2.527701,-80.125282,-27.510256,-50.112228,16.950970,11.443627,0.572379,2.648064,0.0560
15.189647,12.124913,-1.008890,1.491355,-0.478591,3.173910,-79.938255,-27.510256,-50.112228,16.859343,11.547683,0.139474,2.510232,0.0680
15.189647,12.124913,-1.008890,1.491355,-0.129774,2.830215,-79.797356,-27.510256,-50.112228,16.805686,11.605439,-0.057447,2.444667,0.0400
15.189647,12.124913,-1.008890,1.491355,0.008618,3.589221,-79.751587,-27.510256,-50.112228,16.791863,11.621928,-0.099032,2.437141,0.0400
15.189647,12.124913,-1.008890,1.491355,0.008618,3.589221,-79.751587,-27.510256,-50.112228,16.791863,11.621928,-0.099032,2.437141,0.0400
15.189647,12.124913,-1.008890,1.491355,0.089241,2.513236,-78.854012,-27.510256,-50.112228,16.738060,11.932917,-0.452295,2.250274,0.0640
15.189647,12.124913,-1.008890,1.491355,0.151231,3.401852,-78.431931,-27.510256,-50.112228,16.635078,11.994392,-0.868022,1.783899,0.0690
15.189647,12.124913,-1.008890,1.491355,0.292581,2.434635,-78.170502,-27.510256,-50.112228,16.580713,12.050887,-0.907679,1.768366,0.0410
15.189647,12.124913,-1.008890,1.491355,0.119096,1.897237,-78.126205,-27.510256,-50.112228,16.570664,12.061485,-0.912474,1.767327,0.0400
15.189647,12.124913,-1.008890,1.491355,0.119096,1.897237,-78.126205,-27.510256,-50.112228,16.570664,12.061485,-0.912474,1.767327,0.0400
15.189647,12.124913,-1.008890,1.491355,1.451944,1.580920,-77.799889,-27.510256,-50.112228,16.428162,12.284448,-0.905179,1.676017,0.0570
15.189647,12.124913,-1.008890,1.491355,2.126545,2.047100,-77.783836,-27.510256,-50.112228,16.378260,12.337475,-0.894569,1.655991,0.0410
15.189647,12.124913,-1.008890,1.491355,2.651194,2.235187,-77.806755,-27.510256,-50.112228,16.327745,12.393206,-0.848619,1.681776,0.0400
15.189647,12.124913,-1.008890,1.491355,2.845722,1.849096,-77.813469,-27.510256,-50.112228,16.319362,12.402952,-0.837192,1.685113,0.0610
15.189647,12.124913,-1.008890,1.491355,2.845722,1.849096,-77.813469,-27.510256,-50.112228,16.319362,12.402952,-0.837192,1.685113,0.0400
15.189647,12.124913,-1.008890,1.491355,2.845722,1.849096,-77.813469,-27.510256,-50.112228,16.319362,12.402952,-0.837192,1.685113,0.0400
15.189647,12.124913,-1.008890,1.491355,2.845722,1.849096,-77.813469,-27.510256,-50.112228,16.319362,12.402952,-0.837192,1.685113,0.0410
15.189647,12.124913,-1.008890,1.491355,2.845722,1.849096,-77.813469,-27.510256,-50.112228,16.319362,12.402952,-0.837192,1.685113,0.0410
15.189647,12.124913,-1.008890,1.491355,2.845722,1.849096,-77.813469,-27.510256,-50.112228,16.319362,12.402952,-0.837192,1.685113,0.0400
15.189647,12.124913,-1.008890,1.491355,2.845722,1.849096,-77.813469,-27.510256,-50.112228,16.319362,12.402952,-0.837192,1.685113,0.0400
15.189647,12.124913,-1.008890,1.491355,2.845722,1.849096,-77.813469,-27.510272,-50.112212,16.319362,12.402952,-0.837192,1.685113,0.0410
15.189647,12.124913,-1.008890,1.491355,2.845722,1.849096,-77.813469,-27.510272,-50.112212,16.319362,12.402952,-0.837192,1.685113,0.0400
15.189647,12.124913,-1.008890,1.491355,2.845722,1.849096,-77.813469,-27.510272,-50.112212,16.319362,12.402952,-0.837192,1.685113,0.0410
15.189647,12.124913,-1.008890,1.491355,2.845722,1.849096,-77.813469,-27.510272,-50.112212,16.319362,12.402952,-0.837192,1.685113,0.0400
15.189647,12.124913,-1.008890,1.491355,2.845722,1.849096,-77.813469,-27.510272,-50.112212,16.319362,12.402952,-0.837192,1.685113,0.0400
15.189647,12.124913,-1.008890,1.491355,2.845722,1.849096,-77.813469,-27.510272,-50.112212,16.319362,12.402952,-0.837192,1.685113,0.0410
15.189647,12.124913,-1.008890,1.491355,2.845722,1.849096,-77.813469,-27.510272,-50.112212,16.319362,12.402952,-0.837192,1.685113,0.0410
15.189647,12.124913,-1.008890,1.491355,2.845722,1.849096,-77.813469,-27.510272,-50.112212,16.319362,12.402952,-0.837192,1.685113,0.0400
15.189647,12.124913,-1.008890,1.491355,2.845722,1.849096,-77.813469,-27.510272,-50.112212,16.319362,12.402952,-0.837192,1.685113,0.0400
15.189647,12.124913,-1.008890,1.491355,2.845722,1.849096,-77.813469,-27.510272,-50.112212,16.319362,12.402952,-0.837192,1.685113,0.0400
15.189647,12.124913,-1.008890,1.491355,2.845722,1.849096,-77.813469,-27.510272,-50.112212,16.319362,12.402952,-0.837192,1.685113,0.0410
13.290940,13.472126,-1.846063,1.309860,3.862673,4.582308,-64.735382,-27.510272,-50.112212,15.037339,13.803238,-1.751364,1.402020,0.0700
13.290940,13.472126,-1.846063,1.309860,4.388615,4.342046,-63.917866,-27.510272,-50.112212,14.819222,13.803225,-1.657448,1.505178,0.0720
13.290940,13.472126,-1.846063,1.309860,4.259944,2.957134,-63.009583,-27.510272,-50.112212,14.536323,13.843769,-1.464424,1.630369,0.0980
13.290940,13.472126,-1.846063,1.309860,4.270277,3.293761,-62.496994,-27.510272,-50.112212,14.350498,13.883092,-1.342069,1.704921,0.0620
13.290940,13.472126,-1.846063,1.309860,4.513352,3.849316,-62.034939,-27.510272,-50.112212,14.136944,13.932495,-1.198466,1.799479,0.0800
13.290940,13.472126,-1.846063,1.309860,3.866838,4.244514,-61.891827,-27.510272,-50.112212,14.055646,13.952268,-1.161616,1.851971,0.0410
13.290940,13.472126,-1.846063,1.309860,3.866838,4.244514,-61.891827,-27.510272,-50.112212,14.055646,13.952268,-1.161616,1.851971,0.0400
13.290940,13.472126,-1.846063,1.309860,3.866838,4.244514,-61.891827,-27.510292,-50.112201,14.055646,13.952268,-1.161616,1.851971,0.0410
13.290940,13.472126,-1.846063,1.309860,3.866838,4.244514,-61.891827,-27.510292,-50.112201,14.055646,13.952268,-1.161616,1.851971,0.0430
13.290940,13.472126,-1.846063,1.309860,3.866838,4.244514,-61.891827,-27.510292,-50.112201,14.055646,13.952268,-1.161616,1.851971,0.0400
13.290940,13.472126,-1.846063,1.309860,3.866838,4.244514,-61.891827,-27.510292,-50.112201,14.055646,13.952268,-1.161616,1.851971,0.0410
11.012493,14.482535,-1.956349,0.867570,4.180293,0.654166,-64.029060,-27.510292,-50.112201,13.588716,14.362962,-1.701941,1.005967,0.0550
11.012493,14.482535,-1.956349,0.867570,3.876099,-0.127838,-64.101776,-27.510292,-50.112201,13.427633,14.397306,-1.750270,0.932951,0.0570
11.012493,14.482535,-1.956349,0.867570,3.720446,0.959883,-63.909901,-27.510292,-50.112201,13.315393,14.431114,-1.696341,0.932520,0.0400
11.012493,14.482535,-1.956349,0.867570,3.745616,0.985578,-63.841534,-27.510292,-50.112201,13.292695,14.438317,-1.682837,0.936294,0.0400
11.012493,14.482535,-1.956349,0.867570,3.745616,0.985578,-63.841534,-27.510292,-50.112201,13.292695,14.438317,-1.682837,0.936294,0.0400
11.012493,14.482535,-1.956349,0.867570,3.745616,0.985578,-63.841534,-27.510292,-50.112201,13.292695,14.438317,-1.682837,0.936294,0.0400
11.012493,14.482535,-1.956349,0.867570,3.745616,0.985578,-63.841534,-27.510292,-50.112201,13.292695,14.438317,-1.682837,0.936294,0.0410
11.012493,14.482535,-1.956349,0.867570,3.745616,0.985578,-63.841534,-27.510292,-50.112201,13.292695,14.438317,-1.682837,0.936294,0.0410
11.012493,14.482535,-1.956349,0.867570,3.745616,0.985578,-63.841534,-27.510292,-50.112201,13.292695,14.438317,-1.682837,0.936294,0.0430
11.012493,14.482535,-1.956349,0.867570,3.745616,0.985578,-63.841534,-27.510292,-50.112201,13.292695,14.438317,-1.682837,0.936294,0.0400
11.012493,14.482535,-1.956349,0.867570,2.055906,0.621756,-61.891083,-27.510292,-50.112201,12.579061,14.768395,-1.854502,0.917609,0.0790
11.012493,14.482535,-1.956349,0.867570,1.860256,0.660549,-61.695652,-27.510292,-50.112201,12.471666,14.801185,-1.831655,0.915880,0.0470
11.012493,14.482535,-1.956349,0.867570,1.584594,1.422950,-61.241730,-27.510292,-50.112201,12.188960,14.892980,-1.777590,1.016052,0.1230
11.012493,14.482535,-1.956349,0.867570,1.915737,0.349277,-60.981178,-27.510292,-50.112201,11.978897,14.964045,-1.743214,1.080160,0.0990
9.113787,15.829747,-1.413917,1.003233,1.259393,0.876790,-60.840504,-27.510310,-50.112190,11.847603,15.019965,-1.668386,1.078598,0.0510
9.113787,15.829747,-1.413917,1.003233,1.489887,0.662039,-60.687302,-27.510310,-50.112190,11.729916,15.094436,-1.535672,1.134432,0.0850
9.113787,15.829747,-1.413917,1.003233,1.479303,0.766091,-60.583675,-27.510310,-50.112190,11.652964,15.141892,-1.454423,1.147365,0.0410
9.113787,15.829747,-1.413917,1.003233,1.360381,0.955600,-60.574673,-27.510310,-50.112190,11.646027,15.146078,-1.448444,1.148914,0.0410
9.113787,15.829747,-1.413917,1.003233,1.360381,0.955600,-60.574673,-27.510310,-50.112190,11.646027,15.146078,-1.448444,1.148914,0.0400
9.113787,15.829747,-1.413917,1.003233,1.732684,1.943755,-60.225529,-27.510310,-50.112190,11.365055,15.341885,-1.306277,1.113189,0.1020
9.113787,15.829747,-1.413917,1.003233,2.237382,1.397572,-60.126526,-27.510310,-50.112190,11.184732,15.445755,-1.210874,1.169660,0.1030
9.113787,15.829747,-1.413917,1.003233,2.386014,1.393653,-59.934864,-27.510310,-50.112190,10.955614,15.580992,-1.072891,1.260637,0.1350
9.113787,15.829747,-1.413917,1.003233,2.101288,1.526542,-59.776028,-27.510310,-50.112190,10.621879,15.786139,-0.934117,1.409899,0.2080
9.113787,15.829747,-1.413917,1.003233,1.386228,1.985955,-59.777596,-27.510310,-50.112190,10.489059,15.865552,-0.919801,1.399821,0.0800
7.404951,16.840157,-1.492324,0.882388,1.296128,0.638641,-59.687138,-27.510325,-50.112180,10.235709,16.024579,-0.934868,1.353239,0.1610
7.404951,16.840157,-1.492324,0.882388,1.396358,0.857613,-59.653481,-27.510325,-50.112180,10.123006,16.083535,-0.970902,1.302766,0.0650
7.404951,16.840157,-1.492324,0.882388,0.738181,0.363346,-59.610912,-27.510325,-50.112180,9.979266,16.162692,-1.016397,1.249998,0.0820
7.404951,16.840157,-1.492324,0.882388,0.856399,0.785624,-59.534115,-27.510325,-50.112180,9.847475,16.233924,-1.063024,1.193229,0.0750
7.404951,16.840157,-1.492324,0.882388,1.283087,0.354461,-59.493851,-27.510325,-50.112180,9.783054,16.267369,-1.083787,1.180529,0.0410
7.404951,16.840157,-1.492324,0.882388,1.218279,1.433432,-59.373032,-27.510325,-50.112180,9.656287,16.355127,-1.130109,1.155648,0.0740
7.404951,16.840157,-1.492324,0.882388,1.670987,1.123700,-59.299183,-27.510325,-50.112180,9.561765,16.402306,-1.159931,1.128433,0.0600
7.404951,16.840157,-1.492324,0.882388,1.869185,0.732764,-59.235008,-27.510325,-50.112180,9.466649,16.455297,-1.146790,1.124287,0.0400
7.404951,16.840157,-1.492324,0.882388,1.784014,1.087451,-59.190769,-27.510325,-50.112180,9.360940,16.509833,-1.155599,1.144467,0.0720
7.404951,16.840157,-1.492324,0.882388,1.707892,1.148657,-59.172157,-27.510325,-50.112180,9.287241,16.546804,-1.140304,1.138482,0.0410
7.404951,16.840157,-1.492324,0.882388,1.310903,1.569580,-59.170559,-27.510325,-50.112180,9.269508,16.555498,-1.141511,1.140906,0.0400
7.404951,16.840157,-1.492324,0.882388,1.310903,1.569580,-59.170559,-27.510325,-50.112180,9.269508,16.555498,-1.141511,1.140906,0.0490
7.404951,16.840157,-1.492324,0.882388,1.744779,0.918590,-59.242336,-27.510325,-50.112180,9.011146,16.721822,-1.299290,1.021330,0.0930
7.404951,16.840157,-1.492324,0.882388,1.744054,1.004440,-59.279854,-27.510325,-50.112180,8.870957,16.791174,-1.286423,1.040249,0.0830
5.506245,17.850565,-1.766618,0.940117,1.615379,1.339624,-59.895187,-27.510341,-50.112168,8.479009,16.991430,-1.232661,1.121697,0.2150
5.506245,17.850565,-1.766618,0.940117,1.340619,1.486420,-60.394943,-27.510341,-50.112168,8.165819,17.144232,-1.268053,1.187075,0.1540
5.506245,17.850565,-1.766618,0.940117,0.999400,0.194041,-62.006874,-27.510341,-50.112168,7.369771,17.543606,-1.478141,1.097382,0.4060
5.506245,17.850565,-1.766618,0.940117,0.486763,0.685988,-63.330574,-27.510341,-50.112168,6.902204,17.778816,-1.519762,1.059891,0.2500
5.506245,17.850565,-1.766618,0.940117,0.691574,0.346003,-63.687019,-27.510341,-50.112168,6.787242,17.834857,-1.545290,1.073661,0.0590
5.506245,17.850565,-1.766618,0.940117,0.630056,-0.056298,-64.336967,-27.510356,-50.112163,6.658469,17.901613,-1.555730,1.065441,0.0500
4.177151,18.524170,-1.514289,0.767465,0.286161,0.929690,-65.160934,-27.510356,-50.112163,6.488845,17.981987,-1.506063,1.018950,0.1120
4.177151,18.524170,-1.514289,0.767465,1.335185,0.336214,-65.362633,-27.510356,-50.112163,6.366623,18.039634,-1.449884,0.995548,0.0790
4.177151,18.524170,-1.514289,0.767465,1.394114,0.821301,-65.499702,-27.510356,-50.112163,6.204948,18.116611,-1.341419,0.983314,0.0940
4.177151,18.524170,-1.514289,0.767465,1.146725,0.923235,-65.561508,-27.510356,-50.112163,6.133818,18.148757,-1.318798,0.984280,0.0400
4.177151,18.524170,-1.514289,0.767465,0.878857,-0.130405,-65.743698,-27.510356,-50.112163,5.940554,18.242245,-1.310342,0.972782,0.1140
4.177151,18.524170,-1.514289,0.767465,0.951906,0.073243,-65.807663,-27.510356,-50.112163,5.820404,18.299147,-1.315330,0.947912,0.0740
4.177151,18.524170,-1.514289,0.767465,0.671924,0.668400,-65.823555,-27.510356,-50.112163,5.748447,18.332704,-1.315406,0.947248,0.0400
4.177151,18.524170,-1.514289,0.767465,1.905921,0.347331,-65.853409,-27.510356,-50.112163,5.484946,18.465720,-1.273979,0.910647,0.1620
4.177151,18.524170,-1.514289,0.767465,1.882860,0.557488,-65.861351,-27.510356,-50.112163,5.393885,18.507361,-1.233192,0.906489,0.0590
4.177151,18.524170,-1.514289,0.767465,0.094436,0.642447,-65.895210,-27.510356,-50.112163,5.169882,18.612184,-1.253348,0.898448,0.1380
4.177151,18.524170,-1.514289,0.767465,0.091270,-0.404952,-65.885422,-27.510356,-50.112163,5.080059,18.654480,-1.285080,0.868161,0.0560
4.177151,18.524170,-1.514289,0.767465,-0.619683,0.494175,-65.863403,-27.510356,-50.112163,5.009146,18.687320,-1.332525,0.856412,0.0410
4.177151,18.524170,-1.514289,0.767465,-0.698769,0.587831,-65.863403,-27.510368,-50.112162,5.009146,18.687320,-1.332525,0.856412,0.0410
4.177151,18.524170,-1.514289,0.767465,-0.698769,0.587831,-65.863403,-27.510368,-50.112162,5.009146,18.687320,-1.332525,0.856412,0.0420
4.177151,18.524170,-1.514289,0.767465,-0.698769,0.587831,-65.863403,-27.510368,-50.112162,5.009146,18.687320,-1.332525,0.856412,0.0400
2.658186,18.524170,-1.332411,-0.000000,-0.513186,-0.222726,-65.663185,-27.510368,-50.112162,4.748771,18.759069,-1.355661,0.141829,0.0560
2.658186,18.524170,-1.332411,-0.000000,-0.576846,-0.570719,-65.616798,-27.510368,-50.112162,4.688089,18.753177,-1.375784,0.082214,0.0430
2.658186,18.524170,-1.332411,-0.000000,-0.451787,-0.211182,-65.577713,-27.510368,-50.112162,4.630003,18.750648,-1.377774,0.036406,0.0410
2.658186,18.524170,-1.332411,-0.000000,-0.455687,-0.212879,-65.574547,-27.510368,-50.112162,4.625637,18.750593,-1.378359,0.035160,0.0400
2.658186,18.524170,-1.332411,-0.000000,-0.455687,-0.212879,-65.574547,-27.510368,-50.112162,4.625637,18.750593,-1.378359,0.035160,0.0400
2.658186,18.524170,-1.332411,-0.000000,-1.117873,-0.327020,-65.340851,-27.510368,-50.112162,4.341055,18.752315,-1.408802,-0.029139,0.1040
2.658186,18.524170,-1.332411,-0.000000,1.246946,0.640381,-65.060043,-27.510368,-50.112162,3.900016,18.746159,-1.172592,0.031624,0.3270
2.658186,18.524170,-1.332411,-0.000000,0.690792,1.276584,-64.975822,-27.510368,-50.112162,3.819414,18.744611,-1.153896,0.067517,0.0550
2.658186,18.524170,-1.332411,-0.000000,0.842372,1.231767,-64.882988,-27.510368,-50.112162,3.703750,18.742928,-1.130465,0.119936,0.0720
1.139221,18.524170,-1.332411,-0.000000,0.889038,0.884077,-64.889069,-27.510381,-50.112163,3.508563,18.739080,-1.144507,0.232924,0.1440
1.139221,18.524170,-1.332411,-0.000000,0.365900,1.767518,-64.890175,-27.510381,-50.112163,3.422410,18.737303,-1.154841,0.268209,0.0490
1.139221,18.524170,-1.332411,-0.000000,-1.166780,2.224452,-64.835266,-27.510381,-50.112163,3.322106,18.735480,-1.203849,0.317136,0.0740
1.139221,18.524170,-1.332411,-0.000000,-0.595391,1.759989,-64.789375,-27.510381,-50.112163,3.257738,18.733324,-1.252495,0.340208,0.0410
1.139221,18.524170,-1.332411,-0.000000,-1.511717,1.212352,-64.649452,-27.510381,-50.112163,3.146088,18.734943,-1.342019,0.378364,0.0760
1.139221,18.524170,-1.332411,-0.000000,-1.277170,0.716856,-64.542801,-27.510381,-50.112163,3.081606,18.732934,-1.389236,0.370543,0.0410
1.139221,18.524170,-1.332411,-0.000000,-1.581058,1.106482,-64.478859,-27.510381,-50.112163,3.050211,18.731864,-1.413995,0.361136,0.0400
1.139221,18.524170,-1.332411,-0.000000,-1.581058,1.106482,-64.478859,-27.510381,-50.112163,3.050211,18.731864,-1.413995,0.361136,0.0400
1.139221,18.524170,-1.332411,-0.000000,-0.850127,1.438586,-64.068275,-27.510381,-50.112163,2.877468,18.763594,-1.446740,0.306837,0.0520
1.139221,18.524170,-1.332411,-0.000000,-0.799995,2.220277,-63.819431,-27.510381,-50.112163,2.784023,18.749756,-1.409479,0.189795,0.0750
1.139221,18.524170,-1.332411,-0.000000,-0.479872,1.636258,-63.672867,-27.510381,-50.112163,2.725282,18.745274,-1.406045,0.176742,0.0400
1.139221,18.524170,-1.332411,-0.000000,-0.493394,1.118998,-63.650883,-27.510381,-50.112163,2.716639,18.744606,-1.405524,0.174796,0.0400
1.139221,18.524170,-1.332411,-0.000000,-0.493394,1.118998,-63.650883,-27.510381,-50.112163,2.716639,18.744606,-1.405524,0.174796,0.0410
1.139221,18.524170,-1.332411,-0.000000,1.751917,3.067381,-63.244259,-27.510381,-50.112163,2.497897,18.752046,-1.264706,0.162313,0.0730
1.139221,18.524170,-1.332411,-0.000000,1.999964,2.140841,-63.198578,-27.510381,-50.112163,2.435674,18.745299,-1.231051,0.179610,0.0410
1.139221,18.524170,-1.332411,-0.000000,2.455008,2.482835,-63.172112,-27.510381,-50.112163,2.378190,18.740139,-1.189997,0.217679,0.0530
1.139221,18.524170,-1.332411,-0.000000,2.769167,1.576035,-63.142273,-27.510381,-50.112163,2.289904,18.752455,-1.062372,0.260367,0.0540
1.139221,18.524170,-1.332411,-0.000000,2.971985,3.050296,-63.177345,-27.510381,-50.112163,2.186085,18.740496,-1.087940,0.230970,0.0700
1.139221,18.524170,-1.332411,-0.000000,3.109796,3.511964,-63.229111,-27.510381,-50.112163,2.118929,18.735145,-1.047522,0.278309,0.0400
-1.139226,17.513762,-2.346679,-1.040666,3.028372,2.681051,-63.426788,-27.510403,-50.112172,1.915375,18.646277,-1.266617,0.015224,0.0790
-1.139226,17.513762,-2.346679,-1.040666,2.966238,2.060161,-63.556046,-27.510403,-50.112172,1.791857,18.585007,-1.385333,-0.132082,0.0410
-1.139226,17.513762,-2.346679,-1.040666,2.734801,1.558996,-63.652130,-27.510403,-50.112172,1.708685,18.544883,-1.440937,-0.200434,0.0400
-1.139226,17.513762,-2.346679,-1.040666,2.734010,1.558748,-63.652130,-27.510403,-50.112172,1.708685,18.544883,-1.440937,-0.200434,0.0450
-1.139226,17.513762,-2.346679,-1.040666,-0.007898,1.879415,-64.461143,-27.510403,-50.112172,1.332150,18.397899,-2.099852,-0.772838,0.1030
-1.139226,17.513762,-2.346679,-1.040666,-1.216417,1.094595,-64.795860,-27.510403,-50.112172,1.094745,18.289696,-2.257775,-0.841595,0.0920
-1.139226,17.513762,-2.346679,-1.040666,-1.460269,-0.259560,-65.098740,-27.510403,-50.112172,0.808178,18.160596,-2.412822,-0.882818,0.1150
-1.139226,17.513762,-2.346679,-1.040666,-1.588307,-0.571341,-65.190887,-27.510403,-50.112172,0.701183,18.112663,-2.458069,-0.916970,0.0420
-1.139226,17.513762,-2.346679,-1.040666,-1.497495,0.469482,-65.209145,-27.510403,-50.112172,0.681323,18.103702,-2.466672,-0.923628,0.0400
-1.139226,17.513762,-2.346679,-1.040666,-1.772610,-0.317193,-65.408821,-27.510403,-50.112172,0.404503,17.986033,-2.553734,-0.935990,0.0820
-1.139226,17.513762,-2.346679,-1.040666,-1.219425,-0.207768,-65.455444,-27.510403,-50.112172,0.300510,17.938727,-2.565715,-0.955078,0.0400
-1.139226,17.513762,-2.346679,-1.040666,-1.826124,-0.090300,-65.469315,-27.510403,-50.112172,0.269023,17.924564,-2.572038,-0.962410,0.0410
-1.139226,17.513762,-2.346679,-1.040666,-1.826124,-0.090300,-65.469315,-27.510403,-50.112172,0.269023,17.924564,-2.572038,-0.962410,0.0400
-1.139226,17.513762,-2.346679,-1.040666,-1.826124,-0.090300,-65.469315,-27.510403,-50.112172,0.269023,17.924564,-2.572038,-0.962410,0.0410
-1.139226,17.513762,-2.346679,-1.040666,-1.826124,-0.090300,-65.469315,-27.510403,-50.112172,0.269023,17.924564,-2.572038,-0.962410,0.0410
-1.139226,17.513762,-2.346679,-1.040666,-1.826124,-0.090300,-65.469315,-27.510403,-50.112172,0.269023,17.924564,-2.572038,-0.962410,0.0420
-1.139226,17.513762,-2.346679,-1.040666,-1.826124,-0.090300,-65.469315,-27.510403,-50.112172,0.269023,17.924564,-2.572038,-0.962410,0.0410
-3.417674,15.156143,-2.556146,-2.644966,-0.463241,-3.089791,-63.774734,-27.510421,-50.112200,-0.544799,17.345519,-2.593687,-2.586650,0.0590
-3.417674,15.156143,-2.556146,-2.644966,0.688177,-2.594959,-63.256977,-27.510421,-50.112200,-0.787347,17.099661,-2.583956,-2.768026,0.1020
-3.417674,15.156143,-2.556146,-2.644966,2.478525,-2.418916,-63.035488,-27.510421,-50.112200,-1.512319,16.413717,-2.214098,-3.088027,0.2580
-3.417674,15.156143,-2.556146,-2.644966,-0.393217,-2.329921,-64.512451,-27.510421,-50.112200,-2.847680,15.111047,-2.136284,-3.428694,0.4950
-5.696121,12.124920,-2.237907,-2.977289,1.849053,-1.557303,-64.744835,-27.510442,-50.112229,-3.859154,13.862407,-1.976463,-3.372204,0.3830
-5.696121,12.124920,-2.237907,-2.977289,2.044295,-2.488888,-65.065224,-27.510442,-50.112229,-4.849451,12.563167,-1.673126,-3.667046,0.4460
-7.404957,9.767303,-1.563902,-2.157658,0.667749,-0.173175,-66.362991,-27.510459,-50.112251,-5.823042,11.255984,-1.476302,-3.048754,0.4900
-7.404957,9.767303,-1.563902,-2.157658,1.240701,-1.658325,-66.791725,-27.510459,-50.112251,-6.370909,10.510316,-1.292830,-2.730638,0.3440
-7.404957,9.767303,-1.563902,-2.157658,0.915513,-1.528503,-66.921959,-27.510459,-50.112251,-6.682478,10.088466,-1.294055,-2.657756,0.1500
-8.164440,8.083290,-0.714864,-1.585078,2.926125,-0.385989,-67.379242,-27.510466,-50.112268,-7.332556,8.989167,-0.299329,-1.951794,0.6130
-8.164440,8.083290,-0.714864,-1.585078,0.477528,-1.100311,-66.939751,-27.510466,-50.112268,-7.702023,8.184825,-0.273267,-1.758686,0.4800
-7.594828,6.736080,0.615045,-1.454664,1.014370,-0.308727,-66.512466,-27.510460,-50.112284,-7.648811,7.507841,0.300463,-1.707407,0.4650
-7.594828,6.736080,0.615045,-1.454664,1.198517,-0.735233,-66.835281,-27.510460,-50.112284,-7.401870,6.904648,0.804388,-1.698366,0.3770
-5.506251,4.715265,1.863365,-1.802910,-0.080348,0.674059,-66.085274,-27.510440,-50.112300,-6.917801,6.155164,1.451711,-1.753597,0.4970
-5.506251,4.715265,1.863365,-1.802910,-0.796687,-0.374399,-66.039818,-27.510440,-50.112300,-6.813368,6.054619,1.507416,-1.743671,0.0590
-5.506251,4.715265,1.863365,-1.802910,-1.696081,-0.830713,-66.284271,-27.510440,-50.112300,-6.516320,5.765804,1.482863,-1.748185,0.1380
-5.506251,4.715265,1.863365,-1.802910,-1.145932,0.672696,-67.082672,-27.510440,-50.112300,-6.027376,5.290081,1.414814,-1.746135,0.2720
-5.506251,4.715265,1.863365,-1.802910,-1.001588,-0.622184,-67.677032,-27.510440,-50.112300,-5.345054,4.625782,1.501175,-1.757435,0.3610
-2.278451,3.704857,3.117548,-0.975895,-0.762118,0.358828,-67.587410,-27.510412,-50.112311,-5.099524,4.522972,1.761551,-1.630854,0.0900
-2.278451,3.704857,3.117548,-0.975895,-1.132599,0.926418,-66.908058,-27.510412,-50.112311,-4.956031,4.481995,1.911725,-1.519368,0.0400
-2.278451,3.704857,3.117548,-0.975895,-0.772746,0.270311,-66.485153,-27.510412,-50.112311,-4.903683,4.465564,1.960390,-1.486156,0.0400
-2.278451,3.704857,3.117548,-0.975895,-1.610839,0.251122,-60.236790,-27.510412,-50.112311,-3.907630,4.134919,2.634515,-1.110025,0.2920
-2.278451,3.704857,3.117548,-0.975895,-1.492702,0.002052,-60.105412,-27.510412,-50.112311,-3.732112,4.081300,2.643430,-1.056048,0.0530
-2.278451,3.704857,3.117548,-0.975895,-1.703670,0.435637,-59.991444,-27.510412,-50.112311,-3.560293,4.028692,2.654545,-1.031902,0.0550
-2.278451,3.704857,3.117548,-0.975895,-1.367263,0.552712,-59.914650,-27.510412,-50.112311,-3.430327,3.989047,2.667354,-1.009801,0.0400
-2.278451,3.704857,3.117548,-0.975895,-1.387784,0.612620,-59.902493,-27.510412,-50.112311,-3.401516,3.980113,2.668832,-1.003341,0.0420
-2.278451,3.704857,3.117548,-0.975895,-0.963431,0.062132,-59.799835,-27.510412,-50.112311,-2.656329,3.741282,2.948692,-0.982234,0.2020
-2.278451,3.704857,3.117548,-0.975895,-1.023138,0.419812,-59.764454,-27.510412,-50.112311,-2.375008,3.654407,2.935979,-0.958445,0.0900
-2.278451,3.704857,3.117548,-0.975895,-0.607292,0.016832,-59.677971,-27.510412,-50.112311,-2.192786,3.598040,2.945351,-0.970214,0.0630
0.189866,2.694449,2.680438,-1.097240,-0.737727,0.204568,-59.614689,-27.510389,-50.112324,-2.076456,3.554135,2.907232,-0.991025,0.0400
0.189866,2.694449,2.680438,-1.097240,-0.674231,-0.129496,-59.472294,-27.510389,-50.112324,-1.855219,3.472109,2.820747,-1.018380,0.0780
0.189866,2.694449,2.680438,-1.097240,-0.198806,-0.363696,-59.188881,-27.510389,-50.112324,-1.505730,3.326397,2.687057,-1.059018,0.1250
0.189866,2.694449,2.680438,-1.097240,0.807140,-0.042750,-58.766510,-27.510389,-50.112324,-1.093408,3.157351,2.706956,-1.041755,0.1500
0.189866,2.694449,2.680438,-1.097240,0.689570,0.614347,-57.908653,-27.510389,-50.112324,-0.134660,2.764951,2.862310,-0.982995,0.3470
0.189866,2.694449,2.680438,-1.097240,0.327463,0.047591,-57.654816,-27.510389,-50.112324,0.329318,2.575092,2.894740,-0.987061,0.1760
2.088572,1.347238,1.795717,-1.274136,-0.544425,0.358016,-57.607838,-27.510371,-50.112336,0.681727,2.400781,2.651846,-1.042241,0.1370
2.088572,1.347238,1.795717,-1.274136,-0.388837,-0.827068,-57.537323,-27.510371,-50.112336,1.057796,2.136579,2.158256,-1.192161,0.2130
2.088572,1.347238,1.795717,-1.274136,-0.587066,-0.256859,-57.515747,-27.510371,-50.112336,1.132426,2.082032,2.093510,-1.222937,0.0400
2.088572,1.347238,1.795717,-1.274136,-0.356883,-1.084420,-57.494881,-27.510371,-50.112336,1.167271,2.056905,2.062630,-1.235356,0.0410
2.088572,1.347238,1.795717,-1.274136,-0.663643,-0.849229,-57.346008,-27.510371,-50.112336,1.409474,1.892261,1.876718,-1.310386,0.0980
2.088572,1.347238,1.795717,-1.274136,-0.823794,-0.490366,-57.291256,-27.510371,-50.112336,1.484254,1.839014,1.833939,-1.308067,0.0410
2.088572,1.347238,1.795717,-1.274136,-1.105202,0.082029,-57.281776,-27.510371,-50.112336,1.495222,1.831234,1.824333,-1.309526,0.0400
2.088572,1.347238,1.795717,-1.274136,-0.704505,0.396388,-57.161720,-27.510371,-50.112336,1.681171,1.698052,1.768506,-1.271738,0.0620
2.088572,1.347238,1.795717,-1.274136,-0.926373,0.118738,-57.077404,-27.510371,-50.112336,1.820503,1.600451,1.762042,-1.290310,0.0820
2.088572,1.347238,1.795717,-1.274136,-0.463271,-0.163424,-57.044903,-27.510371,-50.112336,1.929466,1.523538,1.752772,-1.295965,0.0400
2.088572,1.347238,1.795717,-1.274136,-0.793407,-0.060166,-57.023663,-27.510371,-50.112336,2.063766,1.429403,1.728990,-1.307777,0.0880
2.088572,1.347238,1.795717,-1.274136,-0.064107,-0.837596,-57.016983,-27.510371,-50.112336,2.145291,1.372393,1.733517,-1.323486,0.0450
2.088572,1.347238,1.795717,-1.274136,-0.050300,-0.308654,-57.048550,-27.510371,-50.112336,2.285133,1.273320,1.724463,-1.321524,0.0780
2.088572,1.347238,1.795717,-1.274136,-0.247853,-0.522403,-57.085712,-27.510371,-50.112336,2.372985,1.211726,1.732504,-1.335676,0.0400
2.088572,1.347238,1.795717,-1.274136,-0.362589,-0.042954,-57.092155,-27.510358,-50.112351,2.390903,1.199221,1.731574,-1.333516,0.0400
2.088572,1.347238,1.795717,-1.274136,-0.362589,-0.042954,-57.092155,-27.510358,-50.112351,2.390903,1.199221,1.731574,-1.333516,0.0410
3.607537,0.000026,1.612627,-1.430283,-0.374809,-0.276846,-57.275200,-27.510358,-50.112351,2.660967,0.969766,1.630134,-1.433784,0.0840
3.607537,0.000026,1.612627,-1.430283,-0.031210,-0.469674,-57.343552,-27.510358,-50.112351,2.730764,0.907444,1.624447,-1.445877,0.0420
3.607537,0.000026,1.612627,-1.430283,-0.034564,-0.243864,-57.368698,-27.510358,-50.112351,2.755685,0.885268,1.622678,-1.447690,0.0400
3.607537,0.000026,1.612627,-1.430283,-0.034564,-0.243864,-57.368698,-27.510358,-50.112351,2.755685,0.885268,1.622678,-1.447690,0.0400
3.607537,0.000026,1.612627,-1.430283,-0.097773,-0.087681,-57.737133,-27.510358,-50.112351,3.013776,0.656042,1.614858,-1.447878,0.0880
3.607537,0.000026,1.612627,-1.430283,0.131462,-0.073834,-57.945110,-27.510358,-50.112351,3.146757,0.537989,1.620286,-1.458762,0.0800
3.607537,0.000026,1.612627,-1.430283,0.333273,-0.305603,-58.837723,-27.510358,-50.112351,3.484950,0.236855,1.645482,-1.474663,0.2080
3.607537,0.000026,1.612627,-1.430283,-0.460976,0.643229,-59.252514,-27.510358,-50.112351,3.605865,0.129044,1.635948,-1.443592,0.0730
3.607537,0.000026,1.612627,-1.430283,-1.258080,0.478450,-59.706680,-27.510358,-50.112351,3.832608,-0.073092,1.510322,-1.356705,0.1410
3.607537,0.000026,1.612627,-1.430283,-0.459393,0.044129,-59.887585,-27.510358,-50.112351,3.932142,-0.161675,1.475263,-1.344497,0.0640
4.936631,-1.683988,1.042198,-1.320505,0.384028,-0.230200,-61.004307,-27.510348,-50.112365,4.134064,-0.374129,1.385987,-1.364378,0.1520
4.936631,-1.683988,1.042198,-1.320505,0.034817,-0.459255,-62.016842,-27.510348,-50.112365,4.227468,-0.493620,1.337460,-1.382330,0.0850
4.936631,-1.683988,1.042198,-1.320505,-8.458593,-8.951210,-62.713207,-27.510348,-50.112365,4.278480,-0.557830,0.944962,-1.727110,0.0410
4.936631,-1.683988,1.042198,-1.320505,5.020004,-3.394750,-63.266914,-27.510348,-50.112365,4.291531,-0.573830,1.004706,-1.753551,0.0410
4.936631,-1.683988,1.042198,-1.320505,5.020004,-3.394750,-63.266914,-27.510348,-50.112365,4.291531,-0.573830,1.004706,-1.753551,0.0400
4.936631,-1.683988,1.042198,-1.320505,5.020004,-3.394750,-60.125145,-27.510348,-50.112365,4.409204,-0.786279,0.929447,-1.897435,0.0410
4.936631,-1.683988,1.042198,-1.320505,3.032930,4.170085,-57.028381,-27.510348,-50.112365,4.559400,-0.966111,1.294679,-1.136018,0.1440
4.936631,-1.683988,1.042198,-1.320505,2.556850,4.837297,-56.638073,-27.510348,-50.112365,4.596521,-1.023254,1.364597,-0.985214,0.0510
4.936631,-1.683988,1.042198,-1.320505,2.394685,5.212852,-56.829163,-27.510348,-50.112365,4.629492,-1.075817,1.384662,-0.885711,0.0510
4.936631,-1.683988,1.042198,-1.320505,-4.040545,-19.438412,-56.020821,-27.510348,-50.112365,4.736382,-1.191242,1.025772,-2.235182,0.0710
4.936631,-1.683988,1.042198,-1.320505,3.395734,4.666145,-43.088348,-27.510348,-50.112365,4.812882,-1.258079,1.066430,-1.652675,0.0700
4.936631,-1.683988,1.042198,-1.320505,-2.725093,1.698547,-31.193638,-27.510348,-50.112365,5.056950,-1.550644,0.736726,-1.464910,0.2260
6.075855,-2.357594,1.288623,-0.761944,-0.174439,3.124035,-35.339882,-27.510337,-50.112375,5.316064,-1.738091,0.871456,-0.757074,0.1880
6.075855,-2.357594,1.288623,-0.761944,-3.901808,-3.531960,-39.365379,-27.510337,-50.112375,5.599955,-1.903332,0.851907,-1.247346,0.2340
6.075855,-2.357594,1.288623,-0.761944,-4.355095,-4.363450,-40.755085,-27.510337,-50.112375,5.830431,-2.040789,0.437978,-1.752478,0.1750
6.075855,-2.357594,1.288623,-0.761944,-4.241075,-4.698644,-40.804863,-27.510337,-50.112375,6.057245,-2.178654,0.255495,-1.958524,0.1580
6.075855,-2.357594,1.288623,-0.761944,-4.055661,-4.748686,-40.816532,-27.510337,-50.112375,6.181771,-2.249083,0.200042,-2.019804,0.1140
6.075855,-2.357594,1.288623,-0.761944,-4.132927,-4.738041,-40.817711,-27.510337,-50.112375,6.239608,-2.276637,0.190466,-2.029248,0.0400
6.075855,-2.357594,1.288623,-0.761944,-4.072343,-4.711531,-40.820854,-27.510337,-50.112375,6.259727,-2.287043,0.185839,-2.034468,0.0410
6.835337,-4.041608,0.714863,-1.585078,-4.060922,-4.663914,-40.832672,-27.510330,-50.112392,6.380804,-2.439832,0.485444,-1.692757,0.0960
6.835337,-4.041608,0.714863,-1.585078,-4.028060,-4.624332,-40.838066,-27.510330,-50.112392,6.448359,-2.577900,0.315164,-1.954952,0.0850
6.835337,-4.041608,0.714863,-1.585078,-4.007316,-4.608319,-40.840767,-27.510330,-50.112392,6.483785,-2.645935,0.243755,-2.055517,0.0430
6.835337,-4.041608,0.714863,-1.585078,-4.001469,-4.595049,-40.844166,-27.510330,-50.112392,6.517849,-2.719367,0.162827,-2.161281,0.0450
6.835337,-4.041608,0.714863,-1.585078,-3.962142,-4.560671,-40.852688,-27.510330,-50.112392,6.589377,-2.869014,0.027249,-2.335685,0.0860
6.835337,-4.041608,0.714863,-1.585078,-3.931188,-4.530211,-40.861286,-27.510330,-50.112392,6.645533,-2.988070,-0.063064,-2.449752,0.0820
6.835337,-4.041608,0.714863,-1.585078,-3.922729,-4.512995,-40.864883,-27.510330,-50.112392,6.685390,-3.066154,-0.109532,-2.508471,0.0400
6.835337,-4.041608,0.714863,-1.585078,-3.914159,-4.505180,-40.869331,-27.510330,-50.112392,6.702318,-3.211085,-0.170334,-2.583067,0.0420
6.835337,-4.041608,0.714863,-1.585078,-3.837644,-4.416172,-40.879505,-27.510330,-50.112392,6.817007,-3.412801,-0.009408,-2.409965,0.1590
6.835337,-4.041608,0.714863,-1.585078,-3.805267,-4.374592,-40.884762,-27.510330,-50.112392,6.880941,-3.539163,-0.049476,-2.458507,0.0790
6.835337,-4.041608,0.714863,-1.585078,-3.780311,-4.360336,-40.887684,-27.510330,-50.112392,6.919274,-3.611705,-0.074475,-2.488562,0.0510
6.835337,-4.041608,0.714863,-1.585078,-3.754058,-4.322589,-40.892410,-27.510330,-50.112392,6.983885,-3.745483,-0.133185,-2.557738,0.0860
6.835337,-4.041608,0.714863,-1.585078,-3.743441,-4.297878,-40.896641,-27.510330,-50.112392,7.019022,-3.813582,-0.157446,-2.586000,0.0430
6.835337,-4.041608,0.714863,-1.585078,-3.701551,-4.262876,-40.904194,-27.510330,-50.112392,7.072772,-3.982351,-0.195596,-2.630611,0.0980
6.835337,-5.052017,0.000000,-0.452711,-3.677924,-4.238877,-40.909645,-27.510330,-50.112399,7.110495,-4.067766,-0.247847,-2.535953,0.0640
6.835337,-5.052017,0.000000,-0.452711,-3.612590,-4.161871,-40.922359,-27.510330,-50.112399,7.110345,-4.153266,-0.618376,-2.074598,0.1710
6.835337,-5.052017,0.000000,-0.452711,-3.475201,-4.010115,-40.943729,-27.510330,-50.112399,7.104400,-4.319131,-0.908713,-1.807385,0.3500
6.835337,-5.052017,0.000000,-0.452711,-3.448797,-3.973670,-40.947815,-27.510330,-50.112399,7.105255,-4.355248,-0.933020,-1.765085,0.0760
6.835337,-5.052017,0.000000,-0.452711,-3.329937,-3.854779,-40.960606,-27.510330,-50.112399,7.094137,-4.507619,-1.000870,-1.698355,0.2890
6.645467,-5.052017,-0.118322,-0.000000,-3.282502,-3.790216,-40.970024,-27.510331,-50.112401,7.090990,-4.545402,-1.002890,-1.612739,0.1250
6.645467,-5.052017,-0.118322,-0.000000,-3.235692,-3.745170,-40.976727,-27.510331,-50.112401,7.072025,-4.552132,-1.040502,-1.465241,0.1190
6.645467,-5.052017,-0.118322,-0.000000,-3.201288,-3.713132,-40.981472,-27.510331,-50.112401,7.062836,-4.552766,-1.047630,-1.388494,0.0730
6.645467,-5.052017,-0.118322,-0.000000,-3.157022,-3.652965,-40.991318,-27.510331,-50.112401,7.036039,-4.561199,-1.067668,-1.275503,0.1340
6.645467,-5.052017,-0.118322,-0.000000,-3.082183,-3.586712,-41.001106,-27.510331,-50.112401,7.016632,-4.566684,-1.064911,-1.214320,0.1650
6.645467,-5.052017,-0.118322,-0.000000,-3.050394,-3.537432,-41.005997,-27.510331,-50.112401,7.008338,-4.567272,-1.056967,-1.181410,0.0690
6.645467,-5.052017,-0.118322,-0.000000,-3.043716,-3.524248,-41.010010,-27.510331,-50.112401,6.991519,-4.577029,-1.064383,-1.169806,0.0410
6.645467,-5.052017,-0.118322,-0.000000,-2.920538,-3.390455,-41.031315,-27.510331,-50.112401,6.946704,-4.590381,-1.022072,-1.075047,0.2940
6.645467,-5.052017,0.000000,0.000000,-2.767020,-3.192807,-41.060219,-27.510333,-50.112400,6.928564,-4.607687,-0.908303,-1.016447,0.3710
6.645467,-5.052017,0.000000,0.000000,-2.705711,-3.147796,-41.068474,-27.510333,-50.112400,6.926830,-4.610255,-0.881678,-0.996979,0.1430
6.645467,-5.052017,0.000000,0.000000,-2.691507,-3.130614,-41.071251,-27.510333,-50.112400,6.929487,-4.607570,-0.862315,-0.978868,0.0410
6.645467,-5.052017,0.000000,0.000000,-2.693696,-3.124447,-41.072445,-27.510333,-50.112400,6.930051,-4.607028,-0.858034,-0.975112,0.0400
6.645467,-5.052017,0.000000,0.000000,-2.693696,-3.124447,-41.072445,-27.510333,-50.112400,6.930051,-4.607028,-0.858034,-0.975112,0.0670
6.645467,-5.052017,0.000000,0.000000,-2.693696,-3.124447,-41.072445,-27.510333,-50.112400,6.930051,-4.607028,-0.858034,-0.975112,0.0410
6.645467,-5.052017,0.000000,0.000000,-2.693696,-3.124447,-41.072445,-27.510333,-50.112400,6.930051,-4.607028,-0.858034,-0.975112,0.0400
6.645467,-5.052017,0.000000,0.000000,-2.693696,-3.124447,-41.072445,-27.510333,-50.112400,6.930051,-4.607028,-0.858034,-0.975112,0.0400
6.645467,-5.052017,0.000000,0.000000,-2.693696,-3.124447,-41.072445,-27.510333,-50.112400,6.930051,-4.607028,-0.858034,-0.975112,0.0400
6.645467,-5.052017,0.000000,0.000000,-2.693696,-3.124447,-41.072445,-27.510333,-50.112400,6.930051,-4.607028,-0.858034,-0.975112,0.0410
6.645467,-5.052017,0.000000,0.000000,-2.693696,-3.124447,-41.072445,-27.510333,-50.112400,6.930051,-4.607028,-0.858034,-0.975112,0.0410
6.645467,-5.052017,0.000000,0.000000,-2.788288,-3.173294,-41.372375,-27.510333,-50.112400,6.756818,-4.804529,-0.118631,-0.133300,0.0670
6.645467,-5.052017,0.000000,0.000000,-1.929885,-2.714169,-41.329121,-27.510333,-50.112400,6.779225,-4.779292,-0.136122,-0.160614,0.0590
6.835338,-4.715214,0.308215,0.546729,-2.779470,-2.768717,-40.843269,-27.510330,-50.112395,6.851697,-4.665476,-0.121845,-0.028108,0.0860
6.835338,-4.715214,0.308215,0.546729,-2.470590,-2.919683,-41.058990,-27.510330,-50.112395,6.915855,-4.567750,-0.147300,-0.022244,0.1070
6.835338,-4.715214,0.308215,0.546729,-2.484735,-2.870672,-41.044647,-27.510330,-50.112395,6.941694,-4.529110,-0.168196,-0.030335,0.0420
6.835338,-4.715214,0.308215,0.546729,-2.229033,-2.965901,-41.398045,-27.510330,-50.112395,6.992608,-4.450081,-0.229714,-0.078393,0.1040
6.835338,-4.715214,0.308215,0.546729,-2.489210,-2.505595,-41.517780,-27.510330,-50.112395,7.032448,-4.387023,-0.273457,-0.121622,0.0930
6.835338,-4.715214,0.308215,0.546729,-3.008322,-2.476755,-41.551224,-27.510330,-50.112395,7.072043,-4.323756,-0.315693,-0.149048,0.0960
6.835338,-4.715214,0.308215,0.546729,-1.847480,-2.751089,-41.560043,-27.510330,-50.112395,7.104544,-4.271004,-0.321979,-0.185533,0.0830
6.835338,-4.715214,0.308215,0.546729,-2.722686,-2.773051,-41.502792,-27.510330,-50.112395,7.120923,-4.244638,-0.336782,-0.185260,0.0400
6.835338,-4.715214,0.308215,0.546729,-2.324908,-2.443575,-41.514854,-27.510330,-50.112395,7.135194,-4.221666,-0.339428,-0.184608,0.0400
6.835338,-4.715214,0.308215,0.546729,-2.185785,-2.725575,-41.585297,-27.510330,-50.112395,7.146495,-4.184521,-0.119428,0.061061,0.1160
6.835338,-4.715214,0.308215,0.546729,-2.344389,-2.447594,-41.567356,-27.510330,-50.112395,7.165372,-4.155071,-0.069137,0.119417,0.0430
6.835338,-4.715214,0.308215,0.546729,-2.374798,-2.621914,-41.540768,-27.510330,-50.112395,7.191574,-4.111951,-0.071746,0.121610,0.0720
6.835338,-4.715214,0.308215,0.546729,-2.127697,-2.285300,-41.526226,-27.510330,-50.112395,7.208652,-4.083658,-0.080121,0.105723,0.0490
7.404950,-3.704805,0.439586,0.779762,-2.350564,-2.449890,-41.516796,-27.510325,-50.112388,7.221697,-4.061753,-0.094684,0.093336,0.0410
7.404950,-3.704805,0.439586,0.779762,-2.269050,-2.199558,-41.492161,-27.510325,-50.112388,7.250941,-4.006013,-0.075377,0.133075,0.0770
7.404950,-3.704805,0.439586,0.779762,-2.206556,-2.494843,-41.465012,-27.510325,-50.112388,7.271969,-3.970613,-0.060118,0.175597,0.0410
