-0.000000,0.336803,0.000000,0.000000,-0.487703,0.083914,0.052915,-27.510367,-50.112375,-0.002888,0.326665,-0.072924,0.012116,0.4180
-0.000000,0.336803,0.000000,0.000000,-0.193839,0.016449,0.050372,-27.510367,-50.112375,-0.003476,0.327892,-0.076448,0.012003,0.0440
-0.000000,0.336803,0.000000,0.000000,-0.423220,0.065040,0.049579,-27.510367,-50.112375,-0.005157,0.329355,-0.077353,0.011927,0.0740
-0.000000,0.336803,0.000000,0.000000,-0.258532,0.049661,0.044375,-27.510367,-50.112375,-0.006344,0.330633,-0.085203,0.015309,0.0790
-0.000000,0.336803,0.000000,0.000000,-0.191390,-0.010643,0.040528,-27.510367,-50.112375,-0.008181,0.332305,-0.070443,0.010641,0.1380
-0.000000,0.336803,0.000000,0.000000,-0.257380,0.081061,0.035528,-27.510367,-50.112375,-0.009321,0.333319,-0.065355,0.011212,0.1110
-0.000000,0.336803,0.000000,0.000000,-0.271317,-0.055077,0.075285,-27.510367,-50.112375,-0.010727,0.335125,-0.037462,0.005957,0.4080
-0.000000,0.336803,0.000000,0.000000,-0.263273,0.343936,0.236611,-27.510367,-50.112375,-0.010851,0.335952,-0.062495,0.039620,0.2040
-0.000000,0.336803,0.000000,0.000000,-0.204970,0.372394,0.379994,-27.510367,-50.112375,-0.010835,0.336196,-0.065322,0.050958,0.0400
-0.000000,0.336803,0.000000,0.000000,-0.334736,0.395305,0.633370,-27.510367,-50.112375,-0.013124,0.338357,-0.063370,0.056056,0.0400
-0.000000,0.336803,0.000000,0.000000,-0.209128,0.277905,-0.044174,-27.510367,-50.112375,-0.011868,0.338417,-0.050433,0.059844,0.2180
-0.000000,0.336803,0.000000,0.000000,-0.525193,0.161250,-1.621048,-27.510367,-50.112375,-0.011540,0.338513,-0.057864,0.057936,0.0420
-0.379741,-0.000000,-0.346388,-0.307221,0.833507,-0.321723,-31.649164,-27.510371,-50.112376,-0.219633,0.154509,-0.157394,-0.279812,0.7360
-0.379741,-0.000000,-0.346388,-0.307221,1.722892,-1.034865,-47.528355,-27.510371,-50.112376,-0.354426,0.022075,0.015327,-0.450035,0.4260
-0.759482,-0.000000,-0.200633,-0.000000,1.518368,-1.707626,-52.364414,-27.510372,-50.112378,-0.415382,-0.024135,0.109289,-0.547643,0.2040
-0.759482,-0.000000,-0.200633,-0.000000,-0.147216,-0.790607,-54.642559,-27.510372,-50.112378,-0.514186,-0.038921,0.005698,-0.420936,0.3970
-0.759482,-0.000000,-0.200633,-0.000000,-0.984342,-2.159441,-54.919613,-27.510372,-50.112378,-0.567845,-0.043544,-0.200292,-0.438361,0.2100
-0.759482,-0.000000,-0.200633,-0.000000,-0.460467,0.611058,-56.819279,-27.510364,-50.112372,-0.648811,-0.048689,-0.285220,-0.155983,0.3340
0.189871,0.336803,1.023006,0.362933,-0.275718,0.483229,-62.761330,-27.510364,-50.112372,-0.256687,0.098941,0.562648,0.352427,0.3110
0.189871,0.336803,1.023006,0.362933,0.987758,-0.189871,-65.046165,-27.510364,-50.112372,0.314606,0.313493,1.068230,0.300755,0.5560
0.569612,1.010409,0.318321,0.564655,-0.128985,-0.538009,-66.024261,-27.510361,-50.112366,0.553042,0.596624,0.582849,0.361006,0.4950
0.569612,1.010409,0.318321,0.564655,0.011530,0.773162,-65.650772,-27.510361,-50.112366,0.691586,0.862405,0.395798,0.514646,0.4020
0.569612,1.010409,0.000000,0.000000,-0.323606,0.123661,-64.980064,-27.510362,-50.112365,0.743373,0.973688,0.196129,0.308578,0.4360
0.569612,1.010409,0.000000,0.000000,0.254608,0.630441,-64.791199,-27.510362,-50.112365,0.735879,0.978751,0.059941,0.113979,0.3610
0.569612,1.010409,0.000000,0.000000,0.191790,0.446014,-64.756187,-27.510362,-50.112365,0.734527,0.978674,0.054646,0.113139,0.0410
0.569612,1.010409,0.000000,0.000000,-0.191934,0.797369,-64.706268,-27.510362,-50.112365,0.733181,0.979091,0.038694,0.129914,0.0530
0.569612,1.010409,0.000000,0.000000,-0.615476,1.474473,-64.653854,-27.510362,-50.112365,0.731720,0.979588,0.008008,0.169596,0.0620
0.569612,1.010409,0.000000,0.000000,-0.485327,0.488633,-64.546310,-27.510362,-50.112365,0.729105,0.980869,-0.043010,0.218459,0.1070
0.569612,1.010409,0.000000,0.000000,-0.219545,0.155581,-64.472565,-27.510362,-50.112365,0.726909,0.982242,-0.072660,0.194631,0.0840
0.569612,1.010409,0.000000,0.000000,0.052108,-0.240766,-64.431015,-27.510362,-50.112365,0.725222,0.982871,-0.069091,0.154696,0.0500
0.189871,1.010409,-0.123467,-0.000000,-0.048560,-0.227826,-64.374771,-27.510365,-50.112366,0.711173,0.984089,-0.079567,0.114890,0.1060
0.189871,1.010409,-0.123467,-0.000000,0.554270,0.411335,-63.983463,-27.510365,-50.112366,0.587441,0.988627,-0.066525,0.093421,0.6300
0.569612,2.357620,0.315426,1.119039,-0.026734,-0.109127,-63.829975,-27.510360,-50.112356,0.558232,1.049646,-0.018057,0.180871,0.2980
0.569612,2.357620,0.315426,1.119039,0.087707,-0.250174,-63.797909,-27.510360,-50.112356,0.603764,1.236038,0.113348,0.535980,0.1980
0.569612,2.357620,0.315426,1.119039,-0.019765,-0.338051,-64.029549,-27.510360,-50.112356,0.719100,1.702896,0.252802,0.897279,0.3520
0.569612,2.357620,0.315426,1.119039,0.234893,-0.426106,-64.002235,-27.510360,-50.112356,0.756394,1.853033,0.282391,0.961572,0.1610
0.569612,2.357620,0.315426,1.119039,-0.095912,-0.193761,-64.005524,-27.510360,-50.112356,0.773878,1.923845,0.289587,0.978166,0.0400
0.569612,2.357620,0.315426,1.119039,-0.338418,0.038169,-64.029419,-27.510360,-50.112356,0.793842,2.004059,0.285233,0.988328,0.0770
0.569612,2.357620,0.315426,1.119039,-0.422284,-0.453673,-64.074356,-27.510360,-50.112356,0.820478,2.111151,0.275231,1.008494,0.0940
0.569612,2.357620,0.315426,1.119039,-0.355093,-0.019091,-64.105652,-27.510360,-50.112356,0.832169,2.158399,0.267104,1.015578,0.0400
1.708835,3.704832,1.335356,1.579152,-0.381371,-0.250208,-64.119888,-27.510351,-50.112337,0.845010,2.192969,0.275784,1.026792,0.0400
1.708835,3.704832,1.335356,1.579152,-0.414423,0.107074,-64.181030,-27.510351,-50.112337,0.964544,2.356535,0.641666,1.227409,0.0900
1.708835,3.704832,1.335356,1.579152,-0.455439,0.005284,-64.206772,-27.510351,-50.112337,1.032671,2.436994,0.775030,1.302856,0.0450
1.708835,3.704832,1.335356,1.579152,-0.544735,-0.048697,-64.243576,-27.510351,-50.112337,1.092873,2.518328,0.843777,1.346695,0.0520
1.708835,3.704832,1.335356,1.579152,-0.097020,-0.209208,-64.285316,-27.510351,-50.112337,1.173449,2.614075,0.973229,1.407591,0.0560
1.708835,3.704832,1.335356,1.579152,-0.431812,0.248481,-64.316910,-27.510351,-50.112337,1.239967,2.693642,1.043950,1.447105,0.0460
1.708835,3.704832,1.335356,1.579152,-0.181637,0.303080,-64.373901,-27.510351,-50.112337,1.364641,2.848309,1.138042,1.508769,0.0930
1.708835,3.704832,1.335356,1.579152,-0.121794,0.268311,-64.382835,-27.510351,-50.112337,1.426539,2.922617,1.181858,1.532174,0.0460
1.708835,3.704832,1.335356,1.579152,-0.013626,-0.050271,-64.405006,-27.510351,-50.112337,1.537767,3.057346,1.232139,1.566945,0.0810
1.708835,3.704832,1.335356,1.579152,0.060014,0.507120,-64.421295,-27.510351,-50.112337,1.593730,3.125163,1.246802,1.578955,0.0410
1.708835,3.704832,1.335356,1.579152,0.044004,0.178283,-64.422173,-27.510351,-50.112337,1.623625,3.161404,1.255915,1.588271,0.0400
1.708835,3.704832,1.335356,1.579152,0.044004,0.178283,-64.422173,-27.510351,-50.112337,1.623625,3.161404,1.255915,1.588271,0.0410
1.708835,3.704832,1.335356,1.579152,0.044004,0.178283,-64.422173,-27.510351,-50.112337,1.623625,3.161404,1.255915,1.588271,0.0400
1.708835,3.704832,1.335356,1.579152,0.044004,0.178283,-64.422173,-27.510351,-50.112337,1.623625,3.161404,1.255915,1.588271,0.0410
1.708835,3.704832,1.335356,1.579152,0.044004,0.178283,-64.422173,-27.510351,-50.112337,1.623625,3.161404,1.255915,1.588271,0.0400
1.708835,3.704832,1.335356,1.579152,0.044004,0.178283,-64.422173,-27.510351,-50.112337,1.623625,3.161404,1.255915,1.588271,0.0400
1.708835,3.704832,1.335356,1.579152,0.044004,0.178283,-64.422173,-27.510351,-50.112337,1.623625,3.161404,1.255915,1.588271,0.0410
1.708835,3.704832,1.335356,1.579152,0.044004,0.178283,-64.422173,-27.510351,-50.112337,1.623625,3.161404,1.255915,1.588271,0.0400
1.708835,3.704832,1.335356,1.579152,0.044004,0.178283,-64.422173,-27.510351,-50.112337,1.623625,3.161404,1.255915,1.588271,0.0400
1.708835,3.704832,1.335356,1.579152,0.044004,0.178283,-64.422173,-27.510343,-50.112319,1.623625,3.161404,1.255915,1.588271,0.0400
1.708835,3.704832,1.335356,1.579152,0.044004,0.178283,-64.422173,-27.510343,-50.112319,1.623625,3.161404,1.255915,1.588271,0.0400
1.708835,3.704832,1.335356,1.579152,0.044004,0.178283,-64.422173,-27.510343,-50.112319,1.623625,3.161404,1.255915,1.588271,0.0400
1.708835,3.704832,1.335356,1.579152,0.044004,0.178283,-64.422173,-27.510343,-50.112319,1.623625,3.161404,1.255915,1.588271,0.0660
1.708835,3.704832,1.335356,1.579152,0.044004,0.178283,-64.422173,-27.510343,-50.112319,1.623625,3.161404,1.255915,1.588271,0.0400
1.708835,3.704832,1.335356,1.579152,0.044004,0.178283,-64.422173,-27.510343,-50.112319,1.623625,3.161404,1.255915,1.588271,0.0400
1.708835,3.704832,1.335356,1.579152,0.044004,0.178283,-64.422173,-27.510343,-50.112319,1.623625,3.161404,1.255915,1.588271,0.0400
1.708835,3.704832,1.335356,1.579152,0.044004,0.178283,-64.422173,-27.510343,-50.112319,1.623625,3.161404,1.255915,1.588271,0.0700
1.708835,3.704832,1.335356,1.579152,0.044004,0.178283,-64.422173,-27.510343,-50.112319,1.623625,3.161404,1.255915,1.588271,0.0400
1.708835,3.704832,1.335356,1.579152,0.044004,0.178283,-64.422173,-27.510343,-50.112319,1.623625,3.161404,1.255915,1.588271,0.0410
2.468318,5.725649,0.687738,1.829920,0.266005,-0.402521,-63.752167,-27.510343,-50.112319,2.504849,4.717990,0.701052,1.817318,0.0510
2.468318,5.725649,0.687738,1.829920,-0.024003,-0.373967,-63.700272,-27.510343,-50.112319,2.533118,4.827123,0.698111,1.813692,0.0520
2.468318,5.725649,0.687738,1.829920,0.076236,-0.688247,-63.671783,-27.510343,-50.112319,2.559737,4.912747,0.696688,1.802438,0.0400
2.468318,5.725649,0.687738,1.829920,0.057801,-0.723549,-63.663811,-27.510343,-50.112319,2.566143,4.933273,0.696454,1.798175,0.0410
2.468318,5.725649,0.687738,1.829920,0.057801,-0.723549,-63.663811,-27.510343,-50.112319,2.566143,4.933273,0.696454,1.798175,0.0400
2.468318,5.725649,0.687738,1.829920,0.057801,-0.723549,-63.663811,-27.510343,-50.112319,2.566143,4.933273,0.696454,1.798175,0.0400
2.468318,5.725649,0.687738,1.829920,0.057801,-0.723549,-63.663811,-27.510343,-50.112319,2.566143,4.933273,0.696454,1.798175,0.0400
2.468318,5.725649,0.687738,1.829920,0.057801,-0.723549,-63.663811,-27.510343,-50.112319,2.566143,4.933273,0.696454,1.798175,0.0410
2.468318,5.725649,0.687738,1.829920,0.057801,-0.723549,-63.663811,-27.510343,-50.112319,2.566143,4.933273,0.696454,1.798175,0.0420
2.468318,5.725649,0.687738,1.829920,0.057801,-0.723549,-63.663811,-27.510343,-50.112319,2.566143,4.933273,0.696454,1.798175,0.0400
2.468318,5.725649,0.687738,1.829920,0.057801,-0.723549,-63.663811,-27.510343,-50.112319,2.566143,4.933273,0.696454,1.798175,0.0400
2.468318,5.725649,0.687738,1.829920,0.057801,-0.723549,-63.663811,-27.510343,-50.112319,2.566143,4.933273,0.696454,1.798175,0.0400
2.468318,5.725649,0.687738,1.829920,0.057801,-0.723549,-63.663811,-27.510332,-50.112301,2.566143,4.933273,0.696454,1.798175,0.0400
2.468318,5.725649,0.687738,1.829920,0.057801,-0.723549,-63.663811,-27.510332,-50.112301,2.566143,4.933273,0.696454,1.798175,0.0410
2.468318,5.725649,0.687738,1.829920,0.057801,-0.723549,-63.663811,-27.510332,-50.112301,2.566143,4.933273,0.696454,1.798175,0.0410
2.468318,5.725649,0.687738,1.829920,0.057801,-0.723549,-63.663811,-27.510332,-50.112301,2.566143,4.933273,0.696454,1.798175,0.0400
2.468318,5.725649,0.687738,1.829920,0.057801,-0.723549,-63.663811,-27.510332,-50.112301,2.566143,4.933273,0.696454,1.798175,0.0400
2.468318,5.725649,0.687738,1.829920,0.057801,-0.723549,-63.663811,-27.510332,-50.112301,2.566143,4.933273,0.696454,1.798175,0.0410
2.468318,5.725649,1.220678,1.546647,0.057801,-0.723549,-63.088284,-27.510332,-50.112301,3.229435,6.129609,1.160504,1.567790,0.0410
3.797412,7.409664,1.220678,1.546647,-0.385096,0.013611,-63.045837,-27.510332,-50.112301,3.338871,6.237482,1.208111,1.547832,0.0780
3.797412,7.409664,1.220678,1.546647,-0.013008,-0.095642,-62.998631,-27.510332,-50.112301,3.395000,6.310478,1.217306,1.545842,0.0410
3.797412,7.409664,1.220678,1.546647,-0.072382,-0.166883,-62.991924,-27.510332,-50.112301,3.409083,6.329047,1.216879,1.544208,0.0400
3.797412,7.409664,1.220678,1.546647,-0.072382,-0.166883,-62.991924,-27.510332,-50.112301,3.409083,6.329047,1.216879,1.544208,0.0400
3.797412,7.409664,1.220678,1.546647,-0.072382,-0.166883,-62.991924,-27.510332,-50.112301,3.409083,6.329047,1.216879,1.544208,0.0410
3.797412,7.409664,1.220678,1.546647,-0.072382,-0.166883,-62.991924,-27.510332,-50.112301,3.409083,6.329047,1.216879,1.544208,0.0560
3.797412,7.409664,1.220678,1.546647,0.002666,-0.326479,-62.781738,-27.510332,-50.112301,3.721801,6.728199,1.214430,1.559720,0.0780
3.797412,7.409664,1.220678,1.546647,-0.101206,-0.158564,-62.745197,-27.510332,-50.112301,3.772368,6.794812,1.216419,1.550279,0.0410
3.797412,7.409664,1.220678,1.546647,-0.094111,0.201601,-62.737724,-27.510332,-50.112301,3.789553,6.817591,1.215555,1.548548,0.0450
3.797412,7.409664,1.220678,1.546647,-0.094111,0.201601,-62.737724,-27.510332,-50.112301,3.789553,6.817591,1.215555,1.548548,0.0410
3.797412,7.409664,1.220678,1.546647,-0.534671,-0.104618,-62.697529,-27.510332,-50.112301,3.974689,7.056070,1.193470,1.544911,0.0780
3.797412,7.409664,1.220678,1.546647,-0.497502,0.293378,-62.694580,-27.510332,-50.112301,4.023305,7.119598,1.187835,1.554563,0.0410
3.797412,7.409664,1.220678,1.546647,-0.304819,0.039217,-62.692585,-27.510320,-50.112282,4.045042,7.148017,1.186276,1.555458,0.0770
5.316377,9.430482,1.431147,1.903986,-0.923045,0.368629,-62.704311,-27.510320,-50.112282,4.213230,7.372702,1.287426,1.763283,0.0640
5.316377,9.430482,1.431147,1.903986,-0.886704,0.341824,-62.710697,-27.510320,-50.112282,4.293431,7.480059,1.339605,1.853086,0.0480
5.316377,9.430482,1.431147,1.903986,-1.176164,0.043479,-62.722794,-27.510320,-50.112282,4.358383,7.567483,1.342936,1.873582,0.0410
5.316377,9.430482,1.431147,1.903986,-1.182775,0.058640,-62.726170,-27.510320,-50.112282,4.371239,7.584823,1.339498,1.875958,0.0410
5.316377,9.430482,1.431147,1.903986,-1.182775,0.058640,-62.726170,-27.510320,-50.112282,4.371239,7.584823,1.339498,1.875958,0.0410
5.316377,9.430482,1.431147,1.903986,-1.182775,0.058640,-62.847618,-27.510320,-50.112282,4.561058,7.851093,1.350364,1.970630,0.0420
5.316377,9.430482,1.431147,1.903986,-0.255551,1.373450,-62.852966,-27.510320,-50.112282,4.663008,7.978419,1.380966,1.986371,0.0840
5.316377,9.430482,1.431147,1.903986,-0.742949,2.117960,-62.835049,-27.510320,-50.112282,4.743717,8.082864,1.363231,2.035280,0.0570
5.316377,9.430482,1.431147,1.903986,-0.454388,2.493379,-62.821205,-27.510320,-50.112282,4.884093,8.273379,1.365154,2.111694,0.0900
5.316377,9.430482,1.431147,1.903986,-0.843056,1.965068,-62.830158,-27.510320,-50.112282,5.027743,8.460776,1.342111,2.179458,0.0910
5.316377,9.430482,1.431147,1.903986,-1.635252,1.849194,-62.883148,-27.510320,-50.112282,5.120062,8.581204,1.287900,2.222003,0.0680
5.316377,9.430482,1.431147,1.903986,-1.782704,2.006599,-62.941177,-27.510320,-50.112282,5.217468,8.709563,1.234496,2.247564,0.0660
5.316377,9.430482,1.431147,1.903986,-1.796103,1.961349,-62.982384,-27.510320,-50.112282,5.281120,8.792211,1.197905,2.275566,0.0410
5.316377,9.430482,1.431147,1.903986,-1.812852,1.949905,-62.988037,-27.510320,-50.112282,5.290007,8.803687,1.192826,2.278179,0.0400
5.316377,9.430482,1.431147,1.903986,-1.555722,1.864979,-63.183197,-27.510320,-50.112282,5.474398,9.073654,1.199656,2.185232,0.0920
6.455600,11.451300,0.977699,1.734297,-1.018403,1.490484,-63.291157,-27.510307,-50.112261,5.572494,9.204224,1.199357,2.167778,0.0700
6.455600,11.451300,0.977699,1.734297,-0.800361,1.822838,-63.413101,-27.510307,-50.112261,5.640082,9.327644,1.089299,2.138761,0.0610
6.455600,11.451300,0.977699,1.734297,-0.672422,1.822559,-63.584450,-27.510307,-50.112261,5.719600,9.472588,1.012607,2.143434,0.0750
6.455600,11.451300,0.977699,1.734297,-0.609015,1.606854,-63.683708,-27.510307,-50.112261,5.766307,9.556901,0.979817,2.150970,0.0450
6.455600,11.451300,0.977699,1.734297,-0.498890,1.376070,-63.765102,-27.510307,-50.112261,5.803396,9.623869,0.961914,2.145476,0.0490
6.455600,11.451300,0.977699,1.734297,-0.498890,1.376070,-63.765102,-27.510307,-50.112261,5.803396,9.623869,0.961914,2.145476,0.0400
6.455600,11.451300,0.977699,1.734297,-0.498890,1.376070,-63.997486,-27.510307,-50.112261,5.912779,9.859238,0.949412,2.126037,0.0430
6.455600,11.451300,0.977699,1.734297,-0.381995,1.305857,-64.135063,-27.510307,-50.112261,5.997294,9.995080,0.947330,1.912037,0.0940
6.455600,11.451300,0.977699,1.734297,-0.891070,1.557886,-64.238983,-27.510307,-50.112261,6.089609,10.157571,0.917796,1.927035,0.0890
6.455600,11.451300,0.977699,1.734297,-0.669947,1.553650,-64.267975,-27.510307,-50.112261,6.132222,10.232314,0.903094,1.943296,0.0400
6.455600,11.451300,0.977699,1.734297,-0.783212,1.877383,-64.273422,-27.510307,-50.112261,6.140532,10.246868,0.900090,1.949324,0.0410
6.455600,11.451300,0.977699,1.734297,-0.783212,1.877383,-64.273422,-27.510307,-50.112261,6.140532,10.246868,0.900090,1.949324,0.0430
6.455600,11.451300,0.977699,1.734297,-0.620949,1.062936,-64.268883,-27.510307,-50.112261,6.276155,10.512888,0.916993,1.862292,0.0640
6.455600,11.451300,0.977699,1.734297,-0.431533,1.282458,-64.257622,-27.510307,-50.112261,6.329040,10.602106,0.927017,1.838303,0.0540
6.455600,11.451300,0.977699,1.734297,-0.748082,1.676431,-64.248222,-27.510307,-50.112261,6.368712,10.671262,0.920107,1.851971,0.0410
6.455600,11.451300,0.977699,1.734297,0.012916,0.887502,-64.250763,-27.510307,-50.112261,6.463755,10.843886,0.938246,1.872330,0.0940
6.455600,11.451300,0.977699,1.734297,0.117529,0.393346,-64.255852,-27.510307,-50.112261,6.509084,10.924571,0.944855,1.873129,0.0410
6.835341,12.461709,0.249757,0.664550,-0.049923,0.293844,-64.281410,-27.510305,-50.112250,6.582771,11.065709,0.883253,1.774693,0.0940
6.835341,12.461709,0.249757,0.664550,-0.397316,0.261427,-64.293045,-27.510305,-50.112250,6.599180,11.120227,0.697096,1.480741,0.0770
6.835341,12.461709,0.249757,0.664550,-0.188089,-0.271497,-64.272491,-27.510305,-50.112250,6.615508,11.172622,0.560748,1.269440,0.0750
6.835341,12.461709,0.249757,0.664550,-0.423928,-0.299547,-64.216743,-27.510305,-50.112250,6.642194,11.238370,0.471388,1.139612,0.0630
6.835341,12.461709,0.249757,0.664550,-0.459677,-0.311385,-64.127632,-27.510305,-50.112250,6.656825,11.283003,0.365103,0.935241,0.0650
6.835341,12.461709,0.249757,0.664550,-0.843562,0.194525,-64.066612,-27.510305,-50.112250,6.667095,11.313566,0.313855,0.866889,0.0410
6.835341,12.461709,0.249757,0.664550,-0.386323,0.173623,-63.953007,-27.510305,-50.112250,6.686580,11.369234,0.249590,0.814586,0.0700
6.835341,12.461709,0.249757,0.664550,-0.411174,-0.807128,-63.838226,-27.510305,-50.112250,6.703503,11.416740,0.223455,0.728166,0.0630
6.835341,12.461709,0.249757,0.664550,-0.752376,-0.359148,-63.729149,-27.510305,-50.112250,6.718046,11.459040,0.195609,0.689227,0.0410
6.835341,12.461709,0.249757,0.664550,-0.726915,-0.742397,-63.601593,-27.510305,-50.112250,6.735652,11.508938,0.184072,0.643138,0.0780
6.835341,12.461709,0.249757,0.664550,-0.843248,-0.320101,-63.511539,-27.510305,-50.112250,6.747363,11.542253,0.172144,0.619187,0.0400
6.835341,12.461709,0.249757,0.664550,-0.605164,-0.197406,-63.495487,-27.510305,-50.112250,6.749552,11.548458,0.170096,0.619256,0.0400
6.835341,12.461709,0.249757,0.664550,-0.605164,-0.197406,-63.495487,-27.510305,-50.112250,6.749552,11.548458,0.170096,0.619256,0.0400
6.835341,12.461709,0.249757,0.664550,-0.111487,-0.471882,-63.178654,-27.510305,-50.112250,6.782461,11.648932,0.221751,0.616452,0.0720
6.835341,12.461709,0.249757,0.664550,0.461654,-0.960406,-63.091797,-27.510305,-50.112250,6.795388,11.686255,0.234709,0.618154,0.0470
6.835341,12.461709,0.249757,0.664550,0.269146,-1.022433,-63.036846,-27.510305,-50.112250,6.802326,11.707060,0.246538,0.603567,0.0410
6.835341,12.461709,0.249757,0.664550,0.269146,-1.022433,-63.036846,-27.510305,-50.112250,6.802326,11.707060,0.246538,0.603567,0.0420
5.506247,13.135315,-1.417925,0.718627,0.102940,-0.163983,-62.445877,-27.510316,-50.112244,6.675730,11.863602,-0.527240,0.635595,0.1430
5.506247,13.135315,-1.417925,0.718627,0.341494,-0.302271,-62.337353,-27.510316,-50.112244,6.591170,11.905347,-0.748447,0.638072,0.0560
5.506247,13.135315,-1.417925,0.718627,0.311348,0.001321,-62.097996,-27.510316,-50.112244,6.435271,11.987572,-0.965782,0.651719,0.0950
5.506247,13.135315,-1.417925,0.718627,1.405464,0.113804,-61.653946,-27.510316,-50.112244,6.092662,12.173347,-1.065702,0.708097,0.1760
5.506247,13.135315,-1.417925,0.718627,0.682221,-0.170508,-61.035007,-27.510316,-50.112244,5.461321,12.519192,-1.092730,0.721329,0.4840
5.506247,13.135315,-1.417925,0.718627,0.682388,0.456352,-60.967640,-27.510316,-50.112244,5.329088,12.591801,-1.121520,0.716080,0.0950
3.797412,13.472117,-1.877612,0.370068,0.581380,-0.234275,-60.896519,-27.510332,-50.112241,5.096761,12.652053,-1.300270,0.603484,0.1040
3.797412,13.472117,-1.877612,0.370068,0.289916,0.145963,-60.890720,-27.510332,-50.112241,4.966559,12.681670,-1.391012,0.558840,0.0780
3.797412,13.472117,-1.877612,0.370068,-0.120608,0.518286,-60.919182,-27.510332,-50.112241,4.827812,12.712585,-1.500881,0.548872,0.0620
3.797412,13.472117,-1.877612,0.370068,0.724641,-0.364007,-60.971821,-27.510332,-50.112241,4.692615,12.742979,-1.549873,0.511857,0.0770
3.797412,13.472117,-1.877612,0.370068,0.584161,-0.209441,-61.054058,-27.510332,-50.112241,4.546455,12.775721,-1.580218,0.466776,0.0740
3.797412,13.472117,-1.877612,0.370068,0.496486,0.025033,-61.114655,-27.510332,-50.112241,4.454908,12.796082,-1.608077,0.450893,0.0460
3.797412,13.472117,-1.877612,0.370068,0.346339,0.069138,-61.168087,-27.510332,-50.112241,4.380490,12.812482,-1.629442,0.435886,0.0400
3.797412,13.472117,-1.877612,0.370068,0.346339,0.069138,-61.168087,-27.510332,-50.112241,4.380490,12.812482,-1.629442,0.435886,0.0410
3.797412,13.472117,-1.877612,0.370068,0.346339,0.069138,-61.168087,-27.510332,-50.112241,4.380490,12.812482,-1.629442,0.435886,0.0410
3.797412,13.472117,-1.877612,0.370068,0.062754,0.421921,-61.401077,-27.510332,-50.112241,4.115921,12.876563,-1.791812,0.416508,0.0590
3.797412,13.472117,-1.877612,0.370068,0.224522,-0.213843,-61.502876,-27.510332,-50.112241,3.992250,12.901042,-1.839615,0.385067,0.0630
3.797412,13.472117,-1.877612,0.370068,0.084360,0.065348,-61.567810,-27.510332,-50.112241,3.911909,12.918565,-1.847077,0.378795,0.0400
3.797412,13.472117,-1.877612,0.370068,0.067928,0.108188,-61.567810,-27.510332,-50.112241,3.911909,12.918565,-1.847077,0.378795,0.0400
3.797412,13.472117,-1.877612,0.370068,0.209247,-0.146500,-61.743011,-27.510332,-50.112241,3.680747,12.966906,-1.871712,0.381905,0.0820
3.797412,13.472117,-1.877612,0.370068,0.159205,-0.320963,-61.770023,-27.510332,-50.112241,3.600394,12.984757,-1.867109,0.363131,0.0440
3.797412,13.472117,-1.877612,0.370068,0.236668,-0.431469,-61.768509,-27.510332,-50.112241,3.535252,12.999502,-1.864721,0.356382,0.0400
3.797412,13.472117,-1.877612,0.370068,0.236668,-0.431469,-61.768509,-27.510332,-50.112241,3.535252,12.999502,-1.864721,0.356382,0.0410
3.797412,13.472117,-1.877612,0.370068,0.236668,-0.431469,-61.768509,-27.510345,-50.112235,3.535252,12.999502,-1.864721,0.356382,0.0400
3.797412,13.472117,-1.877612,0.370068,0.236668,-0.431469,-61.768509,-27.510345,-50.112235,3.535252,12.999502,-1.864721,0.356382,0.0410
3.797412,13.472117,-1.877612,0.370068,0.236668,-0.431469,-61.768509,-27.510345,-50.112235,3.535252,12.999502,-1.864721,0.356382,0.0410
2.278447,13.808920,-1.642345,0.364160,-0.010978,-0.380787,-61.055531,-27.510345,-50.112235,3.089433,13.093031,-1.674729,0.361653,0.0570
2.278447,13.808920,-1.642345,0.364160,-0.331624,-0.202499,-60.897503,-27.510345,-50.112235,2.993444,13.118482,-1.649708,0.354641,0.0570
2.278447,13.808920,-1.642345,0.364160,0.445801,-0.305401,-60.797691,-27.510345,-50.112235,2.925262,13.136643,-1.636651,0.338535,0.0400
2.278447,13.808920,-1.642345,0.364160,-0.364986,-0.493049,-60.781784,-27.510345,-50.112235,2.915005,13.139396,-1.639053,0.337036,0.0440
2.278447,13.808920,-1.642345,0.364160,-0.282093,-1.112289,-60.477665,-27.510345,-50.112235,2.685924,13.195452,-1.664809,0.319154,0.1000
2.278447,13.808920,-1.642345,0.364160,-0.439915,-0.449210,-60.381992,-27.510345,-50.112235,2.591216,13.221089,-1.676634,0.303955,0.0560
2.278447,13.808920,-1.642345,0.364160,-0.519400,-0.737774,-60.278770,-27.510345,-50.112235,2.473932,13.252023,-1.693404,0.293092,0.0710
2.278447,13.808920,-1.642345,0.364160,-0.284052,-0.024799,-59.963310,-27.510345,-50.112235,1.929842,13.390608,-1.734014,0.264700,0.3220
0.569611,14.819328,-1.629600,0.963558,0.273100,-0.516536,-60.408035,-27.510361,-50.112230,0.915098,13.952588,-1.630378,0.804141,0.6170
0.569611,14.819328,-1.629600,0.963558,0.216624,-0.255015,-60.502594,-27.510361,-50.112230,0.784488,14.034418,-1.618122,0.842299,0.0800
0.569611,14.819328,-1.629600,0.963558,0.474830,-0.207917,-60.555645,-27.510361,-50.112230,0.710372,14.081272,-1.606558,0.853149,0.0510
0.569611,14.819328,-1.629600,0.963558,0.447716,-0.337981,-60.694290,-27.510361,-50.112230,0.539230,14.185872,-1.595235,0.902410,0.1000
0.569611,14.819328,-1.629600,0.963558,0.482228,-0.092276,-60.759613,-27.510361,-50.112230,0.474065,14.226977,-1.584110,0.898236,0.0400
0.569611,14.819328,-1.629600,0.963558,0.395698,0.158639,-60.759613,-27.510361,-50.112230,0.474065,14.226977,-1.584110,0.898236,0.0410
0.569611,14.819328,-1.629600,0.963558,0.395698,0.158639,-60.759613,-27.510361,-50.112230,0.474065,14.226977,-1.584110,0.898236,0.0400
0.569611,14.819328,-1.629600,0.963558,0.395698,0.158639,-60.759613,-27.510361,-50.112230,0.474065,14.226977,-1.584110,0.898236,0.0400
0.569611,14.819328,-1.629600,0.963558,0.395698,0.158639,-60.759613,-27.510361,-50.112230,0.474065,14.226977,-1.584110,0.898236,0.0400
0.569611,14.819328,-1.629600,0.963558,0.379833,0.167062,-61.177227,-27.510361,-50.112230,0.131771,14.427273,-1.615433,0.972608,0.0410
-1.518965,15.492934,-2.247310,0.724800,0.619787,0.082595,-61.312267,-27.510380,-50.112223,-0.046317,14.474679,-1.939472,0.851222,0.0720
-1.518965,15.492934,-2.247310,0.724800,0.033216,0.011647,-61.392712,-27.510380,-50.112223,-0.163439,14.505085,-2.050468,0.809212,0.0450
-1.518965,15.492934,-2.247310,0.724800,0.074719,0.298131,-61.616810,-27.510380,-50.112223,-0.481426,14.606895,-2.144733,0.776037,0.1230
-1.518965,15.492934,-2.247310,0.724800,0.788540,0.052666,-61.909588,-27.510380,-50.112223,-1.063870,14.801353,-2.110104,0.757935,0.2470
-1.518965,15.492934,-2.247310,0.724800,0.971664,-0.010211,-61.952377,-27.510380,-50.112223,-1.292957,14.878521,-2.082303,0.757390,0.1120
-1.518965,15.492934,-2.247310,0.724800,0.858785,0.238231,-61.978832,-27.510380,-50.112223,-1.389139,14.910859,-2.077802,0.756588,0.0430
-1.518965,15.492934,-2.247310,0.724800,0.052153,-0.123633,-61.946785,-27.510380,-50.112223,-1.608138,14.985090,-2.104736,0.759501,0.0950
-1.518965,15.492934,-2.247310,0.724800,0.444620,-0.256181,-61.751671,-27.510380,-50.112223,-1.805274,15.052153,-2.110911,0.715477,0.0900
-1.518965,15.492934,-2.247310,0.724800,0.605205,-0.402634,-61.623608,-27.510380,-50.112223,-1.899245,15.084310,-2.107492,0.692438,0.0410
-1.518965,15.492934,-2.247310,0.724800,0.294920,-0.533983,-61.266140,-27.510380,-50.112223,-2.116959,15.157381,-2.130244,0.686824,0.0980
-1.518965,15.492934,-2.247310,0.724800,-0.205618,-0.028417,-61.110126,-27.510380,-50.112223,-2.221136,15.193114,-2.152921,0.678767,0.0480
-3.607542,15.492934,-2.104078,-0.000000,0.648764,-0.588509,-60.981171,-27.510398,-50.112219,-2.307068,15.203227,-2.145776,0.581242,0.0460
-3.607542,15.492934,-2.104078,-0.000000,0.402396,-0.326858,-60.633064,-27.510398,-50.112219,-2.532866,15.217810,-2.109705,0.307729,0.0970
-3.607542,15.492934,-2.104078,-0.000000,-0.327205,-0.069085,-60.308601,-27.510398,-50.112219,-2.794015,15.216352,-2.109316,0.139899,0.1160
-3.607542,15.492934,-2.104078,-0.000000,0.160084,-0.385327,-59.407730,-27.510398,-50.112219,-3.764288,15.224755,-2.129786,0.009274,0.4450
-4.936636,16.166540,-1.450046,0.734906,-0.239083,0.058831,-59.398323,-27.510410,-50.112212,-4.521837,15.310562,-1.974101,0.222521,0.4100
-4.936636,16.166540,-1.450046,0.734906,0.281808,0.364458,-59.538643,-27.510410,-50.112212,-4.864159,15.494305,-1.688989,0.520411,0.2310
-4.936636,16.166540,-1.450046,0.734906,0.035092,0.771737,-59.923374,-27.510410,-50.112212,-5.432961,15.799278,-1.429706,0.739204,0.3690
-4.936636,16.166540,-1.450046,0.734906,0.355642,0.199740,-60.195866,-27.510410,-50.112212,-5.704190,15.945109,-1.389778,0.768803,0.2220
-4.936636,16.166540,-1.450046,0.734906,-0.072545,0.507196,-60.292995,-27.510410,-50.112212,-5.782181,15.986968,-1.396224,0.783870,0.0580
-6.455601,17.176949,-1.404937,0.934557,0.294269,0.092253,-60.475254,-27.510423,-50.112203,-5.929796,16.085196,-1.406962,0.865551,0.1040
-6.455601,17.176949,-1.404937,0.934557,0.395915,0.023814,-60.553780,-27.510423,-50.112203,-5.987475,16.125844,-1.399891,0.883725,0.0400
-6.455601,17.176949,-1.404937,0.934557,0.176007,0.266781,-60.594200,-27.510423,-50.112203,-6.014818,16.145088,-1.394367,0.888781,0.0410
-6.455601,17.176949,-1.404937,0.934557,0.086655,0.134587,-60.825340,-27.510423,-50.112203,-6.171995,16.252035,-1.387127,0.915609,0.0880
-6.455601,17.176949,-1.404937,0.934557,-0.226005,0.242507,-60.899483,-27.510423,-50.112203,-6.234803,16.296241,-1.383888,0.919769,0.0440
-6.455601,17.176949,-1.404937,0.934557,-0.241794,0.227390,-60.916409,-27.510423,-50.112203,-6.251903,16.308300,-1.388058,0.923501,0.0400
-6.455601,17.176949,-1.404937,0.934557,-0.198629,0.084103,-60.985836,-27.510423,-50.112203,-6.413106,16.419006,-1.436386,0.928064,0.0830
-6.455601,17.176949,-1.404937,0.934557,-0.344486,-0.112672,-61.021954,-27.510423,-50.112203,-6.470268,16.459691,-1.440717,0.928243,0.0420
-6.455601,17.176949,-1.404937,0.934557,-0.184284,-0.182740,-61.038258,-27.510423,-50.112203,-6.495314,16.477540,-1.441165,0.926544,0.0500
-6.455601,17.176949,-1.404937,0.934557,-0.604917,-0.118807,-61.117378,-27.510423,-50.112203,-6.656927,16.587518,-1.462566,0.921316,0.0820
-6.455601,17.176949,-1.404937,0.934557,-0.754011,0.176444,-61.136806,-27.510423,-50.112203,-6.720936,16.633638,-1.475329,0.930079,0.0470
-6.455601,17.176949,-1.404937,0.934557,-0.619979,0.079738,-61.143253,-27.510423,-50.112203,-6.746870,16.652147,-1.479364,0.932903,0.0430
-6.455601,17.176949,-1.404937,0.934557,-0.612947,-0.021619,-61.186619,-27.510423,-50.112203,-6.904183,16.758697,-1.475785,0.930263,0.0840
-6.455601,17.176949,-1.404937,0.934557,-0.917023,0.218741,-61.200798,-27.510423,-50.112203,-7.038071,16.854090,-1.462936,0.919949,0.1040
-6.455601,17.176949,-1.404937,0.934557,0.088984,-0.281531,-61.184048,-27.510423,-50.112203,-7.175964,16.951524,-1.449563,0.916491,0.1020
-6.265730,15.829738,0.125640,-0.891468,0.093654,0.079152,-61.075420,-27.510421,-50.112216,-7.187741,16.900899,-1.071927,0.487981,0.0900
-6.265730,15.829738,0.125640,-0.891468,0.162162,-0.000857,-61.005356,-27.510421,-50.112216,-7.173613,16.851757,-0.875223,0.270647,0.0450
-6.265730,15.829738,0.125640,-0.891468,0.337545,0.007466,-60.904591,-27.510421,-50.112216,-7.156964,16.770102,-0.609583,-0.018968,0.0840
-6.265730,15.829738,0.125640,-0.891468,0.383751,-0.388761,-60.864513,-27.510421,-50.112216,-7.145602,16.722889,-0.481837,-0.163360,0.0410
-6.265730,15.829738,0.125640,-0.891468,0.488491,-0.227616,-60.858788,-27.510421,-50.112216,-7.144006,16.716603,-0.465602,-0.180706,0.0410
-6.265730,15.829738,0.125640,-0.891468,0.488491,-0.227616,-60.858788,-27.510421,-50.112216,-7.144006,16.716603,-0.465602,-0.180706,0.0400
-6.265730,15.829738,0.125640,-0.891468,0.488491,-0.227616,-60.858788,-27.510421,-50.112216,-7.144006,16.716603,-0.465602,-0.180706,0.0400
-6.265730,15.829738,0.125640,-0.891468,-0.099710,0.327733,-60.768917,-27.510421,-50.112216,-7.177648,16.599803,0.019237,-0.760355,0.0770
-6.265730,15.829738,0.125640,-0.891468,-0.039564,-0.131410,-60.696632,-27.510421,-50.112216,-7.161566,16.540808,0.084537,-0.840815,0.0630
-6.265730,15.829738,0.125640,-0.891468,0.173287,0.057616,-60.636608,-27.510421,-50.112216,-7.152795,16.501804,0.099882,-0.863312,0.0420
-6.265730,15.829738,0.125640,-0.891468,0.341889,-0.194605,-60.514690,-27.510421,-50.112216,-7.136380,16.412896,0.120737,-0.873959,0.0900
-6.265730,15.829738,0.125640,-0.891468,0.081021,-0.023352,-60.378109,-27.510421,-50.112216,-7.113972,16.298395,0.142836,-0.890570,0.1250
-6.265730,15.829738,0.125640,-0.891468,0.083838,0.111380,-60.345875,-27.510421,-50.112216,-7.103434,16.244042,0.148504,-0.893219,0.0600
-6.265730,15.829738,0.125640,-0.891468,-0.144158,0.091942,-60.274151,-27.510421,-50.112216,-7.074454,16.095230,0.134759,-0.900713,0.1630
-6.835342,16.166540,-0.478252,0.282783,-0.319875,0.596234,-60.233852,-27.510427,-50.112213,-7.093031,16.106618,0.048608,-0.744688,0.0400
-6.835342,16.166540,-0.478252,0.282783,-0.528992,0.722317,-59.979935,-27.510427,-50.112213,-7.311567,16.245065,-0.453229,0.199868,0.4610
-7.404953,15.829738,-0.819228,-0.484397,-0.617167,0.301215,-60.625107,-27.510432,-50.112218,-7.579044,16.346123,-0.697992,0.196443,0.5610
-7.404953,15.829738,-0.819228,-0.484397,-1.017577,0.664643,-60.688457,-27.510432,-50.112218,-7.667530,16.289362,-0.785644,0.015140,0.1160
-7.404953,15.829738,-0.819228,-0.484397,-0.614613,0.018302,-60.606270,-27.510432,-50.112218,-7.786589,16.213915,-0.874325,-0.166901,0.1530
-7.404953,15.829738,-0.819228,-0.484397,-0.677469,-0.022702,-60.575329,-27.510432,-50.112218,-7.822988,16.190367,-0.892245,-0.220552,0.0440
-7.404953,15.829738,-0.819228,-0.484397,-0.689813,-0.221253,-60.546677,-27.510432,-50.112218,-7.853520,16.169844,-0.910623,-0.256877,0.0400
-7.404953,15.829738,-0.819228,-0.484397,-0.424561,0.526586,-60.298031,-27.510432,-50.112218,-8.265041,15.911685,-0.841788,-0.478520,0.4320
-8.544177,14.819330,-1.393249,-1.235709,0.763034,-0.897893,-60.554653,-27.510443,-50.112229,-8.891898,15.348618,-1.138030,-1.209268,0.5580
-8.544177,14.819330,-1.393249,-1.235709,0.641628,-0.920295,-60.566669,-27.510443,-50.112229,-8.974334,15.272795,-1.145683,-1.275431,0.0790
-8.544177,14.819330,-1.393249,-1.235709,0.373114,-1.026627,-60.600388,-27.510443,-50.112229,-9.148894,15.111729,-1.163805,-1.403090,0.1130
-8.544177,14.819330,-1.393249,-1.235709,0.647351,-0.967487,-60.633598,-27.510443,-50.112229,-9.251689,15.016762,-1.173405,-1.441449,0.0910
-8.544177,14.819330,-1.393249,-1.235709,0.452770,-0.404200,-60.651279,-27.510443,-50.112229,-9.306257,14.967681,-1.189356,-1.435915,0.0410
-8.544177,14.819330,-1.393249,-1.235709,0.414934,-0.449363,-60.676239,-27.510443,-50.112229,-9.368658,14.899249,-1.192073,-1.452630,0.0490
-8.544177,14.819330,-1.393249,-1.235709,0.211706,-0.548022,-60.696121,-27.510443,-50.112229,-9.453021,14.823919,-1.259053,-1.391699,0.0630
-8.544177,14.819330,-1.393249,-1.235709,0.229242,-0.383962,-60.720455,-27.510443,-50.112229,-9.511165,14.771930,-1.276328,-1.379293,0.0440
-8.544177,14.819330,-1.393249,-1.235709,0.216267,-0.364633,-60.726154,-27.510443,-50.112229,-9.523222,14.760892,-1.279329,-1.376467,0.0400
-8.544177,14.819330,-1.393249,-1.235709,0.216267,-0.364633,-60.726154,-27.510443,-50.112229,-9.523222,14.760892,-1.279329,-1.376467,0.0400
-10.063142,12.798514,-1.378600,-1.834076,-0.276015,0.143268,-60.773106,-27.510455,-50.112246,-9.706156,14.538982,-1.338316,-1.675503,0.0570
-10.063142,12.798514,-1.378600,-1.834076,0.096178,-0.325983,-60.803970,-27.510455,-50.112246,-9.808073,14.393510,-1.364776,-1.783463,0.0720
-10.063142,12.798514,-1.378600,-1.834076,-0.046653,0.104529,-60.851528,-27.510455,-50.112246,-9.949909,14.196268,-1.379046,-1.806256,0.1020
-10.063142,12.798514,-1.378600,-1.834076,-0.208057,0.237800,-60.935635,-27.510455,-50.112246,-10.190766,13.862770,-1.399286,-1.821537,0.1290
-10.063142,12.798514,-1.378600,-1.834076,0.280209,0.243090,-61.076385,-27.510455,-50.112246,-10.708344,13.149246,-1.282067,-1.855837,0.4270
-10.063142,12.798514,-1.378600,-1.834076,-0.073542,0.222178,-61.139324,-27.510455,-50.112246,-10.999542,12.747712,-1.310448,-1.879451,0.1840
-11.202365,11.451304,-1.501446,-1.775564,0.255793,-0.769040,-61.144161,-27.510468,-50.112265,-11.132792,12.580450,-1.351733,-1.879309,0.1230
-11.202365,11.451304,-1.501446,-1.775564,-0.012869,-0.172276,-61.231396,-27.510468,-50.112265,-11.705610,11.880176,-1.479728,-1.821568,0.3770
-11.202365,11.451304,-1.501446,-1.775564,-0.007728,-0.473113,-61.291119,-27.510468,-50.112265,-12.164792,11.320019,-1.511479,-1.796914,0.3220
-11.202365,11.451304,-1.501446,-1.775564,0.233810,-0.504757,-61.321125,-27.510468,-50.112265,-12.304569,11.149166,-1.511712,-1.809795,0.0990
-11.202365,11.451304,-1.501446,-1.775564,0.312157,-0.280203,-61.332203,-27.510468,-50.112265,-12.330440,11.117569,-1.506168,-1.814098,0.0400
-11.202365,11.451304,-1.501446,-1.775564,0.031338,0.041232,-61.377048,-27.510468,-50.112265,-12.477544,10.939706,-1.497623,-1.800406,0.0770
-12.531459,9.093687,-1.187388,-2.106252,0.382678,-1.114399,-61.411530,-27.510480,-50.112285,-12.626290,10.665418,-1.311890,-2.026893,0.1260
-12.531459,9.093687,-1.187388,-2.106252,0.665248,-1.002227,-61.388065,-27.510480,-50.112285,-12.872634,10.208150,-1.173141,-2.204064,0.1860
-12.531459,9.093687,-1.187388,-2.106252,0.541833,-1.316806,-61.241798,-27.510480,-50.112285,-13.132034,9.728552,-1.074022,-2.384587,0.2380
-12.531459,9.093687,-1.187388,-2.106252,0.323892,-0.068315,-60.626461,-27.510480,-50.112285,-13.614273,8.834880,-1.071746,-2.331716,0.4180
-13.670683,7.409675,-1.006009,-1.487093,0.194470,-0.107889,-60.161858,-27.510488,-50.112299,-14.040753,8.159425,-0.891020,-1.674408,0.4350
-13.670683,7.409675,-1.006009,-1.487093,-0.114440,-0.466243,-60.221786,-27.510488,-50.112299,-14.269206,7.805876,-0.967363,-1.590712,0.2360
-13.670683,7.409675,-1.006009,-1.487093,0.002400,-0.587103,-60.278446,-27.510489,-50.112306,-14.633199,7.242467,-0.999675,-1.634850,0.3690
-13.670683,7.072873,0.000000,-0.817967,0.510253,0.452511,-59.677540,-27.510489,-50.112306,-14.623429,6.906382,-0.232044,-0.963211,0.4030
-13.670683,7.072873,0.000000,-0.817967,0.272694,0.601162,-59.316456,-27.510489,-50.112306,-14.608886,6.655547,-0.018154,-0.740468,0.3220
-13.670683,7.072873,0.000000,-0.817967,0.379066,0.981821,-60.548309,-27.510489,-50.112306,-14.598619,6.484563,0.039472,-0.696645,0.2150
-13.101071,6.736070,0.593387,-0.350860,0.112988,0.009609,-61.557362,-27.510485,-50.112310,-14.444171,6.351413,0.352837,-0.487401,0.2850
-13.101071,6.736070,0.593387,-0.350860,-0.123920,0.238116,-62.024033,-27.510485,-50.112310,-14.181907,6.218476,0.520366,-0.372531,0.3970
-12.151718,6.062466,1.040509,-0.738284,-0.230090,0.016354,-62.378246,-27.510475,-50.112315,-13.919986,6.082451,0.561949,-0.365338,0.4090
-12.151718,6.062466,1.040509,-0.738284,-0.414817,-0.338781,-62.524769,-27.510475,-50.112315,-13.671900,5.919981,0.751192,-0.546939,0.2250
-12.151718,6.062466,1.040509,-0.738284,-0.360411,-0.355638,-62.813259,-27.510475,-50.112315,-13.209334,5.616277,0.839009,-0.662375,0.4110
-10.822624,5.388860,1.422513,-0.720952,-0.098957,-0.428890,-62.381538,-27.510463,-50.112324,-12.579225,5.250988,1.135344,-0.666216,0.4930
-10.822624,5.388860,1.422513,-0.720952,0.111614,0.029219,-62.431705,-27.510463,-50.112324,-12.227628,5.084203,1.284026,-0.693074,0.2450
-10.822624,5.388860,1.422513,-0.720952,0.119698,-0.314159,-62.923492,-27.510463,-50.112324,-11.744667,4.855141,1.370367,-0.721944,0.3120
-9.873272,4.378452,0.929975,-0.989784,0.072368,-0.482817,-63.530151,-27.510453,-50.112333,-11.228771,4.535076,1.259011,-0.885621,0.4260
-9.873272,4.378452,0.929975,-0.989784,-0.100959,0.224157,-63.553066,-27.510453,-50.112333,-10.785080,4.091268,1.059372,-0.978444,0.4500
-9.873272,4.378452,0.929975,-0.989784,-0.547134,0.027432,-63.404148,-27.510453,-50.112333,-10.561008,3.867179,0.919169,-0.940581,0.2250
-9.873272,4.378452,0.929975,-0.989784,-0.519248,-0.324242,-63.345955,-27.510453,-50.112333,-10.474388,3.780623,0.883095,-0.976486,0.1080
-9.873272,4.378452,0.929975,-0.989784,-0.534378,-1.119917,-63.304008,-27.510449,-50.112346,-10.394539,3.701314,0.859426,-1.037175,0.0580
-9.113790,3.031242,0.737696,-1.308565,-0.118543,0.121406,-62.915981,-27.510449,-50.112346,-10.062159,3.146280,0.695766,-1.259383,0.4140
-9.113790,3.031242,0.737696,-1.308565,0.225190,0.143759,-62.515129,-27.510449,-50.112346,-9.645862,2.448556,0.767260,-1.258731,0.5650
-7.974566,2.694439,1.179073,-0.348584,0.072946,-0.223422,-62.331398,-27.510437,-50.112351,-9.435848,2.349655,0.950796,-0.950198,0.1610
-7.974566,2.694439,1.179073,-0.348584,0.088871,0.616752,-62.231663,-27.510437,-50.112351,-9.061621,2.248495,1.100519,-0.579726,0.3190
-7.974566,2.694439,1.179073,-0.348584,-0.438441,0.608220,-62.153568,-27.510437,-50.112351,-8.468595,2.090129,1.309439,-0.302445,0.4900
-7.025213,2.020834,0.969184,-0.687676,-0.757486,-0.309807,-62.590134,-27.510429,-50.112359,-8.079528,1.864466,0.866854,-0.518007,0.3670
-7.025213,2.020834,0.969184,-0.687676,-0.982433,0.286277,-62.631100,-27.510429,-50.112359,-8.030747,1.831793,0.840705,-0.531327,0.0490
-7.025213,2.020834,0.969184,-0.687676,0.459993,0.620248,-62.773743,-27.510429,-50.112359,-7.780701,1.665283,0.878646,-0.582070,0.2490
-7.025213,2.020834,0.969184,-0.687676,0.728542,0.357947,-62.798515,-27.510429,-50.112359,-7.743245,1.640282,0.910179,-0.574025,0.0400
-5.696119,1.010426,0.999271,-0.759669,-0.606343,-0.622027,-63.225666,-27.510419,-50.112366,-7.258624,1.310769,0.921932,-0.695991,0.4540
-5.696119,1.010426,0.999271,-0.759669,0.540626,0.286589,-63.323700,-27.510419,-50.112366,-6.724308,0.925543,1.187574,-0.717600,0.5190
-5.696119,1.010426,0.999271,-0.759669,0.180572,-0.016703,-63.330219,-27.510419,-50.112366,-6.629335,0.856892,1.165648,-0.727222,0.0940
-5.696119,1.010426,0.999271,-0.759669,-0.630891,-0.352317,-63.346355,-27.510419,-50.112366,-6.456527,0.732594,1.063375,-0.769123,0.1680
-5.696119,1.010426,0.999271,-0.759669,-0.705949,-0.272173,-63.331654,-27.510419,-50.112366,-6.409950,0.699202,1.030334,-0.786430,0.0400
-4.936637,0.336821,1.069953,-0.948970,-0.790322,-0.176598,-63.240776,-27.510410,-50.112373,-6.270786,0.589451,0.960413,-0.873651,0.0810
-4.936637,0.336821,1.069953,-0.948970,-0.233832,-0.614103,-62.850323,-27.510410,-50.112373,-5.950846,0.319468,0.932804,-1.029428,0.3320
-4.936637,0.336821,1.069953,-0.948970,0.056444,-0.055213,-62.808075,-27.510410,-50.112373,-5.840023,0.226117,0.956582,-1.034566,0.1000
-4.936637,0.336821,1.069953,-0.948970,0.247537,-0.058551,-63.022053,-27.510410,-50.112373,-5.376696,-0.167521,1.075739,-0.993155,0.4040
-3.987284,0.000018,1.119974,-0.397334,0.664945,-0.145002,-62.982471,-27.510402,-50.112379,-4.995491,-0.375972,1.242722,-0.781689,0.3540
-3.987284,0.000018,1.119974,-0.397334,0.474762,-0.210910,-62.892384,-27.510402,-50.112379,-4.916247,-0.401934,1.255678,-0.708954,0.0680
-3.987284,0.000018,1.119974,-0.397334,0.349423,-0.233435,-62.758217,-27.510402,-50.112379,-4.732888,-0.461763,1.241875,-0.587407,0.1380
-2.658190,-0.673588,1.486756,-0.753511,-1.213430,0.163233,-62.621078,-27.510389,-50.112386,-4.060943,-0.681984,0.934271,-0.387832,0.6040
-2.658190,-0.673588,1.486756,-0.753511,-0.772958,0.312365,-62.840145,-27.510389,-50.112386,-3.541025,-0.934101,1.138238,-0.610350,0.3340
-2.658190,-0.673588,1.486756,-0.753511,-0.217891,0.149634,-63.015236,-27.510389,-50.112386,-3.243816,-1.078467,1.233140,-0.658966,0.2070
-1.898708,-2.020799,0.565903,-1.003831,0.123816,-0.153160,-63.601158,-27.510384,-50.112395,-2.486650,-1.529069,1.121858,-0.829564,0.5750
-1.898708,-2.020799,0.565903,-1.003831,-0.063919,0.242444,-63.912956,-27.510384,-50.112395,-2.206915,-2.008411,0.686188,-0.973477,0.4720
-1.898708,-2.020799,0.565903,-1.003831,0.165860,0.196870,-63.690907,-27.510384,-50.112395,-2.055890,-2.269954,0.620809,-1.000238,0.2590
-1.708837,-2.357602,0.192003,-0.340585,0.185948,-0.357078,-63.499332,-27.510382,-50.112399,-1.903787,-2.528870,0.398836,-0.697342,0.4370
-1.708837,-2.357602,0.192003,-0.340585,0.231727,-0.547579,-63.443817,-27.510382,-50.112399,-1.891938,-2.548458,0.370812,-0.651087,0.0700
-1.708837,-2.357602,0.192003,-0.340585,0.271393,-0.372483,-63.386280,-27.510382,-50.112399,-1.884338,-2.560907,0.357579,-0.626464,0.0400
-1.708837,-2.357602,0.192003,-0.340585,0.314242,-0.611973,-63.361156,-27.510382,-50.112399,-1.881786,-2.565119,0.354250,-0.620424,0.0410
-1.708837,-2.357602,0.192003,-0.340585,0.314242,-0.611973,-63.361156,-27.510382,-50.112399,-1.881786,-2.565119,0.354250,-0.620424,0.0410
-1.708837,-2.357602,0.192003,-0.340585,0.314242,-0.611973,-63.361156,-27.510382,-50.112399,-1.881786,-2.565119,0.354250,-0.620424,0.0400
-1.708837,-2.357602,0.192003,-0.340585,0.314242,-0.611973,-63.361156,-27.510382,-50.112399,-1.881786,-2.565119,0.354250,-0.620424,0.0400
-1.708837,-2.357602,0.192003,-0.340585,0.314242,-0.611973,-63.361156,-27.510382,-50.112399,-1.881786,-2.565119,0.354250,-0.620424,0.0400
-1.708837,-2.357602,0.192003,-0.340585,0.314242,-0.611973,-63.361156,-27.510382,-50.112399,-1.881786,-2.565119,0.354250,-0.620424,0.0410
-1.708837,-2.357602,0.192003,-0.340585,0.314242,-0.611973,-63.361156,-27.510382,-50.112399,-1.881786,-2.565119,0.354250,-0.620424,0.0480
-1.708837,-2.357602,0.192003,-0.340585,0.314242,-0.611973,-63.361156,-27.510382,-50.112399,-1.881786,-2.565119,0.354250,-0.620424,0.0400
-1.708837,-2.357602,0.192003,-0.340585,0.314242,-0.611973,-63.361156,-27.510382,-50.112399,-1.881786,-2.565119,0.354250,-0.620424,0.0410
-1.708837,-2.357602,0.192003,-0.340585,0.314242,-0.611973,-63.361156,-27.510382,-50.112399,-1.881786,-2.565119,0.354250,-0.620424,0.0410
-1.708837,-2.357602,0.192003,-0.340585,0.314242,-0.611973,-63.361156,-27.510382,-50.112399,-1.881786,-2.565119,0.354250,-0.620424,0.0400
-1.708837,-2.357602,0.192003,-0.340585,0.314242,-0.611973,-63.361156,-27.510382,-50.112399,-1.881786,-2.565119,0.354250,-0.620424,0.0710
-1.708837,-2.357602,0.192003,-0.340585,0.314242,-0.611973,-63.361156,-27.510382,-50.112399,-1.881786,-2.565119,0.354250,-0.620424,0.0410
-1.898708,-2.357602,-0.195489,-0.000000,-1.075597,0.841834,-60.850197,-27.510384,-50.112401,-1.835469,-2.762817,-0.225755,0.026818,0.0820
-1.898708,-2.357602,-0.195489,-0.000000,-1.112911,0.880568,-60.728352,-27.510384,-50.112401,-1.836906,-2.767812,-0.246287,0.045647,0.0400
-1.898708,-2.357602,-0.195489,-0.000000,-1.143446,0.902889,-60.660843,-27.510384,-50.112401,-1.837579,-2.770549,-0.258318,0.054061,0.0410
-1.898708,-2.357602,-0.195489,-0.000000,-1.143446,0.902889,-60.660843,-27.510384,-50.112401,-1.837579,-2.770549,-0.258318,0.054061,0.0410
-1.898708,-2.357602,-0.195489,-0.000000,-1.143446,0.902889,-60.660843,-27.510384,-50.112401,-1.837579,-2.770549,-0.258318,0.054061,0.0400
-1.898708,-2.357602,-0.195489,-0.000000,-1.176356,1.072160,-60.042057,-27.510384,-50.112401,-1.874217,-2.771347,-0.263713,0.066422,0.0880
-1.898708,-2.357602,-0.195489,-0.000000,-0.931126,1.111940,-59.925568,-27.510384,-50.112401,-1.879153,-2.773778,-0.267096,0.075292,0.0400
-1.898708,-2.357602,-0.195489,-0.000000,-0.851300,1.254929,-59.866753,-27.510384,-50.112401,-1.882584,-2.774791,-0.270689,0.081548,0.0400
-1.898708,-2.357602,-0.195489,-0.000000,-0.851300,1.254929,-59.866753,-27.510384,-50.112401,-1.882584,-2.774791,-0.270689,0.081548,0.0400
-1.898708,-2.357602,-0.195489,-0.000000,-0.803896,0.475725,-59.546204,-27.510384,-50.112401,-1.911795,-2.771803,-0.268727,0.057829,0.0860
-1.898708,-2.357602,-0.195489,-0.000000,-0.725355,0.230019,-59.497551,-27.510384,-50.112401,-1.918057,-2.772320,-0.272421,0.055424,0.0400
-1.898708,-2.357602,-0.195489,-0.000000,-0.862400,0.612250,-59.486500,-27.510384,-50.112401,-1.920496,-2.772415,-0.275371,0.055909,0.0400
-1.898708,-2.357602,-0.195489,-0.000000,-0.862400,0.612250,-59.486500,-27.510384,-50.112401,-1.920496,-2.772415,-0.275371,0.055909,0.0410
-1.898708,-2.357602,-0.195489,-0.000000,-0.862400,0.612250,-59.486500,-27.510384,-50.112401,-1.920496,-2.772415,-0.275371,0.055909,0.0400
-1.898708,-2.357602,-0.195489,-0.000000,-5.263900,-7.048067,-57.380466,-27.510384,-50.112401,-1.964704,-2.771707,-0.421134,-0.166450,0.0490
-1.898708,-2.357602,-0.195489,-0.000000,-4.691474,-3.626631,-57.515739,-27.510384,-50.112401,-1.959638,-2.759804,-0.356813,-0.069792,0.0580
-1.898708,-2.357602,-0.195489,-0.000000,-1.250306,-0.456280,-56.965527,-27.510384,-50.112401,-1.960905,-2.755018,-0.399144,-0.116729,0.0410
-1.898708,-2.357602,-0.195489,-0.000000,-1.199993,-0.398059,-56.921844,-27.510384,-50.112401,-1.961120,-2.754614,-0.396982,-0.114375,0.0400
-1.898708,-2.357602,-0.195489,-0.000000,-1.199993,-0.398059,-56.921844,-27.510384,-50.112401,-1.961120,-2.754614,-0.396982,-0.114375,0.0400
-1.898708,-2.357602,-0.195489,-0.000000,-1.199993,-0.398059,-56.921844,-27.510384,-50.112401,-1.961120,-2.754614,-0.396982,-0.114375,0.0400
-1.898708,-2.357602,-0.195489,-0.000000,-1.199993,-0.398059,-56.921844,-27.510384,-50.112399,-1.961120,-2.754614,-0.396982,-0.114375,0.0410
-1.898708,-2.357602,-0.195489,-0.000000,-1.199993,-0.398059,-56.921844,-27.510384,-50.112399,-1.961120,-2.754614,-0.396982,-0.114375,0.0400
-1.898708,-2.357602,0.000000,0.000000,-7.034267,-4.031781,-49.851791,-27.510384,-50.112399,-2.043211,-2.784455,-0.436478,-0.220659,0.0520
-1.898708,-2.357602,0.000000,0.000000,-2.218607,-1.973025,-49.030914,-27.510384,-50.112399,-1.966447,-2.744725,-0.251223,-0.134525,0.0840
-1.898708,-2.357602,0.000000,0.000000,-2.658718,-2.896307,-49.174419,-27.510384,-50.112399,-1.959002,-2.739929,-0.270279,-0.166695,0.0400
-1.898708,-2.357602,0.000000,0.000000,-2.658718,-2.896307,-49.174419,-27.510384,-50.112399,-1.959002,-2.739929,-0.270279,-0.166695,0.0400
-1.898708,-2.357602,0.000000,0.000000,-2.658718,-2.896307,-49.174419,-27.510384,-50.112399,-1.959002,-2.739929,-0.270279,-0.166695,0.0410
-1.898708,-2.357602,0.000000,0.000000,-2.658718,-2.896307,-49.174419,-27.510384,-50.112399,-1.959002,-2.739929,-0.270279,-0.166695,0.0410
-1.898708,-2.357602,0.000000,0.000000,-2.658718,-2.896307,-49.174419,-27.510384,-50.112399,-1.959002,-2.739929,-0.270279,-0.166695,0.0410
-1.898708,-2.357602,0.000000,0.000000,-2.658718,-2.896307,-49.174419,-27.510384,-50.112399,-1.959002,-2.739929,-0.270279,-0.166695,0.0410
-1.898708,-2.357602,0.000000,0.000000,-2.658718,-2.896307,-49.174419,-27.510384,-50.112399,-1.959002,-2.739929,-0.270279,-0.166695,0.0400
-1.898708,-2.357602,0.000000,0.000000,-2.658718,-2.896307,-49.174419,-27.510384,-50.112399,-1.959002,-2.739929,-0.270279,-0.166695,0.0400
-1.898708,-2.357602,0.000000,0.000000,-2.658718,-2.896307,-49.174419,-27.510384,-50.112399,-1.959002,-2.739929,-0.270279,-0.166695,0.0750
-1.898708,-2.357602,0.000000,0.000000,-3.920036,-2.992027,-49.334053,-27.510384,-50.112399,-1.986820,-2.750445,-0.160595,-0.134887,0.0830
-1.898708,-2.357602,0.000000,0.000000,-3.687725,-3.091350,-49.346550,-27.510384,-50.112399,-1.966711,-2.732976,-0.224029,-0.186671,0.0400
-1.898708,-2.357602,0.000000,0.000000,-3.703611,-3.023652,-49.344528,-27.510384,-50.112399,-1.962286,-2.729100,-0.239128,-0.198647,0.0410
-1.898708,-2.357602,0.000000,0.000000,-3.703611,-3.023652,-49.344528,-27.510384,-50.112399,-1.962286,-2.729100,-0.239128,-0.198647,0.0400
-1.898708,-2.357602,0.000000,0.000000,-3.703611,-3.023652,-49.344528,-27.510384,-50.112399,-1.962286,-2.729100,-0.239128,-0.198647,0.0400
-1.898708,-2.357602,0.000000,0.000000,-3.703611,-3.023652,-49.344528,-27.510384,-50.112399,-1.962286,-2.729100,-0.239128,-0.198647,0.0410
-1.898708,-2.357602,0.000000,0.000000,-3.703611,-3.023652,-49.344528,-27.510384,-50.112399,-1.962286,-2.729100,-0.239128,-0.198647,0.0410
-1.898708,-2.357602,0.000000,0.000000,-3.703611,-3.023652,-49.344528,-27.510386,-50.112397,-1.962286,-2.729100,-0.239128,-0.198647,0.0400
-2.278449,-2.020799,-0.188589,0.167265,-3.681834,-2.918877,-49.282776,-27.510386,-50.112397,-2.031413,-2.726848,-0.324061,0.033689,0.0720
-2.278449,-2.020799,-0.188589,0.167265,-3.595393,-2.984405,-49.283791,-27.510386,-50.112397,-2.018941,-2.695467,-0.364722,0.013902,0.0510
-2.278449,-2.020799,-0.188589,0.167265,-3.597574,-2.937666,-49.294167,-27.510386,-50.112397,-2.012534,-2.672972,-0.423727,-0.032793,0.0410
-2.278449,-2.020799,-0.188589,0.167265,-3.628958,-2.927674,-49.294167,-27.510386,-50.112397,-2.012534,-2.672972,-0.423727,-0.032793,0.0410
-2.278449,-2.020799,-0.188589,0.167265,-3.628958,-2.927674,-49.294167,-27.510386,-50.112397,-2.012534,-2.672972,-0.423727,-0.032793,0.0420
-2.278449,-2.020799,-0.188589,0.167265,-3.552772,-2.873646,-49.284592,-27.510386,-50.112397,-2.055697,-2.653590,-0.436737,-0.037533,0.0700
-2.278449,-2.020799,-0.188589,0.167265,-3.482048,-2.888644,-49.279530,-27.510386,-50.112397,-2.050714,-2.630543,-0.433665,-0.034559,0.0530
-2.278449,-2.020799,-0.188589,0.167265,-3.478988,-2.882378,-49.286350,-27.510386,-50.112397,-2.050501,-2.617345,-0.470055,-0.065063,0.0400
-2.278449,-2.020799,-0.188589,0.167265,-3.473581,-2.877440,-49.286350,-27.510386,-50.112397,-2.050501,-2.617345,-0.470055,-0.065063,0.0410
-2.278449,-2.020799,-0.188589,0.167265,-3.473581,-2.877440,-49.286350,-27.510386,-50.112397,-2.050501,-2.617345,-0.470055,-0.065063,0.0410
-2.278449,-2.020799,-0.188589,0.167265,-3.473581,-2.877440,-49.286350,-27.510386,-50.112397,-2.050501,-2.617345,-0.470055,-0.065063,0.0400
-2.278449,-2.020799,-0.188589,0.167265,-3.473581,-2.877440,-49.286350,-27.510386,-50.112397,-2.050501,-2.617345,-0.470055,-0.065063,0.0500
-2.278449,-2.020799,-0.188589,0.167265,-3.473581,-2.877440,-49.286350,-27.510386,-50.112397,-2.050501,-2.617345,-0.470055,-0.065063,0.0400
-2.278449,-2.020799,-0.188589,0.167265,-3.473581,-2.877440,-49.286350,-27.510386,-50.112397,-2.050501,-2.617345,-0.470055,-0.065063,0.0420
-2.278449,-2.020799,-0.188589,0.167265,-3.473581,-2.877440,-49.286350,-27.510386,-50.112397,-2.050501,-2.617345,-0.470055,-0.065063,0.0410
-2.278449,-2.020799,-0.188589,0.167265,-3.473581,-2.877440,-49.286350,-27.510386,-50.112397,-2.050501,-2.617345,-0.470055,-0.065063,0.0400
-2.278449,-2.020799,-0.188589,0.167265,-3.473581,-2.877440,-49.278290,-27.510386,-50.112397,-2.209263,-2.611486,-0.353220,0.032153,0.0410
-2.278449,-2.020799,-0.188589,0.167265,-3.289309,-2.699260,-49.283054,-27.510386,-50.112397,-2.175443,-2.561376,-0.335432,0.047102,0.0750
-2.278449,-2.020799,-0.188589,0.167265,-3.267572,-2.683616,-49.282684,-27.510386,-50.112397,-2.166200,-2.537188,-0.395631,-0.002446,0.0460
-1.898708,-1.347193,0.085896,0.152367,-3.242171,-2.669924,-49.285397,-27.510384,-50.112392,-2.136917,-2.510884,-0.416894,-0.093429,0.0690
-1.898708,-1.347193,0.085896,0.152367,-3.226339,-2.660650,-49.290306,-27.510384,-50.112392,-2.109655,-2.489089,-0.410832,-0.129718,0.0410
-1.898708,-1.347193,0.085896,0.152367,-3.212567,-2.645533,-49.290363,-27.510384,-50.112392,-2.089490,-2.470871,-0.423052,-0.163965,0.0400
-1.898708,-1.347193,0.085896,0.152367,-3.212567,-2.645533,-49.290363,-27.510384,-50.112392,-2.089490,-2.470871,-0.423052,-0.163965,0.0440
-1.898708,-1.347193,0.085896,0.152367,-3.212567,-2.645533,-49.290363,-27.510384,-50.112392,-2.089490,-2.470871,-0.423052,-0.163965,0.0440
-1.898708,-1.347193,0.085896,0.152367,-3.145730,-2.585672,-49.301552,-27.510384,-50.112392,-2.090238,-2.448351,-0.217480,-0.075781,0.0800
-1.898708,-1.347193,0.085896,0.152367,-3.118947,-2.556342,-49.306316,-27.510384,-50.112392,-2.074836,-2.428954,-0.227182,-0.091941,0.0680
-1.898708,-1.347193,0.085896,0.152367,-3.118947,-2.556342,-49.306316,-27.510384,-50.112392,-2.074836,-2.428954,-0.227182,-0.091941,0.0410
-1.898708,-1.347193,0.085896,0.152367,-3.112735,-2.549987,-49.318325,-27.510384,-50.112392,-2.092048,-2.430908,-0.261991,-0.126348,0.0430
-1.898708,-1.347193,0.085896,0.152367,-3.040507,-2.496984,-49.321457,-27.510384,-50.112392,-2.065529,-2.400345,-0.159559,-0.046570,0.0790
-1.898708,-1.347193,0.085896,0.152367,-3.001995,-2.464389,-49.324120,-27.510384,-50.112392,-2.048541,-2.376195,-0.223282,-0.099773,0.0730
-1.898708,-1.347193,0.085896,0.152367,-2.984059,-2.445998,-49.326214,-27.510384,-50.112392,-2.036732,-2.358817,-0.279937,-0.146757,0.0560
-1.898708,-1.347193,0.085896,0.152367,-2.967343,-2.435837,-49.328400,-27.510384,-50.112392,-2.030124,-2.349079,-0.310842,-0.172206,0.0440
-1.898708,-1.347193,0.085896,0.152367,-2.967343,-2.435837,-49.335693,-27.510384,-50.112392,-2.044949,-2.353864,-0.369092,-0.219775,0.0400
-1.898708,-1.347193,0.085896,0.152367,-2.902229,-2.385556,-49.337189,-27.510384,-50.112392,-2.023712,-2.326418,-0.266507,-0.135959,0.0960
-1.898708,-1.347193,0.085896,0.152367,-2.470953,-1.428383,-49.910782,-27.510384,-50.112392,-2.011665,-2.307235,-0.275424,-0.134579,0.0660
-1.898708,-1.347193,0.085896,0.152367,-3.563779,-2.548241,-50.839981,-27.510384,-50.112392,-2.003288,-2.294391,-0.320695,-0.186305,0.0460
-1.898708,-1.347193,0.000000,0.000000,-3.534966,-2.778588,-51.189240,-27.510383,-50.112392,-1.999447,-2.288201,-0.370657,-0.223144,0.0410
-1.898708,-1.347193,0.000000,0.000000,-3.534966,-2.778588,-51.189240,-27.510383,-50.112392,-1.999447,-2.288201,-0.370657,-0.223144,0.0460
-1.898708,-1.347193,0.000000,0.000000,-3.534966,-2.778588,-51.189240,-27.510383,-50.112392,-1.999447,-2.288201,-0.370657,-0.223144,0.0410
-1.898708,-1.347193,0.000000,0.000000,-3.534966,-2.778588,-51.189240,-27.510383,-50.112392,-1.999447,-2.288201,-0.370657,-0.223144,0.0400
-1.898708,-1.347193,0.000000,0.000000,-2.975513,-2.575262,-51.238102,-27.510383,-50.112392,-2.046984,-2.316647,-0.246336,-0.177260,0.0540
-1.898708,-1.347193,0.000000,0.000000,-3.139617,-2.596006,-51.264751,-27.510383,-50.112392,-2.018354,-2.290230,-0.217285,-0.180803,0.0900
-1.898708,-1.347193,0.000000,0.000000,-3.123083,-2.562310,-51.407898,-27.510383,-50.112392,-2.015183,-2.286695,-0.236561,-0.196366,0.0400
-1.898708,-1.347193,0.000000,0.000000,-2.946918,-2.699683,-53.392166,-27.510383,-50.112392,-2.007678,-2.276377,-0.316840,-0.270894,0.0830
-1.898708,-1.347193,0.000000,0.000000,-3.359483,-2.730301,-53.308689,-27.510383,-50.112392,-1.996150,-2.262875,-0.394946,-0.314192,0.0720
-1.898708,-1.347193,0.000000,0.000000,-2.783718,-2.536431,-52.862259,-27.510383,-50.112392,-1.988566,-2.253579,-0.450162,-0.371195,0.0680
-1.898708,-1.347193,0.000000,0.000000,-2.567431,-2.542447,-52.857449,-27.510383,-50.112392,-1.983445,-2.247457,-0.466749,-0.387844,0.0410
-1.898708,-1.347193,0.000000,0.000000,-3.174674,-2.440163,-53.017159,-27.510383,-50.112392,-1.989454,-2.249482,-0.514501,-0.428755,0.0820
