0.000000,0.000000,0.000000,0.000000,-6.902569,-1.760199,10.638895,0.000000,0.000000,-0.007262,0.002040,-0.765840,-0.103173,0.2270
0.000000,0.000000,0.000000,0.000000,-7.198965,-0.694762,12.141089,0.000000,0.000000,-0.023094,-0.000664,-0.932321,-0.119136,0.0400
0.000000,0.000000,0.000000,0.000000,-6.533892,1.165726,13.245709,0.000000,0.000000,-0.039865,-0.002447,-1.057935,-0.056705,0.0400
0.000000,0.000000,0.000000,0.000000,-5.874674,2.774329,13.933349,0.000000,0.000000,-0.058240,-0.001988,-1.140762,0.084317,0.0410
0.000000,0.000000,0.000000,0.000000,-4.378294,2.624082,14.050064,0.000000,0.000000,-0.073641,0.000727,-1.145798,0.183135,0.0400
0.000000,0.000000,0.000000,0.000000,-3.616729,1.350687,13.905030,0.000000,0.000000,-0.088720,0.004806,-1.127920,0.225948,0.0400
0.000000,0.000000,0.000000,0.000000,-4.380166,2.218832,14.020372,0.000000,0.000000,-0.102449,0.009313,-1.143907,0.289866,0.0400
0.000000,0.000000,0.000000,0.000000,-5.188557,1.743864,14.912852,0.000000,0.000000,-0.116377,0.014717,-1.201121,0.333091,0.0400
0.000000,0.000000,0.000000,0.000000,-6.340723,0.642880,15.920293,0.000000,0.000000,-0.130787,0.019844,-1.305461,0.318740,0.0400
0.000000,0.000000,0.000000,0.000000,-6.067842,-2.152513,15.642287,0.000000,0.000000,-0.146715,0.023381,-1.403302,0.173891,0.0400
0.000000,0.000000,0.000000,0.000000,-6.455205,-5.756946,14.011929,0.000000,0.000000,-0.163253,0.021833,-1.492572,-0.163003,0.0410
0.000000,0.000000,0.000000,0.000000,-7.364238,-5.186848,12.629478,0.000000,0.000000,-0.179856,0.015384,-1.621850,-0.404028,0.0400
0.000000,0.000000,0.000000,0.000000,-8.480021,-2.793094,13.114505,0.000000,0.000000,-0.196687,0.007481,-1.767531,-0.476501,0.0400
0.000000,0.000000,0.000000,0.000000,-6.493229,-1.729132,15.217581,0.000000,0.000000,-0.212527,-0.000478,-1.798520,-0.502652,0.0400
0.000000,0.000000,0.000000,0.000000,-6.275191,-2.369553,18.153017,0.000000,0.000000,-0.230329,-0.008677,-1.834910,-0.529179,0.0400
0.000000,0.000000,0.000000,0.000000,-6.224607,-1.866812,18.088341,0.000000,0.000000,-0.244296,-0.015603,-1.832635,-0.532083,0.0400
0.000000,0.000000,0.000000,0.000000,-6.574057,0.674723,17.720310,0.000000,0.000000,-0.259062,-0.021925,-1.848721,-0.432958,0.0410
0.000000,0.000000,0.000000,0.000000,-5.428022,1.036691,20.615610,0.000000,0.000000,-0.271497,-0.025932,-1.815184,-0.311293,0.0400
0.000000,0.000000,0.000000,0.000000,-7.338788,-0.270399,28.541008,0.000000,0.000000,-0.285401,-0.028726,-1.877012,-0.259319,0.0400
0.000000,0.000000,0.000000,0.000000,-8.593074,-1.664559,39.580330,0.000000,0.000000,-0.299547,-0.031203,-2.005635,-0.297615,0.0400
0.000000,0.000000,0.000000,0.000000,-8.613757,-3.235751,46.856945,0.000000,0.000000,-0.306131,-0.032777,-2.069558,-0.369341,0.0400
0.000000,0.000000,0.000000,0.000000,-5.515480,-3.114883,53.661587,0.000000,0.000000,-0.320090,-0.036949,-2.028367,-0.485811,0.0410
0.000000,0.000000,0.000000,0.000000,-6.336347,-1.817396,56.027962,0.000000,0.000000,-0.329295,-0.040733,-1.998765,-0.508812,0.0400
0.000000,0.000000,0.000000,0.000000,-5.842149,-1.285407,57.873600,0.000000,0.000000,-0.338892,-0.044673,-1.963058,-0.489001,0.0400
0.000000,0.000000,0.000000,0.000000,-6.084874,-2.237466,59.050598,0.000000,0.000000,-0.349513,-0.048888,-1.951286,-0.519279,0.0400
0.000000,0.000000,0.000000,0.000000,-5.561981,-0.757657,59.270004,0.000000,0.000000,-0.357887,-0.052603,-1.915363,-0.483943,0.0400
0.000000,0.000000,0.000000,0.000000,-5.243578,-0.153837,60.393318,0.000000,0.000000,-0.365758,-0.055652,-1.866501,-0.414840,0.0400
0.000000,0.000000,0.000000,0.000000,-5.363585,-3.409766,63.034737,0.000000,0.000000,-0.370756,-0.057544,-1.810185,-0.422832,0.0570
0.000000,0.000000,0.000000,0.000000,-5.006374,-3.210599,65.629044,0.000000,0.000000,-0.375507,-0.059834,-1.763792,-0.510011,0.0400
0.000000,0.000000,0.000000,0.000000,-6.104081,-3.141161,66.869392,0.000000,0.000000,-0.382018,-0.063654,-1.784957,-0.603100,0.0400
0.000000,0.000000,0.000000,0.000000,-4.876928,-1.172650,65.963745,0.000000,0.000000,-0.386570,-0.067196,-1.753477,-0.586337,0.0400
0.000000,0.000000,0.000000,0.000000,-3.782625,-3.881221,63.321384,0.000000,0.000000,-0.388221,-0.069152,-1.669884,-0.604958,0.0410
0.000000,0.000000,0.000000,0.000000,-3.882980,0.472062,58.129009,0.000000,0.000000,-0.391309,-0.072041,-1.604150,-0.573232,0.0400
0.000000,0.000000,0.000000,0.000000,-4.335852,-0.234477,52.104126,0.000000,0.000000,-0.392610,-0.073951,-1.562342,-0.501696,0.0400
0.000000,0.000000,0.000000,0.000000,-4.063591,-0.032352,46.143810,0.000000,0.000000,-0.396880,-0.076350,-1.527926,-0.434223,0.0400
0.000000,0.000000,0.000000,0.000000,-3.920635,0.337386,41.765308,0.000000,0.000000,-0.397799,-0.077278,-1.475172,-0.351456,0.0400
0.000000,0.000000,0.000000,0.000000,-4.826486,0.508538,37.562901,0.000000,0.000000,-0.399387,-0.077867,-1.466363,-0.285213,0.0400
0.000000,0.000000,0.000000,0.000000,-4.807242,1.553358,34.141663,0.000000,0.000000,-0.400968,-0.077917,-1.468498,-0.181008,0.0400
0.000000,0.000000,0.000000,0.000000,-5.607161,0.728733,33.828144,0.000000,0.000000,-0.402926,-0.077216,-1.498352,-0.105046,0.0410
0.000000,0.000000,0.000000,0.000000,-5.985270,-0.094880,35.680450,0.000000,0.000000,-0.403892,-0.076065,-1.546448,-0.089127,0.0400
0.000000,0.000000,0.000000,0.000000,-6.265219,-0.307242,37.563133,0.000000,0.000000,-0.404675,-0.074973,-1.600314,-0.090127,0.0400
0.000000,0.000000,0.000000,0.000000,-6.577213,-0.144770,39.085171,0.000000,0.000000,-0.407952,-0.073959,-1.668126,-0.084524,0.0400
0.000000,0.000000,0.000000,0.000000,-7.064983,-0.517003,40.415314,0.000000,0.000000,-0.409943,-0.072888,-1.741897,-0.093421,0.0410
0.000000,0.000000,0.000000,0.000000,-7.123130,-0.583680,41.629871,0.000000,0.000000,-0.412131,-0.072140,-1.800789,-0.102603,0.0410
0.000000,0.000000,0.000000,0.000000,-7.149430,-0.819692,43.154724,0.000000,0.000000,-0.413763,-0.071330,-1.856828,-0.122120,0.0410
0.000000,0.000000,0.000000,0.000000,-6.791556,-0.903896,44.634064,0.000000,0.000000,-0.418212,-0.070779,-1.899092,-0.144770,0.0400
0.000000,0.000000,0.000000,0.000000,-6.386476,-0.666484,45.211742,0.000000,0.000000,-0.419747,-0.070232,-1.907679,-0.156296,0.0410
0.000000,0.000000,0.000000,0.000000,-6.147210,-0.652687,44.682819,0.000000,0.000000,-0.423837,-0.069908,-1.908118,-0.162255,0.0410
0.000000,0.000000,0.000000,0.000000,-6.056917,-0.692754,43.111256,0.000000,0.000000,-0.427045,-0.069619,-1.903148,-0.169204,0.0410
0.000000,0.000000,0.000000,0.000000,-6.206380,-0.629297,40.704525,0.000000,0.000000,-0.427116,-0.069059,-1.894073,-0.172879,0.0400
0.000000,0.000000,0.000000,0.000000,-6.186143,-0.219899,37.696411,0.000000,0.000000,-0.431779,-0.068895,-1.900281,-0.161501,0.0410
0.000000,0.000000,0.000000,0.000000,-6.208630,-0.113295,35.213524,0.000000,0.000000,-0.433747,-0.068464,-1.897921,-0.142893,0.0410
0.000000,0.000000,0.000000,0.000000,-6.081210,0.035594,33.227337,0.000000,0.000000,-0.435580,-0.067967,-1.892185,-0.123522,0.0400
0.000000,0.000000,0.000000,0.000000,-6.096556,0.257144,31.552633,0.000000,0.000000,-0.438301,-0.067352,-1.886416,-0.090836,0.0400
0.000000,0.000000,0.000000,0.000000,-5.720673,0.989672,30.141737,0.000000,0.000000,-0.439717,-0.066461,-1.864306,-0.037145,0.0580
0.000000,0.000000,0.000000,0.000000,-5.376957,0.967250,29.475578,0.000000,0.000000,-0.442903,-0.065519,-1.841616,0.012677,0.0400
0.000000,0.000000,0.000000,0.000000,-4.997335,0.685696,29.592634,0.000000,0.000000,-0.443304,-0.064510,-1.797085,0.044089,0.0400
0.000000,0.000000,0.000000,0.000000,-4.950915,-0.128911,30.495552,0.000000,0.000000,-0.446884,-0.063149,-1.760027,0.037397,0.0400
0.000000,0.000000,0.000000,0.000000,-4.917626,-0.631752,30.944357,0.000000,0.000000,-0.447910,-0.061982,-1.715019,0.009508,0.0400
0.000000,0.000000,0.000000,0.000000,-4.812237,-0.515383,30.251434,0.000000,0.000000,-0.449852,-0.061083,-1.682723,-0.020577,0.0410
0.000000,0.000000,0.000000,0.000000,-4.746744,-0.212732,28.644186,0.000000,0.000000,-0.450112,-0.060251,-1.645370,-0.025307,0.0400
0.000000,0.000000,0.000000,0.000000,-5.785553,-1.608215,27.596340,0.000000,0.000000,-0.451603,-0.059556,-1.648881,-0.077020,0.0400
0.000000,0.000000,0.000000,0.000000,-7.831151,-1.007353,25.788683,0.000000,0.000000,-0.452449,-0.058999,-1.761500,-0.142493,0.0640
0.000000,0.000000,0.000000,0.000000,-6.365366,0.252176,25.074642,0.000000,0.000000,-0.453723,-0.058810,-1.802119,-0.123659,0.0400
0.000000,0.000000,0.000000,0.000000,-8.486163,-2.605576,27.710888,0.000000,0.000000,-0.455722,-0.058537,-1.916095,-0.208667,0.0410
0.000000,0.000000,0.000000,0.000000,-9.145636,-4.379860,29.874800,0.000000,0.000000,-0.457954,-0.058871,-2.051760,-0.367229,0.0400
0.000000,0.000000,0.000000,0.000000,-7.810677,-3.812282,31.852779,0.000000,0.000000,-0.460008,-0.059748,-2.113265,-0.494991,0.0400
0.000000,0.000000,0.000000,0.000000,-6.172852,-2.566331,34.630199,0.000000,0.000000,-0.461599,-0.060848,-2.093913,-0.548351,0.0400
0.000000,0.000000,0.000000,0.000000,-3.844826,-2.247267,38.624378,0.000000,0.000000,-0.463666,-0.062295,-1.974691,-0.569630,0.0400
0.000000,0.000000,0.000000,0.000000,-1.133843,-0.241716,41.530331,0.000000,0.000000,-0.466221,-0.064017,-1.759268,-0.528109,0.0400
0.000000,0.000000,0.000000,0.000000,-0.732840,-0.911975,43.500107,0.000000,0.000000,-0.466107,-0.064931,-1.547851,-0.476159,0.0410
0.000000,0.000000,0.000000,0.000000,-2.296913,-2.001316,44.221531,0.000000,0.000000,-0.464190,-0.065381,-1.390399,-0.479129,0.0400
0.000000,0.000000,0.000000,0.000000,-3.802597,-1.159398,41.955822,0.000000,0.000000,-0.464413,-0.066610,-1.365433,-0.480252,0.0400
0.000000,0.000000,0.000000,0.000000,-1.828982,-2.005220,35.748184,0.000000,0.000000,-0.465005,-0.068301,-1.236509,-0.497659,0.0400
0.000000,0.000000,0.000000,0.000000,-5.073474,-3.669862,30.104601,0.000000,0.000000,-0.464619,-0.069620,-1.332605,-0.614127,0.0400
0.000000,0.000000,0.000000,0.000000,-6.465630,-3.764826,24.907413,0.000000,0.000000,-0.463108,-0.070521,-1.386307,-0.633443,0.0400
0.000000,0.000000,0.000000,0.000000,-8.983609,-5.280704,19.808847,0.000000,0.000000,-0.463696,-0.072729,-1.597848,-0.824219,0.0400
0.000000,0.000000,0.000000,0.000000,-6.998346,-4.858175,12.190250,0.000000,0.000000,-0.462534,-0.074365,-1.703666,-0.924677,0.0400
0.000000,0.000000,0.000000,0.000000,-6.127240,-4.503199,4.830660,0.000000,0.000000,-0.464374,-0.077518,-1.742118,-0.995149,0.0400
0.000000,0.000000,0.000000,0.000000,-5.782952,-2.661895,-1.644777,0.000000,0.000000,-0.464515,-0.079813,-1.745800,-0.981307,0.0400
0.000000,0.000000,0.000000,0.000000,-6.815441,-2.422339,-8.974960,0.000000,0.000000,-0.465726,-0.082829,-1.783549,-0.934182,0.0400
0.000000,0.000000,0.000000,0.000000,-8.373341,-2.721873,-17.323828,0.000000,0.000000,-0.467013,-0.085513,-1.886412,-0.938567,0.0570
0.000000,0.000000,0.000000,0.000000,-7.141207,-1.305945,-24.524036,0.000000,0.000000,-0.469018,-0.087951,-1.953898,-0.884019,0.0400
0.000000,0.000000,0.000000,0.000000,-6.566123,-1.522219,-32.953709,0.000000,0.000000,-0.471085,-0.090084,-1.968362,-0.826022,0.0400
0.000000,0.000000,0.000000,0.000000,-7.715206,-1.357512,-43.362427,0.000000,0.000000,-0.472999,-0.092134,-2.019645,-0.755034,0.0400
0.000000,0.000000,0.000000,0.000000,-9.738655,-0.444111,-52.242954,0.000000,0.000000,-0.475799,-0.093934,-2.161263,-0.668054,0.0410
0.000000,0.000000,0.000000,0.000000,-11.648901,-0.408539,-61.838482,0.000000,0.000000,-0.476738,-0.094717,-2.347072,-0.576181,0.0410
0.000000,0.000000,0.000000,0.000000,-5.541301,0.101080,-73.302559,0.000000,0.000000,-0.481949,-0.096102,-2.342345,-0.497157,0.0400
0.000000,0.000000,0.000000,0.000000,-2.099262,-0.767866,-84.401817,0.000000,0.000000,-0.483997,-0.096575,-2.129869,-0.451094,0.0400
0.000000,0.000000,0.000000,0.000000,-3.119886,-1.172391,-91.927101,0.000000,0.000000,-0.486724,-0.097261,-1.922895,-0.435297,0.0400
0.000000,0.000000,0.000000,0.000000,-4.999670,-0.354449,-91.614929,0.000000,0.000000,-0.487944,-0.097658,-1.857012,-0.396906,0.0400
0.000000,0.000000,0.000000,0.000000,-5.032584,-0.339404,-87.109673,0.000000,0.000000,-0.487605,-0.097637,-1.803104,-0.346597,0.0400
0.000000,0.000000,0.000000,0.000000,-5.257102,-1.439076,-79.353745,0.000000,0.000000,-0.489609,-0.097966,-1.772521,-0.351231,0.0400
-0.759482,-0.673605,-0.115463,-0.102407,-5.763121,-2.132261,-72.113754,-27.510474,-50.112325,-0.501904,-0.105822,-1.781287,-0.391347,0.0420
-0.759482,-0.673605,-0.115463,-0.102407,-6.313803,-2.424315,-62.231186,-27.510474,-50.112325,-0.514563,-0.117121,-1.809026,-0.452303,0.0400
-0.759482,-0.673605,-0.115463,-0.102407,-6.875008,-2.676465,-50.347832,-27.510474,-50.112325,-0.529151,-0.129871,-1.871090,-0.527628,0.0410
-0.759482,-0.673605,-0.115463,-0.102407,-7.924527,-3.313228,-39.019836,-27.510474,-50.112325,-0.543683,-0.142654,-1.968353,-0.617588,0.0400
-0.759482,-0.673605,-0.115463,-0.102407,-8.633087,-3.978255,-29.601480,-27.510474,-50.112325,-0.559048,-0.155260,-2.095205,-0.725142,0.0410
-0.759482,-0.673605,-0.115463,-0.102407,-13.727535,-3.160299,-23.414520,-27.510474,-50.112325,-0.570862,-0.166980,-2.367697,-0.786082,0.0400
-0.759482,-0.673605,-0.115463,-0.102407,-8.869536,-2.497042,-21.387196,-27.510474,-50.112325,-0.585661,-0.178627,-2.540491,-0.807055,0.0400
-0.759482,-0.673605,-0.115463,-0.102407,-6.767420,-3.029579,-23.051043,-27.510474,-50.112325,-0.598848,-0.189880,-2.484729,-0.835780,0.0400
-0.759482,-0.673605,-0.115463,-0.102407,-7.375689,-2.250660,-27.320713,-27.510474,-50.112325,-0.611832,-0.201088,-2.453276,-0.836743,0.0400
-0.759482,-0.673605,-0.115463,-0.102407,-7.784231,-1.029294,-33.940540,-27.510474,-50.112325,-0.623906,-0.211654,-2.457594,-0.789288,0.0400
-0.759482,-0.673605,-0.115463,-0.102407,-7.663154,-0.293591,-46.442818,-27.510474,-50.112325,-0.640535,-0.224930,-2.465249,-0.691956,0.0400
-0.759482,-0.673605,-0.115463,-0.102407,-7.513763,-0.093912,-61.214920,-27.510474,-50.112325,-0.652365,-0.234848,-2.457843,-0.612632,0.0400
-0.759482,-0.673605,-0.115463,-0.102407,-7.124638,-0.734454,-86.184433,-27.510474,-50.112325,-0.664702,-0.244920,-2.440097,-0.563715,0.0400
-0.759482,-0.673605,-0.115463,-0.102407,-6.209545,-2.021576,-135.098770,-27.510474,-50.112325,-0.676258,-0.255144,-2.382523,-0.575695,0.0400
-0.759482,-0.673605,-0.115463,-0.102407,-4.466702,-3.141351,-169.098099,-27.510474,-50.112325,-0.690640,-0.266329,-2.257320,-0.647978,0.0400
-0.759482,-0.673605,-0.115463,-0.102407,-7.946305,-2.401153,178.289734,-27.510474,-50.112325,-0.703578,-0.277844,-2.192742,-0.714410,0.0580
-0.759482,-0.673605,-0.115463,-0.102407,-10.365775,-1.860035,171.101791,-27.510474,-50.112325,-0.717108,-0.289124,-2.339295,-0.713562,0.0400
-0.759482,-0.673605,-0.115463,-0.102407,-5.559142,-2.514075,159.080826,-27.510474,-50.112325,-0.728788,-0.298880,-2.330037,-0.734473,0.0400
-0.759482,-0.673605,-0.115463,-0.102407,-6.423891,-3.052513,145.443375,-27.510474,-50.112325,-0.742223,-0.309955,-2.263487,-0.783411,0.0400
-0.569612,-1.684012,0.097859,-0.520763,-7.741889,-2.671521,133.168533,-27.510473,-50.112332,-0.753412,-0.329253,-2.300566,-0.830163,0.0400
-0.569612,-1.684012,0.097859,-0.520763,-6.197854,-2.487485,118.260056,-27.510473,-50.112332,-0.752675,-0.367973,-2.233161,-0.900207,0.0400
-0.569612,-1.684012,0.097859,-0.520763,-6.121484,-1.975766,100.198227,-27.510473,-50.112332,-0.751550,-0.404896,-2.164528,-0.938224,0.0400
-0.569612,-1.684012,0.097859,-0.520763,-7.470154,-1.225470,77.196693,-27.510473,-50.112332,-0.750571,-0.444500,-2.150111,-0.940301,0.0400
-0.569612,-1.684012,0.097859,-0.520763,-8.687255,-0.594198,57.252518,-27.510473,-50.112332,-0.747628,-0.481316,-2.196053,-0.907850,0.0400
-0.569612,-1.684012,0.097859,-0.520763,-8.816231,-0.588773,45.692772,-27.510473,-50.112332,-0.745069,-0.519197,-2.260596,-0.874527,0.0400
-0.569612,-1.684012,0.097859,-0.520763,-8.175475,-0.962363,43.493107,-27.510473,-50.112332,-0.744909,-0.556052,-2.290220,-0.862132,0.0400
-0.569612,-1.684012,0.097859,-0.520763,-7.964262,-1.052335,45.542774,-27.510473,-50.112332,-0.743034,-0.593131,-2.293758,-0.859643,0.0400
-0.569612,-1.684012,0.097859,-0.520763,-8.062243,-0.940517,48.294781,-27.510473,-50.112332,-0.741150,-0.628423,-2.305232,-0.851821,0.0410
-0.569612,-1.684012,0.097859,-0.520763,-8.091127,-1.289352,51.559612,-27.510473,-50.112332,-0.737719,-0.665358,-2.305648,-0.859561,0.0410
-0.569612,-1.684012,0.097859,-0.520763,-11.490119,-0.095054,57.342770,-27.510473,-50.112332,-0.738527,-0.700834,-2.441774,-0.825025,0.0400
-0.569612,-1.684012,0.097859,-0.520763,-5.896001,-2.194907,70.585892,-27.510473,-50.112332,-0.737764,-0.736431,-2.525519,-0.816183,0.0520
-0.569612,-1.684012,0.097859,-0.520763,-4.271095,-2.829969,85.184196,-27.510473,-50.112332,-0.736160,-0.767589,-2.366835,-0.884425,0.0400
-0.569612,-1.684012,0.097859,-0.520763,-4.787730,-2.213429,100.499634,-27.510473,-50.112332,-0.734975,-0.801367,-2.206216,-0.941923,0.0400
-0.569612,-1.684012,0.097859,-0.520763,-8.623845,-0.385124,112.370178,-27.510473,-50.112332,-0.734783,-0.831728,-2.214716,-0.916982,0.0410
-0.569612,-1.684012,0.097859,-0.520763,-7.579434,-0.782110,120.519203,-27.510473,-50.112332,-0.735261,-0.865797,-2.242342,-0.884387,0.0400
-0.569612,-1.684012,0.097859,-0.520763,-5.078021,-2.246960,123.438972,-27.510473,-50.112332,-0.735557,-0.899447,-2.146373,-0.921108,0.0400
-0.569612,-1.684012,0.097859,-0.520763,-5.002666,-2.763536,125.092224,-27.510473,-50.112332,-0.735164,-0.931544,-2.040444,-0.984718,0.0410
-0.569612,-1.684012,0.097859,-0.520763,-5.875266,-2.728416,127.743553,-27.510473,-50.112332,-0.736165,-0.963190,-1.988680,-1.041789,0.0410
-0.569612,-1.684012,0.097859,-0.520763,-5.912366,-2.622915,132.662750,-27.510473,-50.112332,-0.733428,-0.995325,-1.943912,-1.083921,0.0400
-0.759482,-2.020815,-0.093475,-0.165811,-5.780526,-2.649526,140.899399,-27.510474,-50.112333,-0.737960,-1.023937,-1.917904,-1.098027,0.0400
-0.759482,-2.020815,-0.093475,-0.165811,-5.573097,-2.539560,151.495270,-27.510474,-50.112333,-0.749174,-1.042982,-1.906949,-1.078408,0.0400
-0.759482,-2.020815,-0.093475,-0.165811,-7.230714,-2.050310,170.515076,-27.510474,-50.112333,-0.759612,-1.064176,-1.936233,-1.042314,0.0610
-0.759482,-2.020815,-0.093475,-0.165811,-6.936402,-1.776125,-170.285034,-27.510474,-50.112333,-0.766259,-1.079806,-1.975738,-0.995799,0.0400
-0.759482,-2.020815,-0.093475,-0.165811,-7.038378,-1.122284,-148.119736,-27.510474,-50.112333,-0.778531,-1.099323,-2.017119,-0.923587,0.0400
-0.759482,-2.020815,-0.093475,-0.165811,-5.895691,-0.595455,-132.661728,-27.510474,-50.112333,-0.789018,-1.118046,-2.014418,-0.828267,0.0400
-0.759482,-2.020815,-0.093475,-0.165811,-6.081403,-0.274818,-125.196510,-27.510474,-50.112333,-0.798539,-1.133638,-1.998669,-0.748660,0.0400
-0.759482,-2.020815,-0.093475,-0.165811,-7.163465,-0.007223,-119.403374,-27.510474,-50.112333,-0.806986,-1.149451,-2.035805,-0.661501,0.0400
-0.759482,-2.020815,-0.093475,-0.165811,-6.839295,-0.140554,-112.552910,-27.510474,-50.112333,-0.814918,-1.164303,-2.061631,-0.592721,0.0400
-0.759482,-2.020815,-0.093475,-0.165811,-6.769561,-0.244143,-103.110657,-27.510474,-50.112333,-0.822793,-1.178902,-2.075747,-0.538992,0.0400
-0.759482,-2.020815,-0.093475,-0.165811,-7.403784,-0.259346,-91.600639,-27.510474,-50.112333,-0.830508,-1.193271,-2.109580,-0.496272,0.0400
-0.759482,-2.020815,-0.093475,-0.165811,-8.440937,-0.222652,-78.075684,-27.510474,-50.112333,-0.839334,-1.208626,-2.190338,-0.455047,0.0400
-0.759482,-2.020815,-0.093475,-0.165811,-9.244364,-0.430250,-64.616051,-27.510474,-50.112333,-0.847772,-1.223160,-2.296622,-0.428249,0.0400
-0.759482,-2.020815,-0.093475,-0.165811,-9.737386,-0.393337,-52.409634,-27.510474,-50.112333,-0.858149,-1.239226,-2.425518,-0.404839,0.0400
-0.759482,-2.020815,-0.093475,-0.165811,-10.262725,-0.967860,-42.711292,-27.510474,-50.112333,-0.868145,-1.254508,-2.558399,-0.410756,0.0400
-0.759482,-2.020815,-0.093475,-0.165811,-10.140975,-2.131990,-35.790497,-27.510474,-50.112333,-0.876557,-1.267986,-2.657586,-0.459126,0.0400
-0.759482,-2.020815,-0.093475,-0.165811,-12.498287,-2.545510,-29.791739,-27.510474,-50.112333,-0.883615,-1.282085,-2.805246,-0.534365,0.0400
-0.759482,-2.020815,-0.093475,-0.165811,-10.327816,-2.721825,-25.996012,-27.510474,-50.112333,-0.895235,-1.296116,-2.925648,-0.607961,0.0410
-0.759482,-2.020815,-0.093475,-0.165811,-8.368393,-3.528260,-24.675312,-27.510474,-50.112333,-0.905381,-1.310789,-2.897179,-0.695731,0.0400
0.759482,-2.694420,0.808875,-0.358706,-6.788616,-4.209442,-25.164335,-27.510462,-50.112342,-0.893838,-1.332403,-2.736939,-0.831106,0.0400
0.759482,-2.694420,0.808875,-0.358706,-5.191136,-2.895169,-25.761740,-27.510462,-50.112342,-0.852440,-1.356863,-2.482885,-0.907448,0.0440
0.759482,-2.694420,0.808875,-0.358706,-5.310330,-2.522242,-26.475985,-27.510462,-50.112342,-0.813400,-1.382202,-2.254481,-0.944712,0.0400
0.759482,-2.694420,0.808875,-0.358706,-6.247270,-1.908867,-27.735781,-27.510462,-50.112342,-0.763024,-1.413209,-2.048723,-0.950579,0.0400
0.759482,-2.694420,0.808875,-0.358706,-6.366558,-1.373701,-29.070337,-27.510462,-50.112342,-0.718577,-1.439497,-1.916030,-0.929024,0.0400
0.759482,-2.694420,0.808875,-0.358706,-6.100778,-0.994804,-30.470953,-27.510462,-50.112342,-0.675963,-1.466438,-1.793464,-0.894069,0.0400
0.759482,-2.694420,0.808875,-0.358706,-7.381062,-0.862711,-32.021603,-27.510462,-50.112342,-0.627074,-1.495464,-1.724055,-0.850600,0.0400
0.759482,-2.694420,0.808875,-0.358706,-9.707285,-1.109312,-33.536121,-27.510462,-50.112342,-0.582954,-1.520952,-1.768339,-0.824140,0.0400
0.759482,-2.694420,0.808875,-0.358706,-9.466109,-1.086649,-35.577816,-27.510462,-50.112342,-0.539305,-1.546227,-1.818013,-0.809416,0.0410
0.759482,-2.694420,0.808875,-0.358706,-10.679018,-2.155493,-38.710495,-27.510462,-50.112342,-0.496119,-1.571287,-1.917962,-0.821527,0.0400
0.759482,-2.694420,0.808875,-0.358706,-6.528778,-1.962284,-43.509617,-27.510462,-50.112342,-0.446423,-1.601466,-1.836127,-0.846525,0.0580
0.759482,-2.694420,0.808875,-0.358706,-8.048972,-1.637623,-46.997898,-27.510462,-50.112342,-0.406915,-1.624140,-1.787933,-0.855055,0.0400
0.759482,-2.694420,0.808875,-0.358706,-9.970206,-1.054948,-50.536377,-27.510462,-50.112342,-0.369242,-1.647490,-1.842416,-0.836618,0.0400
0.759482,-2.694420,0.808875,-0.358706,-7.279201,-1.598216,-55.567760,-27.510462,-50.112342,-0.321316,-1.674131,-1.803496,-0.830490,0.0400
0.759482,-2.694420,0.808875,-0.358706,-4.826531,-2.104351,-59.624130,-27.510462,-50.112342,-0.281396,-1.699157,-1.654790,-0.853783,0.0400
0.759482,-2.694420,0.808875,-0.358706,-4.707298,-2.194670,-61.363403,-27.510462,-50.112342,-0.239722,-1.723225,-1.498675,-0.880439,0.0400
0.759482,-2.694420,0.808875,-0.358706,-6.010272,-1.809472,-59.923470,-27.510462,-50.112342,-0.196661,-1.748185,-1.418388,-0.891092,0.0410
0.759482,-2.694420,0.808875,-0.358706,-7.758040,-1.170110,-56.706619,-27.510462,-50.112342,-0.156622,-1.770954,-1.424067,-0.873019,0.0400
0.759482,-2.694420,0.808875,-0.358706,-9.311952,-0.829957,-53.223915,-27.510462,-50.112342,-0.118141,-1.792542,-1.493950,-0.838020,0.0400
0.759482,-2.694420,0.808875,-0.358706,-10.349433,-1.112705,-49.950676,-27.510462,-50.112342,-0.075822,-1.816925,-1.618993,-0.811183,0.0410
1.518965,-4.041630,0.750328,-1.330972,-10.978685,-1.554303,-47.482567,-27.510453,-50.112360,-0.032504,-1.868391,-1.786687,-0.881029,0.0400
1.518965,-4.041630,0.750328,-1.330972,-12.675878,-2.416990,-46.732754,-27.510453,-50.112360,0.015409,-1.953146,-2.022279,-1.063363,0.0400
1.518965,-4.041630,0.750328,-1.330972,-5.606241,-1.778103,-48.102299,-27.510453,-50.112360,0.057357,-2.036687,-1.892961,-1.196918,0.0400
1.518965,-4.041630,0.750328,-1.330972,-6.732072,-2.649300,-50.466801,-27.510453,-50.112360,0.097300,-2.109545,-1.796663,-1.327909,0.0400
1.518965,-4.041630,0.750328,-1.330972,-6.603616,-2.395731,-53.560318,-27.510453,-50.112360,0.141205,-2.191288,-1.718802,-1.450456,0.0400
1.518965,-4.041630,0.750328,-1.330972,-5.907810,-1.696826,-55.947968,-27.510453,-50.112360,0.184854,-2.277231,-1.618658,-1.522499,0.0410
1.518965,-4.041630,0.750328,-1.330972,-6.941930,-0.913977,-57.027775,-27.510453,-50.112360,0.227203,-2.355191,-1.563696,-1.545663,0.0400
1.518965,-4.041630,0.750328,-1.330972,-7.840284,-0.439586,-57.737892,-27.510453,-50.112360,0.267940,-2.429665,-1.569000,-1.536167,0.0400
1.518965,-4.041630,0.750328,-1.330972,-7.477916,-0.693227,-59.036011,-27.510453,-50.112360,0.308344,-2.503681,-1.568918,-1.532048,0.0400
1.518965,-4.041630,0.750328,-1.330972,-7.240197,-1.545846,-61.781349,-27.510453,-50.112360,0.352463,-2.586245,-1.553302,-1.566538,0.0400
1.518965,-4.041630,0.750328,-1.330972,-8.879796,-2.491499,-66.035583,-27.510453,-50.112360,0.412671,-2.695025,-1.593473,-1.665156,0.0730
1.518965,-4.041630,0.750328,-1.330972,-6.845228,-1.738510,-68.425156,-27.510453,-50.112360,0.446240,-2.760451,-1.603519,-1.719350,0.0410
1.518965,-4.041630,0.750328,-1.330972,-9.839100,-2.700662,-70.109543,-27.510453,-50.112360,0.482559,-2.826878,-1.651646,-1.750094,0.0400
1.518965,-4.041630,0.750328,-1.330972,-7.237100,-1.185740,-71.739090,-27.510453,-50.112360,0.517301,-2.890035,-1.646614,-1.761912,0.0400
1.518965,-4.041630,0.750328,-1.330972,-8.216736,-1.101871,-73.036087,-27.510453,-50.112360,0.550214,-2.954654,-1.664509,-1.760890,0.0400
1.518965,-4.041630,0.750328,-1.330972,-7.140825,-1.098873,-75.299171,-27.510453,-50.112360,0.589696,-3.028944,-1.645671,-1.744921,0.0400
1.518965,-4.041630,0.750328,-1.330972,-4.757729,-1.914653,-76.655647,-27.510453,-50.112360,0.628981,-3.102777,-1.519717,-1.760590,0.0400
1.518965,-4.041630,0.750328,-1.330972,-5.119482,-1.713625,-73.282043,-27.510453,-50.112360,0.673553,-3.183156,-1.379549,-1.790188,0.0570
1.518965,-4.041630,0.750328,-1.330972,-6.089629,-1.254836,-67.068886,-27.510453,-50.112360,0.708812,-3.252190,-1.331880,-1.787508,0.0400
1.518965,-4.041630,0.750328,-1.330972,-8.323504,-0.772519,-59.715736,-27.510453,-50.112360,0.746615,-3.321955,-1.378451,-1.758955,0.0400
4.367023,-7.072854,2.113580,-2.249509,-10.197143,-0.734978,-52.502651,-27.510430,-50.112387,0.853514,-3.445320,-1.333763,-1.851686,0.0400
4.367023,-7.072854,2.113580,-2.249509,-11.003643,-0.962429,-46.163055,-27.510430,-50.112387,0.974698,-3.578273,-1.315325,-1.949565,0.0400
4.367023,-7.072854,2.113580,-2.249509,-10.199752,-2.036307,-40.963226,-27.510430,-50.112387,1.098194,-3.717734,-1.282283,-2.087053,0.0400
4.367023,-7.072854,2.113580,-2.249509,-14.318479,-2.481051,-37.264229,-27.510430,-50.112387,1.218032,-3.849516,-1.378513,-2.227960,0.0400
4.367023,-7.072854,2.113580,-2.249509,-9.251593,-1.866256,-36.271580,-27.510430,-50.112387,1.332724,-3.975619,-1.354419,-2.332593,0.0400
4.367023,-7.072854,2.113580,-2.249509,-9.023768,-3.432720,-37.852650,-27.510430,-50.112387,1.441530,-4.098372,-1.253635,-2.453308,0.0410
4.367023,-7.072854,2.113580,-2.249509,-6.997017,-3.748948,-41.900349,-27.510430,-50.112387,1.563833,-4.233524,-1.080668,-2.599856,0.0400
4.367023,-7.072854,2.113580,-2.249509,-5.145453,-2.824333,-46.738365,-27.510430,-50.112387,1.680756,-4.365578,-0.843641,-2.686656,0.0410
4.367023,-7.072854,2.113580,-2.249509,-5.801902,-1.920898,-51.040657,-27.510430,-50.112387,1.785459,-4.479244,-0.665972,-2.715584,0.0400
4.367023,-7.072854,2.113580,-2.249509,-7.715740,-0.801476,-54.987087,-27.510430,-50.112387,1.898255,-4.602489,-0.576890,-2.695803,0.0400
4.367023,-7.072854,2.113580,-2.249509,-8.247661,-0.532232,-59.612865,-27.510430,-50.112387,2.019025,-4.735088,-0.553737,-2.652563,0.0400
4.367023,-7.072854,2.113580,-2.249509,-7.652893,-1.053929,-64.705208,-27.510430,-50.112387,2.134772,-4.861897,-0.505850,-2.633943,0.0400
4.367023,-7.072854,2.113580,-2.249509,-7.876567,-1.737145,-70.448593,-27.510430,-50.112387,2.258298,-4.997891,-0.469809,-2.649575,0.0400
4.367023,-7.072854,2.113580,-2.249509,-7.858162,-1.697710,-74.590027,-27.510430,-50.112387,2.372762,-5.123293,-0.446408,-2.671063,0.0400
4.367023,-7.072854,2.113580,-2.249509,-10.460611,-0.789840,-77.102798,-27.510430,-50.112387,2.490796,-5.252965,-0.512005,-2.644854,0.0400
4.367023,-7.072854,2.113580,-2.249509,-6.848070,-1.050165,-79.004128,-27.510430,-50.112387,2.603854,-5.377026,-0.488840,-2.646221,0.0400
4.367023,-7.072854,2.113580,-2.249509,-6.488987,-0.719786,-78.868484,-27.510430,-50.112387,2.716477,-5.500417,-0.379434,-2.617640,0.0400
4.367023,-7.072854,2.113580,-2.249509,-7.370834,-0.765533,-76.783302,-27.510430,-50.112387,2.828626,-5.623132,-0.338135,-2.597148,0.0400
4.367023,-7.072854,2.113580,-2.249509,-6.453471,-0.792997,-72.266121,-27.510430,-50.112387,2.952484,-5.759564,-0.267660,-2.574913,0.0410
4.936635,-8.420064,0.797353,-1.885852,-6.411066,-1.068499,-66.186661,-27.510424,-50.112399,3.033730,-5.876538,-0.300222,-2.550692,0.0400
4.936635,-8.420064,0.797353,-1.885852,-7.182425,-1.231163,-60.126469,-27.510424,-50.112399,3.075516,-5.965951,-0.424394,-2.511652,0.0420
4.936635,-8.420064,0.797353,-1.885852,-7.836633,-1.193060,-52.743313,-27.510424,-50.112399,3.121703,-6.070402,-0.591505,-2.472231,0.0400
4.936635,-8.420064,0.797353,-1.885852,-9.772763,-1.628824,-44.985081,-27.510424,-50.112399,3.174307,-6.191287,-0.812989,-2.448666,0.0400
4.936635,-8.420064,0.797353,-1.885852,-12.355016,-3.309941,-40.218113,-27.510424,-50.112399,3.216437,-6.285963,-1.103918,-2.503833,0.0400
4.936635,-8.420064,0.797353,-1.885852,-10.621683,-4.431191,-37.456135,-27.510424,-50.112399,3.264852,-6.403904,-1.343367,-2.614917,0.0550
4.936635,-8.420064,0.797353,-1.885852,-16.121465,-3.356666,-38.383060,-27.510424,-50.112399,3.312293,-6.514634,-1.726005,-2.665685,0.0400
4.936635,-8.420064,0.797353,-1.885852,-10.952914,-2.302869,-42.667000,-27.510424,-50.112399,3.354131,-6.619074,-1.928504,-2.666195,0.0400
4.936635,-8.420064,0.797353,-1.885852,-6.002099,-2.541748,-47.590034,-27.510424,-50.112399,3.397459,-6.720305,-1.820235,-2.660910,0.0400
4.936635,-8.420064,0.797353,-1.885852,-6.208729,-2.719647,-50.526005,-27.510424,-50.112399,3.439174,-6.816874,-1.713808,-2.672001,0.0400
4.936635,-8.420064,0.797353,-1.885852,-5.252222,-1.630375,-51.164604,-27.510424,-50.112399,3.482128,-6.917211,-1.585811,-2.642266,0.0400
4.936635,-8.420064,0.797353,-1.885852,-6.707827,-0.535040,-50.056950,-27.510424,-50.112399,3.524972,-7.017094,-1.517868,-2.563729,0.0400
4.936635,-8.420064,0.797353,-1.885852,-8.949731,0.037324,-48.664276,-27.510424,-50.112399,3.569145,-7.120538,-1.564133,-2.459080,0.0400
4.936635,-8.420064,0.797353,-1.885852,-8.058394,-0.112505,-47.977371,-27.510424,-50.112399,3.612940,-7.223334,-1.591268,-2.374137,0.0400
4.936635,-8.420064,0.797353,-1.885852,-6.794252,-0.706666,-48.217304,-27.510424,-50.112399,3.659291,-7.333567,-1.547955,-2.326244,0.0400
4.936635,-8.420064,0.797353,-1.885852,-7.359231,-1.061512,-48.846260,-27.510424,-50.112399,3.699738,-7.427114,-1.528314,-2.309291,0.0400
4.936635,-8.420064,0.797353,-1.885852,-9.376878,-0.940654,-49.437321,-27.510424,-50.112399,3.738580,-7.522511,-1.604962,-2.289666,0.0400
4.936635,-8.420064,0.797353,-1.885852,-8.614429,0.015701,-50.055531,-27.510424,-50.112399,3.784356,-7.631053,-1.636368,-2.241677,0.0400
4.936635,-8.420064,0.797353,-1.885852,-10.106146,-0.553505,-50.570213,-27.510424,-50.112399,3.828337,-7.735022,-1.777537,-2.212976,0.0400
4.936635,-8.420064,0.797353,-1.885852,-7.919714,-1.016797,-50.801960,-27.510424,-50.112399,3.866439,-7.822759,-1.773947,-2.205194,0.0400
6.075858,-9.430472,1.447131,-1.283499,-7.632218,-1.131514,-50.491577,-27.510415,-50.112410,3.913596,-7.910870,-1.711470,-2.176099,0.0400
6.075858,-9.430472,1.447131,-1.283499,-6.932349,-1.349160,-49.132244,-27.510415,-50.112410,3.990838,-7.981083,-1.560997,-2.102572,0.0400
6.075858,-9.430472,1.447131,-1.283499,-6.599903,-1.531298,-45.985268,-27.510415,-50.112410,4.073334,-8.056750,-1.406756,-2.046040,0.0400
6.075858,-9.430472,1.447131,-1.283499,-7.727889,-1.216435,-40.972782,-27.510415,-50.112410,4.155581,-8.131988,-1.309291,-1.988356,0.0400
6.075858,-9.430472,1.447131,-1.283499,-9.375281,-1.290958,-36.165161,-27.510415,-50.112410,4.231929,-8.201053,-1.311079,-1.940060,0.0400
6.075858,-9.430472,1.447131,-1.283499,-9.227547,-1.894242,-30.672125,-27.510415,-50.112410,4.317841,-8.283035,-1.336184,-1.921340,0.0400
6.075858,-9.430472,1.447131,-1.283499,-9.218438,-2.713316,-26.443264,-27.510415,-50.112410,4.396322,-8.354113,-1.335351,-1.944397,0.0400
6.075858,-9.430472,1.447131,-1.283499,-9.668876,-2.771308,-23.209385,-27.510415,-50.112410,4.462166,-8.415497,-1.360072,-1.968724,0.0400
6.075858,-9.430472,1.447131,-1.283499,-11.519399,-3.234083,-20.276266,-27.510415,-50.112410,4.534661,-8.480311,-1.429698,-2.005467,0.0400
6.075858,-9.430472,1.447131,-1.283499,-13.206952,-3.716468,-18.075010,-27.510415,-50.112410,4.605239,-8.546922,-1.612121,-2.073176,0.0400
6.075858,-9.430472,1.447131,-1.283499,-9.157446,-2.986285,-17.208204,-27.510415,-50.112410,4.674018,-8.608515,-1.615321,-2.062325,0.0450
6.075858,-9.430472,1.447131,-1.283499,-8.490536,-3.236832,-16.896412,-27.510415,-50.112410,4.744939,-8.672696,-1.557625,-2.088729,0.0400
6.075858,-9.430472,1.447131,-1.283499,-6.792881,-1.562869,-15.881467,-27.510415,-50.112410,4.827448,-8.745822,-1.445421,-2.080051,0.0560
6.075858,-9.430472,1.447131,-1.283499,-6.347559,-1.048343,-14.482062,-27.510415,-50.112410,4.897480,-8.809583,-1.316249,-2.019763,0.0400
6.075858,-9.430472,1.447131,-1.283499,-6.722538,-0.803396,-12.436693,-27.510415,-50.112410,4.975215,-8.881343,-1.197745,-1.941708,0.0410
6.075858,-9.430472,1.447131,-1.283499,-7.719829,-0.969183,-10.446628,-27.510415,-50.112410,5.058046,-8.958129,-1.146335,-1.881725,0.0400
6.075858,-9.430472,1.447131,-1.283499,-7.944311,-0.970211,-8.675308,-27.510415,-50.112410,5.141561,-9.032602,-1.116774,-1.829352,0.0400
6.075858,-9.430472,1.447131,-1.283499,-7.665747,-0.669730,-6.791428,-27.510415,-50.112410,5.220089,-9.099561,-1.071016,-1.777326,0.0400
6.075858,-9.430472,1.447131,-1.283499,-8.644290,-1.343648,-4.254673,-27.510415,-50.112410,5.299472,-9.170722,-1.076545,-1.755004,0.0400
6.075858,-9.430472,1.447131,-1.283499,-9.417686,-1.701017,-1.747323,-27.510415,-50.112410,5.370527,-9.233532,-1.117329,-1.761802,0.0400
5.696116,-11.788091,-0.429488,-2.666466,-11.065863,-2.586797,0.661679,-27.510417,-50.112434,5.364476,-9.375132,-1.510521,-2.002425,0.0410
5.696116,-11.788091,-0.429488,-2.666466,-9.266417,-1.590917,1.866657,-27.510417,-50.112434,5.343342,-9.514285,-1.780829,-2.173206,0.0400
5.696116,-11.788091,-0.429488,-2.666466,-9.842455,-1.935553,3.240564,-27.510417,-50.112434,5.322179,-9.644198,-1.988050,-2.305106,0.0400
5.696116,-11.788091,-0.429488,-2.666466,-9.549626,-2.295274,4.486794,-27.510417,-50.112434,5.299570,-9.788351,-2.215141,-2.479336,0.0400
5.696116,-11.788091,-0.429488,-2.666466,-7.955359,-1.174918,5.579175,-27.510417,-50.112434,5.275627,-9.937754,-2.337247,-2.578025,0.0400
5.696116,-11.788091,-0.429488,-2.666466,-7.079807,-0.577982,7.516350,-27.510417,-50.112434,5.251693,-10.078056,-2.380534,-2.618246,0.0400
5.696116,-11.788091,-0.429488,-2.666466,-7.682742,-1.063967,10.350042,-27.510417,-50.112434,5.228007,-10.217870,-2.438891,-2.667051,0.0400
5.696116,-11.788091,-0.429488,-2.666466,-8.177276,-0.848863,13.137239,-27.510417,-50.112434,5.201262,-10.365432,-2.520773,-2.711441,0.0400
5.696116,-11.788091,-0.429488,-2.666466,-8.639495,-0.308132,15.285647,-27.510417,-50.112434,5.177194,-10.509763,-2.606780,-2.722971,0.0410
5.696116,-11.788091,-0.429488,-2.666466,-9.882306,-1.241939,17.495214,-27.510417,-50.112434,5.154474,-10.647963,-2.721503,-2.761764,0.0410
5.696116,-11.788091,-0.429488,-2.666466,-10.882598,-3.087636,19.553181,-27.510417,-50.112434,5.130840,-10.791099,-2.872776,-2.869070,0.0400
5.696116,-11.788091,-0.429488,-2.666466,-11.966877,-4.009365,20.655441,-27.510417,-50.112434,5.105338,-10.931296,-3.078261,-3.043496,0.0400
5.696116,-11.788091,-0.429488,-2.666466,-9.105528,-1.911633,21.056479,-27.510417,-50.112434,5.083811,-11.062738,-3.122203,-3.082044,0.0400
5.696116,-11.788091,-0.429488,-2.666466,-9.353383,-3.550346,23.276161,-27.510417,-50.112434,5.064682,-11.182700,-3.129783,-3.144221,0.0410
5.696116,-11.788091,-0.429488,-2.666466,-8.588978,-3.001605,26.589729,-27.510417,-50.112434,5.039126,-11.335064,-3.134113,-3.232406,0.0400
5.696116,-11.788091,-0.429488,-2.666466,-6.840623,-0.971451,28.528574,-27.510417,-50.112434,5.016147,-11.462880,-3.075968,-3.222024,0.0400
5.696116,-11.788091,-0.429488,-2.666466,-6.365751,-0.482701,30.691616,-27.510417,-50.112434,4.993412,-11.603251,-2.972389,-3.160614,0.0400
5.696116,-11.788091,-0.429488,-2.666466,-6.627323,-1.200204,32.780060,-27.510417,-50.112434,4.968065,-11.746077,-2.897654,-3.135078,0.0410
5.696116,-11.788091,-0.429488,-2.666466,-7.381518,-1.702449,34.124477,-27.510417,-50.112434,4.942813,-11.901264,-2.857064,-3.140402,0.0400
7.404952,-13.135302,2.953192,-2.328237,-7.893875,-0.523073,34.856861,-27.510403,-50.112451,4.952237,-12.035278,-2.754218,-3.091006,0.0400
7.404952,-13.135302,2.953192,-2.328237,-8.721462,-1.923146,37.450203,-27.510403,-50.112451,5.185520,-12.221551,-2.057888,-2.990246,0.0760
7.404952,-13.135302,2.953192,-2.328237,-9.012227,-2.761887,39.291512,-27.510403,-50.112451,5.329484,-12.339916,-1.734368,-3.009612,0.0400
7.404952,-13.135302,2.953192,-2.328237,-7.706841,-1.145468,40.092342,-27.510403,-50.112451,5.480870,-12.459693,-1.398480,-2.979825,0.0400
7.404952,-13.135302,2.953192,-2.328237,-6.642101,-0.261189,41.714066,-27.510403,-50.112451,5.636457,-12.586736,-1.049610,-2.894685,0.0410
7.404952,-13.135302,2.953192,-2.328237,-5.963645,-0.347496,44.642342,-27.510403,-50.112451,5.781686,-12.700686,-0.738409,-2.824230,0.0400
7.404952,-13.135302,2.953192,-2.328237,-5.704010,-1.909216,48.372044,-27.510403,-50.112451,5.920174,-12.812189,-0.474093,-2.821599,0.0400
7.404952,-13.135302,2.953192,-2.328237,-5.969082,-3.173890,52.035065,-27.510403,-50.112451,6.053049,-12.918504,-0.252655,-2.870860,0.0400
7.404952,-13.135302,2.953192,-2.328237,-7.943287,-3.800573,55.638523,-27.510403,-50.112451,6.197477,-13.033971,-0.121191,-2.967999,0.0400
7.404952,-13.135302,2.953192,-2.328237,-9.745399,-3.073655,59.127396,-27.510403,-50.112451,6.353083,-13.155665,-0.093683,-3.024471,0.0400
7.404952,-13.135302,2.953192,-2.328237,-9.863695,-4.409216,62.875889,-27.510403,-50.112451,6.508074,-13.276880,-0.096157,-3.124378,0.0400
7.404952,-13.135302,2.953192,-2.328237,-9.381236,-5.727063,66.742653,-27.510403,-50.112451,6.656605,-13.392990,-0.073455,-3.238884,0.0400
7.404952,-13.135302,2.953192,-2.328237,-9.129411,-5.505604,69.836510,-27.510403,-50.112451,6.793085,-13.502706,-0.052689,-3.363101,0.0410
7.404952,-13.135302,2.953192,-2.328237,-8.843179,-4.213024,71.451080,-27.510403,-50.112451,6.940478,-13.618269,-0.011037,-3.411116,0.0400
7.404952,-13.135302,2.953192,-2.328237,-9.673508,-4.097853,71.895874,-27.510403,-50.112451,7.081619,-13.728798,0.002074,-3.443179,0.0400
7.404952,-13.135302,2.953192,-2.328237,-10.169737,-3.411132,71.304337,-27.510403,-50.112451,7.227826,-13.843695,-0.022450,-3.438057,0.0400
7.404952,-13.135302,2.953192,-2.328237,-9.618919,-2.840844,70.699577,-27.510403,-50.112451,7.373365,-13.961623,-0.034801,-3.407939,0.0410
7.404952,-13.135302,2.953192,-2.328237,-9.193658,-2.182281,70.256409,-27.510403,-50.112451,7.518233,-14.072375,-0.006090,-3.353863,0.0400
7.404952,-13.135302,2.953192,-2.328237,-8.907520,-2.187440,70.155685,-27.510403,-50.112451,7.673577,-14.198621,0.013040,-3.284293,0.0400
7.404952,-13.135302,2.953192,-2.328237,-9.438229,-2.728198,70.590500,-27.510403,-50.112451,7.806264,-14.302601,0.037496,-3.261751,0.0410
9.493528,-10.777682,2.780221,3.138358,-11.941304,-1.390394,73.925797,-27.510383,-50.112427,7.943842,-14.275576,-0.117833,-2.778282,0.0400
9.493528,-10.777682,2.780221,3.138358,-8.456592,-2.901768,79.131599,-27.510383,-50.112427,8.091354,-14.105201,-0.066223,-2.071436,0.0400
9.493528,-10.777682,2.780221,3.138358,-8.686981,-6.771069,81.472542,-27.510383,-50.112427,8.232909,-13.942470,-0.035212,-1.466991,0.0400
9.493528,-10.777682,2.780221,3.138358,-8.631739,-3.988826,81.696915,-27.510383,-50.112427,8.368782,-13.784267,-0.036516,-1.000249,0.0410
9.493528,-10.777682,2.780221,3.138358,-8.632745,-1.274158,81.204247,-27.510383,-50.112427,8.520139,-13.607852,0.003853,-0.418771,0.0400
9.493528,-10.777682,2.780221,3.138358,-7.964277,-2.285351,81.359673,-27.510383,-50.112427,8.665815,-13.437808,0.050138,0.011833,0.0400
9.493528,-10.777682,2.780221,3.138358,-7.962814,-2.399866,81.386902,-27.510383,-50.112427,8.810865,-13.267783,0.091645,0.385372,0.0400
9.493528,-10.777682,2.780221,3.138358,-8.024706,-2.368317,81.434311,-27.510383,-50.112427,8.950356,-13.103757,0.119457,0.675364,0.0410
9.493528,-10.777682,2.780221,3.138358,-7.943175,-2.487115,81.518280,-27.510383,-50.112427,9.110316,-12.916283,0.160746,0.979435,0.0570
9.493528,-10.777682,2.780221,3.138358,-8.045807,-2.372919,81.552086,-27.510383,-50.112427,9.258874,-12.741295,0.183645,1.200140,0.0400
9.493528,-10.777682,2.780221,3.138358,-8.031802,-2.435917,81.610138,-27.510383,-50.112427,9.385603,-12.592089,0.203298,1.370095,0.0400
9.493528,-10.777682,2.780221,3.138358,-7.976968,-2.492029,81.650085,-27.510383,-50.112427,9.501374,-12.455947,0.219868,1.501588,0.0430
9.493528,-10.777682,2.780221,3.138358,-8.039912,-2.426740,81.698914,-27.510383,-50.112427,9.632445,-12.301315,0.233413,1.628513,0.0400
9.493528,-10.777682,2.780221,3.138358,-8.011263,-2.485090,81.761826,-27.510383,-50.112427,9.768532,-12.139093,0.237041,1.738250,0.0400
9.493528,-10.777682,2.780221,3.138358,-8.046921,-2.446826,81.799431,-27.510383,-50.112427,9.893554,-11.991548,0.247717,1.827988,0.0410
9.493528,-10.777682,2.780221,3.138358,-8.038195,-2.479179,81.866974,-27.510383,-50.112427,10.049399,-11.806782,0.255404,1.920360,0.0400
9.493528,-10.777682,2.780221,3.138358,-8.028796,-2.496452,81.924324,-27.510383,-50.112427,10.189063,-11.641424,0.262521,1.990243,0.0400
9.493528,-10.777682,2.780221,3.138358,-8.040106,-2.484946,81.974457,-27.510383,-50.112427,10.323110,-11.482840,0.269114,2.047562,0.0400
9.493528,-10.777682,2.780221,3.138358,-8.027762,-2.510485,82.029510,-27.510383,-50.112427,10.446308,-11.337256,0.275550,2.092043,0.0400
9.493528,-10.777682,2.780221,3.138358,-8.034880,-2.510234,82.085426,-27.510383,-50.112427,10.584411,-11.173506,0.279385,2.132833,0.0400
11.961844,-4.041625,0.623042,1.700287,-8.041230,-2.516652,82.142899,-27.510361,-50.112359,10.649041,-11.041921,0.017849,1.994566,0.0410
11.961844,-4.041625,0.623042,1.700287,-8.039674,-2.533055,82.200615,-27.510361,-50.112359,10.684253,-10.934324,-0.254787,1.837048,0.0400
11.961844,-4.041625,0.623042,1.700287,-8.057301,-2.529301,82.255585,-27.510361,-50.112359,10.721665,-10.818570,-0.497298,1.698047,0.0400
11.961844,-4.041625,0.623042,1.700287,-8.060877,-2.539566,82.308708,-27.510361,-50.112359,10.755007,-10.716197,-0.694805,1.584275,0.0400
11.961844,-4.041625,0.623042,1.700287,-8.059424,-2.556876,82.371696,-27.510361,-50.112359,10.793314,-10.591524,-0.898187,1.469527,0.0400
11.961844,-4.041625,0.623042,1.700287,-8.064851,-2.563660,82.423523,-27.510361,-50.112359,10.827344,-10.485894,-1.037017,1.388512,0.0400
11.961844,-4.041625,0.623042,1.700287,-8.067359,-2.574113,82.481071,-27.510361,-50.112359,10.862314,-10.376516,-1.160037,1.316328,0.0400
11.961844,-4.041625,0.623042,1.700287,-8.074464,-2.586170,82.538544,-27.510361,-50.112359,10.897045,-10.267623,-1.263413,1.255099,0.0400
11.961844,-4.041625,0.623042,1.700287,-8.077485,-2.584819,82.596550,-27.510361,-50.112359,10.931269,-10.153884,-1.363075,1.198348,0.0400
11.961844,-4.041625,0.623042,1.700287,-8.085327,-2.599343,82.653763,-27.510361,-50.112359,10.966459,-10.041929,-1.440800,1.152245,0.0410
11.961844,-4.041625,0.623042,1.700287,-8.086318,-2.604890,82.709183,-27.510361,-50.112359,11.001640,-9.935748,-1.493426,1.118486,0.0400
11.961844,-4.041625,0.623042,1.700287,-8.084684,-2.608743,82.765266,-27.510361,-50.112359,11.037309,-9.826044,-1.548320,1.084846,0.0400
11.961844,-4.041625,0.623042,1.700287,-8.102878,-2.617712,82.825264,-27.510361,-50.112359,11.073480,-9.712865,-1.596576,1.055768,0.0400
11.961844,-4.041625,0.623042,1.700287,-8.097600,-2.629532,82.880119,-27.510361,-50.112359,11.107105,-9.608326,-1.633617,1.032769,0.0400
11.961844,-4.041625,0.623042,1.700287,-8.099723,-2.635065,82.937820,-27.510361,-50.112359,11.143912,-9.497319,-1.662236,1.013139,0.0400
11.961844,-4.041625,0.623042,1.700287,-8.103237,-2.643370,82.991211,-27.510361,-50.112359,11.176726,-9.393797,-1.687502,0.996628,0.0480
11.961844,-4.041625,0.623042,1.700287,-8.113686,-2.648538,83.047508,-27.510361,-50.112359,11.210126,-9.286805,-1.714123,0.980469,0.0400
11.961844,-4.041625,0.623042,1.700287,-8.114108,-2.663339,83.103699,-27.510361,-50.112359,11.243191,-9.180314,-1.739285,0.965186,0.0400
11.961844,-4.041625,0.623042,1.700287,-8.112105,-2.672581,83.157494,-27.510361,-50.112359,11.274146,-9.082133,-1.755162,0.954115,0.0410
11.202362,-5.388837,-1.149492,-2.039031,-8.125390,-2.677733,83.220299,-27.510368,-50.112370,11.262838,-9.062518,-1.914746,0.655329,0.0400
11.202362,-5.388837,-1.149492,-2.039031,-8.128068,-2.681775,83.265007,-27.510368,-50.112370,11.212685,-9.136603,-2.140028,0.196503,0.0400
11.202362,-5.388837,-1.149492,-2.039031,-8.123802,-2.692660,83.318787,-27.510368,-50.112370,11.157155,-9.220593,-2.355265,-0.248712,0.0400
11.202362,-5.388837,-1.149492,-2.039031,-8.128541,-2.697304,83.377441,-27.510368,-50.112370,11.094380,-9.311624,-2.561312,-0.659772,0.0400
11.202362,-5.388837,-1.149492,-2.039031,-8.132041,-2.704209,83.434418,-27.510368,-50.112370,11.033938,-9.402393,-2.728780,-1.004106,0.0400
11.202362,-5.388837,-1.149492,-2.039031,-8.133383,-2.719272,83.487114,-27.510368,-50.112370,10.978790,-9.486228,-2.857340,-1.275485,0.0410
11.202362,-5.388837,-1.149492,-2.039031,-8.140185,-2.724599,83.545326,-27.510368,-50.112370,10.918621,-9.576757,-2.977330,-1.524441,0.0400
11.202362,-5.388837,-1.149492,-2.039031,-8.142625,-2.731916,83.605400,-27.510368,-50.112370,10.855412,-9.668955,-3.086971,-1.737282,0.0400
11.202362,-5.388837,-1.149492,-2.039031,-8.144962,-2.739866,83.661095,-27.510368,-50.112370,10.798467,-9.757577,-3.164976,-1.912086,0.0410
11.202362,-5.388837,-1.149492,-2.039031,-8.145039,-2.747294,83.719391,-27.510368,-50.112370,10.738425,-9.847859,-3.238124,-2.062291,0.0400
11.202362,-5.388837,-1.149492,-2.039031,-8.156866,-2.753414,83.787430,-27.510368,-50.112370,10.667976,-9.952165,-3.313823,-2.207572,0.0400
11.202362,-5.388837,-1.149492,-2.039031,-8.163122,-2.768684,83.842514,-27.510368,-50.112370,10.613288,-10.035159,-3.360326,-2.305174,0.0400
11.202362,-5.388837,-1.149492,-2.039031,-8.155687,-2.775838,83.892540,-27.510368,-50.112370,10.558176,-10.116716,-3.403556,-2.387944,0.0400
11.202362,-5.388837,-1.149492,-2.039031,-8.159268,-2.780959,83.952087,-27.510368,-50.112370,10.495614,-10.208752,-3.446340,-2.467826,0.0400
11.202362,-5.388837,-1.149492,-2.039031,-8.170679,-2.790656,84.011909,-27.510368,-50.112370,10.433364,-10.300630,-3.482512,-2.535618,0.0400
11.202362,-5.388837,-1.149492,-2.039031,-8.170792,-2.806617,84.075928,-27.510368,-50.112370,10.368895,-10.395848,-3.514506,-2.595473,0.0400
11.202362,-5.388837,-1.149492,-2.039031,-8.174936,-2.813332,84.126221,-27.510368,-50.112370,10.320235,-10.469558,-3.530729,-2.634474,0.0400
11.202362,-5.388837,-1.149492,-2.039031,-8.178329,-2.813058,84.185158,-27.510368,-50.112370,10.261521,-10.557245,-3.550972,-2.675083,0.0400
11.202362,-5.388837,-1.149492,-2.039031,-8.181128,-2.824488,84.243210,-27.510368,-50.112370,10.203068,-10.644707,-3.568217,-2.709930,0.0400
11.202362,-5.388837,-1.149492,-2.039031,-8.187081,-2.833351,84.308762,-27.510368,-50.112370,10.137217,-10.742533,-3.587325,-2.743965,0.0400
10.632750,-6.399245,-0.972647,-1.725334,-8.186892,-2.840549,84.365448,-27.510372,-50.112379,10.081087,-10.820824,-3.586204,-2.730676,0.0400
10.632750,-6.399245,-0.972647,-1.725334,-8.190408,-2.841935,84.425423,-27.510372,-50.112379,10.029933,-10.898450,-3.561746,-2.705757,0.0400
10.632750,-6.399245,-0.972647,-1.725334,-8.186285,-2.855344,84.486633,-27.510372,-50.112379,9.974173,-10.978153,-3.556227,-2.691079,0.0400
10.632750,-6.399245,-0.972647,-1.725334,-8.204978,-2.878723,84.636986,-27.510372,-50.112379,9.848511,-11.165219,-3.529190,-2.659614,0.1320
10.632750,-6.399245,-0.972647,-1.725334,-8.200340,-2.884974,84.692429,-27.510372,-50.112379,9.797997,-11.237980,-3.529124,-2.654035,0.0400
10.632750,-6.399245,-0.972647,-1.725334,-8.207025,-2.892759,84.751091,-27.510372,-50.112379,9.749116,-11.310816,-3.521710,-2.646749,0.0400
10.632750,-6.399245,-0.972647,-1.725334,-8.211281,-2.900841,84.803406,-27.510372,-50.112379,9.703475,-11.377135,-3.521709,-2.643531,0.0400
10.632750,-6.399245,-0.972647,-1.725334,-8.218785,-2.913399,84.858360,-27.510372,-50.112379,9.657007,-11.446625,-3.516775,-2.639041,0.0410
10.632750,-6.399245,-0.972647,-1.725334,-8.222077,-2.919949,84.917198,-27.510372,-50.112379,9.609768,-11.519242,-3.506242,-2.633296,0.0400
10.632750,-6.399245,-0.972647,-1.725334,-8.221690,-2.929836,84.977417,-27.510372,-50.112379,9.561296,-11.591340,-3.504134,-2.631376,0.0410
10.632750,-6.399245,-0.972647,-1.725334,-8.214250,-2.930328,85.040062,-27.510372,-50.112379,9.510745,-11.666207,-3.503065,-2.630149,0.0400
10.632750,-6.399245,-0.972647,-1.725334,-8.227020,-2.946391,85.090004,-27.510372,-50.112379,9.471143,-11.726162,-3.498839,-2.628492,0.0430
10.632750,-6.399245,-0.972647,-1.725334,-8.227833,-2.944599,85.153282,-27.510372,-50.112379,9.420688,-11.800712,-3.500069,-2.628707,0.0400
10.632750,-6.399245,-0.972647,-1.725334,-8.229434,-2.954946,85.210274,-27.510372,-50.112379,9.373561,-11.872543,-3.495510,-2.627263,0.0400
10.632750,-6.399245,-0.972647,-1.725334,-8.235600,-2.966106,85.269341,-27.510372,-50.112379,9.325335,-11.943838,-3.497500,-2.628451,0.0400
10.632750,-6.399245,-0.972647,-1.725334,-8.235338,-2.973164,85.330772,-27.510372,-50.112379,9.275100,-12.017858,-3.499956,-2.630213,0.0400
10.632750,-6.399245,-0.972647,-1.725334,-8.250478,-2.990260,85.390060,-27.510372,-50.112379,9.225988,-12.088419,-3.508022,-2.634200,0.0410
10.632750,-6.399245,-0.972647,-1.725334,-8.253452,-2.996760,85.445564,-27.510372,-50.112379,9.182663,-12.153266,-3.507074,-2.635100,0.0400
10.253009,-8.756865,-0.308412,-1.914777,-8.250565,-2.999569,85.503197,-27.510376,-50.112405,9.154287,-12.234053,-3.445627,-2.657231,0.0400
10.253009,-8.756865,-0.308412,-1.914777,-8.250932,-3.010144,85.558243,-27.510376,-50.112405,9.141337,-12.314045,-3.354786,-2.681295,0.0400
10.253009,-8.756865,-0.308412,-1.914777,-8.248074,-3.011719,85.620163,-27.510376,-50.112405,9.125643,-12.404395,-3.272058,-2.705600,0.0400
10.253009,-8.756865,-0.308412,-1.914777,-8.267198,-3.030347,85.678185,-27.510376,-50.112405,9.111813,-12.487511,-3.206851,-2.725067,0.0400
10.253009,-8.756865,-0.308412,-1.914777,-8.254907,-3.023988,85.739105,-27.510376,-50.112405,9.093964,-12.576672,-3.158471,-2.745528,0.0410
10.253009,-8.756865,-0.308412,-1.914777,-8.261770,-3.039229,85.803108,-27.510376,-50.112405,9.080799,-12.667078,-3.099444,-2.759060,0.0410
10.253009,-8.756865,-0.308412,-1.914777,-8.271555,-3.048263,85.866188,-27.510376,-50.112405,9.066275,-12.753018,-3.059666,-2.772220,0.0400
10.253009,-8.756865,-0.308412,-1.914777,-8.261965,-3.057088,85.924690,-27.510376,-50.112405,9.051945,-12.838678,-3.025082,-2.783595,0.0400
10.253009,-8.756865,-0.308412,-1.914777,-8.277544,-3.063176,85.984383,-27.510376,-50.112405,9.038245,-12.920748,-2.998804,-2.793693,0.0400
10.253009,-8.756865,-0.308412,-1.914777,-8.267982,-3.076124,86.042839,-27.510376,-50.112405,9.024709,-13.002557,-2.975210,-2.802389,0.0400
10.253009,-8.756865,-0.308412,-1.914777,-8.273483,-3.080960,86.101501,-27.510376,-50.112405,9.011177,-13.084168,-2.955410,-2.810199,0.0400
10.253009,-8.756865,-0.308412,-1.914777,-8.279875,-3.090304,86.160812,-27.510376,-50.112405,8.994813,-13.168357,-2.946604,-2.820166,0.0400
10.253009,-8.756865,-0.308412,-1.914777,-8.288092,-3.095329,86.218338,-27.510376,-50.112405,8.981446,-13.249520,-2.932334,-2.826248,0.0400
10.253009,-8.756865,-0.308412,-1.914777,-8.293822,-3.102911,86.279755,-27.510376,-50.112405,8.969286,-13.334528,-2.913524,-2.829938,0.0400
10.253009,-8.756865,-0.308412,-1.914777,-8.289924,-3.111722,86.340279,-27.510376,-50.112405,8.955082,-13.418695,-2.904216,-2.835679,0.0400
10.253009,-8.756865,-0.308412,-1.914777,-8.287336,-3.117273,86.398224,-27.510376,-50.112405,8.939721,-13.498631,-2.903152,-2.842710,0.0400
10.253009,-8.756865,-0.308412,-1.914777,-8.298070,-3.127930,86.460800,-27.510376,-50.112405,8.925649,-13.582345,-2.896541,-2.847352,0.0400
10.253009,-8.756865,-0.308412,-1.914777,-8.292467,-3.135350,86.529579,-27.510376,-50.112405,8.911963,-13.673203,-2.884726,-2.850249,0.0400
10.253009,-8.756865,-0.308412,-1.914777,-8.299982,-3.149647,86.590225,-27.510376,-50.112405,8.898766,-13.753058,-2.879775,-2.854141,0.0410
10.253009,-8.756865,-0.308412,-1.914777,-8.315608,-3.159593,86.665749,-27.510376,-50.112405,8.880554,-13.853045,-2.880820,-2.860830,0.0600
9.873268,-9.767273,-0.414452,-1.102768,-8.311652,-3.158999,86.728294,-27.510379,-50.112414,8.860083,-13.898389,-2.895363,-2.753217,0.0400
9.873268,-9.767273,-0.414452,-1.102768,-8.304716,-3.163492,86.787529,-27.510379,-50.112414,8.841160,-13.941331,-2.902785,-2.651267,0.0400
9.873268,-9.767273,-0.414452,-1.102768,-8.310185,-3.181417,86.839828,-27.510379,-50.112414,8.823679,-13.978899,-2.911951,-2.578627,0.0410
9.873268,-9.767273,-0.414452,-1.102768,-8.318779,-3.187180,86.905861,-27.510379,-50.112414,8.802840,-14.025299,-2.918750,-2.498570,0.0400
9.873268,-9.767273,-0.414452,-1.102768,-8.311358,-3.193799,86.968651,-27.510379,-50.112414,8.779121,-14.073932,-2.932969,-2.434890,0.0400
9.873268,-9.767273,-0.414452,-1.102768,-8.315693,-3.195025,87.028839,-27.510379,-50.112414,8.760680,-14.116028,-2.934767,-2.381259,0.0400
9.873268,-9.767273,-0.414452,-1.102768,-8.324302,-3.207976,87.092255,-27.510379,-50.112414,8.741256,-14.159876,-2.937541,-2.334955,0.0400
9.873268,-9.767273,-0.414452,-1.102768,-8.325644,-3.222228,87.157036,-27.510379,-50.112414,8.720588,-14.205552,-2.943023,-2.296235,0.0400
9.873268,-9.767273,-0.414452,-1.102768,-8.322192,-3.226181,87.214462,-27.510379,-50.112414,8.702959,-14.245539,-2.945687,-2.266651,0.0400
9.873268,-9.767273,-0.414452,-1.102768,-8.332883,-3.235371,87.275475,-27.510379,-50.112414,8.684299,-14.287292,-2.949098,-2.240943,0.0400
9.873268,-9.767273,-0.414452,-1.102768,-8.336611,-3.245905,87.341423,-27.510379,-50.112414,8.663540,-14.332650,-2.954148,-2.218648,0.0400
9.873268,-9.767273,-0.414452,-1.102768,-8.345936,-3.257248,87.402000,-27.510379,-50.112414,8.644889,-14.374192,-2.957323,-2.201242,0.0400
9.873268,-9.767273,-0.414452,-1.102768,-8.343000,-3.259809,87.464943,-27.510379,-50.112414,8.625152,-14.417496,-2.961272,-2.186420,0.0400
9.873268,-9.767273,-0.414452,-1.102768,-8.351038,-3.267448,87.523674,-27.510379,-50.112414,8.607557,-14.457010,-2.962867,-2.174394,0.0410
9.873268,-9.767273,-0.414452,-1.102768,-8.347099,-3.274687,87.584770,-27.510379,-50.112414,8.588946,-14.498263,-2.964948,-2.164245,0.0400
9.873268,-9.767273,-0.414452,-1.102768,-8.354302,-3.279252,87.646767,-27.510379,-50.112414,8.569352,-14.541228,-2.967678,-2.155800,0.0400
9.873268,-9.767273,-0.414452,-1.102768,-8.354189,-3.293105,87.708450,-27.510379,-50.112414,8.550893,-14.582243,-2.968800,-2.149017,0.0410
9.873268,-9.767273,-0.414452,-1.102768,-8.352106,-3.301940,87.765060,-27.510379,-50.112414,8.534558,-14.619526,-2.967698,-2.143305,0.0410
9.873268,-9.767273,-0.414452,-1.102768,-8.363641,-3.309649,87.827538,-27.510379,-50.112414,8.516182,-14.660348,-2.968628,-2.138845,0.0400
9.873268,-9.767273,-0.414452,-1.102768,-8.363651,-3.318039,87.889519,-27.510379,-50.112414,8.495896,-14.701410,-2.976891,-2.138547,0.0400
9.873268,-9.767273,0.000000,0.000000,-8.366614,-3.323115,87.960968,-27.510380,-50.112417,8.492078,-14.700126,-2.923130,-1.989777,0.0410
9.873268,-9.767273,0.000000,0.000000,-8.369565,-3.335322,88.028915,-27.510380,-50.112417,8.493231,-14.686645,-2.864764,-1.827061,0.0400
9.873268,-9.767273,0.000000,0.000000,-8.368546,-3.339723,88.092941,-27.510380,-50.112417,8.495043,-14.673584,-2.818129,-1.703374,0.0400
9.873268,-9.767273,0.000000,0.000000,-8.380769,-3.348200,88.160759,-27.510380,-50.112417,8.496619,-14.660188,-2.779056,-1.596017,0.0410
9.873268,-9.767273,0.000000,0.000000,-8.378677,-3.356547,88.230049,-27.510380,-50.112417,8.495643,-14.648186,-2.753335,-1.508857,0.0400
9.873268,-9.767273,0.000000,0.000000,-8.383610,-3.363788,88.298798,-27.510380,-50.112417,8.499979,-14.632811,-2.716499,-1.427678,0.0400
9.873268,-9.767273,0.000000,0.000000,-8.384316,-3.369678,88.360313,-27.510380,-50.112417,8.499680,-14.621682,-2.701738,-1.373641,0.0400
9.873268,-9.767273,0.000000,0.000000,-8.385010,-3.382955,88.430359,-27.510380,-50.112417,8.503853,-14.606486,-2.674338,-1.315879,0.0400
9.873268,-9.767273,0.000000,0.000000,-8.383500,-3.392971,88.493675,-27.510380,-50.112417,8.505697,-14.593388,-2.658674,-1.273365,0.0400
9.873268,-9.767273,0.000000,0.000000,-8.391966,-3.397383,88.552055,-27.510380,-50.112417,8.505801,-14.582936,-2.651991,-1.244422,0.0400
9.873268,-9.767273,0.000000,0.000000,-8.394528,-3.406619,88.616135,-27.510380,-50.112417,8.507668,-14.569861,-2.640458,-1.213674,0.0400
9.873268,-9.767273,0.000000,0.000000,-8.397393,-3.418460,88.713737,-27.510380,-50.112417,8.511373,-14.549669,-2.624779,-1.175833,0.0770
9.873268,-9.767273,0.000000,0.000000,-8.397792,-3.427656,88.783676,-27.510380,-50.112417,8.515174,-14.535370,-2.612326,-1.153829,0.0400
9.873268,-9.767273,0.000000,0.000000,-8.403145,-3.435606,88.853638,-27.510380,-50.112417,8.515846,-14.521602,-2.611143,-1.138635,0.0400
9.873268,-9.767273,0.000000,0.000000,-8.404404,-3.445180,88.916756,-27.510380,-50.112417,8.517453,-14.509259,-2.607320,-1.126683,0.0400
9.873268,-9.767273,0.000000,0.000000,-8.408828,-3.453242,88.978035,-27.510380,-50.112417,8.519257,-14.497317,-2.603710,-1.116984,0.0400
9.873268,-9.767273,0.000000,0.000000,-8.406834,-3.458829,89.045082,-27.510380,-50.112417,8.520601,-14.484722,-2.601892,-1.108849,0.0400
9.873268,-9.767273,0.000000,0.000000,-8.412889,-3.473503,89.111916,-27.510380,-50.112417,8.521968,-14.472162,-2.600264,-1.102484,0.0400
9.873268,-9.767273,0.000000,0.000000,-8.408139,-3.479758,89.175308,-27.510380,-50.112417,8.523614,-14.459973,-2.597726,-1.097190,0.0410
9.493526,-9.767273,-0.401267,-0.000000,-8.412996,-3.485906,89.236542,-27.510383,-50.112415,8.504581,-14.449051,-2.653500,-1.094074,0.0400
9.493526,-9.767273,-0.401267,-0.000000,-8.414113,-3.496112,89.298859,-27.510383,-50.112415,8.486262,-14.436780,-2.699891,-1.089472,0.0400
9.493526,-9.767273,-0.401267,-0.000000,-8.415552,-3.495995,89.363892,-27.510383,-50.112415,8.465268,-14.425623,-2.747451,-1.089102,0.0400
9.493526,-9.767273,-0.401267,-0.000000,-8.429124,-3.509213,89.429466,-27.510383,-50.112415,8.446041,-14.413059,-2.783110,-1.086357,0.0400
9.493526,-9.767273,-0.401267,-0.000000,-8.429657,-3.518520,89.491585,-27.510383,-50.112415,8.426043,-14.402329,-2.817885,-1.087313,0.0400
9.493526,-9.767273,-0.401267,-0.000000,-8.430906,-3.525007,89.559090,-27.510383,-50.112415,8.408735,-14.388412,-2.835015,-1.081872,0.0400
9.493526,-9.767273,-0.401267,-0.000000,-8.434662,-3.541061,89.633316,-27.510383,-50.112415,8.386444,-14.375020,-2.862017,-1.082493,0.0400
9.493526,-9.767273,-0.401267,-0.000000,-8.431594,-3.542223,89.693581,-27.510383,-50.112415,8.369400,-14.363340,-2.876694,-1.081442,0.0400
9.493526,-9.767273,-0.401267,-0.000000,-8.439073,-3.556208,89.766487,-27.510383,-50.112415,8.350778,-14.349454,-2.889824,-1.080287,0.0400
9.493526,-9.767273,-0.401267,-0.000000,-8.439110,-3.565090,89.834404,-27.510383,-50.112415,8.330312,-14.337055,-2.907264,-1.082713,0.0410
9.493526,-9.767273,-0.401267,-0.000000,-8.438711,-3.569319,89.897263,-27.510383,-50.112415,8.311951,-14.325367,-2.919503,-1.084270,0.0400
9.493526,-9.767273,-0.401267,-0.000000,-8.445770,-3.578505,89.964279,-27.510383,-50.112415,8.294325,-14.312063,-2.925475,-1.083720,0.0400
9.493526,-9.767273,-0.401267,-0.000000,-8.440287,-3.585933,90.032097,-27.510383,-50.112415,8.274571,-14.300342,-2.938541,-1.087165,0.0400
9.493526,-9.767273,-0.401267,-0.000000,-8.451791,-3.589077,90.098709,-27.510383,-50.112415,8.257811,-14.287582,-2.941407,-1.086609,0.0410
9.493526,-9.767273,-0.401267,-0.000000,-8.456207,-3.604986,90.169296,-27.510383,-50.112415,8.237107,-14.275649,-2.952782,-1.090446,0.0400
9.493526,-9.767273,-0.401267,-0.000000,-8.451029,-3.613311,90.229134,-27.510383,-50.112415,8.220733,-14.264969,-2.956964,-1.091923,0.0410
9.493526,-9.767273,-0.401267,-0.000000,-8.463871,-3.625017,90.297203,-27.510383,-50.112415,8.201254,-14.253407,-2.964375,-1.095102,0.0400
9.493526,-9.767273,-0.401267,-0.000000,-8.452570,-3.628324,90.374268,-27.510383,-50.112415,8.178714,-14.240971,-2.973653,-1.099481,0.0410
9.493526,-9.767273,-0.401267,-0.000000,-8.467146,-3.630826,90.441475,-27.510383,-50.112415,8.159361,-14.229506,-2.979259,-1.102140,0.0400
9.493526,-9.767273,0.000000,0.000000,-8.471408,-3.646725,90.507149,-27.510383,-50.112416,8.149389,-14.218332,-2.955483,-1.103981,0.0410
9.493526,-9.767273,0.000000,0.000000,-8.466662,-3.651862,90.580093,-27.510383,-50.112416,8.150104,-14.206565,-2.900211,-1.105938,0.0410
9.493526,-9.767273,0.000000,0.000000,-8.481850,-3.661218,90.645691,-27.510383,-50.112416,8.151386,-14.195473,-2.855033,-1.108409,0.0400
9.493526,-9.767273,0.000000,0.000000,-8.480379,-3.675122,90.701447,-27.510383,-50.112416,8.151126,-14.186656,-2.826314,-1.111690,0.0410
9.493526,-9.767273,0.000000,0.000000,-8.476757,-3.677688,90.767876,-27.510383,-50.112416,8.152561,-14.175613,-2.792892,-1.113748,0.0400
9.493526,-9.767273,0.000000,0.000000,-8.473233,-3.682539,90.839294,-27.510383,-50.112416,8.153571,-14.163994,-2.763758,-1.116533,0.0400
9.493526,-9.767273,0.000000,0.000000,-8.482084,-3.686198,90.904724,-27.510383,-50.112416,8.155141,-14.153004,-2.739324,-1.118184,0.0400
9.493526,-9.767273,0.000000,0.000000,-8.482585,-3.696752,90.989105,-27.510383,-50.112416,8.157613,-14.138930,-2.712737,-1.120018,0.0620
9.493526,-9.767273,0.000000,0.000000,-8.476173,-3.701375,91.052483,-27.510383,-50.112416,8.159462,-14.128324,-2.695153,-1.121178,0.0400
9.493526,-9.767273,0.000000,0.000000,-8.484708,-3.715792,91.123749,-27.510383,-50.112416,8.160537,-14.116913,-2.681149,-1.123722,0.0410
9.493526,-9.767273,0.000000,0.000000,-8.485660,-3.723012,91.188690,-27.510383,-50.112416,8.162343,-14.106415,-2.669216,-1.125945,0.0400
9.493526,-9.767273,0.000000,0.000000,-8.493382,-3.733662,91.256348,-27.510383,-50.112416,8.163329,-14.095147,-2.661113,-1.129453,0.0400
9.493526,-9.767273,0.000000,0.000000,-8.493603,-3.745487,91.327698,-27.510383,-50.112416,8.164282,-14.083948,-2.654877,-1.133269,0.0400
9.493526,-9.767273,0.000000,0.000000,-8.487439,-3.749817,91.394463,-27.510383,-50.112416,8.165718,-14.073361,-2.648263,-1.135897,0.0400
9.493526,-9.767273,0.000000,0.000000,-8.494585,-3.760501,91.465736,-27.510383,-50.112416,8.169437,-14.061453,-2.635901,-1.135583,0.0400
9.493526,-9.767273,0.000000,0.000000,-8.501955,-3.767964,91.535767,-27.510383,-50.112416,8.170179,-14.050492,-2.634634,-1.139829,0.0400
9.493526,-9.767273,0.000000,0.000000,-8.497124,-3.771716,91.601685,-27.510383,-50.112416,8.171418,-14.040122,-2.631923,-1.142671,0.0400
9.493526,-9.767273,0.000000,0.000000,-8.503454,-3.748678,91.670609,-27.510383,-50.112416,8.174746,-14.028133,-2.623418,-1.141861,0.0410
9.493526,-9.767273,0.000000,0.000000,-8.511124,-3.801825,91.698090,-27.510383,-50.112416,8.176381,-14.018421,-2.620831,-1.144134,0.0410
9.493526,-9.767273,0.000000,0.000000,-8.502584,-3.844695,91.746727,-27.510383,-50.112416,8.176931,-14.007727,-2.622383,-1.150159,0.0400
9.683397,-9.430470,0.108633,0.192700,-8.489123,-3.790932,91.854828,-27.510382,-50.112413,8.179220,-13.990357,-2.616695,-1.135274,0.0400
9.683397,-9.430470,0.108633,0.192700,-8.439986,-3.914315,91.924652,-27.510382,-50.112413,8.186519,-13.969218,-2.595855,-1.113736,0.0400
9.683397,-9.430470,0.108633,0.192700,-8.578198,-3.682065,91.978859,-27.510382,-50.112413,8.193933,-13.950083,-2.582713,-1.088887,0.0410
9.683397,-9.430470,0.108633,0.192700,-8.616409,-3.803171,92.038322,-27.510382,-50.112413,8.201289,-13.929681,-2.572645,-1.071664,0.0410
9.683397,-9.430470,0.108633,0.192700,-8.641697,-4.095559,92.122849,-27.510382,-50.112413,8.208480,-13.907397,-2.568997,-1.067213,0.0400
9.683397,-9.430470,0.108633,0.192700,-9.036694,-4.451786,92.125900,-27.510382,-50.112413,8.218252,-13.883431,-2.576098,-1.080517,0.0400
9.683397,-9.430470,0.108633,0.192700,-9.249562,-4.316375,91.950310,-27.510382,-50.112413,8.225235,-13.863374,-2.599388,-1.091627,0.0400
9.683397,-9.430470,0.108633,0.192700,-8.698502,-3.914657,91.606049,-27.510382,-50.112413,8.232418,-13.842630,-2.601133,-1.082520,0.0400
9.683397,-9.430470,0.108633,0.192700,-8.518041,-3.550907,90.501846,-27.510382,-50.112413,8.239389,-13.820066,-2.588758,-1.055327,0.0400
9.683397,-9.430470,0.108633,0.192700,-8.555632,-3.604127,89.185432,-27.510382,-50.112413,8.246394,-13.800811,-2.579433,-1.032899,0.0400
9.683397,-9.430470,0.108633,0.192700,-8.406677,-3.706928,87.498970,-27.510382,-50.112413,8.253309,-13.780975,-2.565969,-1.019970,0.0400
9.683397,-9.430470,0.108633,0.192700,-8.288386,-3.840767,85.179993,-27.510382,-50.112413,8.262615,-13.758931,-2.539742,-1.010300,0.0400
9.683397,-9.430470,0.108633,0.192700,-8.189733,-4.094638,83.074036,-27.510382,-50.112413,8.271727,-13.737028,-2.515781,-1.012215,0.0400
9.683397,-9.430470,0.108633,0.192700,-8.272406,-4.458224,81.383698,-27.510382,-50.112413,8.278187,-13.718862,-2.499477,-1.031630,0.0430
9.683397,-9.430470,0.108633,0.192700,-8.550001,-4.080759,79.741707,-27.510382,-50.112413,8.284677,-13.700755,-2.498026,-1.042677,0.0410
9.683397,-9.430470,0.108633,0.192700,-8.454883,-3.980866,78.839310,-27.510382,-50.112413,8.291192,-13.681414,-2.498089,-1.039764,0.0400
9.683397,-9.430470,0.108633,0.192700,-8.473335,-3.858026,79.119621,-27.510382,-50.112413,8.299994,-13.658633,-2.493934,-1.031227,0.0400
9.683397,-9.430470,0.108633,0.192700,-8.362129,-4.156099,80.276009,-27.510382,-50.112413,8.306297,-13.638215,-2.491083,-1.036550,0.0400
9.683397,-9.430470,0.108633,0.192700,-8.331536,-4.420708,81.272026,-27.510382,-50.112413,8.312734,-13.619699,-2.485803,-1.052055,0.0400
9.683397,-9.430470,0.108633,0.192700,-8.259868,-4.498621,81.490921,-27.510382,-50.112413,8.319134,-13.600635,-2.479709,-1.073636,0.0410
9.683397,-9.767273,0.000000,-0.401267,-8.276222,-4.278438,80.698631,-27.510382,-50.112415,8.318986,-13.608076,-2.491482,-1.159448,0.0400
9.683397,-9.767273,0.000000,-0.401267,-8.347567,-4.234653,79.390907,-27.510382,-50.112415,8.322331,-13.618783,-2.493564,-1.241494,0.0560
9.683397,-9.767273,0.000000,-0.401267,-8.525690,-4.285089,78.227631,-27.510382,-50.112415,8.323637,-13.629666,-2.509906,-1.312526,0.0410
9.683397,-9.767273,0.000000,-0.401267,-8.704105,-4.313507,77.057251,-27.510382,-50.112415,8.324928,-13.640612,-2.531477,-1.375527,0.0400
9.683397,-9.767273,0.000000,-0.401267,-9.071932,-3.950615,75.753502,-27.510382,-50.112415,8.324094,-13.651913,-2.570851,-1.415543,0.0400
9.683397,-9.767273,0.000000,-0.401267,-9.352601,-3.778832,74.929733,-27.510382,-50.112415,8.325972,-13.661756,-2.609332,-1.436867,0.0410
9.683397,-9.767273,0.000000,-0.401267,-9.174426,-4.007052,74.813797,-27.510382,-50.112415,8.327478,-13.672202,-2.641730,-1.463108,0.0400
9.683397,-9.767273,0.000000,-0.401267,-9.028578,-4.053869,74.736870,-27.510382,-50.112415,8.328492,-13.684240,-2.664577,-1.494055,0.0400
9.683397,-9.767273,0.000000,-0.401267,-8.828445,-3.908551,74.680595,-27.510382,-50.112415,8.333281,-13.691961,-2.660383,-1.505088,0.0400
9.683397,-9.767273,0.000000,-0.401267,-8.546966,-4.118861,75.487686,-27.510382,-50.112415,8.333400,-13.704844,-2.661856,-1.529236,0.0400
9.683397,-9.767273,0.000000,-0.401267,-8.580791,-4.729944,76.248917,-27.510382,-50.112415,8.337173,-13.713858,-2.648972,-1.569326,0.0410
9.683397,-9.767273,0.000000,-0.401267,-8.691612,-4.447075,76.217743,-27.510382,-50.112415,8.338285,-13.724444,-2.651715,-1.601921,0.0400
9.683397,-9.767273,0.000000,-0.401267,-8.741448,-4.045529,75.751266,-27.510382,-50.112415,8.339637,-13.734475,-2.655799,-1.612410,0.0400
9.683397,-9.767273,0.000000,-0.401267,-8.569033,-4.269099,75.559074,-27.510382,-50.112415,8.340941,-13.744514,-2.654319,-1.623059,0.0400
9.683397,-9.767273,0.000000,-0.401267,-8.520998,-4.685311,75.591797,-27.510382,-50.112415,8.341134,-13.756952,-2.651916,-1.656826,0.0400
9.683397,-9.767273,0.000000,-0.401267,-8.617607,-4.404526,75.545647,-27.510382,-50.112415,8.344709,-13.765980,-2.643605,-1.671495,0.0410
9.683397,-9.767273,0.000000,-0.401267,-8.728096,-4.241521,75.621933,-27.510382,-50.112415,8.344535,-13.779102,-2.653901,-1.679774,0.0400
9.683397,-9.767273,0.000000,-0.401267,-8.750148,-4.442060,75.693970,-27.510382,-50.112415,8.347206,-13.789954,-2.654217,-1.688040,0.0400
9.683397,-9.767273,0.000000,-0.401267,-8.722590,-4.357829,75.657768,-27.510382,-50.112415,8.347537,-13.801852,-2.663122,-1.698998,0.0400
9.683397,-9.767273,0.000000,-0.401267,-8.667576,-4.519271,75.729996,-27.510382,-50.112418,8.349226,-13.810706,-2.662658,-1.707127,0.0400
9.683397,-10.104075,0.000000,-0.349822,-8.732480,-4.584755,75.605682,-27.510382,-50.112418,8.344734,-13.824401,-2.679051,-1.723472,0.0400
9.683397,-10.104075,0.000000,-0.349822,-8.656355,-4.449445,75.250046,-27.510382,-50.112418,8.349306,-13.830780,-2.665582,-1.717068,0.0410
9.683397,-10.104075,0.000000,-0.349822,-8.708647,-4.354181,75.014061,-27.510382,-50.112418,8.345542,-13.843277,-2.679427,-1.719398,0.0410
9.683397,-10.104075,0.000000,-0.349822,-8.689151,-4.386508,75.041092,-27.510382,-50.112418,8.348264,-13.850119,-2.674425,-1.712672,0.0440
9.683397,-10.104075,0.000000,-0.349822,-8.680542,-4.338129,75.084862,-27.510382,-50.112418,8.347570,-13.860646,-2.677384,-1.712531,0.0410
9.683397,-10.104075,0.000000,-0.349822,-8.722701,-3.989234,74.919563,-27.510382,-50.112418,8.346900,-13.871543,-2.682893,-1.695306,0.0400
9.683397,-10.104075,0.000000,-0.349822,-8.753862,-4.147251,74.930984,-27.510382,-50.112418,8.347427,-13.879788,-2.686209,-1.684714,0.0400
9.683397,-10.104075,0.000000,-0.349822,-8.815576,-4.503246,75.237930,-27.510382,-50.112418,8.347127,-13.890408,-2.693060,-1.690544,0.0400
9.683397,-10.104075,0.000000,-0.349822,-9.175051,-4.723235,75.445221,-27.510382,-50.112418,8.349641,-13.899256,-2.705993,-1.706839,0.0410
9.683397,-10.104075,0.000000,-0.349822,-9.039702,-4.476824,74.953636,-27.510382,-50.112418,8.349459,-13.909798,-2.724428,-1.713635,0.0410
9.683397,-10.104075,0.000000,-0.349822,-8.774680,-4.313911,73.872444,-27.510382,-50.112418,8.349741,-13.919291,-2.723755,-1.710210,0.0410
9.683397,-10.104075,0.000000,-0.349822,-8.785739,-4.330678,73.067604,-27.510382,-50.112418,8.355163,-13.925501,-2.708762,-1.698130,0.0400
9.683397,-10.104075,0.000000,-0.349822,-8.746497,-4.504501,72.870079,-27.510382,-50.112418,8.355411,-13.934570,-2.708204,-1.702742,0.0410
9.683397,-10.104075,0.000000,-0.349822,-8.924198,-4.409638,72.894783,-27.510382,-50.112418,8.355173,-13.945062,-2.716835,-1.708326,0.0400
9.683397,-10.104075,0.000000,-0.349822,-8.865407,-4.382975,73.123985,-27.510382,-50.112418,8.357870,-13.952933,-2.715419,-1.703926,0.0400
9.683397,-10.104075,0.000000,-0.349822,-8.852816,-4.265486,72.991623,-27.510382,-50.112418,8.359865,-13.962317,-2.715028,-1.701083,0.0550
9.683397,-10.104075,0.000000,-0.349822,-8.702123,-4.375918,72.908379,-27.510382,-50.112418,8.360207,-13.970886,-2.714384,-1.699452,0.0400
9.683397,-10.104075,0.000000,-0.349822,-8.711837,-4.677337,72.865662,-27.510382,-50.112418,8.360672,-13.979370,-2.710905,-1.709562,0.0400
9.683397,-10.104075,0.000000,-0.349822,-8.634380,-4.622357,72.487183,-27.510382,-50.112418,8.360827,-13.988794,-2.706683,-1.721041,0.0410
9.873268,-9.767273,0.027790,0.049295,-8.834120,-4.308030,71.871407,-27.510380,-50.112415,8.358773,-13.994852,-2.716660,-1.706072,0.0400
9.873268,-9.767273,0.027790,0.049295,-8.926516,-4.195145,72.005997,-27.510380,-50.112415,8.363769,-13.981720,-2.711297,-1.631619,0.0400
9.873268,-9.767273,0.027790,0.049295,-8.744260,-4.489647,72.947021,-27.510380,-50.112415,8.371181,-13.967557,-2.692130,-1.576965,0.0400
9.873268,-9.767273,0.027790,0.049295,-8.613077,-4.516943,73.837639,-27.510380,-50.112415,8.375121,-13.953969,-2.679645,-1.534619,0.0410
9.873268,-9.767273,0.027790,0.049295,-8.663346,-4.367180,74.110939,-27.510380,-50.112415,8.379021,-13.941164,-2.670034,-1.497062,0.0400
9.873268,-9.767273,0.027790,0.049295,-8.586058,-4.624063,74.333549,-27.510380,-50.112415,8.382856,-13.928408,-2.658711,-1.472071,0.0400
9.873268,-9.767273,0.027790,0.049295,-8.841961,-4.554821,74.087959,-27.510380,-50.112415,8.386802,-13.916375,-2.657578,-1.455069,0.0400
9.873268,-9.767273,0.027790,0.049295,-9.083421,-4.602687,73.806938,-27.510380,-50.112415,8.390887,-13.905056,-2.664788,-1.436954,0.0410
9.873268,-9.767273,0.027790,0.049295,-8.975797,-4.572995,73.862755,-27.510380,-50.112415,8.394309,-13.892972,-2.678129,-1.424209,0.0400
9.873268,-9.767273,0.027790,0.049295,-8.884690,-4.649855,74.153763,-27.510380,-50.112415,8.397758,-13.881272,-2.679571,-1.416140,0.0400
9.873268,-9.767273,0.027790,0.049295,-9.171001,-4.249799,74.492393,-27.510380,-50.112415,8.406222,-13.866623,-2.683090,-1.390742,0.0400
9.873268,-9.767273,0.027790,0.049295,-8.896043,-4.591263,74.673492,-27.510380,-50.112415,8.408350,-13.854523,-2.692220,-1.386514,0.0400
9.873268,-9.767273,0.027790,0.049295,-8.868747,-4.628489,74.831635,-27.510380,-50.112415,8.413171,-13.841064,-2.689552,-1.382161,0.0400
9.873268,-9.767273,0.027790,0.049295,-8.832624,-4.614381,74.940826,-27.510380,-50.112415,8.414019,-13.832323,-2.695350,-1.381257,0.0410
9.873268,-9.767273,0.027790,0.049295,-8.858794,-4.557131,75.131783,-27.510380,-50.112415,8.416684,-13.821163,-2.696026,-1.378412,0.0400
9.873268,-9.767273,0.027790,0.049295,-8.862830,-4.546882,75.305695,-27.510380,-50.112415,8.421366,-13.807878,-2.691921,-1.370829,0.0400
9.873268,-9.767273,0.027790,0.049295,-8.852420,-4.585782,75.435547,-27.510380,-50.112415,8.423966,-13.796811,-2.692683,-1.369292,0.0400
9.873268,-9.767273,0.027790,0.049295,-8.833925,-4.618868,75.608131,-27.510380,-50.112415,8.426646,-13.785729,-2.692275,-1.368722,0.0400
9.873268,-9.767273,0.027790,0.049295,-8.838512,-4.611816,75.827652,-27.510380,-50.112415,8.428698,-13.773881,-2.694634,-1.369956,0.0410
9.873268,-9.767273,0.027790,0.049295,-8.858945,-4.588254,76.058800,-27.510380,-50.112415,8.431407,-13.762849,-2.694552,-1.369854,0.0400
9.873268,-9.767273,0.000000,0.000000,-8.857166,-4.615076,76.290474,-27.510379,-50.112414,8.431280,-13.754502,-2.701432,-1.375675,0.0400
9.873268,-9.767273,0.000000,0.000000,-8.864144,-4.558574,76.504364,-27.510379,-50.112414,8.433088,-13.745677,-2.702263,-1.377983,0.0400
9.873268,-9.767273,0.000000,0.000000,-8.862632,-4.565280,76.706474,-27.510379,-50.112414,8.434346,-13.736556,-2.705092,-1.381607,0.0400
9.873268,-9.767273,0.000000,0.000000,-8.879828,-4.637333,76.816887,-27.510379,-50.112414,8.435908,-13.727611,-2.706466,-1.386271,0.0410
9.873268,-9.767273,0.000000,0.000000,-8.855953,-4.632987,76.923454,-27.510379,-50.112414,8.437858,-13.719097,-2.706354,-1.390359,0.0400
9.873268,-9.767273,0.000000,0.000000,-8.880473,-4.675013,77.069893,-27.510379,-50.112414,8.440309,-13.710949,-2.703882,-1.392268,0.0400
9.873268,-9.767273,0.000000,0.000000,-8.838806,-4.704040,77.314857,-27.510379,-50.112414,8.441191,-13.701842,-2.707426,-1.399676,0.0400
9.873268,-9.767273,0.000000,0.000000,-8.902516,-4.539449,77.483780,-27.510379,-50.112414,8.442382,-13.692914,-2.708241,-1.398498,0.0400
9.873268,-9.767273,0.000000,0.000000,-8.842753,-4.764547,77.572472,-27.510379,-50.112414,8.443622,-13.683983,-2.709378,-1.405478,0.0400
9.873268,-9.767273,0.000000,0.000000,-8.863958,-4.676827,77.739189,-27.510379,-50.112414,8.447368,-13.673786,-2.704384,-1.407342,0.0400
9.873268,-9.767273,0.000000,0.000000,-8.879978,-4.727655,77.929916,-27.510379,-50.112414,8.449865,-13.663394,-2.706941,-1.410359,0.0560
9.873268,-9.767273,0.000000,0.000000,-8.860899,-4.721903,78.082291,-27.510379,-50.112414,8.451212,-13.655387,-2.709758,-1.415754,0.0410
9.873268,-9.767273,0.000000,0.000000,-8.885079,-4.685168,78.251671,-27.510379,-50.112414,8.452343,-13.647229,-2.713630,-1.418873,0.0410
9.873268,-9.767273,0.000000,0.000000,-8.879197,-4.688060,78.429253,-27.510379,-50.112414,8.457572,-13.635792,-2.705538,-1.416886,0.0400
9.873268,-9.767273,0.000000,0.000000,-8.878929,-4.696041,78.602440,-27.510379,-50.112414,8.458003,-13.627767,-2.712396,-1.422402,0.0400
9.873268,-9.767273,0.000000,0.000000,-8.866638,-4.736813,78.748428,-27.510379,-50.112414,8.461158,-13.618340,-2.708794,-1.423817,0.0400
9.873268,-9.767273,0.000000,0.000000,-8.957596,-4.798376,78.783493,-27.510379,-50.112414,8.461614,-13.610359,-2.718554,-1.424374,0.0400
9.873268,-9.767273,0.000000,0.000000,-8.909112,-4.758477,78.927963,-27.510379,-50.112414,8.462071,-13.602400,-2.722237,-1.432944,0.0400
9.873268,-9.767273,0.000000,0.000000,-8.873181,-4.747264,79.163094,-27.510379,-50.112414,8.465016,-13.592876,-2.718005,-1.432945,0.0400
9.873268,-9.767273,0.000000,0.000000,-8.884796,-4.752831,79.372574,-27.510379,-50.112414,8.465531,-13.584947,-2.721922,-1.435684,0.0410
10.632751,-8.756865,0.346195,0.460575,-8.899120,-4.765806,79.552872,-27.510373,-50.112402,8.481549,-13.554607,-2.681734,-1.377575,0.0400
10.632751,-8.756865,0.346195,0.460575,-8.887767,-4.787951,79.716049,-27.510373,-50.112402,8.500812,-13.523153,-2.637511,-1.321790,0.0400
10.632751,-8.756865,0.346195,0.460575,-8.914837,-4.710134,79.904663,-27.510373,-50.112402,8.519129,-13.489549,-2.605982,-1.273540,0.0400
10.632751,-8.756865,0.346195,0.460575,-8.918500,-4.788379,80.047623,-27.510373,-50.112402,8.540490,-13.458022,-2.566649,-1.231551,0.0440
10.632751,-8.756865,0.346195,0.460575,-8.904527,-4.739819,80.241493,-27.510373,-50.112402,8.560534,-13.424541,-2.540726,-1.196822,0.0400
10.632751,-8.756865,0.346195,0.460575,-8.921684,-4.776938,80.398697,-27.510373,-50.112402,8.579787,-13.393245,-2.517101,-1.167486,0.0400
10.632751,-8.756865,0.346195,0.460575,-8.937979,-4.803138,80.589500,-27.510373,-50.112402,8.599454,-13.360910,-2.497818,-1.143985,0.0400
10.632751,-8.756865,0.346195,0.460575,-8.932162,-4.758248,80.784889,-27.510373,-50.112402,8.620182,-13.326336,-2.481270,-1.120664,0.0400
10.632751,-8.756865,0.346195,0.460575,-8.897030,-4.807932,80.963867,-27.510373,-50.112402,8.640425,-13.292928,-2.466433,-1.104025,0.0400
10.632751,-8.756865,0.346195,0.460575,-8.899844,-4.781987,81.142616,-27.510373,-50.112402,8.661141,-13.258464,-2.455275,-1.089379,0.0400
10.632751,-8.756865,0.346195,0.460575,-8.929969,-4.799401,81.325729,-27.510373,-50.112402,8.680828,-13.226320,-2.445588,-1.077822,0.0400
10.632751,-8.756865,0.346195,0.460575,-8.893114,-4.821279,81.471077,-27.510373,-50.112402,8.700443,-13.194268,-2.437172,-1.068046,0.0400
10.632751,-8.756865,0.346195,0.460575,-8.914253,-4.789960,81.649689,-27.510373,-50.112402,8.719487,-13.163428,-2.429932,-1.060165,0.0410
10.632751,-8.756865,0.346195,0.460575,-8.907778,-4.832839,81.834404,-27.510373,-50.112402,8.738459,-13.132677,-2.423679,-1.053869,0.0410
10.632751,-8.756865,0.346195,0.460575,-8.915836,-4.821716,82.012161,-27.510373,-50.112402,8.757925,-13.100862,-2.417769,-1.048057,0.0410
10.632751,-8.756865,0.346195,0.460575,-8.969406,-5.047903,82.214149,-27.510373,-50.112402,8.777326,-13.069132,-2.415869,-1.050176,0.0400
10.632751,-8.756865,0.346195,0.460575,-8.961626,-4.708177,82.308960,-27.510373,-50.112402,8.797584,-13.035316,-2.414317,-1.045399,0.0410
10.632751,-8.756865,0.346195,0.460575,-8.937374,-4.762568,82.177345,-27.510373,-50.112402,8.822469,-12.995114,-2.408785,-1.042658,0.0410
10.632751,-8.756865,0.346195,0.460575,-9.015865,-4.476123,82.392548,-27.510373,-50.112402,8.842160,-12.962584,-2.410726,-1.028962,0.0400
11.392233,-7.072850,0.518170,1.148947,-8.831838,-5.314018,82.617897,-27.510366,-50.112388,8.860197,-12.928273,-2.414010,-1.036971,0.0410
11.392233,-7.072850,0.518170,1.148947,-8.999223,-4.518279,82.626175,-27.510366,-50.112388,8.894897,-12.850978,-2.375323,-0.910547,0.0410
11.392233,-7.072850,0.518170,1.148947,-8.788884,-5.327729,83.205017,-27.510366,-50.112388,8.923202,-12.785169,-2.350351,-0.837011,0.0400
11.392233,-7.072850,0.518170,1.148947,-8.909851,-4.853219,83.794991,-27.510366,-50.112388,8.953308,-12.714337,-2.328693,-0.762851,0.0400
11.392233,-7.072850,0.518170,1.148947,-8.963563,-4.804197,83.913544,-27.510366,-50.112388,8.981792,-12.648624,-2.311350,-0.698060,0.0400
11.392233,-7.072850,0.518170,1.148947,-8.941770,-4.889779,83.380081,-27.510366,-50.112388,9.014596,-12.570275,-2.298007,-0.635164,0.0570
11.392233,-7.072850,0.518170,1.148947,-8.910107,-4.872028,83.157951,-27.510366,-50.112388,9.043844,-12.502257,-2.284610,-0.590839,0.0400
