-0.189871,-0.673606,0.000000,0.000000,-0.000467,0.000965,0.059624,-27.510371,-50.112396,-0.179046,-0.635128,-0.000006,-0.000017,0.1930
-0.189871,-0.673606,0.000000,0.000000,-0.000343,-0.000047,0.059538,-27.510371,-50.112396,-0.180861,-0.641578,-0.000030,-0.000012,0.0400
-0.189871,-0.673606,0.000000,0.000000,0.000345,0.000007,0.058465,-27.510371,-50.112396,-0.182399,-0.647043,-0.000022,-0.000008,0.0410
-0.189871,-0.673606,0.000000,0.000000,-0.000186,0.000027,0.057181,-27.510371,-50.112396,-0.183488,-0.650915,-0.000027,-0.000021,0.0420
-0.189871,-0.673606,0.000000,0.000000,0.000147,-0.000082,0.056618,-27.510371,-50.112396,-0.184166,-0.653324,-0.000004,-0.000014,0.0400
-0.189871,-0.673606,0.000000,0.000000,0.000043,0.000335,0.057319,-27.510371,-50.112396,-0.184780,-0.655507,0.000020,0.000027,0.0410
-0.189871,-0.673606,0.000000,0.000000,-0.000728,0.000190,0.058311,-27.510371,-50.112396,-0.185239,-0.657138,-0.000002,0.000031,0.0410
-0.189871,-0.673606,0.000000,0.000000,0.000057,0.000184,0.058409,-27.510371,-50.112396,-0.185622,-0.658498,-0.000005,0.000037,0.0410
-0.189871,-0.673606,0.000000,0.000000,0.000132,-0.000067,0.058288,-27.510371,-50.112396,-0.185933,-0.659605,-0.000003,0.000017,0.0410
-0.189871,-0.673606,0.000000,0.000000,-0.000237,0.000016,0.059040,-27.510371,-50.112396,-0.186213,-0.660601,0.000003,0.000016,0.0400
-0.189871,-0.673606,0.000000,0.000000,-0.000386,0.000774,0.059508,-27.510371,-50.112396,-0.186466,-0.661500,0.000003,0.000026,0.0400
-0.189871,-0.673606,0.000000,0.000000,-0.003059,-0.001349,0.058383,-27.510371,-50.112396,-0.186678,-0.662252,-0.000013,0.000014,0.0400
-0.189871,-0.673606,0.000000,0.000000,0.001136,-0.001451,0.057463,-27.510371,-50.112396,-0.186872,-0.662943,0.000002,-0.000016,0.0410
-0.189871,-0.673606,0.000000,0.000000,0.000133,0.000080,0.057412,-27.510371,-50.112396,-0.187051,-0.663579,0.000007,-0.000013,0.0400
-0.189871,-0.673606,0.000000,0.000000,-0.000152,0.000060,0.057150,-27.510371,-50.112396,-0.187192,-0.664079,-0.000008,-0.000001,0.0400
-0.189871,-0.673606,0.000000,0.000000,0.000038,0.000040,0.056386,-27.510371,-50.112396,-0.187324,-0.664551,0.000032,0.000022,0.0400
-0.189871,-0.673606,0.000000,0.000000,-0.001461,-0.001174,0.056676,-27.510371,-50.112396,-0.187444,-0.664979,0.000006,-0.000008,0.0400
-0.189871,-0.673606,0.000000,0.000000,-0.004347,0.001776,0.057190,-27.510371,-50.112396,-0.187558,-0.665384,-0.000034,0.000007,0.0400
-0.189871,-0.673606,0.000000,0.000000,0.000471,0.000409,0.055263,-27.510371,-50.112396,-0.187667,-0.665767,-0.000039,0.000014,0.0400
-0.189871,-0.673606,0.000000,0.000000,-0.000115,0.000054,0.053340,-27.510371,-50.112396,-0.187758,-0.666090,-0.000025,0.000010,0.0410
-0.189871,-0.673606,0.000000,0.000000,-0.000399,-0.000704,0.052905,-27.510371,-50.112396,-0.187848,-0.666412,-0.000019,-0.000022,0.0400
-0.189871,-0.673606,0.000000,0.000000,0.000104,0.000169,0.052854,-27.510371,-50.112396,-0.187938,-0.666730,-0.000017,-0.000022,0.0400
-0.189871,-0.673606,0.000000,0.000000,0.001121,-0.000277,0.053311,-27.510371,-50.112396,-0.188009,-0.666979,-0.000060,0.000022,0.0410
-0.569612,-0.673606,-0.195489,-0.000000,-0.000754,-0.000158,0.052797,-27.510371,-50.112394,-0.218426,-0.667354,-0.038681,-0.000003,0.0710
-0.569612,-0.673606,-0.195489,-0.000000,-0.001050,-0.000933,0.052486,-27.510371,-50.112394,-0.239218,-0.667586,-0.061718,0.000037,0.0410
-0.569612,-0.673606,-0.195489,-0.000000,-0.000192,-0.000203,0.052804,-27.510371,-50.112394,-0.257505,-0.667786,-0.079898,0.000037,0.0400
-0.569612,-0.673606,-0.195489,-0.000000,-0.001595,0.002959,0.052678,-27.510371,-50.112394,-0.275125,-0.667973,-0.095606,0.000072,0.0410
-0.569612,-0.673606,-0.195489,-0.000000,-0.000126,0.000089,0.053203,-27.510371,-50.112394,-0.290650,-0.668134,-0.108085,0.000047,0.0410
-0.569612,-0.673606,-0.195489,-0.000000,-0.000593,-0.001127,0.053586,-27.510371,-50.112394,-0.307562,-0.668306,-0.120405,0.000026,0.0400
-0.569612,-0.673606,-0.195489,-0.000000,0.002115,0.000083,0.054307,-27.510371,-50.112394,-0.325124,-0.668481,-0.131691,0.000015,0.0410
-0.569612,-0.673606,-0.195489,-0.000000,-0.000409,0.001220,0.054267,-27.510371,-50.112394,-0.344495,-0.668667,-0.142622,0.000027,0.0560
-0.569612,-0.673606,-0.195489,-0.000000,-0.001350,0.000999,0.054863,-27.510371,-50.112394,-0.358309,-0.668797,-0.149520,0.000030,0.0400
-0.569612,-0.673606,-0.195489,-0.000000,0.000046,-0.000458,0.054913,-27.510371,-50.112394,-0.371090,-0.668915,-0.155267,0.000023,0.0400
-0.569612,-0.673606,-0.195489,-0.000000,0.000620,-0.002196,0.054217,-27.510371,-50.112394,-0.383907,-0.669032,-0.160527,-0.000004,0.0400
-0.569612,-0.673606,-0.195489,-0.000000,-0.000497,0.000649,0.053700,-27.510371,-50.112394,-0.397609,-0.669154,-0.165405,-0.000013,0.0460
-0.569612,-0.673606,-0.195489,-0.000000,-0.000065,0.000049,0.053927,-27.510371,-50.112394,-0.409252,-0.669255,-0.169143,-0.000012,0.0400
-0.569612,-0.673606,-0.195489,-0.000000,0.000981,-0.000143,0.053524,-27.510371,-50.112394,-0.425518,-0.669395,-0.173701,0.000033,0.0580
-0.569612,-0.673606,-0.195489,-0.000000,-0.000093,-0.000875,0.053482,-27.510371,-50.112394,-0.435903,-0.669482,-0.176449,0.000024,0.0400
-0.569612,-0.673606,-0.195489,-0.000000,-0.000227,0.000055,0.053993,-27.510371,-50.112394,-0.447042,-0.669573,-0.178918,0.000016,0.0410
-0.569612,-0.673606,-0.195489,-0.000000,0.000293,0.000545,0.054320,-27.510371,-50.112394,-0.457717,-0.669660,-0.181038,0.000050,0.0410
-0.569612,-0.673606,-0.195489,-0.000000,0.001373,-0.001630,0.054746,-27.510371,-50.112394,-0.469262,-0.669750,-0.183100,0.000044,0.0410
-0.569612,-0.673606,-0.195489,-0.000000,0.000548,0.000583,0.053978,-27.510371,-50.112394,-0.479111,-0.669826,-0.184652,0.000042,0.0410
-0.569612,-0.673606,-0.195489,-0.000000,-0.000232,0.000652,0.052864,-27.510371,-50.112394,-0.488285,-0.669896,-0.185952,0.000024,0.0400
-0.569612,-0.673606,-0.195489,-0.000000,-0.002104,-0.002474,0.053208,-27.510371,-50.112394,-0.497982,-0.669970,-0.187234,0.000053,0.0400
-0.569612,-0.000000,-0.000000,0.144044,0.000189,-0.000013,0.053325,-27.510372,-50.112394,-0.505157,-0.662021,-0.176816,0.008556,0.0410
-0.569612,-0.000000,-0.000000,0.144044,-0.000677,-0.000390,0.053152,-27.510372,-50.112394,-0.507135,-0.644780,-0.154742,0.025529,0.0420
-0.569612,-0.000000,-0.000000,0.144044,-0.000563,-0.000119,0.053315,-27.510372,-50.112394,-0.509197,-0.627192,-0.134653,0.040933,0.0400
-0.569612,-0.000000,-0.000000,0.144044,0.000012,-0.000349,0.054333,-27.510372,-50.112394,-0.511068,-0.610047,-0.117843,0.053855,0.0400
-0.569612,-0.000000,-0.000000,0.144044,-0.002806,-0.000887,0.056008,-27.510372,-50.112394,-0.512688,-0.594061,-0.102548,0.065605,0.0410
-0.569612,-0.000000,-0.000000,0.144044,-0.002651,-0.003419,0.056425,-27.510372,-50.112394,-0.514166,-0.577825,-0.089239,0.075802,0.0410
-0.569612,-0.000000,-0.000000,0.144044,-0.000069,0.000072,0.056238,-27.510372,-50.112394,-0.515547,-0.562622,-0.078131,0.084335,0.0400
-0.569612,-0.000000,-0.000000,0.144044,-0.000165,0.000125,0.055834,-27.510372,-50.112394,-0.516955,-0.545837,-0.067173,0.092745,0.0400
-0.569612,-0.000000,-0.000000,0.144044,-0.000705,-0.000011,0.055156,-27.510372,-50.112394,-0.518079,-0.532054,-0.059168,0.098885,0.0410
-0.569612,-0.000000,-0.000000,0.144044,0.000156,-0.000039,0.055087,-27.510372,-50.112394,-0.519244,-0.517278,-0.051513,0.104756,0.0410
-0.569612,-0.000000,-0.000000,0.144044,0.000904,0.000076,0.055626,-27.510372,-50.112394,-0.520280,-0.503486,-0.045114,0.109672,0.0410
-0.569612,-0.000000,-0.000000,0.144044,-0.000457,0.000023,0.056315,-27.510372,-50.112394,-0.521261,-0.489496,-0.039256,0.114164,0.0400
-0.569612,-0.000000,-0.000000,0.144044,0.000027,0.000007,0.056405,-27.510372,-50.112394,-0.522146,-0.476446,-0.034355,0.117904,0.0420
-0.569612,-0.000000,-0.000000,0.144044,-0.000593,-0.000441,0.056543,-27.510372,-50.112394,-0.523061,-0.462972,-0.029914,0.121323,0.0400
-0.569612,-0.000000,-0.000000,0.144044,-0.000270,-0.000067,0.057332,-27.510372,-50.112394,-0.523858,-0.450505,-0.026182,0.124162,0.0400
-0.569612,-0.000000,-0.000000,0.144044,-0.002739,0.002700,0.056557,-27.510372,-50.112394,-0.524720,-0.437039,-0.022689,0.126881,0.0410
-0.569612,-0.000000,-0.000000,0.144044,-0.004752,0.001609,0.056373,-27.510372,-50.112394,-0.525744,-0.420236,-0.018856,0.129803,0.0560
-0.569612,-0.000000,-0.000000,0.144044,0.002688,0.005401,0.057224,-27.510372,-50.112394,-0.526460,-0.408120,-0.016424,0.131701,0.0420
-0.569612,-0.000000,-0.000000,0.144044,-0.000194,-0.000026,0.058150,-27.510372,-50.112394,-0.527179,-0.395727,-0.014313,0.133354,0.0400
-0.569612,-0.000000,-0.000000,0.144044,-0.000381,0.000062,0.057366,-27.510372,-50.112394,-0.528290,-0.376084,-0.011272,0.135640,0.0720
-0.569612,-0.000000,-0.000000,0.144044,-0.002203,0.002382,0.056157,-27.510372,-50.112394,-0.528935,-0.364368,-0.009777,0.136785,0.0440
-0.569612,-0.000000,-0.000000,0.144044,0.001313,0.002680,0.055729,-27.510372,-50.112394,-0.529511,-0.353747,-0.008550,0.137691,0.0400
-0.569612,-0.000000,-0.000000,0.144044,0.000827,-0.000180,0.055858,-27.510372,-50.112394,-0.530111,-0.342482,-0.007379,0.138589,0.0400
-0.569612,-0.000000,0.000000,0.000000,-0.001188,-0.001785,0.056282,-27.510373,-50.112393,-0.530628,-0.336444,-0.006553,0.125933,0.0400
-0.569612,-0.000000,0.000000,0.000000,0.000968,-0.001205,0.056740,-27.510373,-50.112393,-0.531189,-0.331351,-0.005631,0.108885,0.0430
-0.569612,-0.000000,0.000000,0.000000,-0.000056,-0.000030,0.056197,-27.510373,-50.112393,-0.531690,-0.326790,-0.004922,0.095388,0.0400
-0.569612,-0.000000,0.000000,0.000000,0.000117,0.000263,0.055437,-27.510373,-50.112393,-0.532194,-0.322272,-0.004257,0.083067,0.0400
-0.569612,-0.000000,0.000000,0.000000,-0.000008,-0.000145,0.054881,-27.510373,-50.112393,-0.532662,-0.318103,-0.003745,0.072703,0.0410
-0.569612,-0.000000,0.000000,0.000000,-0.004573,-0.000244,0.054698,-27.510373,-50.112393,-0.533166,-0.313549,-0.003260,0.062895,0.0430
-0.569612,-0.000000,0.000000,0.000000,0.000273,0.000511,0.055133,-27.510373,-50.112393,-0.533608,-0.309651,-0.002876,0.055394,0.0410
-0.569612,-0.000000,0.000000,0.000000,-0.000761,0.000398,0.055362,-27.510373,-50.112393,-0.534058,-0.305684,-0.002418,0.047958,0.0410
-0.569612,-0.000000,0.000000,0.000000,-0.000198,0.001089,0.055634,-27.510373,-50.112393,-0.534517,-0.301617,-0.002088,0.041482,0.0430
-0.569612,-0.000000,0.000000,0.000000,-0.000981,0.001296,0.055324,-27.510373,-50.112393,-0.534945,-0.297847,-0.001832,0.036133,0.0400
-0.569612,-0.000000,0.000000,0.000000,-0.000057,-0.000036,0.055096,-27.510373,-50.112393,-0.535343,-0.294379,-0.001613,0.031648,0.0410
-0.569612,-0.000000,0.000000,0.000000,-0.000525,-0.000363,0.055002,-27.510373,-50.112393,-0.535767,-0.290658,-0.001428,0.027401,0.0400
-0.569612,-0.000000,0.000000,0.000000,0.001806,0.000365,0.055593,-27.510373,-50.112393,-0.536180,-0.287068,-0.001232,0.023719,0.0430
-0.569612,-0.000000,0.000000,0.000000,0.000046,-0.000429,0.055585,-27.510373,-50.112393,-0.536550,-0.283847,-0.001074,0.020787,0.0410
-0.569612,-0.000000,0.000000,0.000000,0.001318,0.000450,0.055643,-27.510373,-50.112393,-0.536910,-0.280724,-0.000937,0.018218,0.0400
-0.569612,-0.000000,0.000000,0.000000,-0.000735,-0.000519,0.056259,-27.510373,-50.112393,-0.537279,-0.277517,-0.000849,0.015861,0.0410
-0.569612,-0.000000,0.000000,0.000000,0.000484,0.000381,0.056586,-27.510373,-50.112393,-0.537624,-0.274525,-0.000738,0.013915,0.0410
-0.569612,-0.000000,0.000000,0.000000,-0.002124,0.000410,0.056964,-27.510373,-50.112393,-0.537992,-0.271348,-0.000685,0.012109,0.0410
-0.569612,-0.000000,0.000000,0.000000,0.000027,-0.000034,0.057860,-27.510373,-50.112393,-0.538321,-0.268517,-0.000580,0.010573,0.0400
-0.569612,-0.000000,0.000000,0.000000,-0.000418,0.000000,0.058921,-27.510373,-50.112393,-0.538673,-0.265473,-0.000505,0.009159,0.0400
-0.569612,-0.000000,0.000000,0.000000,-0.000334,-0.000030,0.058852,-27.510373,-50.112393,-0.538988,-0.262756,-0.000432,0.008056,0.0410
-0.569612,-0.000000,0.000000,0.000000,0.000130,0.000033,0.058536,-27.510373,-50.112393,-0.539311,-0.259967,-0.000409,0.007015,0.0410
-0.569612,-0.000000,0.000000,0.000000,0.000126,0.000076,0.058583,-27.510373,-50.112393,-0.539641,-0.257128,-0.000356,0.006122,0.0400
-0.189871,-0.673606,0.073264,-0.129960,0.000395,0.001119,0.059725,-27.510370,-50.112396,-0.539347,-0.255619,0.000568,0.003789,0.0410
-0.189871,-0.673606,0.073264,-0.129960,-0.003208,-0.004585,0.061450,-27.510370,-50.112396,-0.530681,-0.268210,0.013006,-0.019122,0.0560
-0.189871,-0.673606,0.073264,-0.129960,0.000184,-0.003531,0.060701,-27.510370,-50.112396,-0.524345,-0.277438,0.020844,-0.033568,0.0410
-0.189871,-0.673606,0.073264,-0.129960,-0.000549,-0.000688,0.060674,-27.510370,-50.112396,-0.518059,-0.286613,0.027666,-0.046076,0.0400
-0.189871,-0.673606,0.073264,-0.129960,-0.000160,-0.000006,0.061477,-27.510370,-50.112396,-0.511600,-0.296054,0.033832,-0.057403,0.0430
-0.189871,-0.673606,0.073264,-0.129960,0.001460,0.001057,0.062336,-27.510370,-50.112396,-0.505998,-0.304261,0.038587,-0.066047,0.0400
-0.189871,-0.673606,0.073264,-0.129960,0.000019,-0.000212,0.062632,-27.510370,-50.112396,-0.499650,-0.313581,0.043287,-0.074701,0.0410
-0.189871,-0.673606,0.073264,-0.129960,0.000075,0.000242,0.063301,-27.510370,-50.112396,-0.493641,-0.322416,0.047196,-0.081877,0.0400
-0.189871,-0.673606,0.073264,-0.129960,0.000484,0.000478,0.063934,-27.510370,-50.112396,-0.488179,-0.330470,0.050317,-0.087637,0.0400
-0.189871,-0.673606,0.073264,-0.129960,0.000103,0.000293,0.064916,-27.510370,-50.112396,-0.482095,-0.339431,0.053443,-0.093410,0.0400
-0.189871,-0.673606,0.073264,-0.129960,0.000594,-0.002504,0.065637,-27.510370,-50.112396,-0.476551,-0.347617,0.055943,-0.098013,0.0400
-0.189871,-0.673606,0.073264,-0.129960,0.004671,0.002727,0.065315,-27.510370,-50.112396,-0.470815,-0.356099,0.058238,-0.102189,0.0410
-0.189871,-0.673606,0.073264,-0.129960,-0.000149,-0.001101,0.065559,-27.510370,-50.112396,-0.465208,-0.364385,0.060221,-0.105816,0.0410
-0.189871,-0.673606,0.073264,-0.129960,0.000416,-0.002536,0.066246,-27.510370,-50.112396,-0.459859,-0.372312,0.061857,-0.108868,0.0410
-0.189871,-0.673606,0.073264,-0.129960,-0.000170,-0.000749,0.065127,-27.510370,-50.112396,-0.449897,-0.387078,0.064449,-0.113572,0.0760
-0.189871,-0.673606,0.073264,-0.129960,-0.000242,-0.000108,0.065400,-27.510370,-50.112396,-0.444723,-0.394770,0.065558,-0.115622,0.0400
-0.189871,-0.673606,0.073264,-0.129960,0.001013,0.000605,0.066888,-27.510370,-50.112396,-0.439194,-0.402987,0.066621,-0.117576,0.0430
-0.189871,-0.673606,0.073264,-0.129960,-0.000804,-0.000738,0.067382,-27.510370,-50.112396,-0.434140,-0.410517,0.067442,-0.119148,0.0400
-0.189871,-0.673606,0.073264,-0.129960,-0.000282,-0.000188,0.068110,-27.510370,-50.112396,-0.428975,-0.418206,0.068234,-0.120544,0.0410
-0.189871,-0.673606,0.073264,-0.129960,0.000171,0.000025,0.067736,-27.510370,-50.112396,-0.423638,-0.426161,0.068929,-0.121819,0.0430
-0.189871,-0.673606,0.073264,-0.129960,0.000227,-0.000215,0.067762,-27.510370,-50.112396,-0.418686,-0.433581,0.069480,-0.122865,0.0400
-0.189871,-0.673606,0.073264,-0.129960,-0.000590,-0.002774,0.068223,-27.510370,-50.112396,-0.413471,-0.441371,0.069971,-0.123802,0.0450
-0.189871,-0.673606,0.073264,-0.129960,-0.000182,0.001141,0.067686,-27.510370,-50.112396,-0.408542,-0.448737,0.070426,-0.124626,0.0410
-0.189871,-0.673606,0.000000,0.000000,0.000611,0.000022,0.067632,-27.510370,-50.112396,-0.406169,-0.451766,0.063899,-0.113119,0.0400
-0.189871,-0.673606,0.000000,0.000000,-0.000221,0.000684,0.067902,-27.510370,-50.112396,-0.403187,-0.455031,0.051649,-0.091411,0.0630
-0.189871,-0.673606,0.000000,0.000000,-0.001050,-0.000399,0.067292,-27.510370,-50.112396,-0.397063,-0.462153,0.033362,-0.059056,0.1490
-0.189871,-0.673606,0.000000,0.000000,-0.000065,0.000988,0.066530,-27.510370,-50.112396,-0.394699,-0.464726,0.027162,-0.048050,0.0670
-0.189871,-0.673606,0.000000,0.000000,-0.000452,0.001187,0.066444,-27.510370,-50.112396,-0.393533,-0.465943,0.024370,-0.043098,0.0400
-0.189871,-0.673606,0.000000,0.000000,-0.001255,-0.015154,0.065923,-27.510370,-50.112396,-0.392004,-0.468192,0.019956,-0.036534,0.0500
-0.189871,-0.673606,0.000000,0.000000,-0.000079,-0.000001,0.065756,-27.510370,-50.112396,-0.390292,-0.469869,0.012951,-0.023760,0.0570
-0.189871,-0.673606,0.000000,0.000000,0.000019,-0.000041,0.066430,-27.510370,-50.112396,-0.388945,-0.471175,0.009935,-0.018214,0.0430
-0.189871,-0.673606,0.000000,0.000000,0.000026,-0.000059,0.066494,-27.510370,-50.112396,-0.388815,-0.471304,0.009711,-0.017800,0.0740
-0.189871,-0.673606,0.000000,0.000000,0.000026,-0.000059,0.066494,-27.510370,-50.112396,-0.388815,-0.471304,0.009711,-0.017800,0.0410
-0.189871,-0.673606,0.000000,0.000000,0.000026,-0.000059,0.066494,-27.510370,-50.112396,-0.388815,-0.471304,0.009711,-0.017800,0.0410
-0.189871,-0.673606,0.000000,0.000000,0.000026,-0.000059,0.066494,-27.510370,-50.112396,-0.388815,-0.471304,0.009711,-0.017800,0.0410
-0.189871,-0.673606,0.000000,0.000000,0.000026,-0.000059,0.066494,-27.510370,-50.112396,-0.388815,-0.471304,0.009711,-0.017800,0.0400
-0.189871,-0.673606,0.000000,0.000000,-0.101245,0.025411,0.084226,-27.510370,-50.112396,-0.384548,-0.475774,-0.004939,-0.001846,0.0770
-0.189871,-0.673606,0.000000,0.000000,-0.172264,0.014623,0.063997,-27.510370,-50.112396,-0.383192,-0.476823,-0.004790,-0.002361,0.0400
-0.189871,-0.673606,0.000000,0.000000,-0.198372,0.246381,0.076298,-27.510370,-50.112396,-0.382644,-0.477282,-0.006820,0.001157,0.0410
-0.189871,-0.673606,0.000000,0.000000,-0.198372,0.246381,0.076298,-27.510370,-50.112396,-0.382644,-0.477282,-0.006820,0.001157,0.0410
-0.189871,-0.673606,0.000000,0.000000,0.002824,0.037061,0.057665,-27.510370,-50.112397,-0.382767,-0.477499,-0.003274,0.003544,0.0470
-0.189871,-0.673606,0.000000,0.000000,-0.342173,-0.234673,0.059543,-27.510370,-50.112397,-0.380742,-0.479216,-0.009108,-0.001931,0.0550
-0.189871,-0.673606,0.000000,0.000000,-0.286130,-0.001435,0.053851,-27.510370,-50.112397,-0.379227,-0.480409,-0.007305,-0.002148,0.0400
-0.189871,-0.673606,0.000000,0.000000,-0.063319,-0.106301,0.056943,-27.510370,-50.112397,-0.378722,-0.480835,-0.008563,-0.002853,0.0410
-0.189871,-0.673606,0.000000,0.000000,-0.063319,-0.106301,0.056943,-27.510370,-50.112397,-0.378722,-0.480835,-0.008563,-0.002853,0.0400
-0.189871,-0.673606,0.000000,0.000000,-0.063319,-0.106301,0.056943,-27.510370,-50.112397,-0.378722,-0.480835,-0.008563,-0.002853,0.0410
-0.189871,-0.673606,0.000000,0.000000,-0.063319,-0.106301,0.056943,-27.510370,-50.112397,-0.378722,-0.480835,-0.008563,-0.002853,0.0400
-0.189871,-0.673606,0.000000,0.000000,-0.063319,-0.106301,0.056943,-27.510370,-50.112397,-0.378722,-0.480835,-0.008563,-0.002853,0.0400
-0.189871,-0.673606,0.000000,0.000000,-0.063319,-0.106301,0.056943,-27.510370,-50.112397,-0.378722,-0.480835,-0.008563,-0.002853,0.0410
-0.189871,-0.673606,0.000000,0.000000,-0.320976,-0.101968,-0.026670,-27.510370,-50.112397,-0.378664,-0.483153,0.002431,0.000253,0.0840
-0.189871,-0.673606,0.000000,0.000000,-0.207055,-0.015654,-0.028830,-27.510370,-50.112397,-0.376909,-0.484557,-0.006899,-0.001479,0.0480
-0.189871,-0.673606,0.000000,0.000000,-0.309935,-0.067127,-0.027628,-27.510370,-50.112397,-0.374655,-0.486881,0.001733,-0.000962,0.0880
-0.189871,-0.673606,0.000000,0.000000,0.086384,0.106874,-0.032023,-27.510370,-50.112397,-0.373141,-0.488203,-0.007263,-0.001398,0.0400
-0.189871,-0.673606,0.000000,0.000000,-0.462784,-0.131966,-0.029984,-27.510370,-50.112397,-0.371028,-0.490521,0.004075,-0.001854,0.0950
-0.189871,-0.673606,0.000000,0.000000,0.579101,-0.005560,-0.026949,-27.510370,-50.112397,-0.368833,-0.492529,-0.003212,-0.001000,0.0770
-0.189871,-0.673606,0.000000,0.000000,0.354710,-0.002495,-0.027382,-27.510370,-50.112397,-0.366787,-0.494641,0.006964,-0.000785,0.0860
-0.189871,-0.673606,0.000000,0.000000,0.354710,-0.002495,-0.027382,-27.510370,-50.112397,-0.366787,-0.494641,0.006964,-0.000785,0.0400
-0.000000,-0.673606,0.056589,0.000000,0.116806,0.037266,-0.024777,-27.510369,-50.112396,-0.362309,-0.496222,0.018805,-0.000776,0.0840
-0.000000,-0.673606,0.056589,0.000000,-0.365237,-0.179158,-0.025388,-27.510369,-50.112396,-0.355153,-0.497781,0.039120,-0.002205,0.0600
-0.000000,-0.673606,0.056589,0.000000,-0.000032,-0.000308,-0.018454,-27.510369,-50.112396,-0.346681,-0.499630,0.044831,-0.004822,0.0790
-0.000000,-0.673606,0.056589,0.000000,0.133218,-0.020206,-0.015509,-27.510369,-50.112396,-0.336994,-0.501780,0.056421,-0.005387,0.0910
-0.000000,-0.673606,0.056589,0.000000,-0.402500,-0.012975,0.013115,-27.510369,-50.112396,-0.323043,-0.504938,0.051850,-0.006179,0.0470
-0.000000,-0.673606,0.056589,0.000000,0.064670,0.026772,0.017278,-27.510369,-50.112396,-0.320054,-0.505620,0.046911,-0.005434,0.0400
-0.000000,-0.673606,0.056589,0.000000,-0.835868,-0.002486,0.099850,-27.510369,-50.112396,-0.311549,-0.507339,0.036095,-0.003463,0.0850
-0.000000,-0.673606,0.056589,0.000000,0.037383,0.192378,0.175010,-27.510369,-50.112396,-0.306850,-0.508401,0.030898,0.003411,0.0430
-0.000000,-0.673606,0.056589,0.000000,-0.716526,0.152648,0.185905,-27.510369,-50.112396,-0.306253,-0.508552,0.031093,0.004207,0.0400
-0.000000,-0.673606,0.056589,0.000000,-0.716526,0.152648,0.185905,-27.510369,-50.112396,-0.306253,-0.508552,0.031093,0.004207,0.0400
-0.000000,-0.673606,0.056589,0.000000,-0.716526,0.152648,0.185905,-27.510369,-50.112396,-0.306253,-0.508552,0.031093,0.004207,0.0400
-0.000000,-0.673606,0.056589,0.000000,0.082610,0.489078,1.389570,-27.510369,-50.112396,-0.294882,-0.509567,0.046695,0.019565,0.0810
-0.000000,-0.673606,0.056589,0.000000,-0.339272,0.348055,1.762810,-27.510369,-50.112396,-0.287591,-0.512678,0.044902,0.028114,0.0510
-0.000000,-0.673606,0.056589,0.000000,-0.068674,-0.647520,2.332523,-27.510369,-50.112396,-0.275167,-0.516060,0.054185,-0.002199,0.1520
-0.000000,-0.673606,0.000000,0.000000,0.058417,-0.499247,-0.540923,-27.510369,-50.112397,-0.265689,-0.519518,-0.003633,-0.077181,0.2440
-0.000000,-0.673606,0.000000,0.000000,-0.020350,-0.272161,-1.925433,-27.510369,-50.112397,-0.263396,-0.520403,-0.011448,-0.085200,0.0660
-0.000000,-0.673606,0.000000,0.000000,0.985138,-0.535890,-12.258839,-27.510369,-50.112397,-0.249806,-0.528430,0.111199,-0.036832,0.4560
-0.000000,-0.673606,0.000000,0.000000,0.717107,0.333369,-17.740673,-27.510369,-50.112397,-0.241391,-0.533241,0.248320,-0.073113,0.2360
-0.569612,-0.673606,-0.138900,-0.000000,0.427467,0.710175,-18.706076,-27.510372,-50.112396,-0.246885,-0.533882,0.237138,-0.052464,0.0590
-0.569612,-0.673606,-0.138900,-0.000000,0.577672,1.005827,-20.264738,-27.510372,-50.112396,-0.258010,-0.534915,0.193354,0.004067,0.0630
-0.569612,-0.673606,-0.138900,-0.000000,0.306854,1.156518,-21.320158,-27.510372,-50.112396,-0.265501,-0.535660,0.163160,0.043752,0.0410
-0.569612,-0.673606,-0.138900,-0.000000,0.395829,0.546592,-22.372793,-27.510372,-50.112396,-0.273055,-0.536397,0.134289,0.072489,0.0410
-0.569612,-0.673606,-0.138900,-0.000000,0.421446,0.490062,-22.372793,-27.510372,-50.112396,-0.273055,-0.536397,0.134289,0.072489,0.0400
-0.569612,-0.673606,-0.138900,-0.000000,0.421446,0.490062,-22.372793,-27.510372,-50.112396,-0.273055,-0.536397,0.134289,0.072489,0.0410
-0.569612,-0.673606,-0.138900,-0.000000,0.421446,0.490062,-22.372793,-27.510372,-50.112396,-0.273055,-0.536397,0.134289,0.072489,0.0430
-0.569612,-0.673606,-0.138900,-0.000000,0.338997,-1.357792,-23.510485,-27.510372,-50.112396,-0.292367,-0.529051,-0.086054,-0.074874,0.1180
-0.569612,-0.673606,-0.138900,-0.000000,1.077171,-0.668235,-23.673706,-27.510372,-50.112396,-0.311449,-0.526212,-0.058489,-0.121333,0.0970
-0.569612,-0.673606,-0.138900,-0.000000,1.164807,-0.780285,-23.798740,-27.510372,-50.112396,-0.324340,-0.525082,-0.020541,-0.127790,0.0690
-0.569612,-0.673606,-0.138900,-0.000000,1.533549,-0.432657,-23.896044,-27.510372,-50.112396,-0.332358,-0.524471,0.011240,-0.131876,0.0420
-0.569612,-0.673606,-0.138900,-0.000000,1.240921,-0.514886,-24.229492,-27.510372,-50.112396,-0.347451,-0.525289,0.066158,-0.125212,0.0870
-0.569612,-0.673606,-0.138900,-0.000000,0.704654,0.238158,-25.570120,-27.510372,-50.112396,-0.366387,-0.525702,0.080180,-0.092829,0.1020
-0.569612,-0.673606,-0.138900,-0.000000,0.151472,0.912696,-30.263165,-27.510372,-50.112396,-0.389032,-0.527456,0.004680,0.024945,0.1150
-0.569612,-0.000000,-0.000000,0.149189,0.278737,0.730760,-34.457920,-27.510371,-50.112393,-0.396732,-0.505920,-0.022710,0.184551,0.1630
-0.569612,-0.000000,-0.000000,0.149189,0.014766,0.670800,-37.140938,-27.510371,-50.112393,-0.399554,-0.476350,0.010072,0.248667,0.1530
-0.569612,-0.000000,-0.000000,0.149189,0.606985,0.921048,-40.418526,-27.510371,-50.112393,-0.401971,-0.449310,0.045388,0.287351,0.1330
-0.569612,-0.000000,-0.000000,0.149189,0.304419,1.153170,-41.868786,-27.510371,-50.112393,-0.403047,-0.438830,0.053698,0.334668,0.0600
-0.569612,-0.000000,-0.000000,0.149189,-0.808386,0.581904,-44.264530,-27.510371,-50.112393,-0.404402,-0.422835,0.025636,0.342266,0.0790
-0.569612,-0.000000,-0.000000,0.149189,-1.148387,-0.008178,-47.363873,-27.510371,-50.112393,-0.406106,-0.402884,-0.055025,0.300902,0.1050
-0.569612,-0.000000,-0.000000,0.149189,-1.003421,-0.323939,-48.468098,-27.510371,-50.112393,-0.406738,-0.395238,-0.088969,0.271276,0.0400
-0.569612,-0.000000,-0.000000,0.149189,-1.261510,-0.263817,-49.317471,-27.510371,-50.112393,-0.407270,-0.388247,-0.123979,0.254803,0.0410
-0.569612,-0.000000,-0.000000,0.149189,-1.265189,-0.265674,-49.317471,-27.510371,-50.112393,-0.407270,-0.388247,-0.123979,0.254803,0.0400
-0.569612,-0.000000,-0.000000,0.149189,-1.265189,-0.265674,-49.317471,-27.510371,-50.112393,-0.407270,-0.388247,-0.123979,0.254803,0.0400
-0.569612,-0.000000,-0.000000,0.149189,-1.265189,-0.265674,-49.317471,-27.510371,-50.112393,-0.407270,-0.388247,-0.123979,0.254803,0.0410
-0.569612,-0.000000,-0.000000,0.149189,-1.265189,-0.265674,-49.317471,-27.510371,-50.112393,-0.407270,-0.388247,-0.123979,0.254803,0.0400
-0.569612,-0.000000,-0.000000,0.149189,-1.265189,-0.265674,-49.317471,-27.510371,-50.112393,-0.407270,-0.388247,-0.123979,0.254803,0.0410
-0.189871,-0.000000,0.180056,0.000000,0.482293,0.615867,-49.060196,-27.510371,-50.112391,-0.415477,-0.336114,0.051625,0.149975,0.0800
-0.189871,-0.000000,0.180056,0.000000,0.638884,0.969225,-49.034134,-27.510371,-50.112391,-0.398582,-0.343285,0.140833,0.111281,0.0410
-0.189871,-0.000000,0.180056,0.000000,1.113453,0.630190,-49.034168,-27.510371,-50.112391,-0.398105,-0.343432,0.143701,0.110596,0.0410
-0.189871,-0.000000,0.180056,0.000000,1.113453,0.630190,-49.034168,-27.510371,-50.112391,-0.398105,-0.343432,0.143701,0.110596,0.0410
-0.189871,-0.000000,0.180056,0.000000,1.113453,0.630190,-49.034168,-27.510371,-50.112391,-0.398105,-0.343432,0.143701,0.110596,0.0400
-0.189871,-0.000000,0.180056,0.000000,1.113453,0.630190,-49.034168,-27.510371,-50.112391,-0.398105,-0.343432,0.143701,0.110596,0.0400
-0.189871,-0.000000,0.180056,0.000000,1.113453,0.630190,-49.034168,-27.510371,-50.112391,-0.398105,-0.343432,0.143701,0.110596,0.0400
-0.189871,-0.000000,0.180056,0.000000,1.113453,0.630190,-47.806484,-27.510371,-50.112391,-0.358401,-0.302042,0.153770,0.247819,0.0430
-0.189871,-0.000000,0.180056,0.000000,-0.115524,3.256514,-47.470570,-27.510371,-50.112391,-0.342456,-0.339403,0.169163,0.136720,0.0680
-0.189871,-0.000000,0.180056,0.000000,0.123303,3.423755,-47.337994,-27.510371,-50.112391,-0.334017,-0.348133,0.169218,0.187664,0.0400
-0.189871,-0.000000,0.180056,0.000000,-0.021950,3.429594,-47.300907,-27.510371,-50.112391,-0.330697,-0.351551,0.171217,0.211817,0.0410
-0.189871,-0.000000,0.180056,0.000000,-0.021950,3.429594,-47.300907,-27.510371,-50.112391,-0.330697,-0.351551,0.171217,0.211817,0.0400
-0.189871,-0.000000,0.180056,0.000000,-0.021950,3.429594,-47.300907,-27.510371,-50.112391,-0.330697,-0.351551,0.171217,0.211817,0.0410
-0.189871,-0.000000,0.180056,0.000000,-0.021950,3.429594,-47.300907,-27.510371,-50.112391,-0.330697,-0.351551,0.171217,0.211817,0.0410
-0.189871,-0.000000,0.180056,0.000000,-0.021950,3.429594,-47.300907,-27.510371,-50.112391,-0.330697,-0.351551,0.171217,0.211817,0.0400
-0.189871,-0.000000,0.180056,0.000000,-0.021950,3.429594,-47.300907,-27.510371,-50.112391,-0.330697,-0.351551,0.171217,0.211817,0.0400
-0.189871,-0.000000,0.180056,0.000000,-0.021950,3.429594,-47.300907,-27.510371,-50.112391,-0.330697,-0.351551,0.171217,0.211817,0.0410
-0.189871,-0.000000,0.180056,0.000000,-0.021950,3.429594,-47.300907,-27.510371,-50.112391,-0.330697,-0.351551,0.171217,0.211817,0.0400
-0.189871,-0.000000,0.180056,0.000000,-0.021950,3.429594,-47.300907,-27.510371,-50.112391,-0.330697,-0.351551,0.171217,0.211817,0.0590
-0.189871,-0.000000,0.180056,0.000000,-0.021950,3.429594,-47.300907,-27.510371,-50.112391,-0.330697,-0.351551,0.171217,0.211817,0.0400
-0.189871,-0.000000,0.180056,0.000000,2.325978,0.747843,-48.063869,-27.510371,-50.112391,-0.252068,-0.306040,0.263566,0.033632,0.0740
-0.569612,0.673605,-0.133897,0.237514,2.524911,0.547421,-48.071819,-27.510373,-50.112386,-0.292297,-0.280420,0.206522,0.117102,0.0400
-0.569612,0.673605,-0.133897,0.237514,2.401068,0.249662,-48.076099,-27.510373,-50.112386,-0.308677,-0.270011,0.193168,0.143972,0.0540
-0.569612,0.673605,-0.133897,0.237514,2.096892,0.607828,-48.129639,-27.510373,-50.112386,-0.333811,-0.241734,0.158479,0.236976,0.0720
-0.569612,0.673605,-0.133897,0.237514,2.201986,0.399011,-48.168167,-27.510373,-50.112386,-0.353735,-0.227499,0.136458,0.255777,0.0440
-0.569612,0.673605,-0.133897,0.237514,2.199799,0.340495,-48.213181,-27.510373,-50.112386,-0.365146,-0.217592,0.140279,0.258768,0.0410
-0.569612,0.673605,-0.133897,0.237514,2.199799,0.340495,-48.213181,-27.510373,-50.112386,-0.365146,-0.217592,0.140279,0.258768,0.0450
-0.569612,0.673605,-0.133897,0.237514,1.702138,-0.147911,-48.675678,-27.510373,-50.112386,-0.360006,-0.184219,0.101687,0.270229,0.0590
-0.569612,0.673605,-0.133897,0.237514,1.659494,-0.061240,-48.981136,-27.510373,-50.112386,-0.389602,-0.155315,0.014576,0.246234,0.0710
-0.569612,0.673605,-0.133897,0.237514,1.162453,0.127065,-48.947163,-27.510373,-50.112386,-0.423656,-0.102049,0.081326,0.232493,0.1870
-0.569612,0.673605,-0.133897,0.237514,1.119463,0.258828,-48.699032,-27.510373,-50.112386,-0.435631,-0.082511,0.083499,0.248489,0.0680
-0.569612,0.673605,-0.133897,0.237514,0.523710,1.109420,-48.423809,-27.510373,-50.112386,-0.447059,-0.062495,0.065075,0.288164,0.0630
-0.569612,0.673605,-0.133897,0.237514,0.150817,1.335528,-48.363285,-27.510373,-50.112386,-0.453955,-0.050429,0.052296,0.332631,0.0410
-0.569612,0.673605,-0.133897,0.237514,0.348578,1.053234,-48.602974,-27.510373,-50.112386,-0.460252,-0.039457,0.037313,0.361151,0.0760
-0.569612,0.673605,-0.133897,0.237514,0.348578,1.053234,-48.602974,-27.510373,-50.112386,-0.460252,-0.039457,0.037313,0.361151,0.0400
-0.569612,0.673605,-0.133897,0.237514,0.348578,1.053234,-48.602974,-27.510373,-50.112386,-0.460252,-0.039457,0.037313,0.361151,0.0410
-0.189871,0.673605,0.241789,0.000000,1.284506,0.448257,-52.187096,-27.510371,-50.112384,-0.453751,0.010034,0.085265,0.191359,0.0620
-0.189871,0.673605,0.241789,0.000000,1.071082,0.077098,-53.029419,-27.510371,-50.112384,-0.431377,0.003784,0.216826,0.105530,0.0700
-0.189871,0.673605,0.241789,0.000000,1.122549,0.163118,-53.737057,-27.510371,-50.112384,-0.409350,0.005674,0.298984,0.073914,0.0840
-0.189871,0.673605,0.241789,0.000000,0.964059,0.010000,-53.960331,-27.510371,-50.112384,-0.399770,0.007251,0.321483,0.066040,0.0410
-0.189871,0.673605,0.241789,0.000000,0.949645,-1.014385,-54.362495,-27.510371,-50.112384,-0.379441,0.011830,0.343569,0.011172,0.0860
-0.189871,0.673605,0.241789,0.000000,0.332415,-0.939727,-55.340534,-27.510371,-50.112384,-0.362127,0.016619,0.354541,-0.046218,0.0720
-0.189871,0.673605,0.241789,0.000000,0.286870,-0.876556,-56.491558,-27.510371,-50.112384,-0.337617,0.023386,0.326606,-0.094461,0.0990
-0.189871,0.673605,0.241789,0.000000,0.457743,-0.806961,-56.626713,-27.510371,-50.112384,-0.323489,0.027471,0.323753,-0.113979,0.0570
-0.189871,0.673605,0.241789,0.000000,0.787008,-0.217352,-56.561615,-27.510371,-50.112384,-0.297840,0.034074,0.354648,-0.114970,0.1020
-0.189871,0.673605,0.241789,0.000000,0.745823,-0.581226,-56.310299,-27.510371,-50.112384,-0.230437,0.048291,0.421100,-0.080746,0.2700
-0.189871,0.673605,0.241789,0.000000,0.561990,-0.120687,-56.210178,-27.510371,-50.112384,-0.219990,0.051198,0.427172,-0.080489,0.0440
-0.189871,0.673605,0.241789,0.000000,0.488385,0.511362,-56.070496,-27.510371,-50.112384,-0.210280,0.053893,0.421571,-0.055655,0.0400
-0.189871,0.673605,0.000000,0.000000,0.011807,1.170289,-55.784801,-27.510371,-50.112384,-0.206895,0.056965,0.363805,0.007765,0.0740
-0.189871,0.673605,0.000000,0.000000,0.142105,1.430424,-55.578251,-27.510371,-50.112384,-0.208805,0.060175,0.303610,0.080091,0.0680
-0.189871,0.673605,0.000000,0.000000,0.552942,1.429986,-55.432922,-27.510371,-50.112384,-0.196215,0.066099,0.240275,0.164070,0.0690
-0.189871,0.673605,0.000000,0.000000,0.395551,1.079774,-55.464359,-27.510371,-50.112384,-0.199510,0.068505,0.118940,0.183797,0.1120
-0.189871,0.673605,0.000000,0.000000,0.248873,0.343591,-55.883514,-27.510371,-50.112384,-0.200513,0.071547,0.080818,0.191327,0.0830
-0.189871,0.673605,0.000000,0.000000,0.052352,0.052863,-56.577660,-27.510371,-50.112384,-0.200793,0.076168,0.053078,0.145391,0.1230
-0.189871,0.673605,0.000000,0.000000,-0.175693,0.110064,-57.551079,-27.510371,-50.112384,-0.200447,0.090349,-0.033320,0.020664,0.2820
-0.189871,0.673605,0.000000,0.000000,0.104861,0.361880,-57.454670,-27.510371,-50.112384,-0.200321,0.092497,-0.024068,0.025109,0.0400
-0.189871,0.673605,0.000000,0.000000,0.214008,0.661804,-57.285931,-27.510371,-50.112384,-0.200801,0.095825,-0.018577,0.040994,0.0740
-0.189871,0.673605,0.000000,0.000000,0.174759,0.427437,-57.059429,-27.510371,-50.112384,-0.200761,0.101838,0.026921,0.058764,0.1330
-0.189871,0.673605,0.000000,0.000000,0.791913,-0.193864,-56.922535,-27.510371,-50.112384,-0.200833,0.105254,0.053706,0.048016,0.0730
-0.189871,0.673605,0.000000,0.000000,0.778157,0.047893,-56.839760,-27.510371,-50.112384,-0.201220,0.107385,0.081259,0.031483,0.0410
-0.189871,0.673605,0.000000,0.000000,0.794426,-0.059470,-56.702496,-27.510371,-50.112384,-0.197273,0.110046,0.105390,0.013562,0.0800
-0.189871,0.673605,0.000000,0.000000,1.123490,-0.335739,-56.629349,-27.510371,-50.112384,-0.198973,0.112897,0.111853,-0.009060,0.0600
-0.189871,0.673605,0.000000,0.000000,1.074444,-0.463310,-56.590084,-27.510371,-50.112384,-0.199753,0.116056,0.135092,-0.037672,0.0400
-0.189871,0.673605,0.000000,0.000000,1.001317,-0.322544,-56.504753,-27.510371,-50.112384,-0.201099,0.120487,0.165101,-0.052608,0.1160
-0.189871,0.673605,0.000000,0.000000,0.744276,0.101215,-56.470943,-27.510371,-50.112384,-0.202270,0.123255,0.176426,-0.044914,0.0520
-0.189871,0.673605,0.000000,0.000000,0.978961,-0.300705,-56.467049,-27.510371,-50.112384,-0.203394,0.125543,0.178405,-0.040840,0.0410
-0.189871,0.673605,0.000000,0.000000,1.224701,-0.461203,-56.465275,-27.510371,-50.112384,-0.203601,0.125997,0.182299,-0.043140,0.0450
-0.189871,0.673605,0.000000,0.000000,1.224701,-0.461203,-56.465275,-27.510371,-50.112384,-0.203601,0.125997,0.182299,-0.043140,0.0410
-0.189871,0.673605,0.000000,0.000000,0.558051,0.104925,-56.461689,-27.510371,-50.112384,-0.194532,0.127308,0.096351,-0.011745,0.0910
-0.189871,0.673605,0.000000,0.000000,0.596643,-0.145441,-56.496521,-27.510371,-50.112384,-0.196643,0.129758,0.086556,-0.010883,0.0410
-0.189871,0.673605,0.000000,0.000000,0.348197,-0.247574,-56.570358,-27.510371,-50.112384,-0.194438,0.130766,0.085664,-0.031092,0.0690
-0.189871,0.673605,0.000000,0.000000,0.096172,-0.341197,-56.640942,-27.510371,-50.112384,-0.196076,0.133910,0.062765,-0.029154,0.0550
-0.189871,0.673605,0.000000,0.000000,-0.066471,-0.221253,-56.686543,-27.510371,-50.112384,-0.196943,0.136437,0.049543,-0.028252,0.0410
-0.189871,0.673605,0.000000,0.000000,-0.074312,-0.225535,-56.690228,-27.510371,-50.112384,-0.197002,0.136669,0.048032,-0.028432,0.0400
-0.189871,0.673605,0.000000,0.000000,-0.074312,-0.225535,-56.690228,-27.510361,-50.112362,-0.197002,0.136669,0.048032,-0.028432,0.0700
-0.189871,0.673605,0.000000,0.000000,-0.074312,-0.225535,-56.690228,-27.510361,-50.112362,-0.197002,0.136669,0.048032,-0.028432,0.0400
-0.189871,0.673605,0.000000,0.000000,-0.074312,-0.225535,-56.690228,-27.510361,-50.112362,-0.197002,0.136669,0.048032,-0.028432,0.0400
-0.189871,0.673605,0.000000,0.000000,-0.074312,-0.225535,-56.690228,-27.510361,-50.112362,-0.197002,0.136669,0.048032,-0.028432,0.0400
0.759482,3.031225,0.290161,0.720585,0.206627,-0.283956,-56.670597,-27.510361,-50.112362,-0.143484,0.250411,0.261464,0.642005,0.0560
0.759482,3.031225,0.290161,0.720585,-0.366999,-0.019788,-56.599136,-27.510361,-50.112362,-0.110969,0.337962,0.281198,0.692077,0.0840
0.759482,3.031225,0.290161,0.720585,-0.026849,0.138996,-56.487278,-27.510361,-50.112362,-0.077615,0.424612,0.283020,0.700109,0.0910
0.759482,3.031225,0.290161,0.720585,0.010491,0.219627,-56.285606,-27.510361,-50.112362,-0.042722,0.514994,0.283981,0.718858,0.0980
0.759482,3.031225,0.290161,0.720585,-0.154794,0.502352,-56.197895,-27.510361,-50.112362,-0.026841,0.556071,0.284264,0.732400,0.0400
0.759482,3.031225,0.290161,0.720585,0.026404,0.561952,-55.903912,-27.510361,-50.112362,0.047513,0.748363,0.305680,0.798329,0.2110
0.759482,3.031225,0.290161,0.720585,0.023410,0.764306,-55.829159,-27.510361,-50.112362,0.077252,0.825445,0.320536,0.824588,0.0910
0.759482,3.031225,0.290161,0.720585,-0.142117,0.305427,-55.822712,-27.510361,-50.112362,0.092377,0.864675,0.316173,0.823237,0.0400
0.759482,3.031225,0.290161,0.720585,0.540739,0.398735,-55.820862,-27.510361,-50.112362,0.099616,0.883484,0.321938,0.823033,0.0410
0.759482,3.031225,0.290161,0.720585,0.540739,0.398735,-55.820862,-27.510361,-50.112362,0.099616,0.883484,0.321938,0.823033,0.0410
2.088576,4.041634,0.876409,0.666267,0.157998,0.153677,-55.960854,-27.510349,-50.112350,0.493186,1.252497,0.885668,0.695721,0.3300
2.088576,4.041634,0.876409,0.666267,-0.055349,-0.404464,-56.273251,-27.510349,-50.112350,0.647632,1.388282,0.880275,0.671250,0.1850
2.088576,4.041634,0.876409,0.666267,0.039525,-0.084521,-56.627377,-27.510349,-50.112350,0.693503,1.429403,0.884403,0.659806,0.0410
2.088576,4.041634,0.876409,0.666267,-0.041658,-0.453661,-57.569641,-27.510349,-50.112350,0.791953,1.514599,0.872621,0.642609,0.1020
2.088576,4.041634,0.876409,0.666267,-0.156620,-0.380286,-58.465046,-27.510349,-50.112350,0.881633,1.593875,0.859254,0.649664,0.0920
2.088576,4.041634,0.876409,0.666267,-0.512467,0.230868,-58.896530,-27.510349,-50.112350,0.921693,1.629589,0.857931,0.636943,0.0410
2.088576,4.041634,0.876409,0.666267,-0.094523,-0.110999,-59.075958,-27.510349,-50.112350,0.938195,1.644210,0.851776,0.641606,0.0400
2.088576,4.041634,0.876409,0.666267,-0.852187,-0.435101,-60.238811,-27.510349,-50.112350,1.037042,1.727220,0.831171,0.656297,0.0820
2.088576,4.041634,0.876409,0.666267,-0.637950,0.455039,-60.717560,-27.510349,-50.112350,1.075043,1.760687,0.813815,0.659537,0.0400
2.088576,4.041634,0.876409,0.666267,-0.678887,-0.241845,-60.960251,-27.510349,-50.112350,1.091469,1.775091,0.808832,0.663525,0.0400
2.088576,4.041634,0.876409,0.666267,-0.678887,-0.241845,-60.960251,-27.510335,-50.112327,1.091469,1.775091,0.808832,0.663525,0.0400
2.088576,4.041634,0.876409,0.666267,-0.678887,-0.241845,-60.960251,-27.510335,-50.112327,1.091469,1.775091,0.808832,0.663525,0.0400
3.607541,6.399255,0.894385,1.388196,-0.351410,0.196989,-64.474007,-27.510335,-50.112327,1.241426,1.958151,0.837378,1.209840,0.0530
3.607541,6.399255,0.894385,1.388196,-0.649807,0.036184,-65.814133,-27.510335,-50.112327,1.315085,2.078929,0.856785,1.353677,0.0720
3.607541,6.399255,0.894385,1.388196,-0.412682,0.096576,-66.569244,-27.510335,-50.112327,1.355355,2.142774,0.853819,1.363406,0.0410
3.607541,6.399255,0.894385,1.388196,-0.412682,0.096576,-66.569244,-27.510335,-50.112327,1.355355,2.142774,0.853819,1.363406,0.0400
3.607541,6.399255,0.894385,1.388196,-0.410437,0.100489,-68.856300,-27.510335,-50.112327,1.466471,2.319215,0.860393,1.405728,0.0410
3.607541,6.399255,0.894385,1.388196,-0.088498,0.586889,-70.731972,-27.510335,-50.112327,1.574042,2.487134,0.873052,1.421095,0.1230
3.607541,6.399255,0.894385,1.388196,-0.161558,-0.018237,-74.633194,-27.510335,-50.112327,1.893613,2.997422,0.882461,1.402987,0.3080
3.607541,6.399255,0.894385,1.388196,0.235906,-0.068647,-75.498978,-27.510335,-50.112327,1.935990,3.065426,0.882546,1.396125,0.0420
3.607541,6.399255,0.894385,1.388196,-0.066105,0.253594,-76.866974,-27.510335,-50.112327,2.000593,3.168775,0.894941,1.400107,0.0400
3.987282,8.420073,0.315429,1.678576,0.377703,0.248132,-80.478378,-27.510332,-50.112306,2.150492,3.477143,0.808890,1.455257,0.1820
3.987282,8.420073,0.315429,1.678576,-0.148377,-0.124637,-82.800133,-27.510332,-50.112306,2.347134,4.368676,0.443768,1.633293,0.4460
3.987282,8.420073,0.315429,1.678576,0.137696,0.081162,-82.818764,-27.510332,-50.112306,2.413822,4.673608,0.392821,1.642006,0.1740
3.987282,8.420073,0.315429,1.678576,0.140082,0.023367,-82.647194,-27.510332,-50.112306,2.496388,5.049999,0.365442,1.671217,0.1920
3.987282,10.440890,-0.000000,1.810844,0.399302,-0.169066,-82.535263,-27.510333,-50.112284,2.571386,5.577885,0.303634,1.718653,0.2660
3.987282,10.440890,-0.000000,1.810844,0.424126,0.030076,-82.939476,-27.510333,-50.112284,2.581656,5.814158,0.245979,1.733204,0.1090
3.987282,10.440890,-0.000000,1.810844,0.303760,0.315934,-84.215126,-27.510333,-50.112284,2.590610,5.955894,0.212328,1.742378,0.0700
3.987282,10.440890,-0.000000,1.810844,0.053733,0.714856,-85.624428,-27.510333,-50.112284,2.595815,6.083186,0.167088,1.767475,0.0600
3.987282,10.440890,-0.000000,1.810844,0.158292,-0.423470,-86.597733,-27.510333,-50.112284,2.599186,6.166646,0.141448,1.768804,0.0410
3.987282,10.440890,-0.000000,1.810844,0.427800,0.557489,-88.711540,-27.510333,-50.112284,2.607285,6.338250,0.119658,1.784963,0.0830
3.987282,10.440890,-0.000000,1.810844,0.147443,0.043425,-89.801064,-27.510333,-50.112284,2.610965,6.426866,0.111455,1.786576,0.0420
3.987282,10.440890,-0.000000,1.810844,0.226792,0.560055,-90.216637,-27.510333,-50.112284,2.612393,6.460792,0.106527,1.790016,0.0410
3.987282,10.440890,-0.000000,1.810844,-0.038658,-0.152280,-92.612724,-27.510333,-50.112284,2.620319,6.632471,0.087506,1.820647,0.0640
3.987282,10.440890,-0.000000,1.810844,0.220388,0.267696,-94.083046,-27.510333,-50.112284,2.624631,6.745097,0.061208,1.819708,0.0540
3.987282,10.440890,-0.000000,1.810844,0.360148,-0.021108,-94.959206,-27.510333,-50.112284,2.627410,6.811371,0.058840,1.821344,0.0400
3.987282,10.440890,-0.000000,1.810844,0.360148,-0.021108,-96.714722,-27.510333,-50.112284,2.631747,6.930076,0.078314,1.826945,0.0420
3.987282,10.440890,-0.000000,1.810844,-0.216445,0.235675,-98.607109,-27.510333,-50.112284,2.636331,7.064910,0.033405,1.822977,0.0720
3.987282,10.440890,-0.000000,1.810844,0.226428,0.021514,-99.709511,-27.510333,-50.112284,2.639697,7.142651,0.026165,1.832307,0.0400
3.987282,10.440890,-0.000000,1.810844,0.229171,-0.037309,-100.047112,-27.510333,-50.112284,2.640820,7.167302,0.026725,1.830183,0.0410
3.987282,10.440890,-0.000000,1.810844,0.229171,-0.037309,-100.047112,-27.510333,-50.112284,2.640820,7.167302,0.026725,1.830183,0.0410
3.987282,10.440890,-0.000000,1.810844,0.229171,-0.037309,-100.047112,-27.510333,-50.112262,2.640820,7.167302,0.026725,1.830183,0.0400
3.987282,10.440890,-0.000000,1.810844,0.229171,-0.037309,-100.047112,-27.510333,-50.112262,2.640820,7.167302,0.026725,1.830183,0.0400
3.987282,10.440890,-0.000000,1.810844,0.229171,-0.037309,-100.047112,-27.510333,-50.112262,2.640820,7.167302,0.026725,1.830183,0.0400
3.987282,10.440890,-0.000000,1.810844,0.229171,-0.037309,-100.047112,-27.510333,-50.112262,2.640820,7.167302,0.026725,1.830183,0.0400
3.987282,10.440890,-0.000000,1.810844,0.229171,-0.037309,-100.047112,-27.510333,-50.112262,2.640820,7.167302,0.026725,1.830183,0.0400
3.987282,10.440890,-0.000000,1.810844,0.229171,-0.037309,-100.047112,-27.510333,-50.112262,2.640820,7.167302,0.026725,1.830183,0.0400
3.987282,10.440890,-0.000000,1.810844,0.229171,-0.037309,-100.047112,-27.510333,-50.112262,2.640820,7.167302,0.026725,1.830183,0.0400
3.987282,10.440890,-0.000000,1.810844,0.229171,-0.037309,-100.047112,-27.510333,-50.112262,2.640820,7.167302,0.026725,1.830183,0.0410
3.987282,10.440890,-0.000000,1.810844,0.229171,-0.037309,-100.047112,-27.510333,-50.112262,2.640820,7.167302,0.026725,1.830183,0.0410
3.987282,10.440890,-0.000000,1.810844,0.229171,-0.037309,-100.047112,-27.510333,-50.112262,2.640820,7.167302,0.026725,1.830183,0.0410
3.987282,10.440890,-0.000000,1.810844,0.229171,-0.037309,-100.047112,-27.510333,-50.112262,2.640820,7.167302,0.026725,1.830183,0.0400
3.987282,10.440890,-0.000000,1.810844,0.229171,-0.037309,-100.047112,-27.510333,-50.112262,2.640820,7.167302,0.026725,1.830183,0.0400
3.987282,10.440890,-0.000000,1.810844,0.229171,-0.037309,-100.047112,-27.510333,-50.112262,2.640820,7.167302,0.026725,1.830183,0.0510
3.987282,10.440890,-0.000000,1.810844,0.229171,-0.037309,-100.047112,-27.510333,-50.112262,2.640820,7.167302,0.026725,1.830183,0.0400
3.987282,10.440890,-0.000000,1.810844,0.229171,-0.037309,-100.047112,-27.510333,-50.112262,2.640820,7.167302,0.026725,1.830183,0.0410
3.987282,10.440890,-0.000000,1.810844,0.229171,-0.037309,-100.047112,-27.510333,-50.112262,2.640820,7.167302,0.026725,1.830183,0.0410
3.987282,10.440890,-0.000000,1.810844,0.229171,-0.037309,-100.047112,-27.510333,-50.112262,2.640820,7.167302,0.026725,1.830183,0.0400
3.987282,10.440890,-0.000000,1.810844,0.229171,-0.037309,-100.047112,-27.510333,-50.112262,2.640820,7.167302,0.026725,1.830183,0.0410
3.987282,10.440890,-0.000000,1.810844,0.229171,-0.037309,-100.047112,-27.510333,-50.112262,2.640820,7.167302,0.026725,1.830183,0.0400
3.987282,10.440890,-0.000000,1.810844,0.229171,-0.037309,-100.047112,-27.510333,-50.112262,2.640820,7.167302,0.026725,1.830183,0.0400
3.987282,10.440890,-0.000000,1.810844,0.229171,-0.037309,-100.047112,-27.510333,-50.112262,2.640820,7.167302,0.026725,1.830183,0.0400
3.987282,10.440890,-0.000000,1.810844,0.229171,-0.037309,-100.047112,-27.510333,-50.112262,2.640820,7.167302,0.026725,1.830183,0.0400
3.987282,12.798511,-0.000000,1.913733,0.229171,-0.037309,-118.302567,-27.510333,-50.112262,2.664027,9.208503,0.018054,1.909456,0.0420
3.037929,14.482525,-0.848855,1.505746,0.167692,0.019585,-120.376427,-27.510339,-50.112243,2.306903,9.207556,-0.554496,1.647171,0.0860
3.037929,14.482525,-0.848855,1.505746,0.268420,0.325600,-121.844017,-27.510339,-50.112243,2.216913,9.260168,-0.650700,1.613144,0.0410
3.037929,14.482525,-0.848855,1.505746,0.804330,0.469165,-125.889702,-27.510339,-50.112243,2.104831,9.411958,-0.701636,1.580214,0.0920
3.037929,14.482525,-0.848855,1.505746,0.523156,-0.296872,-130.832520,-27.510339,-50.112243,1.999455,9.598083,-0.724202,1.538815,0.1060
3.037929,14.482525,-0.848855,1.505746,0.569642,-0.498784,-132.997192,-27.510339,-50.112243,1.957605,9.680425,-0.715481,1.528163,0.0460
3.037929,14.482525,-0.848855,1.505746,0.299383,-0.368024,-136.218826,-27.510339,-50.112243,1.896364,9.806840,-0.715372,1.506844,0.0630
3.037929,14.482525,-0.848855,1.505746,0.752886,-0.159101,-138.669022,-27.510339,-50.112243,1.857773,9.889392,-0.708283,1.504920,0.0480
3.037929,14.482525,-0.848855,1.505746,0.652901,-0.154519,-140.019577,-27.510339,-50.112243,1.833853,9.941610,-0.712348,1.495971,0.0400
3.037929,14.482525,-0.848855,1.505746,0.652901,-0.154519,-140.019577,-27.510339,-50.112243,1.833853,9.941610,-0.712348,1.495971,0.0410
3.037929,14.482525,-0.848855,1.505746,0.652901,-0.154519,-140.019577,-27.510339,-50.112243,1.833853,9.941610,-0.712348,1.495971,0.0440
3.037929,14.482525,-0.848855,1.505746,0.364248,-0.423858,-143.475235,-27.510339,-50.112243,1.674191,10.279426,-0.781485,1.484298,0.0960
3.037929,14.482525,-0.848855,1.505746,0.986604,-0.363066,-144.020844,-27.510339,-50.112243,1.596581,10.461463,-0.760817,1.470892,0.0990
3.037929,14.482525,-0.848855,1.505746,1.496876,0.446444,-144.115067,-27.510339,-50.112243,1.566557,10.533373,-0.737735,1.469228,0.0410
3.037929,14.482525,-0.848855,1.505746,1.653253,0.112639,-144.439987,-27.510339,-50.112243,1.501223,10.683372,-0.664650,1.483079,0.0830
3.037929,14.482525,-0.848855,1.505746,1.732535,0.386057,-145.062531,-27.510339,-50.112243,1.469391,10.757715,-0.642890,1.496352,0.0410
1.708835,16.166538,-1.016700,1.288199,2.599720,1.314573,-147.084183,-27.510353,-50.112227,1.409484,10.875534,-0.608380,1.499752,0.0670
1.708835,16.166538,-1.016700,1.288199,2.745403,1.461594,-150.968750,-27.510353,-50.112227,1.309252,11.031508,-0.567242,1.532458,0.0870
1.708835,16.166538,-1.016700,1.288199,1.852993,1.242725,-155.861115,-27.510353,-50.112227,1.203749,11.199766,-0.485126,1.592623,0.1160
1.708835,16.166538,-1.016700,1.288199,2.623748,0.446373,-159.696442,-27.510353,-50.112227,1.090641,11.383612,-0.389763,1.568813,0.1080
1.708835,16.166538,-1.016700,1.288199,3.006420,0.145280,-161.117264,-27.510353,-50.112227,1.005559,11.521795,-0.337315,1.509507,0.0900
1.708835,16.166538,-1.016700,1.288199,2.538901,0.045770,-161.741241,-27.510353,-50.112227,0.954237,11.604698,-0.325150,1.474343,0.0510
1.708835,16.166538,-1.016700,1.288199,2.334505,-0.108137,-162.222961,-27.510353,-50.112227,0.912301,11.672958,-0.326602,1.446311,0.0400
1.708835,16.166538,-1.016700,1.288199,2.893179,-0.049585,-162.272995,-27.510353,-50.112227,0.908198,11.679489,-0.326159,1.443741,0.0400
1.708835,16.166538,-1.016700,1.288199,2.893179,-0.049585,-162.272995,-27.510353,-50.112227,0.908198,11.679489,-0.326159,1.443741,0.0400
1.708835,16.166538,-1.016700,1.288199,1.261167,-0.437792,-167.640518,-27.510353,-50.112227,0.797568,11.903408,-0.748879,1.310535,0.0730
1.708835,16.166538,-1.016700,1.288199,0.986569,-0.475387,-169.549850,-27.510353,-50.112227,0.752887,11.969528,-0.816357,1.289625,0.0400
1.708835,16.166538,-1.016700,1.288199,0.891014,-0.632499,-170.817856,-27.510353,-50.112227,0.726048,12.011817,-0.830914,1.275520,0.0410
1.708835,16.166538,-1.016700,1.288199,0.891014,-0.632499,-170.817856,-27.510353,-50.112227,0.726048,12.011817,-0.830914,1.275520,0.0400
1.708835,16.166538,-1.016700,1.288199,0.891014,-0.632499,-170.817856,-27.510353,-50.112227,0.726048,12.011817,-0.830914,1.275520,0.0410
1.708835,16.166538,-1.016700,1.288199,0.891014,-0.632499,-170.817856,-27.510353,-50.112227,0.726048,12.011817,-0.830914,1.275520,0.0400
1.708835,16.166538,-1.016700,1.288199,1.090347,-0.892932,-179.783981,-27.510353,-50.112227,0.544321,12.275133,-0.921423,1.235725,0.0530
1.708835,16.166538,-1.016700,1.288199,0.018019,-0.813293,178.081268,-27.510353,-50.112227,0.481426,12.372886,-0.955115,1.246682,0.0610
0.189870,16.503342,-1.270683,0.281751,0.627412,-1.067934,176.681747,-27.510366,-50.112225,0.420062,12.391206,-1.025512,0.967976,0.0400
0.189870,16.503342,-1.270683,0.281751,0.586727,-1.076477,176.622726,-27.510366,-50.112225,0.417081,12.391320,-1.028558,0.954135,0.0410
0.189870,16.503342,-1.270683,0.281751,0.586727,-1.076477,176.622726,-27.510366,-50.112225,0.417081,12.391320,-1.028558,0.954135,0.0400
0.189870,16.503342,-1.270683,0.281751,0.586727,-1.076477,176.622726,-27.510366,-50.112225,0.417081,12.391320,-1.028558,0.954135,0.0410
0.189870,16.503342,-1.270683,0.281751,0.586727,-1.076477,176.622726,-27.510366,-50.112225,0.417081,12.391320,-1.028558,0.954135,0.0410
0.189870,16.503342,-1.270683,0.281751,0.586727,-1.076477,176.622726,-27.510366,-50.112225,0.417081,12.391320,-1.028558,0.954135,0.0410
0.189870,16.503342,-1.270683,0.281751,0.586727,-1.076477,176.622726,-27.510366,-50.112225,0.417081,12.391320,-1.028558,0.954135,0.0410
0.189870,16.503342,-1.270683,0.281751,0.586727,-1.076477,176.622726,-27.510366,-50.112225,0.417081,12.391320,-1.028558,0.954135,0.0400
0.189870,16.503342,-1.270683,0.281751,0.579244,-1.073876,169.440765,-27.510366,-50.112225,0.004277,12.623702,-1.230033,0.326648,0.0420
0.189870,16.503342,-1.270683,0.281751,0.716093,-0.580064,168.138489,-27.510366,-50.112225,-0.088772,12.660450,-1.251263,0.262073,0.0780
0.189870,16.503342,-1.270683,0.281751,0.291605,-0.718016,167.335831,-27.510366,-50.112225,-0.144325,12.688035,-1.243317,0.244061,0.0450
0.189870,16.503342,-1.270683,0.281751,0.510427,-0.772905,165.826614,-27.510366,-50.112225,-0.248911,12.730064,-1.243724,0.223381,0.0810
0.189870,16.503342,-1.270683,0.281751,0.288441,-0.659200,164.095612,-27.510366,-50.112225,-0.368128,12.788554,-1.247439,0.203421,0.0950
0.189870,16.503342,-1.270683,0.281751,0.174712,-0.679180,163.054901,-27.510366,-50.112225,-0.437500,12.822368,-1.240990,0.186403,0.0570
0.189870,16.503342,-1.270683,0.281751,0.442540,-0.875332,161.243317,-27.510366,-50.112225,-0.555514,12.878064,-1.236586,0.158086,0.0950
0.189870,16.503342,-1.270683,0.281751,0.018543,-0.710046,159.342010,-27.510366,-50.112225,-0.676351,12.934014,-1.231640,0.148944,0.0990
0.189870,16.503342,-1.325930,-0.294001,0.567118,-0.963066,158.411514,-27.510380,-50.112230,-0.736891,12.962492,-1.228949,0.134050,0.0520
-1.329095,16.166538,-1.325930,-0.294001,0.404591,-0.941912,157.492828,-27.510380,-50.112230,-0.844266,12.954908,-1.226955,-0.024696,0.0780
-1.329095,16.166538,-1.325930,-0.294001,0.302962,-0.927579,157.315079,-27.510380,-50.112230,-0.881475,12.952635,-1.226851,-0.073064,0.0410
-1.329095,16.166538,-1.325930,-0.294001,-0.763184,-0.420200,160.419540,-27.510380,-50.112230,-1.121611,12.936596,-1.301228,-0.286700,0.1620
-1.329095,16.166538,-1.325930,-0.294001,-0.494643,-0.634157,166.154999,-27.510380,-50.112230,-1.244702,12.930922,-1.318480,-0.341337,0.0920
-1.329095,16.166538,-1.325930,-0.294001,0.258416,-0.623015,169.465729,-27.510380,-50.112230,-1.305920,12.929141,-1.315190,-0.363300,0.0480
-1.329095,16.166538,-1.325930,-0.294001,-0.538890,-0.400433,173.660629,-27.510380,-50.112230,-1.385249,12.920370,-1.327425,-0.367486,0.0580
-1.329095,16.166538,-1.325930,-0.294001,-0.127601,0.160731,176.480667,-27.510380,-50.112230,-1.453775,12.917925,-1.336008,-0.364470,0.0540
-1.329095,16.166538,-1.325930,-0.294001,-0.021667,0.027090,177.874847,-27.510380,-50.112230,-1.502294,12.917260,-1.336608,-0.349776,0.0410
-1.329095,16.166538,-1.325930,-0.294001,-0.021702,0.027082,177.874847,-27.510380,-50.112230,-1.502294,12.917260,-1.336608,-0.349776,0.0410
-1.329095,16.166538,-1.325930,-0.294001,-0.152079,-0.522746,179.235962,-27.510380,-50.112230,-1.644555,12.888400,-1.348324,-0.343133,0.0560
-1.329095,16.166538,-1.325930,-0.294001,-0.270379,-0.479989,179.756546,-27.510380,-50.112230,-1.716503,12.886899,-1.349409,-0.337628,0.0590
-1.329095,16.166538,-1.325930,-0.294001,-0.515581,-0.448643,-179.964554,-27.510380,-50.112230,-1.767750,12.886272,-1.356948,-0.340911,0.0400
-1.329095,16.166538,-1.325930,-0.294001,-0.486018,-0.412568,-179.964554,-27.510380,-50.112230,-1.767750,12.886272,-1.356948,-0.340911,0.0400
-1.329095,16.166538,-1.325930,-0.294001,-0.486018,-0.412568,-179.964554,-27.510380,-50.112230,-1.767750,12.886272,-1.356948,-0.340911,0.0410
-1.329095,16.166538,-1.325930,-0.294001,-0.629496,-0.568192,177.106949,-27.510380,-50.112230,-1.974558,12.842094,-1.345769,-0.334777,0.0630
-1.329095,16.166538,-1.325930,-0.294001,0.245834,-0.566565,175.001953,-27.510380,-50.112230,-2.049819,12.841787,-1.338194,-0.328704,0.0590
-3.037930,13.808919,-1.207646,-1.666146,0.136973,-0.348643,173.059540,-27.510395,-50.112250,-2.099719,12.760305,-1.298789,-0.705723,0.0410
-3.037930,13.808919,-1.207646,-1.666146,-0.197529,-0.347294,167.652878,-27.510395,-50.112250,-2.221232,12.600151,-1.250293,-1.139521,0.0950
-3.037930,13.808919,-1.207646,-1.666146,0.105803,-0.219559,162.325348,-27.510395,-50.112250,-2.333697,12.447949,-1.253870,-1.353196,0.0900
-3.037930,13.808919,-1.207646,-1.666146,1.913952,-2.037466,143.198105,-27.510395,-50.112250,-2.726576,11.954751,-0.940061,-1.829708,0.2790
-3.037930,13.808919,-1.207646,-1.666146,1.176050,-1.356153,126.778900,-27.510395,-50.112250,-3.038478,11.565727,-0.857119,-1.928735,0.2650
-4.936637,11.788103,-1.704955,-1.814604,0.889610,-0.810680,107.786629,-27.510411,-50.112271,-3.701618,10.836590,-1.257809,-1.972789,0.4260
-4.936637,11.788103,-1.704955,-1.814604,0.301487,-1.476732,90.146851,-27.510411,-50.112271,-4.146278,10.400568,-1.346277,-2.037339,0.2900
-4.936637,11.788103,-1.704955,-1.814604,0.010577,-0.495052,86.110680,-27.510411,-50.112271,-4.246796,10.303015,-1.389861,-2.025680,0.0580
-4.936637,11.788103,-1.704955,-1.814604,-0.487348,-0.672427,83.252121,-27.510411,-50.112271,-4.323159,10.230497,-1.439369,-2.023532,0.0400
-4.936637,11.788103,-1.704955,-1.814604,-0.529227,-0.631993,82.712616,-27.510411,-50.112271,-4.338801,10.215057,-1.451476,-2.023266,0.0420
-4.936637,11.788103,-1.704955,-1.814604,-0.529227,-0.631993,82.712616,-27.510411,-50.112271,-4.338801,10.215057,-1.451476,-2.023266,0.0400
-4.936637,11.788103,-1.704955,-1.814604,-0.529227,-0.631993,82.712616,-27.510411,-50.112271,-4.338801,10.215057,-1.451476,-2.023266,0.0410
-4.936637,11.788103,-1.704955,-1.814604,-0.529227,-0.631993,82.712616,-27.510411,-50.112271,-4.338801,10.215057,-1.451476,-2.023266,0.0410
-4.936637,11.788103,-1.704955,-1.814604,0.264305,-0.967495,66.274170,-27.510411,-50.112271,-4.792987,9.686156,-1.674131,-1.861854,0.1090
-4.936637,11.788103,-1.704955,-1.814604,0.368546,-1.026601,59.754429,-27.510411,-50.112271,-4.962959,9.529031,-1.679131,-1.900690,0.1000
-6.075861,9.430485,-1.132547,-2.343802,0.293368,-0.989987,53.275471,-27.510421,-50.112297,-5.066687,9.337783,-1.533632,-2.097659,0.0850
-6.075861,9.430485,-1.132547,-2.343802,-0.234130,-1.040794,50.065548,-27.510421,-50.112297,-5.112866,9.231464,-1.457331,-2.190571,0.0430
-6.075861,9.430485,-1.132547,-2.343802,-0.755725,-0.580198,36.093964,-27.510421,-50.112297,-5.396816,8.654844,-1.338393,-2.394801,0.1730
-6.075861,9.430485,-1.132547,-2.343802,-0.472587,-0.797962,15.975356,-27.510421,-50.112297,-6.039813,7.396701,-1.254282,-2.553776,0.6090
-5.506250,5.725655,0.421370,-2.740652,-0.310210,-0.426609,6.918548,-27.510418,-50.112332,-6.118429,7.051008,-1.024770,-2.604455,0.1680
-5.506250,5.725655,0.421370,-2.740652,-0.457723,0.099214,-7.849404,-27.510418,-50.112332,-5.993918,6.286439,-0.258237,-2.683920,0.2740
-5.506250,5.725655,0.421370,-2.740652,0.826394,-0.213000,-10.198999,-27.510418,-50.112332,-5.969696,6.147659,-0.143350,-2.708021,0.0490
-5.506250,5.725655,0.421370,-2.740652,-1.776704,-0.622271,-24.195288,-27.510418,-50.112332,-5.883907,5.611310,-0.007136,-2.798487,0.1830
-5.506250,5.725655,0.421370,-2.740652,-0.526043,0.442334,-48.991840,-27.510418,-50.112332,-5.735755,4.647182,0.088508,-2.712675,0.3640
-0.759487,1.010415,2.379650,-2.363847,-0.370232,-0.476481,-51.900837,-27.510375,-50.112382,-5.623642,4.367268,0.358584,-2.716374,0.0980
-0.759487,1.010415,2.379650,-2.363847,-0.472167,-0.376538,-54.052185,-27.510375,-50.112382,-5.322749,4.072521,0.968541,-2.673716,0.1250
-0.759487,1.010415,2.379650,-2.363847,0.350134,-0.592620,-56.029152,-27.510375,-50.112382,-5.102991,3.861371,1.318473,-2.663974,0.0820
-0.759487,1.010415,2.379650,-2.363847,0.294636,-0.085697,-57.717449,-27.510375,-50.112382,-4.993125,3.757593,1.474434,-2.629673,0.0410
-0.759487,1.010415,2.379650,-2.363847,-0.557537,-0.418986,-60.069000,-27.510375,-50.112382,-4.881651,3.654198,1.595850,-2.626468,0.0410
-0.759487,1.010415,2.379650,-2.363847,-0.557537,-0.418986,-60.069000,-27.510375,-50.112382,-4.881651,3.654198,1.595850,-2.626468,0.0410
-0.759487,1.010415,2.379650,-2.363847,-2.103099,0.416934,-67.533157,-27.510375,-50.112382,-4.663078,3.370777,1.912253,-2.509554,0.0650
-0.759487,1.010415,2.379650,-2.363847,-4.231173,0.887983,-75.502419,-27.510375,-50.112382,-4.292118,3.038552,2.041866,-2.411427,0.1370
-0.759487,1.010415,2.379650,-2.363847,-2.080706,1.306556,-80.502930,-27.510375,-50.112382,-4.039345,2.802937,1.924442,-2.296306,0.0980
-0.759487,1.010415,2.379650,-2.363847,-1.723703,1.382159,-82.387901,-27.510375,-50.112382,-3.927326,2.699972,1.932166,-2.250160,0.0410
-0.759487,1.010415,2.379650,-2.363847,-1.660897,1.405607,-82.564285,-27.510375,-50.112382,-3.916553,2.689954,1.933646,-2.246699,0.0410
-0.759487,1.010415,2.379650,-2.363847,-0.929221,1.932651,-86.408951,-27.510375,-50.112382,-3.720939,2.477848,1.958453,-2.032602,0.0510
-0.759487,1.010415,2.379650,-2.363847,-1.036612,2.884340,-89.457420,-27.510375,-50.112382,-3.495279,2.261191,2.220442,-2.142309,0.0820
0.189866,-1.010402,1.141840,-2.430550,0.176902,1.703443,-95.401573,-27.510366,-50.112401,-3.146781,1.883750,2.140312,-2.032483,0.1500
0.189866,-1.010402,1.141840,-2.430550,-0.418103,1.958128,-99.150993,-27.510366,-50.112401,-3.045229,1.656173,1.830846,-2.004536,0.0850
0.189866,-1.010402,1.141840,-2.430550,-0.720441,1.920627,-101.746597,-27.510366,-50.112401,-2.975588,1.510799,1.673135,-1.986146,0.0560
0.189866,-1.010402,1.141840,-2.430550,-1.340630,1.699088,-106.277306,-27.510366,-50.112401,-2.851854,1.263670,1.435257,-1.953981,0.0940
0.189866,-1.010402,1.141840,-2.430550,-1.330838,2.033628,-110.602097,-27.510366,-50.112401,-2.728665,1.022305,1.202658,-1.916653,0.0940
0.189866,-1.010402,1.141840,-2.430550,-0.818905,1.702400,-113.181839,-27.510366,-50.112401,-2.641565,0.850987,1.131894,-1.912684,0.0660
0.189866,-1.010402,1.141840,-2.430550,0.247822,1.119637,-113.598213,-27.510366,-50.112401,-2.472800,0.521836,1.162768,-1.956941,0.1300
0.189866,-1.010402,1.141840,-2.430550,0.115202,0.993167,-111.616432,-27.510366,-50.112401,-2.402813,0.386101,1.167708,-1.976396,0.0530
0.189866,-1.010402,1.141840,-2.430550,-1.078234,0.606451,-109.429146,-27.510366,-50.112401,-2.350426,0.283466,1.144544,-2.003390,0.0410
0.189866,-1.010402,1.141840,-2.430550,-1.087706,0.599404,-109.312050,-27.510366,-50.112401,-2.347806,0.278354,1.142374,-2.005203,0.0410
0.189866,-1.010402,1.141840,-2.430550,-1.087706,0.599404,-109.312050,-27.510366,-50.112401,-2.347806,0.278354,1.142374,-2.005203,0.0450
0.189866,-1.010402,1.141840,-2.430550,0.048706,1.333202,-94.172997,-27.510366,-50.112401,-2.121574,-0.159496,1.132607,-2.299927,0.1030
0.189866,-1.010402,1.141840,-2.430550,0.213756,1.760331,-85.845726,-27.510366,-50.112401,-1.995450,-0.409920,1.151796,-2.280552,0.1000
1.139219,-2.020811,1.394963,-1.484676,0.025643,1.776282,-80.499702,-27.510357,-50.112411,-1.879150,-0.597542,1.189224,-2.108723,0.0840
1.139219,-2.020811,1.394963,-1.484676,0.176177,2.524366,-78.396317,-27.510357,-50.112411,-1.809019,-0.659668,1.236231,-1.922470,0.0440
1.139219,-2.020811,1.394963,-1.484676,1.365013,1.828990,-75.180496,-27.510357,-50.112411,-1.666419,-0.808489,1.341746,-1.634682,0.0930
1.139219,-2.020811,1.394963,-1.484676,1.708872,1.526782,-73.847099,-27.510357,-50.112411,-1.528122,-0.946068,1.475940,-1.462791,0.0890
1.139219,-2.020811,1.394963,-1.484676,1.124652,1.558742,-73.513351,-27.510357,-50.112411,-1.461726,-1.013224,1.514482,-1.402756,0.0400
1.139219,-2.020811,1.394963,-1.484676,0.969542,1.256183,-73.413017,-27.510357,-50.112411,-1.437070,-1.038291,1.522307,-1.388508,0.0400
1.139219,-2.020811,1.394963,-1.484676,0.969542,1.256183,-73.413017,-27.510357,-50.112411,-1.437070,-1.038291,1.522307,-1.388508,0.0400
1.139219,-2.020811,1.394963,-1.484676,0.969542,1.256183,-73.413017,-27.510357,-50.112411,-1.437070,-1.038291,1.522307,-1.388508,0.0410
1.139219,-2.020811,1.394963,-1.484676,0.969542,1.256183,-73.413017,-27.510357,-50.112411,-1.437070,-1.038291,1.522307,-1.388508,0.0400
1.139219,-2.020811,1.394963,-1.484676,0.969542,1.256183,-73.413017,-27.510357,-50.112411,-1.437070,-1.038291,1.522307,-1.388508,0.0410
1.139219,-2.020811,1.394963,-1.484676,0.969542,1.256183,-73.413017,-27.510357,-50.112411,-1.437070,-1.038291,1.522307,-1.388508,0.0410
1.139219,-2.020811,1.394963,-1.484676,0.240780,1.543941,-72.734833,-27.510357,-50.112411,-0.995085,-1.455612,1.434437,-1.373485,0.0440
1.139219,-2.020811,1.394963,-1.484676,0.316347,1.345060,-72.650162,-27.510357,-50.112411,-0.892245,-1.586191,1.417323,-1.405446,0.0710
1.139219,-2.020811,1.394963,-1.484676,0.179767,1.447551,-72.628540,-27.510357,-50.112411,-0.835286,-1.649300,1.415374,-1.387223,0.0400
1.139219,-2.020811,1.394963,-1.484676,0.178994,1.447096,-72.628540,-27.510357,-50.112411,-0.835286,-1.649300,1.415374,-1.387223,0.0410
1.139219,-2.020811,1.394963,-1.484676,0.178994,1.447096,-72.628540,-27.510357,-50.112411,-0.835286,-1.649300,1.415374,-1.387223,0.0400
1.139219,-2.020811,1.394963,-1.484676,0.178994,1.447096,-72.628540,-27.510357,-50.112411,-0.835286,-1.649300,1.415374,-1.387223,0.0400
1.139219,-2.020811,1.394963,-1.484676,0.178994,1.447096,-72.628540,-27.510357,-50.112411,-0.835286,-1.649300,1.415374,-1.387223,0.0410
1.139219,-2.020811,1.394963,-1.484676,0.178994,1.447096,-72.628540,-27.510357,-50.112411,-0.835286,-1.649300,1.415374,-1.387223,0.0410
1.139219,-2.020811,1.394963,-1.484676,0.178994,1.447096,-72.628540,-27.510357,-50.112411,-0.835286,-1.649300,1.415374,-1.387223,0.0400
1.139219,-2.020811,1.394963,-1.484676,0.178994,1.447096,-72.628540,-27.510351,-50.112418,-0.835286,-1.649300,1.415374,-1.387223,0.0400
1.139219,-2.020811,1.394963,-1.484676,0.178994,1.447096,-72.628540,-27.510351,-50.112418,-0.835286,-1.649300,1.415374,-1.387223,0.0400
1.139219,-2.020811,1.394963,-1.484676,0.178994,1.447096,-72.628540,-27.510351,-50.112418,-0.835286,-1.649300,1.415374,-1.387223,0.0400
1.898701,-2.694417,1.116138,-0.989934,-2.276196,-1.783360,-73.445793,-27.510351,-50.112418,-0.171293,-2.243572,1.047217,-1.061878,0.1040
1.898701,-2.694417,1.116138,-0.989934,-1.942575,-1.438899,-73.483246,-27.510351,-50.112418,-0.103774,-2.276974,1.006675,-1.083471,0.0400
1.898701,-2.694417,1.116138,-0.989934,-1.523364,-1.719121,-73.512009,-27.510351,-50.112418,-0.066318,-2.297086,0.992446,-1.099318,0.0410
1.898701,-2.694417,1.116138,-0.989934,-1.523364,-1.719121,-73.512009,-27.510351,-50.112418,-0.066318,-2.297086,0.992446,-1.099318,0.0400
1.898701,-2.694417,1.116138,-0.989934,-0.430544,-0.299618,-73.562111,-27.510351,-50.112418,0.120998,-2.447316,1.016158,-1.049882,0.0930
1.898701,-2.694417,1.116138,-0.989934,-0.551512,0.418854,-73.481384,-27.510351,-50.112418,0.212032,-2.516213,1.026188,-1.033019,0.0720
1.898701,-2.694417,1.116138,-0.989934,-0.439917,1.065288,-73.393402,-27.510351,-50.112418,0.286251,-2.574602,1.034050,-0.989769,0.0610
1.898701,-2.694417,1.116138,-0.989934,-0.032313,-0.468800,-73.130890,-27.510351,-50.112418,0.408344,-2.673557,1.039373,-0.972551,0.0980
1.898701,-2.694417,1.116138,-0.989934,0.102692,-1.366118,-72.886398,-27.510351,-50.112418,0.525916,-2.769018,1.054916,-1.059902,0.0970
1.898701,-2.694417,1.116138,-0.989934,0.095610,-1.214033,-72.710266,-27.510351,-50.112418,0.612947,-2.838635,1.064123,-1.127635,0.0720
1.898701,-2.694417,1.116138,-0.989934,-0.142049,-2.682048,-72.333481,-27.510351,-50.112418,0.767096,-2.961841,1.069023,-1.296534,0.1270
1.898701,-3.031219,0.000000,-1.034033,0.090119,-2.336270,-72.021805,-27.510351,-50.112422,0.794264,-3.101087,0.732442,-1.454864,0.1280
1.898701,-3.031219,0.000000,-1.034033,0.410526,-2.421242,-72.212128,-27.510351,-50.112422,0.808338,-3.349761,0.387812,-1.622706,0.2560
1.898701,-3.031219,0.000000,-1.034033,0.268786,-1.535673,-72.403709,-27.510351,-50.112422,0.809688,-3.394711,0.341931,-1.607833,0.0410
1.898701,-3.031219,0.000000,-1.034033,-0.018150,0.824052,-72.907051,-27.510351,-50.112422,0.823001,-3.589537,0.206839,-1.363461,0.1930
1.898701,-3.031219,0.000000,-1.034033,0.307451,0.299361,-72.997841,-27.510351,-50.112422,0.825995,-3.637989,0.178781,-1.280081,0.0510
1.898701,-3.031219,0.000000,-1.034033,-0.047810,1.079075,-73.297127,-27.510351,-50.112422,0.843576,-3.901018,0.082867,-0.972437,0.2510
2.278443,-2.357614,0.290531,0.515360,-0.182618,-0.611609,-73.310570,-27.510348,-50.112417,0.961176,-3.808595,0.194132,0.085792,0.4050
2.278443,-2.357614,0.290531,0.515360,-0.138900,-1.017458,-73.428741,-27.510348,-50.112417,1.101347,-3.581327,0.305565,0.209078,0.3940
2.278443,-2.357614,0.290531,0.515360,-0.300535,-2.635218,-73.636292,-27.510348,-50.112417,1.124451,-3.541913,0.294248,0.162522,0.0650
2.278443,-2.357614,0.290531,0.515360,-0.415226,0.661578,-74.314125,-27.510348,-50.112417,1.193328,-3.429161,0.271450,0.191002,0.1930
2.468313,-2.694417,0.245056,-0.434695,-0.129664,0.726066,-74.348877,-27.510345,-50.112418,1.209717,-3.414879,0.265087,0.212178,0.0480
2.468313,-2.694417,0.245056,-0.434695,-0.016949,0.680291,-74.194572,-27.510345,-50.112418,1.298312,-3.523512,0.242077,-0.008338,0.2520
2.468313,-2.694417,0.245056,-0.434695,-1.700027,0.034942,-74.227409,-27.510345,-50.112418,1.477300,-3.745876,-0.135465,-0.384266,0.5530
2.848054,-2.694417,0.473289,0.000000,-0.456874,-1.691635,-72.907310,-27.510341,-50.112419,1.585976,-3.781578,0.071983,-0.391940,0.3150
2.848054,-2.694417,0.473289,0.000000,-0.107283,-2.052175,-72.143303,-27.510341,-50.112419,1.727274,-3.768200,0.202859,-0.494251,0.2490
2.848054,-2.694417,0.473289,0.000000,0.344297,0.848902,-70.360435,-27.510341,-50.112419,1.993014,-3.742595,0.562515,0.017681,0.5220
3.037925,-2.357614,0.184424,0.327141,0.548661,0.638491,-70.472839,-27.510340,-50.112416,2.055775,-3.703258,0.553293,0.185061,0.1700
3.037925,-2.357614,0.184424,0.327141,0.420615,0.817976,-70.644600,-27.510340,-50.112416,2.077567,-3.665656,0.494183,0.302393,0.0960
3.037925,-2.357614,0.184424,0.327141,0.459461,0.835304,-70.773987,-27.510340,-50.112416,2.094032,-3.636917,0.459613,0.357580,0.0670
3.037925,-2.357614,0.184424,0.327141,0.904211,0.650751,-70.741379,-27.510340,-50.112416,2.116171,-3.598111,0.438555,0.387281,0.1040
3.037925,-2.357614,0.184424,0.327141,0.570900,0.829185,-70.699219,-27.510340,-50.112416,2.136245,-3.573550,0.427378,0.409353,0.0610
3.037925,-2.357614,0.184424,0.327141,0.407550,0.711813,-70.750580,-27.510340,-50.112416,2.146600,-3.555130,0.391774,0.421730,0.0490
3.037925,-2.357614,0.184424,0.327141,0.531199,0.853312,-70.838837,-27.510340,-50.112416,2.154643,-3.539919,0.372603,0.431417,0.0400
3.037925,-2.357614,0.184424,0.327141,0.523055,0.790135,-70.855911,-27.510340,-50.112416,2.155886,-3.537634,0.370071,0.433034,0.0440
3.037925,-2.357614,0.184424,0.327141,0.447754,-0.585288,-71.212952,-27.510340,-50.112416,2.184594,-3.497896,0.313672,0.361913,0.0620
3.037925,-2.357614,0.184424,0.327141,0.081271,-1.639319,-71.286629,-27.510340,-50.112416,2.195299,-3.475883,0.268796,0.285783,0.0560
3.037925,-2.357614,0.184424,0.327141,0.364604,-2.281042,-71.242424,-27.510340,-50.112416,2.210978,-3.449077,0.250618,0.178000,0.0700
3.037925,-2.357614,0.184424,0.327141,-0.184215,-2.128018,-71.297501,-27.510340,-50.112416,2.230631,-3.411205,0.228090,0.079741,0.0690
3.037925,-2.357614,0.184424,0.327141,-1.176067,-2.621814,-71.619095,-27.510340,-50.112416,2.261261,-3.354933,0.124074,-0.090523,0.1550
3.417666,-2.357614,0.303522,0.000000,0.222404,1.154412,-72.564247,-27.510339,-50.112417,2.358326,-3.324781,0.179962,-0.013310,0.2800
3.417666,-2.357614,0.303522,0.000000,0.277984,1.151773,-72.809265,-27.510339,-50.112417,2.391582,-3.320221,0.217603,0.067100,0.0970
3.417666,-2.357614,0.303522,0.000000,-0.191306,1.186542,-72.878197,-27.510339,-50.112417,2.407239,-3.318183,0.235179,0.102185,0.0410
3.417666,-2.357614,0.303522,0.000000,-0.121297,0.399502,-72.897476,-27.510339,-50.112417,2.413434,-3.317387,0.236541,0.109740,0.0410
3.417666,-2.357614,0.303522,0.000000,-0.121297,0.399502,-72.897476,-27.510339,-50.112417,2.413434,-3.317387,0.236541,0.109740,0.0410
3.417666,-2.357614,0.303522,0.000000,-0.121297,0.399502,-72.897476,-27.510339,-50.112417,2.413434,-3.317387,0.236541,0.109740,0.0400
3.417666,-2.357614,0.303522,0.000000,-0.121297,0.399502,-72.897476,-27.510339,-50.112417,2.413434,-3.317387,0.236541,0.109740,0.0400
3.417666,-2.357614,0.303522,0.000000,-0.121297,0.399502,-72.897476,-27.510339,-50.112417,2.413434,-3.317387,0.236541,0.109740,0.0410
3.417666,-2.357614,0.303522,0.000000,-0.121297,0.399502,-72.897476,-27.510339,-50.112417,2.413434,-3.317387,0.236541,0.109740,0.0410
3.417666,-2.357614,0.303522,0.000000,-0.121297,0.399502,-72.897476,-27.510339,-50.112417,2.413434,-3.317387,0.236541,0.109740,0.0400
3.417666,-2.357614,0.303522,0.000000,-0.121297,0.399502,-72.897476,-27.510339,-50.112417,2.413434,-3.317387,0.236541,0.109740,0.0400
3.417666,-2.357614,0.303522,0.000000,-0.121297,0.399502,-72.897476,-27.510339,-50.112417,2.413434,-3.317387,0.236541,0.109740,0.0410
3.417666,-2.357614,0.303522,0.000000,-0.121297,0.399502,-72.897476,-27.510339,-50.112417,2.413434,-3.317387,0.236541,0.109740,0.0410
3.417666,-2.357614,0.303522,0.000000,-0.121297,0.399502,-72.897476,-27.510339,-50.112417,2.413434,-3.317387,0.236541,0.109740,0.0410
3.417666,-2.357614,0.303522,0.000000,-2.316386,0.301240,-75.548393,-27.510339,-50.112417,2.555898,-3.282668,0.222602,0.016802,0.0840
3.607537,-2.020811,0.179371,0.318179,-3.064918,-0.183701,-75.895683,-27.510337,-50.112413,2.601246,-3.228995,0.116876,0.173794,0.0760
3.607537,-2.020811,0.179371,0.318179,-2.715115,-0.135280,-75.975883,-27.510337,-50.112413,2.653412,-3.172400,-0.055495,0.254888,0.0920
3.607537,-2.020811,0.179371,0.318179,-3.324693,0.306776,-75.834053,-27.510337,-50.112413,2.700400,-3.135781,-0.164476,0.270541,0.0830
3.607537,-2.020811,0.179371,0.318179,-3.495579,-0.185323,-75.615128,-27.510337,-50.112413,2.731340,-3.113216,-0.232071,0.278612,0.0550
3.607537,-2.020811,0.179371,0.318179,-3.894831,-0.628651,-75.112602,-27.510337,-50.112413,2.771210,-3.082241,-0.372589,0.266513,0.0760
3.607537,-2.020811,0.179371,0.318179,-4.617151,-0.952875,-74.625694,-27.510337,-50.112413,2.796420,-3.063748,-0.448780,0.233727,0.0400
3.607537,-2.020811,0.179371,0.318179,-5.127781,-1.611329,-74.355751,-27.510337,-50.112413,2.806921,-3.055663,-0.494276,0.217539,0.0550
3.607537,-2.020811,0.179371,0.318179,-5.127781,-1.611329,-74.355751,-27.510337,-50.112413,2.806921,-3.055663,-0.494276,0.217539,0.0410
3.607537,-2.020811,0.179371,0.318179,-5.127781,-1.611329,-74.355751,-27.510337,-50.112413,2.806921,-3.055663,-0.494276,0.217539,0.0400
3.607537,-2.020811,0.179371,0.318179,-5.127781,-1.611329,-74.355751,-27.510337,-50.112413,2.806921,-3.055663,-0.494276,0.217539,0.0410
3.607537,-2.020811,0.179371,0.318179,-5.127781,-1.611329,-74.355751,-27.510337,-50.112413,2.806921,-3.055663,-0.494276,0.217539,0.0410
3.607537,-2.020811,0.179371,0.318179,-5.127781,-1.611329,-74.355751,-27.510337,-50.112413,2.806921,-3.055663,-0.494276,0.217539,0.0400
3.607537,-2.020811,0.179371,0.318179,-5.127781,-1.611329,-74.355751,-27.510337,-50.112413,2.806921,-3.055663,-0.494276,0.217539,0.0400
3.607537,-2.020811,0.179371,0.318179,-5.127781,-1.611329,-72.298126,-27.510337,-50.112413,2.714399,-2.970323,-0.079864,0.249460,0.0400
3.607537,-2.020811,0.179371,0.318179,-1.017141,-0.805136,-71.722237,-27.510337,-50.112413,2.783233,-2.928800,0.093303,0.282527,0.0850
3.607537,-2.020811,0.179371,0.318179,-0.148301,-0.912862,-71.385849,-27.510337,-50.112413,2.807315,-2.897512,0.107103,0.247726,0.0720
3.607537,-2.020811,0.179371,0.318179,0.264071,-0.605183,-71.314598,-27.510337,-50.112413,2.823839,-2.871870,0.126509,0.236499,0.0550
2.658184,-2.020811,-0.061733,-0.000000,0.267075,-0.637480,-71.306847,-27.510343,-50.112413,2.821899,-2.861833,0.102584,0.136520,0.0920
2.658184,-2.020811,-0.061733,-0.000000,0.356885,-0.615156,-71.281258,-27.510343,-50.112413,2.815700,-2.862150,0.079849,0.095942,0.0410
2.658184,-2.020811,-0.061733,-0.000000,-0.004140,-0.160154,-71.206078,-27.510343,-50.112413,2.807679,-2.860386,0.044171,0.061854,0.0760
2.658184,-2.020811,-0.061733,-0.000000,0.080261,-0.473541,-71.201920,-27.510343,-50.112413,2.803340,-2.859015,0.031020,0.043539,0.0430
2.658184,-2.020811,-0.061733,-0.000000,-0.172536,0.013887,-71.245796,-27.510343,-50.112413,2.799414,-2.857392,0.011335,0.036031,0.0400
2.658184,-2.020811,-0.061733,-0.000000,-0.171886,0.015102,-71.245796,-27.510343,-50.112413,2.799414,-2.857392,0.011335,0.036031,0.0400
2.658184,-2.020811,-0.061733,-0.000000,-0.171886,0.015102,-71.245796,-27.510343,-50.112413,2.799414,-2.857392,0.011335,0.036031,0.0400
2.658184,-2.020811,-0.061733,-0.000000,-0.171886,0.015102,-71.245796,-27.510343,-50.112413,2.799414,-2.857392,0.011335,0.036031,0.0400
2.658184,-2.020811,-0.061733,-0.000000,-0.171886,0.015102,-71.245796,-27.510343,-50.112413,2.799414,-2.857392,0.011335,0.036031,0.0410
2.658184,-2.020811,-0.061733,-0.000000,-0.294671,0.171000,-72.823967,-27.510343,-50.112413,2.790892,-2.851933,-0.106894,0.023449,0.0660
2.658184,-2.020811,-0.061733,-0.000000,0.042436,0.163058,-72.662102,-27.510343,-50.112413,2.790879,-2.850824,-0.091712,0.006813,0.0450
2.658184,-2.020811,-0.061733,-0.000000,5.386380,-5.237155,-72.144562,-27.510343,-50.112413,2.786867,-2.847322,0.039388,-0.097726,0.0430
2.658184,-2.020811,-0.061733,-0.000000,5.386380,-5.237155,-72.144562,-27.510343,-50.112413,2.786867,-2.847322,0.039388,-0.097726,0.0400
2.658184,-2.020811,-0.061733,-0.000000,0.120540,-0.683618,-68.583771,-27.510343,-50.112413,2.784261,-2.849914,0.005311,-0.086592,0.0630
2.658184,-2.020811,-0.061733,-0.000000,-0.138386,-0.973420,-66.115852,-27.510343,-50.112413,2.778722,-2.843769,-0.037771,-0.079174,0.0620
2.658184,-2.020811,-0.061733,-0.000000,0.501704,-1.576961,-63.658222,-27.510343,-50.112413,2.775565,-2.839852,-0.047211,-0.087781,0.0400
2.658184,-2.020811,-0.061733,-0.000000,0.484619,-1.541098,-63.308205,-27.510343,-50.112413,2.775048,-2.839323,-0.044531,-0.094383,0.0400
2.658184,-2.020811,-0.061733,-0.000000,0.484619,-1.541098,-63.308205,-27.510343,-50.112413,2.775048,-2.839323,-0.044531,-0.094383,0.0410
2.658184,-2.020811,-0.061733,-0.000000,-0.657993,-1.152603,-46.860207,-27.510343,-50.112413,2.766190,-2.846177,-0.112144,-0.090243,0.0600
2.468313,-2.020811,-0.133756,-0.000000,-2.670622,-0.671236,-29.685713,-27.510345,-50.112413,2.756054,-2.831514,-0.229113,-0.123567,0.1180
2.468313,-2.020811,-0.133756,-0.000000,0.303645,-4.533395,-20.581137,-27.510345,-50.112413,2.751027,-2.826082,-0.246867,-0.210520,0.0490
2.468313,-2.020811,-0.133756,-0.000000,4.283883,-9.002179,-13.438790,-27.510345,-50.112413,2.745462,-2.819203,-0.090396,-0.475775,0.0400
2.468313,-2.020811,-0.133756,-0.000000,4.283883,-9.002179,-13.438790,-27.510345,-50.112413,2.745462,-2.819203,-0.090396,-0.475775,0.0410
2.468313,-2.020811,-0.133756,-0.000000,4.283883,-9.002179,-13.438790,-27.510345,-50.112413,2.745462,-2.819203,-0.090396,-0.475775,0.0410
2.468313,-2.020811,-0.133756,-0.000000,4.283883,-9.002179,-13.438790,-27.510345,-50.112413,2.745462,-2.819203,-0.090396,-0.475775,0.0410
2.468313,-2.020811,-0.133756,-0.000000,-0.221457,-3.581526,-11.560119,-27.510345,-50.112413,2.718587,-2.841484,-0.128473,-0.325533,0.0830
2.468313,-2.020811,-0.133756,-0.000000,0.590654,-2.959500,-13.789165,-27.510345,-50.112413,2.712078,-2.827750,-0.134957,-0.320016,0.0400
2.468313,-2.020811,-0.133756,-0.000000,1.218365,-3.087556,-14.574244,-27.510345,-50.112413,2.710122,-2.824779,-0.124843,-0.325318,0.0450
2.468313,-2.020811,-0.133756,-0.000000,1.158036,-1.914433,-19.627474,-27.510345,-50.112413,2.691255,-2.820913,-0.006506,-0.276675,0.0780
2.468313,-2.020811,-0.133756,-0.000000,1.133701,-2.270720,-19.922726,-27.510345,-50.112413,2.682612,-2.813955,0.001275,-0.281143,0.0400
2.468313,-2.020811,-0.133756,-0.000000,1.146048,-2.905113,-19.846067,-27.510345,-50.112413,2.679708,-2.811470,0.004661,-0.294064,0.0430
2.468313,-2.020811,-0.133756,-0.000000,1.146048,-2.905113,-19.846067,-27.510345,-50.112413,2.679708,-2.811470,0.004661,-0.294064,0.0430
2.468313,-2.020811,-0.133756,-0.000000,0.583929,-2.800931,-18.561081,-27.510345,-50.112413,2.661906,-2.816599,-0.063944,-0.257645,0.0930
2.468313,-2.020811,-0.133756,-0.000000,0.092731,-2.535338,-18.164909,-27.510345,-50.112413,2.647550,-2.803021,-0.080899,-0.302966,0.0860
2.468313,-2.020811,-0.133756,-0.000000,0.080965,-2.734714,-17.948790,-27.510345,-50.112413,2.641280,-2.796951,-0.089198,-0.332659,0.0410
2.468313,-2.020811,-0.133756,-0.000000,0.212741,-2.636374,-17.814903,-27.510345,-50.112413,2.637440,-2.793120,-0.085247,-0.352908,0.0410
2.468313,-2.020811,0.000000,0.000000,0.321807,-2.778073,-17.006445,-27.510346,-50.112411,2.627652,-2.794132,-0.051704,-0.357879,0.1150
2.468313,-2.020811,0.000000,0.000000,0.791297,-2.554091,-16.757025,-27.510346,-50.112411,2.627675,-2.787963,-0.020958,-0.361394,0.0420
2.468313,-2.020811,0.000000,0.000000,0.791297,-2.554091,-16.757025,-27.510346,-50.112411,2.627675,-2.787963,-0.020958,-0.361394,0.0400
2.468313,-2.020811,0.000000,0.000000,-0.184846,-2.338742,-15.751403,-27.510346,-50.112411,2.626136,-2.801445,0.001807,-0.297175,0.0780
2.468313,-2.020811,0.000000,0.000000,-0.008839,-2.367738,-15.463608,-27.510346,-50.112411,2.625753,-2.793380,-0.000491,-0.270375,0.0420
2.468313,-2.020811,0.000000,0.000000,-0.504112,-2.120457,-15.225419,-27.510346,-50.112411,2.625440,-2.787358,-0.012162,-0.272914,0.0400
2.468313,-2.020811,0.000000,0.000000,-0.501430,-2.118759,-15.225419,-27.510346,-50.112411,2.625440,-2.787358,-0.012162,-0.272914,0.0470
2.468313,-2.020811,0.000000,0.000000,-0.469218,-2.372901,-14.048942,-27.510346,-50.112411,2.624611,-2.783857,-0.011038,-0.272689,0.1280
2.468313,-2.020811,0.000000,0.000000,-0.223553,-2.188874,-13.793490,-27.510346,-50.112411,2.624487,-2.775338,-0.025909,-0.294220,0.0600
2.468313,-2.020811,0.000000,0.000000,-0.072740,-2.258785,-13.394894,-27.510346,-50.112411,2.624121,-2.768371,-0.017341,-0.333436,0.0720
2.468313,-2.020811,0.000000,0.000000,-0.441754,-2.301247,-13.289508,-27.510346,-50.112411,2.623896,-2.763540,-0.029060,-0.367330,0.0400
2.468313,-2.020811,0.000000,0.000000,-0.808727,-1.871734,-13.323482,-27.510346,-50.112411,2.623821,-2.760428,-0.048547,-0.383553,0.0410
2.468313,-2.020811,0.000000,0.000000,-0.808727,-1.871734,-13.323482,-27.510346,-50.112411,2.623821,-2.760428,-0.048547,-0.383553,0.0450
2.468313,-2.020811,0.000000,0.000000,0.066291,-2.134127,-13.235163,-27.510346,-50.112411,2.620650,-2.778096,-0.008721,-0.236354,0.0950
2.468313,-2.020811,0.000000,0.000000,0.024233,-2.085701,-13.240273,-27.510346,-50.112411,2.620429,-2.770724,-0.005387,-0.222417,0.0400
2.468313,-2.020811,0.000000,0.000000,-0.052451,-2.009710,-13.242646,-27.510346,-50.112411,2.620280,-2.767374,-0.007005,-0.225606,0.0400
2.468313,-2.020811,0.000000,0.000000,-0.052451,-2.009710,-13.242646,-27.510346,-50.112411,2.620280,-2.767374,-0.007005,-0.225606,0.0430
4.556890,-2.694417,1.219129,-0.393192,-0.118604,-1.956907,-13.246231,-27.510327,-50.112421,2.702107,-2.803375,0.596763,-0.378914,0.0830
4.556890,-2.694417,1.219129,-0.393192,0.009457,-1.883838,-13.250813,-27.510327,-50.112421,2.787703,-2.821810,0.875177,-0.460859,0.0510
4.556890,-2.694417,1.219129,-0.393192,0.017083,-1.796680,-13.234042,-27.510327,-50.112421,2.920410,-2.853613,1.039140,-0.559881,0.0940
4.556890,-2.694417,1.219129,-0.393192,0.049521,-1.739492,-13.224489,-27.510327,-50.112421,3.011297,-2.875735,1.097037,-0.617260,0.0650
4.556890,-2.694417,1.219129,-0.393192,0.445426,-1.779160,-13.208906,-27.510327,-50.112421,3.094267,-2.897742,1.127867,-0.664620,0.0640
4.556890,-2.694417,1.219129,-0.393192,0.059016,-1.747531,-13.198475,-27.510327,-50.112421,3.194703,-2.925174,1.155148,-0.717710,0.0780
4.556890,-2.694417,1.219129,-0.393192,0.072565,-1.738482,-13.191247,-27.510327,-50.112421,3.271483,-2.945439,1.165244,-0.746981,0.0580
4.556890,-2.694417,1.219129,-0.393192,-0.101591,-1.599749,-13.182966,-27.510327,-50.112421,3.404364,-2.982467,1.173708,-0.784863,0.1030
4.556890,-2.694417,1.219129,-0.393192,-0.025385,-1.549104,-13.172313,-27.510327,-50.112421,3.523667,-3.015908,1.181012,-0.805031,0.0940
4.556890,-2.694417,1.219129,-0.393192,0.143366,-1.572041,-13.169005,-27.510327,-50.112421,3.578895,-3.030109,1.187469,-0.808525,0.0410
4.556890,-2.694417,1.219129,-0.393192,-0.066983,-1.460945,-13.150892,-27.510327,-50.112421,3.690615,-3.069429,1.192832,-0.803077,0.0880
4.556890,-2.694417,1.219129,-0.393192,-0.049668,-1.491097,-13.137657,-27.510327,-50.112421,3.795933,-3.097316,1.200365,-0.785013,0.0850
4.556890,-2.694417,1.219129,-0.393192,0.032421,-1.364215,-13.137184,-27.510327,-50.112421,3.860350,-3.114857,1.202397,-0.781379,0.0530
4.556890,-2.694417,1.219129,-0.393192,0.008474,-1.445730,-13.128417,-27.510327,-50.112421,3.900767,-3.125186,1.204780,-0.778359,0.0410
4.556890,-2.694417,1.219129,-0.393192,0.008474,-1.445730,-13.128417,-27.510327,-50.112421,3.900767,-3.125186,1.204780,-0.778359,0.0420
4.746760,-3.031219,0.351163,-0.622913,0.015372,-1.320192,-13.101528,-27.510325,-50.112423,3.989835,-3.216018,0.658496,-0.772413,0.0840
4.746760,-3.031219,0.351163,-0.622913,-0.047192,-1.305485,-13.096023,-27.510325,-50.112423,4.002582,-3.239422,0.562282,-0.771955,0.0430
4.746760,-3.031219,0.351163,-0.622913,-0.053786,-1.237330,-13.093147,-27.510325,-50.112423,4.026044,-3.276210,0.505592,-0.796316,0.0570
4.746760,-3.031219,0.351163,-0.622913,0.005160,-1.237827,-13.082183,-27.510325,-50.112423,4.045863,-3.307195,0.458056,-0.801000,0.0550
4.746760,-3.031219,0.351163,-0.622913,0.012600,-1.194177,-13.080160,-27.510325,-50.112423,4.063238,-3.333376,0.433857,-0.808826,0.0410
4.746760,-3.031219,0.351163,-0.622913,0.012538,-1.188232,-13.080134,-27.510325,-50.112423,4.063985,-3.334490,0.432181,-0.809612,0.0410
4.746760,-3.031219,0.351163,-0.622913,0.012538,-1.188232,-13.080134,-27.510325,-50.112423,4.063985,-3.334490,0.432181,-0.809612,0.0400
4.746760,-3.031219,0.351163,-0.622913,0.012538,-1.188232,-13.080134,-27.510325,-50.112423,4.063985,-3.334490,0.432181,-0.809612,0.0440
4.746760,-3.031219,0.351163,-0.622913,0.012538,-1.188232,-13.080134,-27.510325,-50.112423,4.063985,-3.334490,0.432181,-0.809612,0.0410
4.746760,-3.031219,0.351163,-0.622913,0.012538,-1.188232,-13.080134,-27.510325,-50.112423,4.063985,-3.334490,0.432181,-0.809612,0.0410
4.746760,-3.031219,0.351163,-0.622913,0.012538,-1.188232,-13.080134,-27.510325,-50.112423,4.063985,-3.334490,0.432181,-0.809612,0.0400
4.746760,-3.031219,0.351163,-0.622913,0.012538,-1.188232,-13.080134,-27.510325,-50.112423,4.063985,-3.334490,0.432181,-0.809612,0.0440
4.746760,-3.031219,0.351163,-0.622913,0.012538,-1.188232,-13.080134,-27.510325,-50.112423,4.063985,-3.334490,0.432181,-0.809612,0.0400
4.746760,-3.031219,0.351163,-0.622913,0.012538,-1.188232,-13.080134,-27.510325,-50.112423,4.063985,-3.334490,0.432181,-0.809612,0.0400
4.746760,-3.031219,0.351163,-0.622913,0.012538,-1.188232,-13.080134,-27.510325,-50.112423,4.063985,-3.334490,0.432181,-0.809612,0.0410
4.746760,-3.031219,0.351163,-0.622913,0.012538,-1.188232,-13.080134,-27.510325,-50.112423,4.063985,-3.334490,0.432181,-0.809612,0.0400
4.746760,-3.031219,0.351163,-0.622913,0.012538,-1.188232,-13.080134,-27.510325,-50.112423,4.063985,-3.334490,0.432181,-0.809612,0.0400
4.746760,-3.031219,0.351163,-0.622913,0.012538,-1.188232,-13.080134,-27.510325,-50.112423,4.063985,-3.334490,0.432181,-0.809612,0.0410
4.746760,-3.031219,0.351163,-0.622913,0.012538,-1.188232,-13.080134,-27.510325,-50.112423,4.063985,-3.334490,0.432181,-0.809612,0.0410
4.746760,-3.031219,0.351163,-0.622913,0.012538,-1.188232,-13.080134,-27.510325,-50.112423,4.063985,-3.334490,0.432181,-0.809612,0.0400
4.746760,-3.031219,0.351163,-0.622913,0.012538,-1.188232,-13.080134,-27.510325,-50.112423,4.063985,-3.334490,0.432181,-0.809612,0.0400
4.746760,-3.031219,0.351163,-0.622913,0.012538,-1.188232,-13.080134,-27.510326,-50.112426,4.063985,-3.334490,0.432181,-0.809612,0.0400
4.746760,-3.031219,0.351163,-0.622913,0.012538,-1.188232,-13.080134,-27.510326,-50.112426,4.063985,-3.334490,0.432181,-0.809612,0.0660
4.746760,-3.031219,0.351163,-0.622913,0.012538,-1.188232,-13.080134,-27.510326,-50.112426,4.063985,-3.334490,0.432181,-0.809612,0.0400
4.746760,-3.031219,0.351163,-0.622913,0.012538,-1.188232,-13.080134,-27.510326,-50.112426,4.063985,-3.334490,0.432181,-0.809612,0.0410
4.746760,-3.031219,0.351163,-0.622913,0.012538,-1.188232,-13.080134,-27.510326,-50.112426,4.063985,-3.334490,0.432181,-0.809612,0.0400
4.746760,-3.031219,0.351163,-0.622913,0.012538,-1.188232,-13.080134,-27.510326,-50.112426,4.063985,-3.334490,0.432181,-0.809612,0.0400
4.746760,-3.031219,0.351163,-0.622913,0.012538,-1.188232,-13.080134,-27.510326,-50.112426,4.063985,-3.334490,0.432181,-0.809612,0.0400
4.746760,-3.031219,0.351163,-0.622913,0.012538,-1.188232,-13.080134,-27.510326,-50.112426,4.063985,-3.334490,0.432181,-0.809612,0.0400
4.746760,-3.031219,0.351163,-0.622913,0.012538,-1.188232,-13.080134,-27.510326,-50.112426,4.063985,-3.334490,0.432181,-0.809612,0.0400
4.746760,-3.031219,0.351163,-0.622913,0.012538,-1.188232,-13.080134,-27.510326,-50.112426,4.063985,-3.334490,0.432181,-0.809612,0.0410
4.746760,-3.031219,0.351163,-0.622913,0.012538,-1.188232,-13.080134,-27.510326,-50.112426,4.063985,-3.334490,0.432181,-0.809612,0.0410
4.746760,-3.031219,0.351163,-0.622913,0.012538,-1.188232,-13.080134,-27.510326,-50.112426,4.063985,-3.334490,0.432181,-0.809612,0.0400
4.746760,-3.031219,0.351163,-0.622913,0.012538,-1.188232,-13.080134,-27.510326,-50.112426,4.063985,-3.334490,0.432181,-0.809612,0.0410
4.746760,-3.031219,0.351163,-0.622913,0.012538,-1.188232,-13.080134,-27.510326,-50.112426,4.063985,-3.334490,0.432181,-0.809612,0.0400
4.746760,-3.031219,0.351163,-0.622913,0.012538,-1.188232,-13.080134,-27.510326,-50.112426,4.063985,-3.334490,0.432181,-0.809612,0.0410
4.746760,-3.031219,0.351163,-0.622913,0.012538,-1.188232,-13.080134,-27.510326,-50.112426,4.063985,-3.334490,0.432181,-0.809612,0.0400
4.746760,-3.031219,0.351163,-0.622913,0.012538,-1.188232,-13.080134,-27.510326,-50.112426,4.063985,-3.334490,0.432181,-0.809612,0.0410
4.746760,-3.031219,0.351163,-0.622913,0.012538,-1.188232,-13.080134,-27.510326,-50.112426,4.063985,-3.334490,0.432181,-0.809612,0.0410
4.746760,-3.031219,0.351163,-0.622913,0.012538,-1.188232,-13.080134,-27.510326,-50.112426,4.063985,-3.334490,0.432181,-0.809612,0.0400
4.746760,-3.031219,0.351163,-0.622913,0.012538,-1.188232,-13.080134,-27.510326,-50.112426,4.063985,-3.334490,0.432181,-0.809612,0.0410
4.746760,-3.031219,0.351163,-0.622913,0.012538,-1.188232,-13.080134,-27.510326,-50.112426,4.063985,-3.334490,0.432181,-0.809612,0.0430
4.746760,-3.031219,0.351163,-0.622913,0.012538,-1.188232,-13.080134,-27.510325,-50.112427,4.063985,-3.334490,0.432181,-0.809612,0.0410
4.746760,-3.031219,0.351163,-0.622913,0.012538,-1.188232,-13.080134,-27.510325,-50.112427,4.063985,-3.334490,0.432181,-0.809612,0.0400
4.746760,-3.031219,0.351163,-0.622913,0.012538,-1.188232,-13.080134,-27.510325,-50.112427,4.063985,-3.334490,0.432181,-0.809612,0.0410
4.746760,-3.031219,0.351163,-0.622913,0.012538,-1.188232,-13.080134,-27.510325,-50.112427,4.063985,-3.334490,0.432181,-0.809612,0.0410
4.746760,-3.031219,0.351163,-0.622913,0.012538,-1.188232,-13.080134,-27.510325,-50.112427,4.063985,-3.334490,0.432181,-0.809612,0.0400
4.746760,-3.031219,0.351163,-0.622913,0.012538,-1.188232,-13.080134,-27.510325,-50.112427,4.063985,-3.334490,0.432181,-0.809612,0.0400
4.746760,-3.031219,0.351163,-0.622913,0.012538,-1.188232,-13.080134,-27.510325,-50.112427,4.063985,-3.334490,0.432181,-0.809612,0.0410
4.746760,-3.031219,0.351163,-0.622913,0.012538,-1.188232,-13.080134,-27.510325,-50.112427,4.063985,-3.334490,0.432181,-0.809612,0.0410
4.746760,-3.031219,0.351163,-0.622913,0.012538,-1.188232,-13.080134,-27.510325,-50.112427,4.063985,-3.334490,0.432181,-0.809612,0.0400
4.746760,-3.031219,0.351163,-0.622913,0.012538,-1.188232,-13.080134,-27.510325,-50.112427,4.063985,-3.334490,0.432181,-0.809612,0.0410
4.746760,-3.031219,0.351163,-0.622913,0.012538,-1.188232,-13.080134,-27.510325,-50.112427,4.063985,-3.334490,0.432181,-0.809612,0.0400
4.746760,-3.031219,0.351163,-0.622913,0.012538,-1.188232,-13.080134,-27.510325,-50.112427,4.063985,-3.334490,0.432181,-0.809612,0.0400
4.746760,-3.031219,0.351163,-0.622913,0.012538,-1.188232,-13.080134,-27.510325,-50.112427,4.063985,-3.334490,0.432181,-0.809612,0.0410
4.746760,-3.031219,0.351163,-0.622913,0.012538,-1.188232,-13.080134,-27.510325,-50.112427,4.063985,-3.334490,0.432181,-0.809612,0.0400
4.746760,-3.031219,0.351163,-0.622913,0.012538,-1.188232,-13.080134,-27.510325,-50.112427,4.063985,-3.334490,0.432181,-0.809612,0.0420
4.746760,-3.031219,0.351163,-0.622913,0.012538,-1.188232,-13.080134,-27.510325,-50.112427,4.063985,-3.334490,0.432181,-0.809612,0.0410
4.746760,-3.031219,0.351163,-0.622913,0.012538,-1.188232,-13.080134,-27.510325,-50.112427,4.063985,-3.334490,0.432181,-0.809612,0.0420
4.746760,-3.031219,0.351163,-0.622913,0.012538,-1.188232,-13.080134,-27.510325,-50.112427,4.063985,-3.334490,0.432181,-0.809612,0.0420
4.746760,-3.031219,0.351163,-0.622913,0.012538,-1.188232,-13.080134,-27.510325,-50.112427,4.063985,-3.334490,0.432181,-0.809612,0.0440
4.746760,-3.031219,0.351163,-0.622913,0.012538,-1.188232,-13.080134,-27.510325,-50.112427,4.063985,-3.334490,0.432181,-0.809612,0.0410
4.746760,-3.031219,0.351163,-0.622913,0.012538,-1.188232,-13.080134,-27.510325,-50.112427,4.063985,-3.334490,0.432181,-0.809612,0.0410
4.746760,-3.031219,0.351163,-0.622913,0.012538,-1.188232,-13.080134,-27.510325,-50.112427,4.063985,-3.334490,0.432181,-0.809612,0.0480
4.746760,-3.031219,0.351163,-0.622913,0.012538,-1.188232,-13.080134,-27.510323,-50.112428,4.063985,-3.334490,0.432181,-0.809612,0.0420
4.746760,-3.031219,0.351163,-0.622913,0.012538,-1.188232,-13.080134,-27.510323,-50.112428,4.063985,-3.334490,0.432181,-0.809612,0.0420
4.746760,-3.031219,0.351163,-0.622913,0.012538,-1.188232,-13.080134,-27.510323,-50.112428,4.063985,-3.334490,0.432181,-0.809612,0.0410
4.746760,-3.031219,0.351163,-0.622913,0.012538,-1.188232,-13.080134,-27.510323,-50.112428,4.063985,-3.334490,0.432181,-0.809612,0.0440
4.746760,-3.031219,0.351163,-0.622913,0.012538,-1.188232,-13.080134,-27.510323,-50.112428,4.063985,-3.334490,0.432181,-0.809612,0.0420
4.746760,-3.031219,0.351163,-0.622913,0.012538,-1.188232,-13.080134,-27.510323,-50.112428,4.063985,-3.334490,0.432181,-0.809612,0.0420
