0.569612,-0.336803,0.000000,0.000000,-0.000369,0.000877,0.102315,-27.510343,-50.112403,0.547046,-0.323299,-0.000047,-0.000101,0.3200
0.569612,-0.336803,0.000000,0.000000,0.000025,0.000836,0.102840,-27.510343,-50.112403,0.550662,-0.325465,0.000019,-0.000049,0.0530
0.569612,-0.336803,0.000000,0.000000,-0.001130,0.001440,0.102703,-27.510343,-50.112403,0.552239,-0.326409,-0.000017,-0.000017,0.0510
0.569612,-0.336803,0.000000,0.000000,0.000276,0.004110,0.102098,-27.510343,-50.112403,0.553928,-0.327421,-0.000014,-0.000045,0.0430
0.569612,-0.336803,0.000000,0.000000,-0.000628,-0.000076,0.102003,-27.510343,-50.112403,0.555202,-0.328184,-0.000042,-0.000053,0.0480
0.569612,-0.336803,0.000000,0.000000,0.000538,0.000383,0.102230,-27.510343,-50.112403,0.556530,-0.328979,-0.000021,-0.000035,0.0410
0.569612,-0.336803,0.000000,0.000000,-0.001995,0.001866,0.102728,-27.510343,-50.112403,0.557022,-0.329268,-0.000865,0.000788,0.0400
0.569612,-0.336803,0.000000,0.000000,-0.001108,-0.001990,0.101767,-27.510343,-50.112403,0.557813,-0.329740,-0.000672,0.000616,0.0440
0.569612,-0.336803,0.000000,0.000000,-0.000013,0.000000,0.101993,-27.510344,-50.112404,0.558782,-0.330319,-0.000482,0.000412,0.0540
0.569612,-0.336803,0.000000,0.000000,0.004337,0.003393,0.102012,-27.510344,-50.112404,0.558814,-0.330339,-0.000468,0.000414,0.0400
0.569612,-0.336803,0.000000,0.000000,-0.032304,-0.010493,0.101130,-27.510344,-50.112404,0.559093,-0.330545,-0.002399,-0.000609,0.0400
0.569612,-0.336803,0.000000,0.000000,-0.000218,-0.001287,0.101155,-27.510344,-50.112404,0.559713,-0.330883,-0.001761,-0.000488,0.0430
0.569612,-0.336803,0.000000,0.000000,0.000559,-0.000179,0.100463,-27.510344,-50.112404,0.560445,-0.331305,-0.001068,-0.000308,0.0410
0.569612,-0.336803,0.000000,0.000000,-0.000475,0.000241,0.100994,-27.510344,-50.112404,0.561016,-0.331652,-0.000769,-0.000209,0.0540
0.569612,-0.336803,0.000000,0.000000,0.000332,0.000285,0.101019,-27.510344,-50.112404,0.561376,-0.331866,-0.000622,-0.000165,0.0410
0.569612,-0.336803,0.000000,0.000000,-0.000542,0.002140,0.100498,-27.510344,-50.112404,0.561808,-0.332126,-0.000494,-0.000132,0.0400
0.569612,-0.336803,0.000000,0.000000,0.001529,0.001586,0.099964,-27.510344,-50.112404,0.562180,-0.332351,-0.000388,-0.000144,0.0630
0.569612,-0.336803,0.000000,0.000000,-0.000187,0.000394,0.098936,-27.510344,-50.112404,0.562548,-0.332573,-0.000337,-0.000097,0.0410
0.569612,-0.336803,0.000000,0.000000,0.000233,-0.000600,0.099347,-27.510344,-50.112404,0.562841,-0.332750,-0.000251,-0.000105,0.0500
0.569612,-0.336803,0.000000,0.000000,0.002148,0.002409,0.099962,-27.510344,-50.112404,0.563124,-0.332921,-0.000175,-0.000044,0.0400
0.569612,-0.336803,0.000000,0.000000,-0.000723,0.000156,0.098569,-27.510344,-50.112404,0.563437,-0.333109,-0.000179,-0.000024,0.0400
0.569612,-0.336803,0.000000,0.000000,0.000414,-0.000095,0.097913,-27.510344,-50.112404,0.563643,-0.333233,-0.000154,-0.000022,0.0400
0.569612,-0.336803,0.000000,0.000000,0.000530,0.000145,0.097745,-27.510344,-50.112404,0.563845,-0.333355,-0.000115,-0.000001,0.0400
0.569612,-0.336803,0.000000,0.000000,0.002187,0.002146,0.096959,-27.510344,-50.112404,0.563846,-0.333371,-0.001487,0.000268,0.0410
0.569612,-0.336803,0.000000,0.000000,-0.003572,0.001150,0.096858,-27.510344,-50.112404,0.564055,-0.333490,-0.001386,0.000253,0.0480
0.569612,-0.336803,0.000000,0.000000,0.000119,0.000265,0.097121,-27.510344,-50.112404,0.564297,-0.333631,-0.000868,0.000181,0.0400
0.569612,-0.336803,0.000000,0.000000,0.000161,-0.000482,0.097280,-27.510344,-50.112404,0.564338,-0.333654,-0.000811,0.000165,0.0400
0.379741,-0.000000,-0.189477,0.336104,0.001624,0.000751,0.100225,-27.510346,-50.112401,0.558573,-0.323270,-0.049499,0.093048,0.0400
0.379741,-0.000000,-0.189477,0.336104,0.014888,0.009740,0.100922,-27.510346,-50.112401,0.543473,-0.296471,-0.118507,0.214288,0.0470
0.379741,-0.000000,-0.189477,0.336104,0.000297,0.001368,0.100696,-27.510346,-50.112401,0.525804,-0.264992,-0.149375,0.267644,0.0400
0.379741,-0.000000,-0.189477,0.336104,-0.001174,-0.000791,0.100045,-27.510346,-50.112401,0.512557,-0.241343,-0.159703,0.285215,0.0410
0.379741,-0.000000,-0.189477,0.336104,0.000207,-0.000913,0.099413,-27.510346,-50.112401,0.497209,-0.213937,-0.168362,0.299989,0.0590
0.379741,-0.000000,-0.189477,0.336104,0.000419,-0.000626,0.099738,-27.510346,-50.112401,0.486304,-0.194458,-0.172382,0.306878,0.0400
0.379741,-0.000000,-0.189477,0.336104,-0.000463,0.000637,0.099738,-27.510346,-50.112401,0.486304,-0.194458,-0.172382,0.306878,0.0400
0.379741,-0.000000,-0.189477,0.336104,-0.000463,0.000637,0.099738,-27.510346,-50.112401,0.486304,-0.194458,-0.172382,0.306878,0.0400
0.379741,-0.000000,-0.189477,0.336104,-0.000463,0.000637,0.103574,-27.510346,-50.112401,0.456580,-0.142639,-0.186984,0.316224,0.0410
0.379741,-0.000000,-0.189477,0.336104,-0.044386,-0.042223,0.105102,-27.510346,-50.112401,0.444669,-0.120205,-0.190545,0.329582,0.0590
0.379741,-0.000000,-0.189477,0.336104,-0.024428,-0.022335,0.105802,-27.510346,-50.112401,0.432856,-0.098710,-0.191154,0.331615,0.0400
0.379741,-0.000000,-0.189477,0.336104,-0.010431,-0.009164,0.106045,-27.510346,-50.112401,0.430857,-0.095083,-0.191116,0.331908,0.0400
0.379741,-0.000000,-0.189477,0.336104,0.000241,0.000019,0.105555,-27.510346,-50.112401,0.410014,-0.058190,-0.190067,0.334488,0.0580
0.379741,-0.000000,-0.189477,0.336104,0.000261,-0.000403,0.105524,-27.510346,-50.112401,0.403286,-0.046131,-0.189902,0.334966,0.0410
0.379741,-0.000000,-0.189477,0.336104,-0.000175,-0.000577,0.105589,-27.510346,-50.112401,0.394905,-0.031144,-0.189788,0.335262,0.0410
0.379741,-0.000000,-0.189477,0.336104,-0.000018,-0.000758,0.105612,-27.510346,-50.112401,0.382325,-0.008684,-0.189689,0.335452,0.0650
0.379741,-0.000000,-0.189477,0.336104,0.001041,0.000147,0.106526,-27.510346,-50.112401,0.374406,0.005461,-0.189606,0.335589,0.0400
0.379741,-0.000000,-0.189477,0.336104,0.000007,0.000007,0.104961,-27.510346,-50.112401,0.362590,0.026525,-0.189576,0.335726,0.0570
0.379741,-0.000000,-0.189477,0.336104,0.000493,-0.000598,0.104199,-27.510346,-50.112401,0.356478,0.037429,-0.189577,0.335785,0.0400
0.379741,-0.000000,-0.189477,0.336104,0.000925,0.002272,0.103983,-27.510346,-50.112401,0.348390,0.051865,-0.189554,0.335865,0.0400
0.189871,-0.000000,-0.180056,-0.000000,-0.000333,-0.000129,0.104633,-27.510347,-50.112400,0.322914,0.062532,-0.187069,0.244837,0.1070
0.189871,-0.000000,-0.180056,-0.000000,-0.002388,-0.000490,0.102821,-27.510347,-50.112400,0.308772,0.061423,-0.185647,0.194482,0.0620
0.189871,-0.000000,-0.180056,-0.000000,0.000128,0.000245,0.104211,-27.510347,-50.112400,0.289713,0.059956,-0.184183,0.143378,0.0850
0.189871,-0.000000,-0.180056,-0.000000,0.000281,-0.000758,0.106689,-27.510347,-50.112400,0.273661,0.058540,-0.183286,0.110533,0.0740
0.189871,-0.000000,-0.180056,-0.000000,0.000079,0.003908,0.107700,-27.510347,-50.112400,0.265171,0.057683,-0.182857,0.095795,0.0410
0.189871,-0.000000,-0.180056,-0.000000,0.001296,0.000939,0.107732,-27.510347,-50.112400,0.251793,0.056792,-0.182323,0.077463,0.0650
0.189871,-0.000000,-0.180056,-0.000000,0.000657,0.000196,0.107760,-27.510347,-50.112400,0.243065,0.055860,-0.181981,0.066493,0.0400
0.189871,-0.000000,-0.180056,-0.000000,-0.000005,-0.000460,0.108992,-27.510347,-50.112400,0.234315,0.055050,-0.181701,0.056869,0.0460
0.189871,-0.000000,-0.180056,-0.000000,0.000488,-0.000242,0.110249,-27.510347,-50.112400,0.222866,0.054168,-0.181381,0.047227,0.0600
0.189871,-0.000000,-0.180056,-0.000000,-0.000848,0.000044,0.111264,-27.510347,-50.112400,0.210910,0.053206,-0.181150,0.038515,0.0400
0.189871,-0.000000,-0.180056,-0.000000,0.000467,0.000291,0.111521,-27.510347,-50.112400,0.203278,0.052569,-0.180999,0.033661,0.0510
0.189871,-0.000000,-0.180056,-0.000000,0.000231,0.000454,0.111090,-27.510347,-50.112400,0.194116,0.051629,-0.180852,0.028241,0.0400
0.189871,-0.000000,-0.180056,-0.000000,-0.000606,0.000891,0.110685,-27.510347,-50.112400,0.190318,0.051294,-0.180789,0.026356,0.0410
0.189871,-0.000000,-0.180056,-0.000000,0.129826,-0.032539,0.113385,-27.510347,-50.112400,0.175365,0.051664,-0.184810,0.019988,0.0550
0.189871,-0.000000,-0.180056,-0.000000,0.124025,-0.103996,0.113423,-27.510347,-50.112400,0.165825,0.050533,-0.176786,0.011002,0.0580
0.189871,-0.000000,-0.180056,-0.000000,-0.105909,0.041282,0.113200,-27.510347,-50.112400,0.151013,0.049164,-0.175086,0.008579,0.0860
0.189871,-0.000000,-0.180056,-0.000000,-0.205532,0.074314,0.110243,-27.510347,-50.112400,0.143524,0.048449,-0.176770,0.009553,0.0430
0.189871,-0.000000,0.000000,0.000000,-0.111312,0.094688,0.108287,-27.510347,-50.112398,0.143996,0.047478,-0.133408,0.007755,0.0680
0.189871,-0.000000,0.000000,0.000000,-0.004343,0.004682,0.110813,-27.510347,-50.112398,0.144423,0.046629,-0.106148,0.006634,0.0630
0.189871,-0.000000,0.000000,0.000000,0.012521,-0.084496,0.104423,-27.510347,-50.112398,0.145057,0.045991,-0.090143,0.006815,0.0400
0.189871,-0.000000,0.000000,0.000000,-0.022027,-0.101389,0.102346,-27.510347,-50.112398,0.145673,0.045209,-0.072270,0.001588,0.0550
0.189871,-0.000000,0.000000,0.000000,0.578301,0.075167,0.105238,-27.510347,-50.112398,0.146211,0.044500,-0.067340,0.002639,0.0570
0.189871,-0.000000,0.000000,0.000000,0.150441,0.091320,0.109180,-27.510347,-50.112398,0.147076,0.042941,-0.037611,0.002836,0.1160
0.189871,-0.000000,0.000000,0.000000,-0.047537,0.002689,0.110683,-27.510347,-50.112398,0.147602,0.042332,-0.039918,-0.001064,0.0580
0.189871,-0.000000,0.000000,0.000000,0.064048,0.077434,0.113489,-27.510347,-50.112398,0.148024,0.041749,-0.044126,-0.003253,0.0630
0.189871,-0.000000,0.000000,0.000000,0.189871,0.036997,0.111585,-27.510347,-50.112398,0.148547,0.041215,-0.032653,-0.002953,0.0400
0.189871,-0.000000,0.000000,0.000000,-0.184708,-0.087782,0.115302,-27.510347,-50.112398,0.148859,0.040904,-0.025184,-0.001443,0.0400
0.189871,-0.000000,0.000000,0.000000,0.256288,0.022883,0.122996,-27.510347,-50.112398,0.148216,0.040538,-0.014251,0.001842,0.0540
0.189871,-0.000000,0.000000,0.000000,-0.140005,-0.019797,0.120833,-27.510347,-50.112398,0.148789,0.040062,-0.014688,0.002046,0.0430
0.189871,-0.000000,0.000000,0.000000,0.168199,-0.036505,0.124403,-27.510347,-50.112398,0.149336,0.039547,-0.001211,0.002116,0.0400
0.189871,-0.000000,0.000000,0.000000,0.061617,-0.075822,0.124403,-27.510347,-50.112398,0.149336,0.039547,-0.001211,0.002116,0.0400
0.189871,-0.000000,0.000000,0.000000,0.061617,-0.075822,0.124403,-27.510347,-50.112398,0.149336,0.039547,-0.001211,0.002116,0.0400
0.189871,-0.000000,0.000000,0.000000,-0.079945,0.079717,0.132832,-27.510347,-50.112398,0.149756,0.039506,0.006810,0.003210,0.0420
0.189871,-0.000000,0.000000,0.000000,-0.143763,-0.122514,0.132949,-27.510347,-50.112398,0.149984,0.039022,-0.000242,0.002754,0.0400
0.189871,-0.000000,0.000000,0.000000,0.026784,-0.127342,0.138964,-27.510347,-50.112398,0.150509,0.038539,-0.000175,-0.00301,0.0400
0.189871,-0.000000,0.000000,0.000000,-0.439671,-0.030304,0.142138,-27.510348,-50.112401,0.150668,0.038416,-0.002702,-0.004127,0.0400
0.189871,-0.000000,0.000000,0.000000,-0.439671,-0.030304,0.142138,-27.510348,-50.112401,0.150668,0.038416,-0.002702,-0.004127,0.0400
0.189871,-0.000000,0.000000,0.000000,-0.439671,-0.030304,0.142138,-27.510348,-50.112401,0.150668,0.038416,-0.002702,-0.004127,0.0400
0.189871,-0.000000,0.000000,0.000000,-0.085584,0.177531,0.172712,-27.510348,-50.112401,0.151101,0.037473,-0.003195,0.002925,0.0620
0.189871,-0.000000,0.000000,0.000000,-0.020840,0.014579,0.187617,-27.510348,-50.112401,0.151687,0.036937,-0.003017,0.002097,0.0400
0.189871,-0.000000,0.000000,0.000000,0.057819,-0.098038,0.213124,-27.510348,-50.112401,0.152198,0.036439,-0.003887,-0.001793,0.0410
0.189871,-0.000000,0.000000,0.000000,-0.417207,-0.265537,0.252462,-27.510348,-50.112401,0.152654,0.035911,0.005816,0.005671,0.0660
0.189871,-0.000000,0.000000,0.000000,-0.213848,0.128860,0.317405,-27.510348,-50.112401,0.153138,0.035469,-0.006718,0.003448,0.0400
0.189871,-0.000000,0.000000,0.000000,-0.257542,0.197327,0.430018,-27.510348,-50.112401,0.153386,0.035216,-0.001213,0.010283,0.0470
0.189871,-0.000000,0.000000,0.000000,-0.685241,0.575774,1.025261,-27.510348,-50.112401,0.154725,0.033682,-0.037546,0.040494,0.1080
0.189871,-0.000000,0.000000,0.000000,-0.702963,0.093250,1.691758,-27.510348,-50.112401,0.156222,0.032315,-0.080594,0.053501,0.1280
0.189871,-0.000000,0.000000,0.000000,-0.108307,-0.615781,1.838814,-27.510348,-50.112401,0.156934,0.031761,-0.089991,0.021343,0.0570
0.189871,-0.000000,0.000000,0.000000,0.488911,-1.012882,1.695405,-27.510348,-50.112401,0.157402,0.031515,-0.067894,-0.032152,0.0590
0.189871,-0.000000,0.000000,0.000000,0.449569,-0.719310,0.774074,-27.510348,-50.112401,0.157724,0.031156,-0.040700,-0.081065,0.0580
0.189871,-0.000000,0.000000,0.000000,-0.187760,-0.366982,-0.527541,-27.510348,-50.112401,0.158064,0.031043,-0.035151,-0.096878,0.0410
0.189871,-0.000000,0.000000,0.000000,-0.286781,-0.307281,-2.077502,-27.510348,-50.112401,0.158442,0.031028,-0.038650,-0.096530,0.0410
0.189871,-0.000000,0.000000,0.000000,-0.170263,0.260185,-4.962473,-27.510346,-50.112404,0.157352,0.028218,-0.053527,-0.070378,0.0540
0.189871,-0.336803,0.000000,-0.411556,-0.204077,0.325640,-7.336729,-27.510346,-50.112404,0.157818,0.005662,-0.053066,-0.138340,0.0450
0.189871,-0.336803,0.000000,-0.411556,-0.178969,0.347615,-9.711473,-27.510346,-50.112404,0.158521,-0.017199,-0.049111,-0.183170,0.0400
0.189871,-0.336803,0.000000,-0.411556,-0.455599,0.608441,-12.296956,-27.510346,-50.112404,0.158543,-0.037514,-0.053185,-0.200800,0.0460
0.189871,-0.336803,0.000000,-0.411556,-0.539657,0.508182,-14.605422,-27.510346,-50.112404,0.158962,-0.057259,-0.065102,-0.212278,0.0400
0.189871,-0.336803,0.000000,-0.411556,-0.567036,0.841492,-17.577572,-27.510346,-50.112404,0.159558,-0.082258,-0.077039,-0.217271,0.0400
0.189871,-0.336803,0.000000,-0.411556,-0.682833,0.998477,-17.577572,-27.510346,-50.112404,0.159558,-0.082258,-0.077039,-0.217271,0.0410
0.189871,-0.336803,0.000000,-0.411556,-0.682833,0.998477,-17.577572,-27.510346,-50.112404,0.159558,-0.082258,-0.077039,-0.217271,0.0400
0.189871,-0.336803,0.000000,-0.411556,-0.333504,0.860984,-23.860481,-27.510346,-50.112404,0.154532,-0.122446,0.011266,-0.279623,0.0400
0.189871,-0.336803,0.000000,-0.411556,0.975154,-0.246230,-25.662312,-27.510346,-50.112404,0.152925,-0.153453,0.035791,-0.373965,0.0530
0.189871,-0.336803,0.000000,-0.411556,1.045053,-0.261525,-27.002333,-27.510346,-50.112404,0.151442,-0.177149,0.061373,-0.399486,0.0400
0.189871,-0.336803,0.000000,-0.411556,1.189615,-0.250705,-27.267385,-27.510346,-50.112404,0.151025,-0.182562,0.068529,-0.403366,0.0400
0.189871,-0.336803,0.000000,-0.411556,1.189615,-0.250705,-27.267385,-27.510346,-50.112404,0.151025,-0.182562,0.068529,-0.403366,0.0400
0.189871,-0.336803,0.000000,-0.411556,2.093179,-1.143047,-28.361151,-27.510346,-50.112404,0.152502,-0.248164,0.119127,-0.447814,0.0770
0.189871,-0.336803,0.000000,-0.411556,2.108375,-1.283717,-28.937569,-27.510346,-50.112404,0.147989,-0.272536,0.168165,-0.495406,0.0500
0.189871,-0.336803,0.000000,-0.411556,1.787285,-0.818069,-30.197548,-27.510346,-50.112404,0.143367,-0.305647,0.256515,-0.535251,0.0990
0.189871,-0.336803,0.000000,-0.411556,1.684791,-0.473485,-30.794809,-27.510346,-50.112404,0.141201,-0.321106,0.275108,-0.536418,0.0410
0.189871,-0.336803,0.000000,-0.411556,1.393114,-0.281751,-31.438251,-27.510346,-50.112404,0.138010,-0.337708,0.282392,-0.528169,0.0400
0.189871,-0.336803,0.000000,-0.411556,1.125799,0.025076,-31.597893,-27.510346,-50.112404,0.137025,-0.341783,0.279631,-0.521918,0.0400
0.189871,-0.336803,0.000000,-0.411556,1.125799,0.025076,-31.597893,-27.510346,-50.112404,0.137025,-0.341783,0.279631,-0.521918,0.0400
-0.379741,-0.000000,-0.398543,0.235653,1.025950,0.066111,-33.724857,-27.510353,-50.112401,0.137317,-0.369057,-0.056201,-0.077030,0.0400
-0.379741,-0.000000,-0.398543,0.235653,0.591862,0.238225,-34.682568,-27.510353,-50.112401,0.094877,-0.339837,-0.244691,0.124707,0.0630
-0.379741,-0.000000,-0.398543,0.235653,1.048968,-0.240649,-35.811787,-27.510353,-50.112401,0.057559,-0.316972,-0.257485,0.163538,0.0600
-0.379741,-0.000000,-0.398543,0.235653,0.780015,-0.015396,-36.604324,-27.510353,-50.112401,0.024417,-0.297097,-0.253940,0.176149,0.0700
-0.379741,-0.000000,-0.398543,0.235653,0.707657,-0.442961,-37.180431,-27.510353,-50.112401,-0.020041,-0.270335,-0.248449,0.167863,0.0730
-0.379741,-0.000000,-0.398543,0.235653,0.814080,-0.421557,-37.461670,-27.510353,-50.112401,-0.071546,-0.239006,-0.240561,0.160443,0.1310
-0.379741,-0.000000,-0.398543,0.235653,0.635197,-0.543614,-37.542149,-27.510353,-50.112401,-0.094812,-0.224867,-0.239475,0.151769,0.0400
-0.379741,-0.000000,-0.398543,0.235653,0.707697,-0.048096,-37.554615,-27.510353,-50.112401,-0.098636,-0.222535,-0.238712,0.151692,0.0400
-0.379741,-0.000000,-0.398543,0.235653,0.707697,-0.048096,-37.554615,-27.510353,-50.112401,-0.098636,-0.222535,-0.238712,0.151692,0.0400
-0.379741,-0.000000,-0.398543,0.235653,0.707697,-0.048096,-37.554615,-27.510353,-50.112401,-0.098636,-0.222535,-0.238712,0.151692,0.0400
-0.379741,-0.000000,-0.398543,0.235653,0.707697,-0.048096,-37.554615,-27.510353,-50.112401,-0.098636,-0.222535,-0.238712,0.151692,0.0400
-0.379741,-0.000000,-0.398543,0.235653,0.704144,-0.043244,-37.443150,-27.510353,-50.112401,-0.179094,-0.170154,-0.367459,0.263150,0.0400
-0.379741,-0.000000,-0.398543,0.235653,-1.215104,1.550446,-37.404999,-27.510353,-50.112401,-0.227547,-0.149527,-0.457376,0.325327,0.1090
-0.379741,-0.000000,-0.398543,0.235653,-2.277664,2.017645,-37.585693,-27.510353,-50.112401,-0.244317,-0.141134,-0.513870,0.364522,0.0670
-0.379741,-0.000000,-0.398543,0.235653,-1.745589,1.948852,-37.865818,-27.510353,-50.112401,-0.261242,-0.132582,-0.575271,0.426788,0.0480
-0.379741,-0.000000,-0.398543,0.235653,-1.189040,2.366061,-38.137394,-27.510353,-50.112401,-0.276086,-0.125145,-0.594324,0.481067,0.0440
-0.569612,1.010409,-0.162465,0.864568,-1.124044,2.456800,-38.463863,-27.510355,-50.112393,-0.280278,-0.075592,-0.563743,0.644806,0.0400
-0.569612,1.010409,-0.162465,0.864568,-0.580640,2.500566,-38.600002,-27.510355,-50.112393,-0.281416,-0.055316,-0.546082,0.704900,0.0400
-0.569612,1.010409,-0.162465,0.864568,-0.573708,2.499451,-38.600002,-27.510355,-50.112393,-0.281416,-0.055316,-0.546082,0.704900,0.0400
-0.569612,1.010409,-0.162465,0.864568,-0.573708,2.499451,-38.600002,-27.510355,-50.112393,-0.281416,-0.055316,-0.546082,0.704900,0.0400
-0.569612,1.010409,-0.162465,0.864568,-0.573708,2.499451,-38.600002,-27.510355,-50.112393,-0.281416,-0.055316,-0.546082,0.704900,0.0400
-0.569612,1.010409,-0.162465,0.864568,-0.573708,2.499451,-38.600002,-27.510355,-50.112393,-0.281416,-0.055316,-0.546082,0.704900,0.0410
-0.569612,1.010409,-0.162465,0.864568,-0.419369,1.148165,-55.514496,-27.510355,-50.112393,-0.388362,0.190318,-0.207167,0.896387,0.0500
-0.569612,1.010409,-0.162465,0.864568,-0.408071,0.773376,-58.718029,-27.510355,-50.112393,-0.393477,0.234342,-0.190793,0.906231,0.0490
-0.569612,1.010409,-0.162465,0.864568,-0.899169,1.385969,-61.374783,-27.510355,-50.112393,-0.399740,0.276404,-0.211162,0.937131,0.0400
-0.569612,1.010409,-0.162465,0.864568,-1.061731,1.335207,-63.126419,-27.510355,-50.112393,-0.407184,0.320381,-0.243218,0.984814,0.0420
-0.569612,1.010409,-0.162465,0.864568,-1.131316,1.206395,-64.010529,-27.510355,-50.112393,-0.411991,0.356090,-0.262508,1.004752,0.0400
-0.569612,1.010409,-0.162465,0.864568,-1.329563,1.061250,-64.707283,-27.510355,-50.112393,-0.417604,0.399177,-0.291572,1.013956,0.0400
-0.569612,1.010409,-0.162465,0.864568,-1.403948,1.459013,-64.707283,-27.510355,-50.112393,-0.417604,0.399177,-0.291572,1.013956,0.0400
-0.569612,1.010409,-0.162465,0.864568,-1.403948,1.459013,-64.707283,-27.510355,-50.112393,-0.417604,0.399177,-0.291572,1.013956,0.0400
-0.569612,1.010409,-0.162465,0.864568,-1.403948,1.459013,-64.707283,-27.510355,-50.112393,-0.417604,0.399177,-0.291572,1.013956,0.0400
-0.569612,1.010409,-0.162465,0.864568,-1.403948,1.459013,-64.707283,-27.510355,-50.112393,-0.417604,0.399177,-0.291572,1.013956,0.0410
-0.569612,1.010409,-0.162465,0.864568,-1.403948,1.459013,-64.707283,-27.510355,-50.112393,-0.417604,0.399177,-0.291572,1.013956,0.0400
-0.569612,1.010409,-0.162465,0.864568,-1.403948,1.459013,-64.707283,-27.510355,-50.112393,-0.417604,0.399177,-0.291572,1.013956,0.0400
-0.569612,1.010409,-0.162465,0.864568,-1.403948,1.459013,-64.707283,-27.510355,-50.112393,-0.417604,0.399177,-0.291572,1.013956,0.0410
-0.569612,1.010409,-0.162465,0.864568,-1.403948,1.459013,-64.707283,-27.510355,-50.112393,-0.417604,0.399177,-0.291572,1.013956,0.0410
-0.569612,1.347211,-0.000000,0.473289,-0.080942,-1.092984,-63.494797,-27.510354,-50.112387,-0.483842,0.724754,-0.025462,0.472855,0.0420
-0.569612,1.347211,-0.000000,0.473289,-0.227066,-1.393071,-63.390827,-27.510354,-50.112387,-0.480233,0.763825,-0.010350,0.427021,0.0560
-0.569612,1.347211,-0.000000,0.473289,-0.128155,-1.323768,-63.274395,-27.510354,-50.112387,-0.479760,0.801685,-0.009737,0.385616,0.0420
-0.569612,1.347211,-0.000000,0.473289,0.479889,-1.611763,-63.104828,-27.510354,-50.112387,-0.480621,0.848395,0.011395,0.334489,0.0750
-0.569612,1.347211,-0.000000,0.473289,0.832822,-2.169982,-62.968006,-27.510354,-50.112387,-0.482317,0.882223,0.040222,0.290076,0.0520
-0.569612,1.347211,-0.000000,0.473289,1.026726,-1.912592,-62.858646,-27.510354,-50.112387,-0.484496,0.911296,0.072720,0.246339,0.0420
-0.569612,1.347211,-0.000000,0.473289,1.149058,-1.908091,-62.734966,-27.510354,-50.112387,-0.487691,0.943361,0.104987,0.206702,0.0400
-0.569612,1.347211,-0.000000,0.473289,1.132024,-1.957298,-62.620163,-27.510354,-50.112387,-0.490366,0.985710,0.147847,0.148419,0.0680
-0.569612,1.347211,-0.000000,0.473289,0.832791,-1.486093,-62.590897,-27.510354,-50.112387,-0.494492,1.027341,0.171005,0.121111,0.0700
-0.569612,1.347211,-0.000000,0.473289,0.289930,-0.459004,-62.563057,-27.510354,-50.112387,-0.497435,1.059971,0.169187,0.139986,0.0560
-0.569612,1.347211,-0.000000,0.473289,0.028058,-0.135759,-62.558105,-27.510354,-50.112387,-0.499598,1.085450,0.149056,0.179670,0.0430
-0.569612,1.347211,-0.000000,0.473289,-0.370908,0.318450,-62.522293,-27.510354,-50.112387,-0.501136,1.116405,0.109327,0.244025,0.0590
-0.569612,1.347211,-0.000000,0.473289,-0.341801,0.157588,-62.389053,-27.510354,-50.112387,-0.502819,1.154436,0.070000,0.304015,0.0400
-0.569612,1.347211,-0.000000,0.473289,-0.671061,0.705770,-61.910713,-27.510354,-50.112387,-0.504814,1.252426,-0.029462,0.424459,0.2220
-0.949353,1.347211,-0.108033,-0.000000,0.227264,-0.047993,-61.467010,-27.510356,-50.112387,-0.515825,1.291159,-0.069766,0.375061,0.1370
-0.949353,1.347211,-0.108033,-0.000000,0.508852,-0.253635,-61.168530,-27.510356,-50.112387,-0.536866,1.292540,-0.035288,0.252030,0.1290
-0.949353,1.347211,-0.108033,-0.000000,0.567471,-0.426235,-61.150234,-27.510356,-50.112387,-0.544506,1.292500,-0.021516,0.200307,0.0420
-0.949353,1.347211,-0.108033,-0.000000,0.438296,-0.608954,-61.157623,-27.510356,-50.112387,-0.550897,1.292194,-0.015767,0.154849,0.0650
-0.949353,1.347211,-0.108033,-0.000000,0.365337,-0.827577,-61.186657,-27.510356,-50.112387,-0.557223,1.298262,-0.018671,0.050999,0.0450
-0.949353,1.347211,-0.108033,-0.000000,0.170510,-1.208485,-61.307346,-27.510356,-50.112387,-0.580306,1.299499,-0.054625,-0.067232,0.1360
-0.949353,1.347211,-0.108033,-0.000000,0.171549,-1.268442,-61.343834,-27.510356,-50.112387,-0.601084,1.301238,-0.064244,-0.150914,0.1310
-0.949353,1.347211,-0.108033,-0.000000,0.708109,-1.461487,-61.295963,-27.510356,-50.112387,-0.610579,1.301954,-0.041454,-0.195476,0.0730
-0.949353,1.347211,-0.108033,-0.000000,0.548944,-1.458615,-61.265369,-27.510356,-50.112387,-0.617382,1.303165,-0.027888,-0.222007,0.0400
-0.949353,1.347211,-0.108033,-0.000000,0.194368,-1.533178,-61.218670,-27.510356,-50.112387,-0.627226,1.303594,-0.018520,-0.266706,0.0660
-0.949353,1.347211,-0.108033,-0.000000,-0.132410,-1.286218,-61.182743,-27.510356,-50.112387,-0.633801,1.304687,-0.033310,-0.280611,0.0400
-0.949353,1.347211,-0.108033,-0.000000,0.123118,-1.457987,-61.146320,-27.510356,-50.112387,-0.638259,1.305717,-0.043701,-0.284736,0.0400
-0.949353,1.347211,-0.108033,-0.000000,0.160933,-1.504760,-61.146320,-27.510356,-50.112387,-0.638259,1.305717,-0.043701,-0.284736,0.0400
-0.949353,1.347211,-0.108033,-0.000000,-0.193772,-1.176858,-60.818779,-27.510356,-50.112387,-0.648592,1.286240,-0.076573,-0.212076,0.0490
-0.569612,1.684014,0.188589,0.167265,-0.159886,-1.444331,-60.692959,-27.510356,-50.112384,-0.637399,1.305112,0.010788,-0.091276,0.0590
-0.569612,1.684014,0.188589,0.167265,0.304698,-0.992217,-60.636700,-27.510356,-50.112384,-0.628732,1.315748,0.056923,-0.062583,0.0400
-0.569612,1.684014,0.188589,0.167265,0.299021,-0.988405,-60.579769,-27.510356,-50.112384,-0.619172,1.319453,0.098701,-0.031237,0.0400
-0.569612,1.684014,0.188589,0.167265,0.084758,-0.363016,-60.558636,-27.510356,-50.112384,-0.606699,1.335761,0.142458,0.041346,0.0680
-0.569612,1.684014,0.188589,0.167265,-0.295779,0.275092,-60.521870,-27.510356,-50.112384,-0.591198,1.353909,0.158785,0.080147,0.0770
-0.569612,1.684014,0.188589,0.167265,-0.592967,0.092612,-60.438793,-27.510356,-50.112384,-0.559138,1.389017,0.141380,0.127931,0.1610
-0.569612,1.684014,0.188589,0.167265,0.048820,-0.385117,-60.416779,-27.510356,-50.112384,-0.547353,1.401655,0.145669,0.124421,0.0650
-0.569612,1.684014,0.188589,0.167265,-0.083770,-0.162869,-60.403290,-27.510356,-50.112384,-0.536747,1.413428,0.154080,0.122953,0.0400
-0.569612,1.684014,0.188589,0.167265,-0.220537,0.053426,-60.397614,-27.510356,-50.112384,-0.534100,1.416368,0.155871,0.122923,0.0400
-0.569612,1.684014,0.188589,0.167265,-0.220537,0.053426,-60.397614,-27.510356,-50.112384,-0.534100,1.416368,0.155871,0.122923,0.0400
-0.569612,1.684014,0.188589,0.167265,-0.220537,0.053426,-60.397614,-27.510356,-50.112384,-0.534100,1.416368,0.155871,0.122923,0.0400
-0.569612,1.684014,0.188589,0.167265,-0.220537,0.053426,-60.397614,-27.510356,-50.112384,-0.534100,1.416368,0.155871,0.122923,0.0400
-0.569612,1.684014,0.188589,0.167265,0.016200,0.001427,-62.822243,-27.510356,-50.112384,-0.486351,1.459122,0.177971,0.166825,0.0820
-0.569612,1.684014,0.188589,0.167265,-0.406379,0.943184,-63.010864,-27.510356,-50.112384,-0.470237,1.474596,0.163204,0.205631,0.0670
-0.189871,3.031226,0.399167,1.416129,-0.598372,1.322440,-63.213638,-27.510351,-50.112368,-0.426950,1.602965,0.181129,0.613078,0.1350
-0.189871,3.031226,0.399167,1.416129,-0.830249,0.956821,-63.359238,-27.510351,-50.112368,-0.376610,1.785249,0.201207,0.997318,0.1140
-0.189871,3.031226,0.399167,1.416129,-0.485894,1.139279,-63.387283,-27.510351,-50.112368,-0.343745,1.902931,0.212743,1.167419,0.0730
-0.189871,3.031226,0.399167,1.416129,-0.317097,0.938584,-63.376923,-27.510351,-50.112368,-0.325819,1.965310,0.222748,1.235122,0.0410
-0.189871,3.031226,0.399167,1.416129,-0.212212,0.870752,-63.346870,-27.510351,-50.112368,-0.300733,2.059056,0.243127,1.316481,0.0410
-0.189871,3.031226,0.399167,1.416129,0.228539,0.946467,-63.282360,-27.510351,-50.112368,-0.279385,2.136563,0.279181,1.369570,0.0510
-0.189871,3.031226,0.399167,1.416129,-0.035727,0.825856,-63.234375,-27.510351,-50.112368,-0.259847,2.206528,0.301556,1.413423,0.0400
-0.189871,3.031226,0.399167,1.416129,-0.226199,1.020529,-63.195061,-27.510351,-50.112368,-0.241281,2.275370,0.312730,1.449311,0.0470
-0.189871,3.031226,0.399167,1.416129,0.085702,0.595580,-63.175205,-27.510351,-50.112368,-0.222128,2.345483,0.327602,1.475057,0.0470
-0.189871,3.031226,0.399167,1.416129,0.464606,0.531699,-63.154305,-27.510351,-50.112368,-0.204864,2.407910,0.350299,1.487622,0.0400
-0.189871,3.031226,0.399167,1.416129,0.107350,-0.283045,-63.437691,-27.510351,-50.112368,-0.118359,2.728922,0.418702,1.479557,0.1880
-0.189871,3.031226,0.399167,1.416129,0.206349,-0.089144,-63.592106,-27.510351,-50.112368,-0.072021,2.900225,0.420664,1.438473,0.1480
-0.189871,3.031226,0.399167,1.416129,-0.124776,-0.243328,-63.620651,-27.510351,-50.112368,-0.057099,2.955890,0.418839,1.422669,0.0410
-0.189871,3.031226,0.399167,1.416129,-0.001647,-0.095705,-63.602272,-27.510348,-50.112357,-0.041463,3.014173,0.417979,1.413854,0.0400
0.189871,4.378437,0.297282,1.054670,-0.149477,-0.369127,-63.596737,-27.510348,-50.112357,-0.013591,3.111310,0.382478,1.318888,0.0420
0.189871,4.378437,0.297282,1.054670,0.058819,-0.393195,-63.456158,-27.510348,-50.112357,0.035620,3.295224,0.314555,1.114512,0.1670
0.189871,4.378437,0.297282,1.054670,0.153483,-0.290121,-63.368687,-27.510348,-50.112357,0.067011,3.411982,0.303715,1.075956,0.1100
0.189871,4.378437,0.297282,1.054670,-0.254547,0.444421,-63.277405,-27.510348,-50.112357,0.168966,3.791025,0.302651,1.044911,0.3300
0.189871,4.378437,0.297282,1.054670,-0.006697,-0.012464,-63.324062,-27.510348,-50.112357,0.232653,4.027490,0.297034,1.051443,0.1890
0.569612,5.725648,0.461973,1.638947,-0.150355,-0.164512,-63.134811,-27.510343,-50.112342,0.347480,4.448376,0.359483,1.305386,0.3020
0.569612,5.725648,0.461973,1.638947,-0.000307,-0.005054,-63.118988,-27.510343,-50.112342,0.390178,4.604007,0.392895,1.389778,0.0980
0.569612,5.725648,0.461973,1.638947,-0.077943,0.034983,-63.142860,-27.510343,-50.112342,0.409912,4.675968,0.399322,1.422350,0.0460
0.569612,5.725648,0.461973,1.638947,-0.129109,0.262233,-63.165466,-27.510343,-50.112342,0.443387,4.797929,0.406218,1.469407,0.0400
0.569612,5.725648,0.461973,1.638947,0.410376,-0.309978,-63.053555,-27.510343,-50.112342,0.569378,5.256816,0.451010,1.561165,0.2770
0.569612,5.725648,0.461973,1.638947,-0.298660,-0.315039,-63.170341,-27.510343,-50.112342,0.716853,5.793072,0.470203,1.601687,0.3380
1.329094,7.746466,0.707645,1.882892,-1.011935,-0.618520,-63.676201,-27.510338,-50.112323,0.784280,5.991394,0.431424,1.619558,0.1090
1.329094,7.746466,0.707645,1.882892,-1.242170,-0.181988,-63.935326,-27.510338,-50.112323,0.827074,6.107106,0.431670,1.641872,0.0580
1.329094,7.746466,0.707645,1.882892,-1.282722,-0.532623,-64.147957,-27.510338,-50.112323,0.866218,6.211390,0.417611,1.661040,0.0400
1.329094,7.746466,0.707645,1.882892,-1.062513,-0.517602,-64.364914,-27.510338,-50.112323,0.906804,6.321710,0.405895,1.671528,0.0590
1.329094,7.746466,0.707645,1.882892,-1.331671,-0.714821,-64.522163,-27.510338,-50.112323,0.940404,6.410847,0.396009,1.677954,0.0400
1.329094,7.746466,0.707645,1.882892,-1.393084,-0.442852,-64.673965,-27.510338,-50.112323,0.970719,6.504814,0.368171,1.681265,0.0410
1.329094,7.746466,0.707645,1.882892,-1.656333,-0.828197,-64.786407,-27.510338,-50.112323,1.006572,6.600446,0.371315,1.689845,0.0500
1.329094,7.746466,0.707645,1.882892,-0.936518,-0.281999,-64.898300,-27.510338,-50.112323,1.042457,6.694436,0.389024,1.711837,0.0400
1.329094,7.746466,0.707645,1.882892,-1.125862,-0.449597,-64.959679,-27.510338,-50.112323,1.061951,6.746046,0.395462,1.721819,0.0400
1.329094,7.746466,0.707645,1.882892,-1.125862,-0.449597,-64.959679,-27.510338,-50.112323,1.061951,6.746046,0.395462,1.721819,0.0400
1.329094,7.746466,0.707645,1.882892,-1.125862,-0.449597,-64.959679,-27.510338,-50.112323,1.061951,6.746046,0.395462,1.721819,0.0400
1.329094,7.746466,0.707645,1.882892,-1.125862,-0.449597,-64.959679,-27.510338,-50.112323,1.061951,6.746046,0.395462,1.721819,0.0410
1.329094,7.746466,0.707645,1.882892,-1.125862,-0.449597,-65.406738,-27.510338,-50.112323,1.173106,7.155194,0.551464,1.825441,0.0400
1.329094,7.746466,0.707645,1.882892,-0.504549,0.047817,-65.470139,-27.510338,-50.112323,1.213416,7.230006,0.659944,1.868130,0.0460
1.329094,7.746466,0.707645,1.882892,-0.235321,-0.423875,-65.530464,-27.510338,-50.112323,1.254369,7.331172,0.672146,1.867202,0.0410
1.329094,7.746466,0.707645,1.882892,-0.371651,0.348181,-65.541977,-27.510338,-50.112323,1.277581,7.391148,0.677701,1.873799,0.0400
1.329094,7.746466,0.707645,1.882892,-0.483550,0.378517,-65.541977,-27.510338,-50.112323,1.277581,7.391148,0.677701,1.873799,0.0400
1.329094,7.746466,0.707645,1.882892,-0.483550,0.378517,-65.541977,-27.510338,-50.112323,1.277581,7.391148,0.677701,1.873799,0.0400
1.329094,7.746466,0.707645,1.882892,-0.483550,0.378517,-65.541977,-27.510338,-50.112323,1.277581,7.391148,0.677701,1.873799,0.0400
1.518964,10.440889,0.184788,2.622308,1.118246,0.616703,-65.513130,-27.510335,-50.112296,1.400960,7.903859,0.509479,2.262593,0.0830
1.518964,10.440889,0.184788,2.622308,0.792854,0.836385,-65.493050,-27.510335,-50.112296,1.398854,8.099299,0.398395,2.475504,0.0480
1.518964,10.440889,0.184788,2.622308,1.066148,0.971256,-65.486458,-27.510335,-50.112296,1.403516,8.242723,0.375370,2.557504,0.0670
1.518964,10.440889,0.184788,2.622308,0.593246,1.264060,-65.529709,-27.510335,-50.112296,1.413793,8.461878,0.366191,2.634926,0.0750
1.518964,10.440889,0.184788,2.622308,0.711235,0.153523,-65.642159,-27.510335,-50.112296,1.432904,8.805239,0.361856,2.705001,0.1250
1.518964,10.440889,0.184788,2.622308,0.445618,0.479859,-65.971008,-27.510335,-50.112296,1.482779,9.579566,0.344447,2.744204,0.2400
1.518964,10.440889,0.184788,2.622308,-0.178941,0.050643,-66.190071,-27.510335,-50.112296,1.516193,10.060449,0.293894,2.739141,0.2260
1.518964,10.440889,0.184788,2.622308,0.177630,0.166959,-66.223984,-27.510335,-50.112296,1.525804,10.203114,0.278879,2.726792,0.0410
1.518964,10.440889,0.184788,2.622308,-0.324070,0.763380,-66.252495,-27.510335,-50.112296,1.536022,10.350595,0.260172,2.722266,0.0670
1.518964,10.440889,0.184788,2.622308,0.208599,-0.007937,-66.259758,-27.510335,-50.112296,1.546897,10.510182,0.247860,2.719054,0.0400
1.708834,13.135313,0.211548,3.002055,0.180071,0.060474,-66.273849,-27.510334,-50.112265,1.558254,10.670523,0.236633,2.770943,0.0680
1.708834,13.135313,0.211548,3.002055,0.017205,0.041393,-66.287628,-27.510334,-50.112265,1.567621,10.806030,0.234605,2.804690,0.0400
1.708834,13.135313,0.211548,3.002055,-0.080378,0.661376,-66.374794,-27.510334,-50.112265,1.599835,11.265545,0.229407,2.934835,0.1260
1.708834,13.135313,0.211548,3.002055,-0.290161,0.555343,-66.450432,-27.510334,-50.112265,1.619438,11.544485,0.221394,2.975009,0.1050
1.708834,13.135313,0.211548,3.002055,0.102253,0.019626,-66.473694,-27.510334,-50.112265,1.628617,11.675833,0.219865,2.992233,0.0410
1.708834,13.135313,0.211548,3.002055,-0.241217,0.675149,-66.520172,-27.510334,-50.112265,1.640813,11.850184,0.218739,3.013649,0.0590
1.708834,13.135313,0.211548,3.002055,0.174929,0.742684,-66.601799,-27.510334,-50.112265,1.661352,12.144049,0.214807,3.056484,0.0950
1.708834,13.135313,0.211548,3.002055,-0.061903,0.530928,-66.656242,-27.510334,-50.112265,1.675962,12.353046,0.210868,3.069953,0.0680
1.708834,13.135313,0.211548,3.002055,-0.304680,0.704692,-66.724709,-27.510334,-50.112265,1.692611,12.591415,0.205740,3.094399,0.0750
1.708834,13.135313,0.211548,3.002055,0.155037,0.538989,-66.776855,-27.510334,-50.112265,1.703640,12.749502,0.218827,3.112875,0.0550
1.708834,13.135313,0.211548,3.002055,-0.244110,0.817258,-66.807922,-27.510334,-50.112265,1.718209,12.957902,0.214551,3.139221,0.0420
1.708834,13.135313,0.211548,3.002055,-0.533393,1.655242,-66.939491,-27.510334,-50.112265,1.749840,13.411931,0.206415,3.226462,0.1610
1.708834,13.135313,0.211548,3.002055,-0.090707,0.870401,-67.051834,-27.510334,-50.112265,1.763960,13.614389,0.202503,3.246417,0.0670
1.329093,16.166540,-0.379211,3.026995,-0.487242,0.723816,-67.131248,-27.510337,-50.112235,1.744363,13.800047,0.088923,3.267532,0.0630
1.329093,16.166540,-0.379211,3.026995,-0.391421,0.788178,-67.186737,-27.510337,-50.112235,1.720823,13.966581,-0.012308,3.261835,0.0400
1.329093,16.166540,-0.379211,3.026995,-0.464752,1.070726,-67.199524,-27.510337,-50.112235,1.716378,14.001819,-0.029523,3.261973,0.0400
1.329093,16.166540,-0.379211,3.026995,-0.441409,1.014793,-67.252052,-27.510337,-50.112235,1.699324,14.268126,-0.171556,3.221836,0.0450
1.329093,16.166540,-0.379211,3.026995,-0.764444,0.282733,-67.254143,-27.510337,-50.112235,1.680073,14.402321,-0.260097,3.186859,0.0410
1.329093,16.166540,-0.379211,3.026995,-0.634722,0.576203,-67.237747,-27.510337,-50.112235,1.656733,14.571317,-0.330359,3.161586,0.0400
1.329093,16.166540,-0.379211,3.026995,-0.443912,0.090292,-67.237747,-27.510337,-50.112235,1.656733,14.571317,-0.330359,3.161586,0.0400
1.329093,16.166540,-0.379211,3.026995,-0.443912,0.090292,-67.237747,-27.510337,-50.112235,1.656733,14.571317,-0.330359,3.161586,0.0410
1.329093,16.166540,-0.379211,3.026995,0.283841,-0.766895,-66.999458,-27.510337,-50.112235,1.590620,15.123933,-0.366840,3.043508,0.0730
1.329093,16.166540,-0.379211,3.026995,-0.132528,0.190123,-66.940903,-27.510337,-50.112235,1.574212,15.247927,-0.371143,3.041930,0.0400
1.329093,16.166540,-0.379211,3.026995,0.249816,0.162645,-66.911705,-27.510337,-50.112235,1.565733,15.312927,-0.369042,3.034467,0.0400
1.329093,16.166540,-0.379211,3.026995,0.152453,-0.395571,-66.740562,-27.510337,-50.112235,1.518249,15.683490,-0.364695,3.025536,0.0940
1.329093,16.166540,-0.379211,3.026995,0.115894,0.032584,-66.669952,-27.510337,-50.112235,1.493202,15.876232,-0.357645,3.009771,0.0630
1.329093,16.166540,-0.379211,3.026995,-0.090219,-0.230943,-66.658279,-27.510337,-50.112235,1.475810,16.010367,-0.363784,3.003892,0.0410
1.329093,16.166540,-0.379211,3.026995,-0.061432,0.064647,-66.673210,-27.510337,-50.112235,1.461250,16.122824,-0.370673,3.013334,0.0400
1.329093,16.166540,-0.379211,3.026995,-0.186432,-0.164385,-66.733383,-27.510337,-50.112235,1.435670,16.325184,-0.380993,3.025751,0.0540
1.329093,16.166540,-0.379211,3.026995,-0.127356,-0.467502,-66.731827,-27.510337,-50.112235,1.420172,16.445612,-0.376159,3.018666,0.0460
1.329093,16.166540,-0.379211,3.026995,0.286545,-0.074490,-66.689262,-27.510337,-50.112235,1.401115,16.592648,-0.362760,3.012234,0.0400
0.379739,18.860964,-0.827437,2.348405,0.377089,0.074914,-66.609970,-27.510346,-50.112211,1.369691,16.770701,-0.368579,2.961350,0.0590
0.379739,18.860964,-0.827437,2.348405,0.343924,0.027118,-66.570000,-27.510346,-50.112211,1.327939,16.874839,-0.435348,2.851315,0.0400
0.379739,18.860964,-0.827437,2.348405,0.120652,0.460459,-66.554268,-27.510346,-50.112211,1.277973,17.007528,-0.495076,2.759451,0.0550
0.379739,18.860964,-0.827437,2.348405,-0.171026,0.293951,-66.582611,-27.510346,-50.112211,1.235592,17.120352,-0.549401,2.704439,0.0400
0.379739,18.860964,-0.827437,2.348405,0.258387,0.357204,-66.628777,-27.510346,-50.112211,1.194281,17.227507,-0.590310,2.661791,0.0400
0.379739,18.860964,-0.827437,2.348405,0.268405,0.365220,-66.732430,-27.510346,-50.112211,1.152776,17.380149,-0.647616,2.657800,0.0480
0.379739,18.860964,-0.827437,2.348405,-0.390691,0.705776,-66.841866,-27.510346,-50.112211,1.106478,17.502640,-0.715288,2.582102,0.0550
0.379739,18.860964,-0.827437,2.348405,-0.162979,0.503655,-66.910995,-27.510346,-50.112211,1.068481,17.603552,-0.751800,2.546195,0.0400
0.379739,18.860964,-0.827437,2.348405,-0.040210,0.470548,-67.038895,-27.510346,-50.112211,1.015723,17.748671,-0.786128,2.536153,0.0590
0.379739,18.860964,-0.827437,2.348405,-0.299743,0.403752,-67.146965,-27.510346,-50.112211,0.973440,17.864059,-0.807195,2.521710,0.0410
0.379739,18.860964,-0.827437,2.348405,-0.836896,0.833124,-67.223366,-27.510346,-50.112211,0.950635,17.926422,-0.826005,2.518869,0.0400
0.379739,18.860964,-0.827437,2.348405,-0.839353,0.833067,-67.223366,-27.510346,-50.112211,0.950635,17.926422,-0.826005,2.518869,0.0400
0.379739,18.860964,-0.827437,2.348405,-0.749974,0.434095,-67.485497,-27.510346,-50.112211,0.826394,18.285474,-0.882737,2.433584,0.0750
0.379739,18.860964,-0.827437,2.348405,-0.841570,0.535825,-67.518913,-27.510346,-50.112211,0.788866,18.391408,-0.894245,2.423941,0.0400
0.379739,18.860964,-0.827437,2.348405,-1.176267,0.325763,-67.512077,-27.510346,-50.112211,0.737840,18.532140,-0.928932,2.431040,0.0420
0.379739,18.860964,-0.827437,2.348405,-1.062269,0.073316,-67.448509,-27.510346,-50.112211,0.692187,18.663243,-0.936917,2.419559,0.0720
0.379739,18.860964,-0.827437,2.348405,-1.206893,0.665324,-67.215858,-27.510346,-50.112211,0.621394,18.864701,-0.971286,2.416307,0.0780
0.379739,18.860964,-0.827437,2.348405,-0.863700,0.272534,-67.064697,-27.510346,-50.112211,0.586979,18.962656,-0.981812,2.423128,0.0500
0.379739,18.860964,-0.827437,2.348405,-0.464284,0.847315,-66.837959,-27.510346,-50.112211,0.540905,19.092940,-0.981219,2.436600,0.0550
-1.139226,20.544977,-1.443728,1.600602,-0.211938,0.324684,-66.632492,-27.510359,-50.112195,0.466591,19.182193,-1.057512,2.328520,0.0400
-1.139226,20.544977,-1.443728,1.600602,-0.197538,0.880193,-66.567398,-27.510359,-50.112195,0.437041,19.210594,-1.086675,2.296785,0.0410
-1.139226,20.544977,-1.443728,1.600602,-0.197538,0.880193,-66.567398,-27.510359,-50.112195,0.437041,19.210594,-1.086675,2.296785,0.0400
-1.139226,20.544977,-1.443728,1.600602,-0.121539,-0.149704,-66.097115,-27.510359,-50.112195,0.238082,19.484636,-1.351589,1.837790,0.0710
-1.139226,20.544977,-1.443728,1.600602,-0.499314,0.188479,-65.934502,-27.510359,-50.112195,0.137162,19.586605,-1.412195,1.750411,0.0740
-1.139226,20.544977,-1.443728,1.600602,-0.355853,0.164614,-65.767250,-27.510359,-50.112195,0.032667,19.703259,-1.437251,1.700367,0.0580
-1.139226,20.544977,-1.443728,1.600602,-0.123974,-0.312309,-65.605484,-27.510359,-50.112195,-0.045160,19.786742,-1.447024,1.664535,0.0410
-1.139226,20.544977,-1.443728,1.600602,-0.106202,0.079475,-65.459297,-27.510359,-50.112195,-0.093901,19.839290,-1.452080,1.652946,0.0400
-1.139226,20.544977,-1.443728,1.600602,0.387340,0.466537,-64.854370,-27.510359,-50.112195,-0.227917,19.988271,-1.422075,1.634705,0.0600
-1.139226,20.544977,-1.443728,1.600602,1.446757,-0.228600,-64.598160,-27.510359,-50.112195,-0.290421,20.054928,-1.397087,1.624782,0.0400
-1.139226,20.544977,-1.443728,1.600602,0.838523,0.696685,-64.339371,-27.510359,-50.112195,-0.364101,20.132891,-1.367232,1.640676,0.0400
-1.139226,20.544977,-1.443728,1.600602,1.411892,-0.158933,-64.339371,-27.510359,-50.112195,-0.364101,20.132891,-1.367232,1.640676,0.0400
-1.139226,20.544977,-1.443728,1.600602,1.411892,-0.158933,-64.049759,-27.510359,-50.112195,-0.518051,20.316244,-1.303019,1.653929,0.0400
-1.139226,20.544977,-1.443728,1.600602,0.915956,1.205726,-63.951088,-27.510359,-50.112195,-0.595493,20.392148,-1.313249,1.622874,0.0670
-1.139226,20.544977,-1.443728,1.600602,1.993137,0.241522,-63.858162,-27.510359,-50.112195,-0.691644,20.489249,-1.290711,1.631821,0.0400
-1.139226,20.544977,-1.443728,1.600602,2.270617,0.577932,-63.858162,-27.510359,-50.112195,-0.691644,20.489249,-1.290711,1.631821,0.0400
-1.139226,20.544977,-1.443728,1.600602,2.270617,0.577932,-63.858162,-27.510359,-50.112195,-0.691644,20.489249,-1.290711,1.631821,0.0400
-1.139226,20.544977,-1.443728,1.600602,1.566620,0.112193,-64.003647,-27.510359,-50.112195,-0.906635,20.745023,-1.326220,1.578713,0.0400
-3.227803,21.555386,-2.296969,1.111225,0.024019,0.342498,-64.064278,-27.510378,-50.112184,-1.006610,20.796646,-1.565373,1.459901,0.0400
-3.227803,21.555386,-2.296969,1.111225,0.882847,-0.568808,-64.130272,-27.510378,-50.112184,-1.145000,20.838971,-1.847000,1.302218,0.0400
-3.227803,21.555386,-2.296969,1.111225,-0.498357,0.320245,-64.199486,-27.510378,-50.112184,-1.280894,20.906035,-1.936606,1.220325,0.0400
-3.227803,21.555386,-2.296969,1.111225,0.062742,-1.205020,-64.242821,-27.510378,-50.112184,-1.376061,20.947251,-2.032236,1.183997,0.0470
-3.227803,21.555386,-2.296969,1.111225,0.190616,-0.306244,-64.281044,-27.510378,-50.112184,-1.495152,21.000633,-2.091480,1.142604,0.0400
-3.227803,21.555386,-2.296969,1.111225,0.781043,-0.571781,-64.326630,-27.510378,-50.112184,-1.632183,21.066468,-2.129952,1.105807,0.0400
-3.227803,21.555386,-2.296969,1.111225,-0.136891,-0.551670,-64.356552,-27.510378,-50.112184,-1.771436,21.132044,-2.165070,1.068874,0.0680
-3.227803,21.555386,-2.296969,1.111225,-0.009353,-0.741014,-64.368011,-27.510378,-50.112184,-1.890627,21.188666,-2.194728,1.046220,0.0410
-3.227803,21.555386,-2.296969,1.111225,-0.429494,-0.606316,-64.381393,-27.510378,-50.112184,-2.027250,21.254098,-2.221009,1.007984,0.0580
-3.227803,21.555386,-2.296969,1.111225,0.583159,-1.475887,-64.400574,-27.510378,-50.112184,-2.135259,21.306232,-2.230550,0.984684,0.0400
-3.227803,21.555386,-2.296969,1.111225,-0.053722,-0.624357,-64.426262,-27.510378,-50.112184,-2.254395,21.362071,-2.254938,0.983193,0.0400
-3.227803,21.555386,-2.296969,1.111225,0.124454,-0.831419,-64.522430,-27.510378,-50.112184,-2.591207,21.523799,-2.284752,0.977027,0.1270
-3.227803,21.555386,-2.296969,1.111225,0.309903,0.119593,-64.644783,-27.510378,-50.112184,-3.343343,21.882095,-2.276785,0.984676,0.3100
-6.265732,21.218584,-2.807101,-0.311211,-0.205528,0.005604,-64.698936,-27.510404,-50.112185,-3.710775,21.850126,-2.454828,0.572857,0.1580
-6.265732,21.218584,-2.807101,-0.311211,0.246238,0.118100,-64.709854,-27.510404,-50.112185,-3.836532,21.833772,-2.503192,0.451040,0.0400
-6.265732,21.218584,-2.807101,-0.311211,0.444567,0.242541,-64.717667,-27.510404,-50.112185,-3.986849,21.812803,-2.541476,0.334674,0.0400
-6.265732,21.218584,-2.807101,-0.311211,0.584122,-0.116050,-64.803017,-27.510404,-50.112185,-4.489258,21.762473,-2.621431,0.018073,0.1730
-6.265732,21.218584,-2.807101,-0.311211,0.274987,0.365502,-64.828949,-27.510404,-50.112185,-4.628282,21.744104,-2.641139,-0.034813,0.0400
-6.265732,21.218584,-2.807101,-0.311211,0.232736,-0.103780,-64.841789,-27.510404,-50.112185,-4.771242,21.726861,-2.653786,-0.076232,0.0500
-6.265732,21.218584,-2.807101,-0.311211,0.281177,0.079487,-64.835716,-27.510404,-50.112185,-4.911487,21.709416,-2.669112,-0.117284,0.0400
-6.265732,21.218584,-2.807101,-0.311211,0.230934,0.358315,-64.831566,-27.510404,-50.112185,-5.019280,21.696032,-2.675764,-0.128441,0.0400
-6.265732,21.218584,-2.807101,-0.311211,0.208387,0.338384,-64.831566,-27.510404,-50.112185,-5.019280,21.696032,-2.675764,-0.128441,0.0400
-6.265732,21.218584,-2.807101,-0.311211,0.208387,0.338384,-64.831566,-27.510404,-50.112185,-5.019280,21.696032,-2.675764,-0.128441,0.0400
-6.265732,21.218584,-2.807101,-0.311211,0.208387,0.338384,-64.831566,-27.510404,-50.112185,-5.019280,21.696032,-2.675764,-0.128441,0.0400
-6.265732,21.218584,-2.807101,-0.311211,0.208387,0.338384,-64.831566,-27.510404,-50.112185,-5.019280,21.696032,-2.675764,-0.128441,0.0400
-6.265732,21.218584,-2.807101,-0.311211,0.204920,0.332910,-64.497261,-27.510404,-50.112185,-5.816753,21.632610,-2.795825,-0.297410,0.0410
-6.265732,21.218584,-2.807101,-0.311211,-0.334261,0.065444,-64.371292,-27.510404,-50.112185,-5.979434,21.611113,-2.809634,-0.298902,0.0620
-6.265732,21.218584,-2.807101,-0.311211,0.363955,-0.348182,-64.215378,-27.510404,-50.112185,-6.131366,21.592275,-2.809039,-0.316647,0.0440
-8.734050,20.544979,-2.729625,-0.744916,-0.008842,-0.655734,-63.985043,-27.510427,-50.112195,-6.320989,21.548443,-2.789494,-0.404255,0.0690
-8.734050,20.544979,-2.729625,-0.744916,-0.132141,0.250593,-63.711002,-27.510427,-50.112195,-6.552832,21.471840,-2.762190,-0.543631,0.0800
-8.734050,20.544979,-2.729625,-0.744916,0.532884,-1.277873,-62.968182,-27.510427,-50.112195,-7.221560,21.277673,-2.752713,-0.725426,0.2030
-8.734050,20.544979,-2.729625,-0.744916,-0.112702,-0.723354,-62.558643,-27.510427,-50.112195,-7.601302,21.172041,-2.740704,-0.828771,0.1700
-8.734050,20.544979,-2.729625,-0.744916,0.186109,-0.996962,-62.352741,-27.510427,-50.112195,-7.766518,21.126393,-2.739499,-0.857758,0.0540
-8.734050,20.544979,-2.729625,-0.744916,0.261911,-0.372709,-61.634369,-27.510427,-50.112195,-8.307671,20.975720,-2.700012,-0.876999,0.1560
-11.202368,19.197769,-2.447470,-1.335831,-0.087355,0.068011,-61.217258,-27.510450,-50.112205,-9.227299,20.661495,-2.565814,-1.013479,0.3550
-11.202368,19.197769,-2.447470,-1.335831,-0.033403,0.018363,-61.206703,-27.510450,-50.112205,-9.821607,20.334049,-2.468599,-1.248418,0.2480
-11.202368,19.197769,-2.447470,-1.335831,0.269273,-0.254130,-61.297333,-27.510450,-50.112205,-10.377060,20.026322,-2.438817,-1.303452,0.2250
-11.202368,19.197769,-2.447470,-1.335831,0.846263,1.289835,-60.714359,-27.510450,-50.112205,-10.838633,19.770290,-2.409498,-1.301389,0.1940
-11.202368,19.197769,-2.447470,-1.335831,0.626822,1.634162,-60.212330,-27.510450,-50.112205,-11.045562,19.655354,-2.371238,-1.202353,0.0860
-11.202368,19.197769,-2.447470,-1.335831,0.831836,1.833877,-59.997597,-27.510450,-50.112205,-11.153881,19.594736,-2.350347,-1.159659,0.0400
-11.202368,19.197769,-2.447470,-1.335831,0.607567,2.058705,-59.839813,-27.510450,-50.112205,-11.252237,19.539328,-2.340152,-1.106634,0.0400
-11.202368,19.197769,-2.447470,-1.335831,0.601558,2.060711,-59.839813,-27.510450,-50.112205,-11.252237,19.539328,-2.340152,-1.106634,0.0400
-11.202368,19.197769,-2.447470,-1.335831,0.601558,2.060711,-59.839813,-27.510468,-50.112215,-11.252237,19.539328,-2.340152,-1.106634,0.0400
-11.202368,19.197769,-2.447470,-1.335831,0.601558,2.060711,-59.839813,-27.510468,-50.112215,-11.252237,19.539328,-2.340152,-1.106634,0.0400
-11.202368,19.197769,-2.447470,-1.335831,0.601558,2.060711,-59.839813,-27.510468,-50.112215,-11.252237,19.539328,-2.340152,-1.106634,0.0400
-13.101073,18.187361,-2.079977,-1.106872,1.873461,1.264675,-60.403316,-27.510468,-50.112215,-11.895629,19.215946,-2.015332,-1.052125,0.0720
-13.101073,18.187361,-2.079977,-1.106872,2.215194,0.424205,-60.543167,-27.510468,-50.112215,-11.978685,19.170311,-1.981862,-1.064341,0.0400
-13.101073,18.187361,-2.079977,-1.106872,2.175536,0.040180,-60.739487,-27.510468,-50.112215,-12.070227,19.121403,-1.944903,-1.057090,0.0400
-13.101073,18.187361,-2.079977,-1.106872,2.548804,0.365939,-61.079956,-27.510468,-50.112215,-12.221340,19.041493,-1.865993,-1.049973,0.0670
-13.101073,18.187361,-2.079977,-1.106872,2.507807,-0.093523,-61.425354,-27.510468,-50.112215,-12.351876,18.972961,-1.798651,-1.065535,0.0510
-13.101073,18.187361,-2.079977,-1.106872,2.540838,0.044594,-61.702049,-27.510468,-50.112215,-12.452387,18.920494,-1.745581,-1.070356,0.0530
-13.101073,18.187361,-2.079977,-1.106872,3.176632,-0.060004,-62.000340,-27.510468,-50.112215,-12.567756,18.860433,-1.676673,-1.099412,0.0460
-13.101073,18.187361,-2.079977,-1.106872,2.145907,-0.067255,-63.224979,-27.510468,-50.112215,-12.854141,18.710962,-1.543635,-1.131024,0.1160
-13.101073,18.187361,-2.079977,-1.106872,0.535263,-1.344179,-65.120544,-27.510468,-50.112215,-13.389425,18.426257,-1.717971,-1.339367,0.2710
-14.050426,15.829743,-0.999231,-2.481483,1.411466,-1.067730,-65.200539,-27.510476,-50.112238,-13.735386,18.100067,-1.564295,-1.658508,0.2020
-14.050426,15.829743,-0.999231,-2.481483,1.389997,-0.036980,-65.178566,-27.510476,-50.112238,-13.786630,17.966108,-1.402271,-1.843201,0.0550
-14.050426,15.829743,-0.999231,-2.481483,1.651231,-0.944488,-65.197502,-27.510476,-50.112238,-13.835382,17.831745,-1.262361,-1.976913,0.0410
-14.050426,15.829743,-0.999231,-2.481483,1.662884,-0.009312,-65.224838,-27.510476,-50.112238,-13.899909,17.665250,-1.115460,-2.114124,0.0650
-14.050426,15.829743,-0.999231,-2.481483,2.156772,-0.688168,-65.261330,-27.510476,-50.112238,-13.944315,17.550958,-1.013471,-2.194411,0.0410
-14.050426,15.829743,-0.999231,-2.481483,1.917024,0.230527,-65.326569,-27.510476,-50.112238,-14.062684,17.247113,-0.823388,-2.333255,0.0980
-14.050426,15.829743,-0.999231,-2.481483,1.370046,-0.006781,-65.029358,-27.510476,-50.112238,-14.313080,16.601777,-0.625108,-2.495840,0.2570
-14.050426,15.829743,-0.999231,-2.481483,1.917683,-0.685260,-64.317230,-27.510476,-50.112238,-14.510073,16.092138,-0.561672,-2.484620,0.2020
-13.670686,12.798521,0.407988,-3.256699,0.469383,0.658853,-63.349781,-27.510472,-50.112271,-14.638396,15.591207,-0.432793,-2.600352,0.2070
-13.670686,12.798521,0.407988,-3.256699,0.299543,-0.652747,-63.409264,-27.510472,-50.112271,-14.516428,14.666976,0.243321,-3.092971,0.2410
-13.670686,12.798521,0.407988,-3.256699,1.047383,-3.395202,-64.109932,-27.510472,-50.112271,-14.460124,14.249038,0.329383,-3.368263,0.1580
-13.670686,12.798521,0.407988,-3.256699,0.148267,-3.206685,-64.346413,-27.510472,-50.112271,-14.433402,14.052788,0.356293,-3.505618,0.0500
-13.670686,12.798521,0.407988,-3.256699,0.517142,-4.249156,-65.186562,-27.510472,-50.112271,-14.360108,13.508967,0.379747,-3.789037,0.1560
-13.670686,12.798521,0.407988,-3.256699,-1.772276,-0.687411,-67.251503,-27.510472,-50.112271,-14.239202,12.605437,0.133391,-3.822729,0.2610
-11.392239,9.093693,2.185603,-3.553861,-1.815929,-1.576020,-68.345085,-27.510451,-50.112307,-13.829906,11.766327,0.718084,-3.885485,0.2380
-11.392239,9.093693,2.185603,-3.553861,-1.633974,-0.837400,-68.867500,-27.510451,-50.112307,-13.299062,10.909040,1.161749,-3.879823,0.2460
-11.392239,9.093693,2.185603,-3.553861,-1.649418,-0.937229,-68.861267,-27.510451,-50.112307,-12.781020,10.077360,1.426797,-3.797513,0.2390
-11.392239,9.093693,2.185603,-3.553861,-1.936430,-0.572633,-68.857101,-27.510451,-50.112307,-12.346689,9.380815,1.560634,-3.775027,0.1960
-11.392239,9.093693,2.185603,-3.553861,-1.017918,-1.312119,-68.776505,-27.510451,-50.112307,-12.158897,9.081818,1.618800,-3.788062,0.0870
-9.873275,6.736074,1.621596,-2.516915,-1.228658,-1.603638,-68.714516,-27.510436,-50.112331,-11.776467,8.485591,1.532388,-3.507444,0.1580
-9.873275,6.736074,1.621596,-2.516915,-2.014310,0.524963,-68.939064,-27.510436,-50.112331,-11.063555,7.404451,1.200873,-2.775066,0.4250
-9.873275,6.736074,1.621596,-2.516915,-0.965989,-0.750828,-68.945969,-27.510436,-50.112331,-10.527994,6.588345,1.206589,-2.684952,0.3490
-8.734051,5.388864,1.175912,-1.390596,-0.173806,-1.201477,-69.103371,-27.510427,-50.112346,-10.240631,6.160403,1.236082,-2.601347,0.1850
-8.734051,5.388864,1.175912,-1.390596,0.412072,-0.122576,-69.114792,-27.510427,-50.112346,-10.189132,6.103093,1.237397,-2.454703,0.0400
-8.734051,5.388864,1.175912,-1.390596,1.034906,-0.891718,-69.206245,-27.510427,-50.112346,-10.100232,6.002898,1.279489,-2.270142,0.0660
-8.734051,5.388864,1.175912,-1.390596,1.482712,-0.213932,-69.807358,-27.510427,-50.112346,-9.835690,5.700812,1.425596,-1.859165,0.1940
-8.734051,5.388864,1.175912,-1.390596,1.327652,0.417565,-70.126045,-27.510427,-50.112346,-9.440285,5.249756,1.561800,-1.584053,0.3220
-8.164439,4.378456,0.626537,-1.111384,1.130413,-0.501549,-69.392448,-27.510423,-50.112357,-9.020469,4.762423,1.491946,-1.415970,0.3600
-8.164439,4.378456,0.626537,-1.111384,0.832839,-0.690626,-69.510361,-27.510423,-50.112357,-8.815517,4.422188,1.141757,-1.338429,0.3200
-8.164439,4.378456,0.626537,-1.111384,0.576052,-0.669867,-69.738228,-27.510423,-50.112357,-8.743146,4.300929,1.067845,-1.359429,0.1160
-8.164439,4.378456,0.626537,-1.111384,0.139274,-1.506312,-70.256302,-27.510423,-50.112357,-8.629700,4.110757,0.925674,-1.413749,0.1730
-8.164439,4.378456,0.626537,-1.111384,-0.449160,-1.300718,-70.449699,-27.510423,-50.112357,-8.596329,4.054743,0.868444,-1.447787,0.0500
-8.164439,4.378456,0.626537,-1.111384,-0.314554,-1.791955,-70.672798,-27.510423,-50.112357,-8.562990,3.998954,0.804687,-1.469116,0.0410
-8.164439,4.378456,0.626537,-1.111384,-0.606817,-2.004254,-70.973152,-27.510423,-50.112357,-8.520050,3.926815,0.726782,-1.489740,0.0650
-8.164439,4.378456,0.626537,-1.111384,-1.105979,-0.947326,-71.189079,-27.510423,-50.112357,-8.488426,3.873700,0.675748,-1.507997,0.0490
-8.164439,4.378456,0.626537,-1.111384,-1.166860,-1.362591,-71.458023,-27.510423,-50.112357,-8.449097,3.807451,0.610430,-1.521893,0.0600
-7.025216,3.368048,1.339366,-1.187920,-1.199030,-1.477026,-72.069740,-27.510412,-50.112367,-8.291887,3.616105,0.621718,-1.556792,0.1320
-7.025216,3.368048,1.339366,-1.187920,-0.495486,-0.796293,-72.348244,-27.510412,-50.112367,-7.932382,3.302366,0.862610,-1.530415,0.2630
-7.025216,3.368048,1.339366,-1.187920,-0.301439,-0.819294,-71.886276,-27.510412,-50.112367,-7.621124,3.031761,1.015856,-1.446703,0.2510
-7.025216,3.368048,1.339366,-1.187920,-0.483793,0.361091,-71.664932,-27.510412,-50.112367,-7.525135,2.950154,1.054976,-1.405408,0.0800
-7.025216,3.368048,1.339366,-1.187920,-0.437736,-0.128767,-71.525902,-27.510412,-50.112367,-7.466298,2.902439,1.080479,-1.382283,0.0400
-7.025216,3.368048,1.339366,-1.187920,-0.042965,-0.704208,-71.237289,-27.510412,-50.112367,-7.371362,2.820990,1.129198,-1.368897,0.0690
-7.025216,3.368048,1.339366,-1.187920,-0.153343,0.433179,-71.040062,-27.510412,-50.112367,-7.311171,2.770547,1.153329,-1.335653,0.0400
-7.025216,3.368048,1.339366,-1.187920,-0.223655,-0.014725,-70.963203,-27.510412,-50.112367,-7.286458,2.750052,1.161319,-1.323961,0.0400
-7.025216,3.368048,1.339366,-1.187920,0.379869,-0.265041,-70.544273,-27.510412,-50.112367,-7.172710,2.635922,1.250815,-1.298007,0.0510
-7.025216,3.368048,1.339366,-1.187920,-0.033292,0.199549,-70.043427,-27.510412,-50.112367,-7.033947,2.520637,1.285219,-1.226968,0.0990
-5.316381,4.041654,1.679895,0.662197,0.370417,0.667054,-69.494202,-27.510398,-50.112363,-6.893408,2.579084,1.438937,-0.619309,0.0880
-5.316381,4.041654,1.679895,0.662197,1.392389,-0.106629,-67.793663,-27.510398,-50.112363,-6.338816,2.823017,1.814878,0.331322,0.2630
-5.316381,4.041654,1.679895,0.662197,1.434553,-0.019292,-66.759575,-27.510398,-50.112363,-5.890628,3.010963,1.980538,0.579615,0.2860
-5.316381,4.041654,1.679895,0.662197,0.127003,1.734693,-65.196831,-27.510398,-50.112363,-5.514765,3.167821,2.033440,0.791481,0.2480
-5.316381,4.041654,1.679895,0.662197,-1.643981,2.466359,-65.069008,-27.510398,-50.112363,-5.320839,3.248636,1.834015,0.957350,0.1170
-3.417675,5.052062,2.030021,1.080288,-1.551068,1.472525,-65.207123,-27.510380,-50.112352,-5.212626,3.305439,1.777243,1.048352,0.0530
-3.417675,5.052062,2.030021,1.080288,-1.810275,1.998447,-65.286034,-27.510380,-50.112352,-5.132821,3.348902,1.754576,1.118416,0.0400
-3.417675,5.052062,2.030021,1.080288,-1.825086,2.005734,-65.286034,-27.510380,-50.112352,-5.132821,3.348902,1.754576,1.118416,0.0400
-3.417675,5.052062,2.030021,1.080288,-1.825086,2.005734,-65.286034,-27.510380,-50.112352,-5.132821,3.348902,1.754576,1.118416,0.0410
-3.417675,5.052062,2.030021,1.080288,-2.101464,2.543957,-66.212685,-27.510380,-50.112352,-4.759005,3.562786,1.880189,1.218479,0.0820
-3.417675,5.052062,2.030021,1.080288,-2.924983,2.287169,-66.688278,-27.510380,-50.112352,-4.221139,3.824747,1.620982,1.509286,0.2490
-3.417675,5.052062,2.030021,1.080288,-2.216890,2.543716,-65.399666,-27.510380,-50.112352,-3.501160,4.196073,1.484856,1.683239,0.3170
-1.898710,5.725667,1.923430,0.852971,-1.880406,1.708390,-63.931690,-27.510366,-50.112341,-2.851309,4.518400,1.499825,1.441092,0.3110
-1.898710,5.725667,1.923430,0.852971,-0.937844,0.338435,-64.154762,-27.510366,-50.112341,-2.484579,4.688441,1.520781,1.301676,0.2270
-1.898710,5.725667,1.923430,0.852971,-0.775837,0.200315,-64.404785,-27.510366,-50.112341,-2.350615,4.748678,1.550066,1.225406,0.0690
-1.898710,5.725667,1.923430,0.852971,-0.820517,0.733114,-64.597687,-27.510366,-50.112341,-2.260495,4.789603,1.571604,1.184584,0.0470
-1.898710,5.725667,1.923430,0.852971,-0.826206,-0.123180,-64.875618,-27.510366,-50.112341,-2.135219,4.846258,1.586576,1.153349,0.0610
-1.898710,5.725667,1.923430,0.852971,0.050331,-0.289400,-65.285042,-27.510366,-50.112341,-1.807345,5.000177,1.636744,1.046476,0.1740
-1.898710,5.725667,1.923430,0.852971,0.425700,1.582870,-65.270210,-27.510366,-50.112341,-1.670027,5.064407,1.712488,1.059542,0.0730
-1.898710,5.725667,1.923430,0.852971,1.112757,0.937902,-65.268745,-27.510366,-50.112341,-1.585593,5.102833,1.783134,1.051421,0.0400
-1.898710,5.725667,1.923430,0.852971,1.463126,0.273772,-65.211258,-27.510366,-50.112341,-1.436198,5.175520,1.891593,1.054029,0.0420
-1.898710,5.725667,0.000000,0.000000,0.720422,1.283953,-65.282295,-27.510367,-50.112342,-1.280350,5.250805,1.450068,0.876996,0.2000
-1.898710,5.725667,0.000000,0.000000,-1.256370,0.365728,-66.947639,-27.510367,-50.112342,-1.284492,5.258557,0.533723,0.661722,0.2400
-1.898710,5.725667,0.000000,0.000000,-0.635679,-0.125968,-67.290436,-27.510367,-50.112342,-1.287570,5.260435,0.320587,0.482139,0.1110
-1.898710,5.725667,0.000000,0.000000,-0.462106,-0.288389,-67.421150,-27.510367,-50.112342,-1.291240,5.259629,0.219121,0.362495,0.0730
-1.898710,5.725667,0.000000,0.000000,-0.443767,-0.347589,-67.544571,-27.510367,-50.112342,-1.286865,5.268657,0.174480,0.298806,0.0400
-1.898710,5.725667,0.000000,0.000000,-0.466464,-0.303349,-67.659966,-27.510367,-50.112342,-1.288800,5.268385,0.121070,0.216007,0.0450
-1.898710,5.725667,0.000000,0.000000,0.016861,-1.390773,-67.835487,-27.510367,-50.112342,-1.291293,5.268083,0.085315,0.119103,0.0400
-1.898710,5.725667,0.000000,0.000000,-0.166016,-0.884161,-67.920776,-27.510367,-50.112342,-1.292233,5.268283,0.072596,0.088000,0.0400
-1.898710,5.725667,0.000000,0.000000,-0.166016,-0.884161,-67.920776,-27.510367,-50.112342,-1.292233,5.268283,0.072596,0.088000,0.0400
-1.898710,5.725667,0.000000,0.000000,-0.166016,-0.884161,-67.920776,-27.510367,-50.112342,-1.292233,5.268283,0.072596,0.088000,0.0400
-1.898710,5.725667,0.000000,0.000000,-0.166016,-0.884161,-67.920776,-27.510367,-50.112342,-1.292233,5.268283,0.072596,0.088000,0.0400
-1.898710,5.725667,0.000000,0.000000,-0.166016,-0.884161,-67.920776,-27.510367,-50.112342,-1.292233,5.268283,0.072596,0.088000,0.0400
-1.898710,5.725667,0.000000,0.000000,-0.166016,-0.884161,-67.920776,-27.510367,-50.112342,-1.292233,5.268283,0.072596,0.088000,0.0400
-1.898710,5.725667,0.000000,0.000000,-0.166016,-0.884161,-67.920776,-27.510367,-50.112342,-1.292233,5.268283,0.072596,0.088000,0.0400
-1.898710,4.378456,0.000000,-1.574200,0.173890,0.530153,-68.851280,-27.510367,-50.112357,-1.282400,5.050154,0.001708,-0.987554,0.0860
-1.898710,4.378456,0.000000,-1.574200,0.332468,0.181089,-68.944321,-27.510367,-50.112357,-1.285345,4.901151,0.016010,-1.272255,0.0410
-1.898710,4.378456,0.000000,-1.574200,0.521418,0.588374,-69.069725,-27.510367,-50.112357,-1.289286,4.781683,0.041930,-1.369422,0.0730
-1.898710,4.378456,0.000000,-1.574200,0.546751,-0.357743,-69.244545,-27.510367,-50.112357,-1.294336,4.646055,0.066165,-1.417059,0.0810
-1.898710,4.378456,0.000000,-1.574200,0.542103,0.438618,-69.357841,-27.510367,-50.112357,-1.297717,4.564781,0.075478,-1.439954,0.0410
-1.898710,4.378456,0.000000,-1.574200,1.106087,-0.220811,-69.489296,-27.510367,-50.112357,-1.300890,4.479000,0.109063,-1.470924,0.0530
-1.898710,4.378456,0.000000,-1.574200,0.518584,0.092874,-69.629524,-27.510367,-50.112357,-1.303983,4.420786,0.119174,-1.494612,0.0400
-1.898710,4.378456,0.000000,-1.574200,0.152478,0.232564,-69.768623,-27.510367,-50.112357,-1.306246,4.371144,0.113944,-1.497992,0.0400
-1.898710,4.378456,0.000000,-1.574200,0.112094,-0.411349,-70.023834,-27.510367,-50.112357,-1.300581,4.251359,0.089176,-1.645779,0.0400
-1.898710,4.378456,0.000000,-1.574200,0.174910,-0.739927,-70.101349,-27.510367,-50.112357,-1.303698,4.177855,0.046741,-1.632586,0.0490
-1.898710,4.378456,0.000000,-1.574200,0.442807,-1.016450,-70.094055,-27.510367,-50.112357,-1.306582,4.096898,0.044992,-1.647873,0.0400
-1.898710,4.378456,0.000000,-1.574200,0.964139,-1.157103,-70.088875,-27.510367,-50.112357,-1.307219,4.078568,0.052177,-1.655142,0.0410
-1.898710,4.378456,0.000000,-1.574200,0.964139,-1.157103,-70.088875,-27.510367,-50.112357,-1.307219,4.078568,0.052177,-1.655142,0.0400
-1.898710,4.378456,0.000000,-1.574200,0.964139,-1.157103,-70.088875,-27.510367,-50.112357,-1.307219,4.078568,0.052177,-1.655142,0.0400
-1.898710,4.378456,0.000000,-1.574200,0.964139,-1.157103,-70.088875,-27.510367,-50.112357,-1.307219,4.078568,0.052177,-1.655142,0.0400
-1.898710,4.378456,0.000000,-1.574200,0.962511,-1.151186,-70.584007,-27.510367,-50.112357,-1.296738,3.701520,0.064313,-1.593793,0.0400
-1.898710,4.378456,0.000000,-1.574200,0.393927,-0.007725,-70.687019,-27.510367,-50.112357,-1.304438,3.631745,0.030387,-1.588677,0.0540
-1.898710,4.378456,0.000000,-1.574200,0.542071,-0.128226,-70.787621,-27.510367,-50.112357,-1.308415,3.560857,0.036024,-1.587222,0.0400
-1.898710,4.378456,0.000000,-1.574200,0.458452,0.306278,-70.819366,-27.510375,-50.112371,-1.309904,3.530542,0.038274,-1.579998,0.0410
-2.848063,3.031245,-0.900855,-1.278389,0.293335,0.177938,-70.883995,-27.510375,-50.112371,-1.340273,3.426812,-0.192704,-1.488446,0.0420
-2.848063,3.031245,-0.900855,-1.278389,0.468782,-0.429741,-70.880402,-27.510375,-50.112371,-1.416361,3.363985,-0.523507,-1.404754,0.0530
-2.848063,3.031245,-0.900855,-1.278389,0.368609,-0.643467,-70.780235,-27.510375,-50.112371,-1.473934,3.303913,-0.638910,-1.382102,0.0410
-2.848063,3.031245,-0.900855,-1.278389,0.521849,-0.777074,-70.763687,-27.510375,-50.112371,-1.480624,3.296477,-0.646876,-1.382300,0.0400
-2.848063,3.031245,-0.900855,-1.278389,0.521849,-0.777074,-70.763687,-27.510375,-50.112371,-1.480624,3.296477,-0.646876,-1.382300,0.0400
-2.848063,3.031245,-0.900855,-1.278389,0.521849,-0.777074,-70.763687,-27.510375,-50.112371,-1.480624,3.296477,-0.646876,-1.382300,0.0400
-2.848063,3.031245,-0.900855,-1.278389,1.043599,0.150782,-69.324066,-27.510375,-50.112371,-1.647603,3.007545,-0.788548,-1.281744,0.0400
-2.848063,3.031245,-0.900855,-1.278389,2.284257,0.360952,-69.035515,-27.510375,-50.112371,-1.703398,2.945838,-0.797699,-1.267224,0.0450
-2.848063,3.031245,-0.900855,-1.278389,2.437711,0.640096,-68.847923,-27.510375,-50.112371,-1.753981,2.887603,-0.755297,-1.251850,0.0400
-2.848063,3.031245,-0.900855,-1.278389,2.553138,0.582870,-68.826576,-27.510375,-50.112371,-1.760598,2.879832,-0.748129,-1.249859,0.0400
-2.848063,3.031245,-0.900855,-1.278389,2.553138,0.582870,-68.826576,-27.510375,-50.112371,-1.760598,2.879832,-0.748129,-1.249859,0.0400
-2.848063,3.031245,-0.900855,-1.278389,2.553138,0.582870,-68.826576,-27.510375,-50.112371,-1.760598,2.879832,-0.748129,-1.249859,0.0410
-2.848063,3.031245,-0.900855,-1.278389,2.553138,0.582870,-68.826576,-27.510375,-50.112371,-1.760598,2.879832,-0.748129,-1.249859,0.0400
-2.848063,3.031245,-0.900855,-1.278389,2.553138,0.582870,-68.826576,-27.510375,-50.112371,-1.760598,2.879832,-0.748129,-1.249859,0.0400
-2.848063,3.031245,-0.900855,-1.278389,0.695539,-0.334671,-68.859970,-27.510375,-50.112371,-1.999193,2.512375,-0.848681,-1.281894,0.0410
-2.848063,3.031245,-0.900855,-1.278389,0.746765,-0.559151,-68.900620,-27.510375,-50.112371,-2.064327,2.438557,-0.862104,-1.302091,0.0620
-2.848063,3.031245,-0.900855,-1.278389,0.240553,0.312090,-68.806740,-27.510375,-50.112371,-2.122878,2.367422,-0.857129,-1.314277,0.0590
-2.848063,3.031245,-0.900855,-1.278389,0.289723,0.278823,-68.699196,-27.510375,-50.112371,-2.169903,2.308948,-0.852416,-1.295182,0.0480
-2.848063,3.031245,-0.900855,-1.278389,0.543884,-0.775879,-68.630737,-27.510375,-50.112371,-2.217981,2.247515,-0.857196,-1.300336,0.0470
-3.417675,2.020837,-0.704854,-1.250307,0.199069,-0.108351,-68.599922,-27.510379,-50.112380,-2.254734,2.189726,-0.821833,-1.308604,0.0510
-3.417675,2.020837,-0.704854,-1.250307,0.053681,0.089142,-68.502892,-27.510379,-50.112380,-2.309096,2.097715,-0.791148,-1.289035,0.0400
-3.417675,2.020837,-0.704854,-1.250307,-0.098099,0.449050,-68.404434,-27.510379,-50.112380,-2.346238,2.035459,-0.772241,-1.269399,0.0700
-3.417675,2.020837,-0.704854,-1.250307,-0.142465,0.147797,-68.310745,-27.510379,-50.112380,-2.384319,1.971883,-0.762470,-1.254042,0.0410
-3.417675,2.020837,-0.704854,-1.250307,0.236581,-0.040466,-68.167473,-27.510379,-50.112380,-2.418067,1.915765,-0.754480,-1.243599,0.0460
-3.417675,2.020837,-0.704854,-1.250307,0.275275,-0.821691,-67.920425,-27.510379,-50.112380,-2.466391,1.836474,-0.725967,-1.273693,0.0660
-3.417675,2.020837,-0.704854,-1.250307,0.502838,-0.611614,-67.889702,-27.510379,-50.112380,-2.472454,1.826619,-0.722291,-1.278613,0.0400
-3.417675,2.020837,-0.704854,-1.250307,0.502838,-0.611614,-67.889702,-27.510379,-50.112380,-2.472454,1.826619,-0.722291,-1.278613,0.0400
-3.417675,2.020837,-0.704854,-1.250307,0.502838,-0.611614,-67.889702,-27.510379,-50.112380,-2.472454,1.826619,-0.722291,-1.278613,0.0400
-3.417675,2.020837,-0.704854,-1.250307,0.498484,-0.637039,-67.626572,-27.510379,-50.112380,-2.608279,1.565936,-0.647387,-1.384919,0.0400
-3.417675,2.020837,-0.704854,-1.250307,0.393761,-1.031917,-67.586937,-27.510379,-50.112380,-2.643558,1.526828,-0.685898,-1.302600,0.0400
-3.417675,2.020837,-0.704854,-1.250307,0.261619,-0.681926,-67.533333,-27.510379,-50.112380,-2.684615,1.465970,-0.685140,-1.303200,0.0400
-3.417675,2.020837,-0.704854,-1.250307,0.483597,-0.813719,-67.509796,-27.510379,-50.112380,-2.703108,1.438106,-0.679626,-1.309951,0.0400
-3.417675,2.020837,-0.704854,-1.250307,0.483467,-0.813657,-67.509796,-27.510379,-50.112380,-2.703108,1.438106,-0.679626,-1.309951,0.0400
-3.417675,2.020837,-0.704854,-1.250307,0.483467,-0.813657,-67.509796,-27.510379,-50.112380,-2.703108,1.438106,-0.679626,-1.309951,0.0400
-3.417675,2.020837,-0.704854,-1.250307,0.483467,-0.813657,-67.509796,-27.510379,-50.112380,-2.703108,1.438106,-0.679626,-1.309951,0.0400
-3.417675,2.020837,-0.704854,-1.250307,0.064003,0.280502,-67.822075,-27.510379,-50.112380,-2.858324,1.152936,-0.696519,-1.275051,0.0410
-3.417675,2.020837,-0.704854,-1.250307,0.404332,-0.802743,-67.895172,-27.510379,-50.112380,-2.890089,1.104942,-0.692355,-1.281828,0.0430
-3.417675,2.020837,-0.704854,-1.250307,0.284447,-1.177621,-67.985748,-27.510379,-50.112380,-2.924065,1.053561,-0.687561,-1.303581,0.0400
-3.607545,1.010428,-0.251773,-1.339827,0.568126,-0.947799,-68.149971,-27.510381,-50.112391,-2.964719,0.966730,-0.620245,-1.363363,0.0550
-3.607545,1.010428,-0.251773,-1.339827,0.713737,-1.496620,-68.338608,-27.510381,-50.112391,-2.974770,0.875332,-0.462165,-1.428553,0.0820
-3.607545,1.010428,-0.251773,-1.339827,0.969970,-2.449077,-68.745361,-27.510381,-50.112391,-3.054672,0.502409,-0.139052,-1.777379,0.2640
-3.607545,1.010428,-0.251773,-1.339827,0.628814,-0.891721,-68.698975,-27.510381,-50.112391,-3.144971,0.107809,-0.059079,-1.812940,0.3420
-3.607545,1.010428,-0.251773,-1.339827,0.380530,-0.195287,-68.625412,-27.510381,-50.112391,-3.159797,0.051533,-0.072360,-1.758137,0.0400
-3.607545,1.010428,-0.251773,-1.339827,-0.241080,0.715553,-68.390442,-27.510381,-50.112391,-3.208864,-0.180047,-0.143383,-1.569346,0.1820
-3.607545,1.010428,-0.251773,-1.339827,-0.206709,0.196043,-68.350586,-27.510381,-50.112391,-3.220445,-0.233307,-0.162739,-1.525313,0.0400
-3.987287,0.336823,-0.282952,-0.501915,-0.079181,-0.014277,-68.315376,-27.510385,-50.112395,-3.236128,-0.283735,-0.184056,-1.449066,0.0400
-3.987287,0.336823,-0.282952,-0.501915,-0.060012,0.344865,-68.283813,-27.510385,-50.112395,-3.249647,-0.333684,-0.207058,-1.297494,0.0410
-3.987287,0.336823,-0.282952,-0.501915,0.202586,0.098402,-68.235245,-27.510385,-50.112395,-3.265338,-0.353378,-0.223987,-1.089735,0.0470
-3.987287,0.336823,-0.282952,-0.501915,0.158221,-0.071085,-68.166702,-27.510385,-50.112395,-3.279947,-0.370326,-0.233058,-0.967015,0.0410
-3.987287,0.336823,-0.282952,-0.501915,-0.011317,0.225229,-68.138367,-27.510385,-50.112395,-3.285522,-0.377373,-0.237195,-0.926304,0.0400
-3.987287,0.336823,-0.282952,-0.501915,-0.126142,0.118813,-67.944016,-27.510385,-50.112395,-3.315595,-0.438813,-0.264593,-0.719616,0.0640
-3.987287,0.336823,-0.282952,-0.501915,0.036958,0.452124,-67.822189,-27.510385,-50.112395,-3.331244,-0.458527,-0.267296,-0.639079,0.0410
-3.987287,0.336823,-0.282952,-0.501915,-0.427424,0.545362,-67.764755,-27.510385,-50.112395,-3.338023,-0.467588,-0.274006,-0.613832,0.0400
-3.987287,0.336823,-0.282952,-0.501915,-0.417907,0.554592,-67.490906,-27.510385,-50.112395,-3.359157,-0.509514,-0.290974,-0.550192,0.0400
-3.987287,0.336823,-0.282952,-0.501915,0.060499,0.614846,-67.257164,-27.510385,-50.112395,-3.376873,-0.534930,-0.289737,-0.500451,0.0570
-3.987287,0.336823,-0.282952,-0.501915,0.044193,0.189934,-67.034966,-27.510385,-50.112395,-3.391742,-0.556275,-0.286307,-0.489596,0.0400
-3.987287,0.336823,-0.282952,-0.501915,-0.115566,0.148076,-66.979469,-27.510385,-50.112395,-3.395833,-0.562198,-0.287478,-0.488790,0.0400
-3.987287,0.336823,-0.282952,-0.501915,-0.076600,0.277266,-66.650406,-27.510385,-50.112395,-3.419962,-0.600714,-0.285626,-0.481989,0.0450
-3.987287,0.336823,-0.282952,-0.501915,-0.140840,0.035888,-66.527321,-27.510385,-50.112395,-3.433714,-0.620825,-0.290473,-0.482205,0.0410
-3.987287,0.336823,-0.282952,-0.501915,-0.036021,-0.203515,-66.439850,-27.510385,-50.112395,-3.446600,-0.639172,-0.288546,-0.493931,0.0400
-3.987287,0.336823,-0.282952,-0.501915,-0.095700,-0.243734,-66.439850,-27.510385,-50.112395,-3.446600,-0.639172,-0.288546,-0.493931,0.0400
-3.987287,0.336823,-0.282952,-0.501915,-0.136197,-0.180591,-66.214699,-27.510385,-50.112395,-3.475283,-0.686925,-0.302198,-0.500298,0.0400
-3.987287,0.336823,-0.282952,-0.501915,0.051256,-0.235425,-66.068382,-27.510385,-50.112395,-3.490822,-0.710103,-0.288566,-0.506173,0.0520
-3.987287,0.336823,-0.282952,-0.501915,-0.035303,-0.057922,-65.934380,-27.510385,-50.112395,-3.507178,-0.733050,-0.288246,-0.512898,0.0410
-3.987287,0.336823,-0.282952,-0.501915,0.128379,-0.282168,-65.906357,-27.510385,-50.112395,-3.510891,-0.738231,-0.287629,-0.513974,0.0400
-3.987287,0.336823,0.000000,0.000000,0.098444,-0.231542,-65.703575,-27.510386,-50.112396,-3.531680,-0.772209,-0.259960,-0.483172,0.0410
-3.987287,0.336823,0.000000,0.000000,0.048926,-0.391601,-65.595749,-27.510386,-50.112396,-3.528425,-0.761150,-0.159659,-0.318796,0.0430
-3.987287,0.336823,0.000000,0.000000,0.285116,-0.322500,-65.486786,-27.510386,-50.112396,-3.527173,-0.752934,-0.101844,-0.236985,0.0410
-3.987287,0.336823,0.000000,0.000000,0.096205,0.176521,-65.392441,-27.510386,-50.112396,-3.529110,-0.753308,-0.072928,-0.182413,0.0400
-3.987287,0.336823,0.000000,0.000000,0.224818,-0.075948,-65.375481,-27.510386,-50.112396,-3.529395,-0.748952,-0.051621,-0.128466,0.0400
-3.987287,0.336823,0.000000,0.000000,0.142151,-0.428756,-65.410324,-27.510386,-50.112396,-3.529991,-0.744802,-0.038742,-0.101185,0.0410
-3.987287,0.336823,0.000000,0.000000,0.050060,-0.246987,-65.429466,-27.510386,-50.112396,-3.530238,-0.743778,-0.035297,-0.098822,0.0400
-3.987287,0.336823,0.000000,0.000000,0.050060,-0.246987,-65.429466,-27.510386,-50.112396,-3.530238,-0.743778,-0.035297,-0.098822,0.0400
-3.987287,0.336823,0.000000,0.000000,0.050060,-0.246987,-65.735886,-27.510386,-50.112396,-3.534781,-0.751092,-0.026177,-0.006292,0.0400
-3.987287,0.336823,0.000000,0.000000,-0.251969,0.883675,-65.861725,-27.510386,-50.112396,-3.534723,-0.748588,-0.004920,0.011253,0.0540
-3.987287,0.336823,0.000000,0.000000,0.207478,0.388494,-66.001266,-27.510386,-50.112396,-3.536215,-0.745963,0.003252,0.026805,0.0400
-3.987287,0.336823,0.000000,0.000000,0.043262,0.659497,-66.024681,-27.510386,-50.112396,-3.536631,-0.745344,0.003416,0.032385,0.0400
-3.987287,0.336823,0.000000,0.000000,0.043262,0.659497,-66.024681,-27.510386,-50.112396,-3.536631,-0.745344,0.003416,0.032385,0.0400
-3.987287,0.336823,0.000000,0.000000,0.043262,0.659497,-66.024681,-27.510386,-50.112396,-3.536631,-0.745344,0.003416,0.032385,0.0600
-3.987287,0.336823,0.000000,0.000000,0.043262,0.659497,-65.964821,-27.510386,-50.112396,-3.531792,-0.752707,0.049271,-0.118120,0.0400
-3.987287,0.336823,0.000000,0.000000,0.366816,-1.214252,-65.925316,-27.510386,-50.112396,-3.538304,-0.736775,0.019876,-0.052241,0.0510
-3.987287,0.336823,0.000000,0.000000,0.429443,-1.313958,-65.833923,-27.510386,-50.112396,-3.540767,-0.730296,0.023867,-0.069004,0.0410
-3.987287,0.336823,0.000000,0.000000,0.883796,-1.755445,-65.726997,-27.510386,-50.112396,-3.542852,-0.724942,0.037881,-0.095084,0.0400
-3.987287,0.336823,0.000000,0.000000,0.905562,-1.778131,-65.726997,-27.510386,-50.112396,-3.542852,-0.724942,0.037881,-0.095084,0.0400
-3.987287,0.336823,0.000000,0.000000,0.906549,-1.780086,-65.276855,-27.510386,-50.112396,-3.540167,-0.731368,0.074268,-0.154564,0.0400
-3.987287,0.000020,0.000000,-0.375544,0.953384,-2.873088,-65.127686,-27.510386,-50.112399,-3.545161,-0.746711,0.066025,-0.314815,0.0660
-3.987287,0.000020,0.000000,-0.375544,1.020171,-2.360002,-65.020958,-27.510386,-50.112399,-3.548620,-0.761548,0.078843,-0.416904,0.0410
-3.987287,0.000020,0.000000,-0.375544,0.982648,-2.009211,-64.941780,-27.510386,-50.112399,-3.552041,-0.777605,0.093838,-0.501940,0.0570
-3.987287,0.000020,0.000000,-0.375544,0.947409,-1.843926,-64.888680,-27.510386,-50.112399,-3.555603,-0.791235,0.106245,-0.554894,0.0400
-3.987287,0.000020,0.000000,-0.375544,0.816457,-2.123688,-64.878548,-27.510386,-50.112399,-3.556210,-0.794283,0.109299,-0.567981,0.0400
-3.987287,0.000020,0.000000,-0.375544,0.813933,-2.169528,-64.810600,-27.510386,-50.112399,-3.549644,-0.838283,0.129829,-0.654493,0.0400
-3.987287,0.000020,0.000000,-0.375544,0.354428,-1.396920,-64.783684,-27.510386,-50.112399,-3.553699,-0.844454,0.092080,-0.589181,0.0420
-3.987287,0.000020,0.000000,-0.375544,0.107753,-0.897722,-64.737808,-27.510386,-50.112399,-3.556963,-0.856878,0.063640,-0.550216,0.0400
-3.987287,0.000020,0.000000,-0.375544,0.467350,-0.396915,-64.708405,-27.510386,-50.112399,-3.557809,-0.860906,0.061913,-0.537275,0.0400
-3.987287,0.000020,0.000000,-0.375544,0.467350,-0.396915,-64.708405,-27.510386,-50.112399,-3.557809,-0.860906,0.061913,-0.537275,0.0400
-3.987287,0.000020,0.000000,-0.375544,0.467350,-0.396915,-64.708405,-27.510386,-50.112399,-3.557809,-0.860906,0.061913,-0.537275,0.0400
-3.987287,0.000020,0.000000,-0.375544,0.467350,-0.396915,-64.708405,-27.510386,-50.112399,-3.557809,-0.860906,0.061913,-0.537275,0.0400
-3.987287,0.000020,0.000000,-0.375544,0.467350,-0.396915,-64.708405,-27.510386,-50.112399,-3.557809,-0.860906,0.061913,-0.537275,0.0400
-3.987287,0.000020,0.000000,-0.375544,0.467350,-0.396915,-64.708405,-27.510386,-50.112399,-3.557809,-0.860906,0.061913,-0.537275,0.0400
-3.987287,0.000020,0.000000,-0.375544,0.467350,-0.396915,-64.708405,-27.510386,-50.112399,-3.557809,-0.860906,0.061913,-0.537275,0.0400
-3.987287,0.000020,0.000000,-0.375544,0.467350,-0.396915,-64.708405,-27.510386,-50.112399,-3.557809,-0.860906,0.061913,-0.537275,0.0410
-3.987287,0.000020,0.000000,-0.375544,0.467350,-0.396915,-64.708405,-27.510386,-50.112399,-3.557809,-0.860906,0.061913,-0.537275,0.0400
-3.987287,0.000020,0.000000,-0.375544,0.467350,-0.396915,-64.708405,-27.510386,-50.112399,-3.557809,-0.860906,0.061913,-0.537275,0.0400
-3.987287,0.000020,0.000000,-0.375544,0.467350,-0.396915,-64.708405,-27.510386,-50.112399,-3.557809,-0.860906,0.061913,-0.537275,0.0400
-3.987287,0.000020,0.000000,-0.375544,0.467350,-0.396915,-64.708405,-27.510386,-50.112399,-3.557809,-0.860906,0.061913,-0.537275,0.0400
-3.987287,0.000020,0.000000,-0.375544,0.467350,-0.396915,-64.708405,-27.510382,-50.112397,-3.557809,-0.860906,0.061913,-0.537275,0.0400
-3.987287,0.000020,0.000000,-0.375544,0.467350,-0.396915,-64.708405,-27.510382,-50.112397,-3.557809,-0.860906,0.061913,-0.537275,0.0400
-3.987287,0.000020,0.000000,-0.375544,0.467350,-0.396915,-64.708405,-27.510382,-50.112397,-3.557809,-0.860906,0.061913,-0.537275,0.0400
-3.987287,0.000020,0.000000,-0.375544,0.467350,-0.396915,-64.708405,-27.510382,-50.112397,-3.557809,-0.860906,0.061913,-0.537275,0.0400
-3.987287,0.000020,0.000000,-0.375544,0.467350,-0.396915,-64.708405,-27.510382,-50.112397,-3.557809,-0.860906,0.061913,-0.537275,0.0400
-3.987287,0.000020,0.000000,-0.375544,0.467350,-0.396915,-64.708405,-27.510382,-50.112397,-3.557809,-0.860906,0.061913,-0.537275,0.0400
-3.987287,0.000020,0.000000,-0.375544,0.467350,-0.396915,-64.708405,-27.510382,-50.112397,-3.557809,-0.860906,0.061913,-0.537275,0.0400
-3.987287,0.000020,0.000000,-0.375544,0.467350,-0.396915,-64.708405,-27.510382,-50.112397,-3.557809,-0.860906,0.061913,-0.537275,0.0400
-3.987287,0.000020,0.000000,-0.375544,0.467350,-0.396915,-64.708405,-27.510382,-50.112397,-3.557809,-0.860906,0.061913,-0.537275,0.0400
-3.987287,0.000020,0.000000,-0.375544,0.467350,-0.396915,-64.708405,-27.510382,-50.112397,-3.557809,-0.860906,0.061913,-0.537275,0.0400
-3.987287,0.000020,0.000000,-0.375544,0.467350,-0.396915,-64.708405,-27.510382,-50.112397,-3.557809,-0.860906,0.061913,-0.537275,0.0410
-3.987287,0.000020,0.000000,-0.375544,0.467350,-0.396915,-64.708405,-27.510382,-50.112397,-3.557809,-0.860906,0.061913,-0.537275,0.0400
-3.987287,0.000020,0.000000,-0.375544,0.467350,-0.396915,-64.708405,-27.510382,-50.112397,-3.557809,-0.860906,0.061913,-0.537275,0.0400
-3.987287,0.000020,0.000000,-0.375544,0.467350,-0.396915,-64.708405,-27.510382,-50.112397,-3.557809,-0.860906,0.061913,-0.537275,0.0400
-3.987287,0.000020,0.000000,-0.375544,0.467350,-0.396915,-64.708405,-27.510382,-50.112397,-3.557809,-0.860906,0.061913,-0.537275,0.0400
-3.987287,0.000020,0.000000,-0.375544,0.467350,-0.396915,-64.708405,-27.510382,-50.112397,-3.557809,-0.860906,0.061913,-0.537275,0.0400
-3.987287,0.000020,0.000000,-0.375544,0.467350,-0.396915,-64.708405,-27.510382,-50.112397,-3.557809,-0.860906,0.061913,-0.537275,0.0400
-3.987287,0.000020,0.000000,-0.375544,0.467350,-0.396915,-64.708405,-27.510382,-50.112397,-3.557809,-0.860906,0.061913,-0.537275,0.0400
-3.987287,0.000020,0.000000,-0.375544,0.467350,-0.396915,-64.708405,-27.510376,-50.112392,-3.557809,-0.860906,0.061913,-0.537275,0.0400
-3.987287,0.000020,0.000000,-0.375544,0.467350,-0.396915,-64.708405,-27.510376,-50.112392,-3.557809,-0.860906,0.061913,-0.537275,0.0400
-3.987287,0.000020,0.000000,-0.375544,0.467350,-0.396915,-64.708405,-27.510376,-50.112392,-3.557809,-0.860906,0.061913,-0.537275,0.0400
-3.987287,0.000020,0.000000,-0.375544,0.467350,-0.396915,-64.708405,-27.510376,-50.112392,-3.557809,-0.860906,0.061913,-0.537275,0.0400
-3.987287,0.000020,0.000000,-0.375544,0.467350,-0.396915,-64.708405,-27.510376,-50.112392,-3.557809,-0.860906,0.061913,-0.537275,0.0400
-3.987287,0.000020,0.000000,-0.375544,0.467350,-0.396915,-64.708405,-27.510376,-50.112392,-3.557809,-0.860906,0.061913,-0.537275,0.0400
-3.987287,0.000020,0.000000,-0.375544,0.467350,-0.396915,-64.708405,-27.510376,-50.112392,-3.557809,-0.860906,0.061913,-0.537275,0.0400
-3.987287,0.000020,0.000000,-0.375544,0.467350,-0.396915,-64.708405,-27.510376,-50.112392,-3.557809,-0.860906,0.061913,-0.537275,0.0410
-3.987287,0.000020,0.000000,-0.375544,0.467350,-0.396915,-64.708405,-27.510376,-50.112392,-3.557809,-0.860906,0.061913,-0.537275,0.0400
-3.987287,0.000020,0.000000,-0.375544,0.467350,-0.396915,-64.708405,-27.510376,-50.112392,-3.557809,-0.860906,0.061913,-0.537275,0.0540
-3.987287,0.000020,0.000000,-0.375544,0.467350,-0.396915,-64.708405,-27.510376,-50.112392,-3.557809,-0.860906,0.061913,-0.537275,0.0400
-3.987287,0.000020,0.000000,-0.375544,0.467350,-0.396915,-64.708405,-27.510376,-50.112392,-3.557809,-0.860906,0.061913,-0.537275,0.0400
-3.987287,0.000020,0.000000,-0.375544,0.467350,-0.396915,-64.708405,-27.510376,-50.112392,-3.557809,-0.860906,0.061913,-0.537275,0.0400
-3.987287,0.000020,0.000000,-0.375544,0.467350,-0.396915,-64.708405,-27.510376,-50.112392,-3.557809,-0.860906,0.061913,-0.537275,0.0400
-3.987287,0.000020,0.000000,-0.375544,0.467350,-0.396915,-64.708405,-27.510376,-50.112392,-3.557809,-0.860906,0.061913,-0.537275,0.0400
-3.987287,0.000020,0.000000,-0.375544,0.467350,-0.396915,-64.708405,-27.510376,-50.112392,-3.557809,-0.860906,0.061913,-0.537275,0.0400
-3.987287,0.000020,0.000000,-0.375544,0.467350,-0.396915,-64.708405,-27.510376,-50.112392,-3.557809,-0.860906,0.061913,-0.537275,0.0400
-3.987287,0.000020,0.000000,-0.375544,0.467350,-0.396915,-64.708405,-27.510376,-50.112392,-3.557809,-0.860906,0.061913,-0.537275,0.0400
-3.987287,0.000020,0.000000,-0.375544,0.467350,-0.396915,-64.708405,-27.510371,-50.112386,-3.557809,-0.860906,0.061913,-0.537275,0.0400
-3.987287,0.000020,0.000000,-0.375544,0.467350,-0.396915,-64.708405,-27.510371,-50.112386,-3.557809,-0.860906,0.061913,-0.537275,0.0400
-3.987287,0.000020,0.000000,-0.375544,0.467350,-0.396915,-64.708405,-27.510371,-50.112386,-3.557809,-0.860906,0.061913,-0.537275,0.0400
-3.987287,0.000020,0.000000,-0.375544,0.467350,-0.396915,-64.708405,-27.510371,-50.112386,-3.557809,-0.860906,0.061913,-0.537275,0.0400
-3.987287,0.000020,0.000000,-0.375544,0.467350,-0.396915,-64.708405,-27.510371,-50.112386,-3.557809,-0.860906,0.061913,-0.537275,0.0400
-3.987287,0.000020,0.000000,-0.375544,0.467350,-0.396915,-64.708405,-27.510371,-50.112386,-3.557809,-0.860906,0.061913,-0.537275,0.0400
-3.987287,0.000020,0.000000,-0.375544,0.467350,-0.396915,-64.708405,-27.510371,-50.112386,-3.557809,-0.860906,0.061913,-0.537275,0.0400
-3.987287,0.000020,0.000000,-0.375544,0.467350,-0.396915,-64.708405,-27.510371,-50.112386,-3.557809,-0.860906,0.061913,-0.537275,0.0400
-3.987287,0.000020,0.000000,-0.375544,0.467350,-0.396915,-64.708405,-27.510371,-50.112386,-3.557809,-0.860906,0.061913,-0.537275,0.0400
-3.987287,0.000020,0.000000,-0.375544,0.467350,-0.396915,-64.708405,-27.510371,-50.112386,-3.557809,-0.860906,0.061913,-0.537275,0.0400
-3.987287,0.000020,0.000000,-0.375544,0.467350,-0.396915,-64.708405,-27.510371,-50.112386,-3.557809,-0.860906,0.061913,-0.537275,0.0400
-3.987287,0.000020,0.000000,-0.375544,0.467350,-0.396915,-64.708405,-27.510371,-50.112386,-3.557809,-0.860906,0.061913,-0.537275,0.0400
-3.987287,0.000020,0.000000,-0.375544,0.467350,-0.396915,-64.708405,-27.510371,-50.112386,-3.557809,-0.860906,0.061913,-0.537275,0.0400
-3.987287,0.000020,0.000000,-0.375544,0.467350,-0.396915,-64.708405,-27.510371,-50.112386,-3.557809,-0.860906,0.061913,-0.537275,0.0400
-3.987287,0.000020,0.000000,-0.375544,0.467350,-0.396915,-64.708405,-27.510371,-50.112386,-3.557809,-0.860906,0.061913,-0.537275,0.0400
-3.987287,0.000020,0.000000,-0.375544,0.467350,-0.396915,-64.708405,-27.510371,-50.112386,-3.557809,-0.860906,0.061913,-0.537275,0.0400
-3.987287,0.000020,0.000000,-0.375544,0.467350,-0.396915,-64.708405,-27.510371,-50.112386,-3.557809,-0.860906,0.061913,-0.537275,0.0400
-3.987287,0.000020,0.000000,-0.375544,0.467350,-0.396915,-64.708405,-27.510371,-50.112386,-3.557809,-0.860906,0.061913,-0.537275,0.0400
-3.987287,0.000020,0.000000,-0.375544,0.467350,-0.396915,-64.708405,-27.510369,-50.112382,-3.557809,-0.860906,0.061913,-0.537275,0.0400
-3.987287,0.000020,0.000000,-0.375544,0.467350,-0.396915,-64.708405,-27.510369,-50.112382,-3.557809,-0.860906,0.061913,-0.537275,0.0400
-3.987287,0.000020,0.000000,-0.375544,0.467350,-0.396915,-64.708405,-27.510369,-50.112382,-3.557809,-0.860906,0.061913,-0.537275,0.0400
-3.987287,0.000020,0.000000,-0.375544,0.467350,-0.396915,-64.708405,-27.510369,-50.112382,-3.557809,-0.860906,0.061913,-0.537275,0.0400
-3.987287,0.000020,0.000000,-0.375544,0.467350,-0.396915,-64.708405,-27.510369,-50.112382,-3.557809,-0.860906,0.061913,-0.537275,0.0400
-3.987287,0.000020,0.000000,-0.375544,0.467350,-0.396915,-64.708405,-27.510369,-50.112382,-3.557809,-0.860906,0.061913,-0.537275,0.0400
-3.987287,0.000020,0.000000,-0.375544,0.467350,-0.396915,-64.708405,-27.510369,-50.112382,-3.557809,-0.860906,0.061913,-0.537275,0.0400
-3.987287,0.000020,0.000000,-0.375544,0.467350,-0.396915,-64.708405,-27.510369,-50.112382,-3.557809,-0.860906,0.061913,-0.537275,0.0400
-3.987287,0.000020,0.000000,-0.375544,0.467350,-0.396915,-64.708405,-27.510369,-50.112382,-3.557809,-0.860906,0.061913,-0.537275,0.0400
-3.987287,0.000020,0.000000,-0.375544,0.467350,-0.396915,-64.708405,-27.510369,-50.112382,-3.557809,-0.860906,0.061913,-0.537275,0.0400
-3.987287,0.000020,0.000000,-0.375544,0.467350,-0.396915,-64.708405,-27.510369,-50.112382,-3.557809,-0.860906,0.061913,-0.537275,0.0400
-3.987287,0.000020,0.000000,-0.375544,0.467350,-0.396915,-64.708405,-27.510369,-50.112382,-3.557809,-0.860906,0.061913,-0.537275,0.0400
-3.987287,0.000020,0.000000,-0.375544,0.467350,-0.396915,-64.708405,-27.510369,-50.112382,-3.557809,-0.860906,0.061913,-0.537275,0.0400
-3.987287,0.000020,0.000000,-0.375544,0.467350,-0.396915,-64.708405,-27.510369,-50.112382,-3.557809,-0.860906,0.061913,-0.537275,0.0400
-3.987287,0.000020,0.000000,-0.375544,0.467350,-0.396915,-64.708405,-27.510369,-50.112382,-3.557809,-0.860906,0.061913,-0.537275,0.0410
-3.987287,0.000020,0.000000,-0.375544,0.467350,-0.396915,-64.708405,-27.510369,-50.112382,-3.557809,-0.860906,0.061913,-0.537275,0.0400
-3.987287,0.000020,0.000000,-0.375544,0.467350,-0.396915,-64.708405,-27.510369,-50.112382,-3.557809,-0.860906,0.061913,-0.537275,0.0400
-3.987287,0.000020,0.000000,-0.375544,0.467350,-0.396915,-64.708405,-27.510369,-50.112382,-3.557809,-0.860906,0.061913,-0.537275,0.0400
-3.987287,0.000020,0.000000,-0.375544,0.467350,-0.396915,-64.708405,-27.510369,-50.112382,-3.557809,-0.860906,0.061913,-0.537275,0.0400
-3.987287,0.000020,0.000000,-0.375544,0.467350,-0.396915,-64.708405,-27.510369,-50.112382,-3.557809,-0.860906,0.061913,-0.537275,0.0400
-3.987287,0.000020,0.000000,-0.375544,0.467350,-0.396915,-64.708405,-27.510364,-50.112385,-3.557809,-0.860906,0.061913,-0.537275,0.0400
-3.987287,0.000020,0.000000,-0.375544,0.467350,-0.396915,-64.708405,-27.510364,-50.112385,-3.557809,-0.860906,0.061913,-0.537275,0.0400
-3.987287,0.000020,0.000000,-0.375544,0.467350,-0.396915,-64.708405,-27.510364,-50.112385,-3.557809,-0.860906,0.061913,-0.537275,0.0400
-3.987287,0.000020,0.000000,-0.375544,0.467350,-0.396915,-64.708405,-27.510364,-50.112385,-3.557809,-0.860906,0.061913,-0.537275,0.0400
-3.987287,0.000020,0.000000,-0.375544,0.467350,-0.396915,-64.708405,-27.510364,-50.112385,-3.557809,-0.860906,0.061913,-0.537275,0.0400
-3.987287,0.000020,0.000000,-0.375544,0.467350,-0.396915,-64.708405,-27.510364,-50.112385,-3.557809,-0.860906,0.061913,-0.537275,0.0400
-3.987287,0.000020,0.000000,-0.375544,0.467350,-0.396915,-64.708405,-27.510364,-50.112385,-3.557809,-0.860906,0.061913,-0.537275,0.0400
-3.987287,0.000020,0.000000,-0.375544,0.467350,-0.396915,-64.708405,-27.510364,-50.112385,-3.557809,-0.860906,0.061913,-0.537275,0.0400
-3.987287,0.000020,0.000000,-0.375544,0.467350,-0.396915,-64.708405,-27.510364,-50.112385,-3.557809,-0.860906,0.061913,-0.537275,0.0520
-3.987287,0.000020,0.000000,-0.375544,0.467350,-0.396915,-64.708405,-27.510364,-50.112385,-3.557809,-0.860906,0.061913,-0.537275,0.0400
-3.987287,0.000020,0.000000,-0.375544,0.467350,-0.396915,-64.708405,-27.510364,-50.112385,-3.557809,-0.860906,0.061913,-0.537275,0.0400
-3.987287,0.000020,0.000000,-0.375544,0.467350,-0.396915,-64.708405,-27.510364,-50.112385,-3.557809,-0.860906,0.061913,-0.537275,0.0420
-3.987287,0.000020,0.000000,-0.375544,0.467350,-0.396915,-64.708405,-27.510364,-50.112385,-3.557809,-0.860906,0.061913,-0.537275,0.0400
-3.987287,0.000020,0.000000,-0.375544,0.467350,-0.396915,-64.708405,-27.510364,-50.112385,-3.557809,-0.860906,0.061913,-0.537275,0.0400
-3.987287,0.000020,0.000000,-0.375544,0.467350,-0.396915,-64.708405,-27.510364,-50.112385,-3.557809,-0.860906,0.061913,-0.537275,0.0400
-3.987287,0.000020,0.000000,-0.375544,0.467350,-0.396915,-64.708405,-27.510364,-50.112385,-3.557809,-0.860906,0.061913,-0.537275,0.0400
-3.987287,0.000020,0.000000,-0.375544,0.467350,-0.396915,-64.708405,-27.510364,-50.112385,-3.557809,-0.860906,0.061913,-0.537275,0.0400
-3.987287,0.000020,0.000000,-0.375544,0.467350,-0.396915,-64.708405,-27.510364,-50.112385,-3.557809,-0.860906,0.061913,-0.537275,0.0400
-3.987287,0.000020,0.000000,-0.375544,0.467350,-0.396915,-64.708405,-27.510364,-50.112385,-3.557809,-0.860906,0.061913,-0.537275,0.0400
-3.987287,0.000020,0.000000,-0.375544,0.467350,-0.396915,-64.708405,-27.510364,-50.112385,-3.557809,-0.860906,0.061913,-0.537275,0.0400
-3.987287,0.000020,0.000000,-0.375544,0.467350,-0.396915,-64.708405,-27.510359,-50.112383,-3.557809,-0.860906,0.061913,-0.537275,0.0400
-3.987287,0.000020,0.000000,-0.375544,0.467350,-0.396915,-64.708405,-27.510359,-50.112383,-3.557809,-0.860906,0.061913,-0.537275,0.0400
-3.987287,0.000020,0.000000,-0.375544,0.467350,-0.396915,-64.708405,-27.510359,-50.112383,-3.557809,-0.860906,0.061913,-0.537275,0.0400
-3.987287,0.000020,0.000000,-0.375544,0.467350,-0.396915,-64.708405,-27.510359,-50.112383,-3.557809,-0.860906,0.061913,-0.537275,0.0400
-3.987287,0.000020,0.000000,-0.375544,0.467350,-0.396915,-64.708405,-27.510359,-50.112383,-3.557809,-0.860906,0.061913,-0.537275,0.0400
-3.987287,0.000020,0.000000,-0.375544,0.467350,-0.396915,-64.708405,-27.510359,-50.112383,-3.557809,-0.860906,0.061913,-0.537275,0.0400
-3.987287,0.000020,0.000000,-0.375544,0.467350,-0.396915,-64.708405,-27.510359,-50.112383,-3.557809,-0.860906,0.061913,-0.537275,0.0400
-3.987287,0.000020,0.000000,-0.375544,0.467350,-0.396915,-64.708405,-27.510359,-50.112383,-3.557809,-0.860906,0.061913,-0.537275,0.0400
-3.987287,0.000020,0.000000,-0.375544,0.467350,-0.396915,-64.708405,-27.510359,-50.112383,-3.557809,-0.860906,0.061913,-0.537275,0.0400
-3.987287,0.000020,0.000000,-0.375544,0.467350,-0.396915,-64.708405,-27.510359,-50.112383,-3.557809,-0.860906,0.061913,-0.537275,0.0400
-3.987287,0.000020,0.000000,-0.375544,0.467350,-0.396915,-64.708405,-27.510359,-50.112383,-3.557809,-0.860906,0.061913,-0.537275,0.0400
-3.987287,0.000020,0.000000,-0.375544,0.467350,-0.396915,-64.708405,-27.510359,-50.112383,-3.557809,-0.860906,0.061913,-0.537275,0.0400
-3.987287,0.000020,0.000000,-0.375544,0.467350,-0.396915,-64.708405,-27.510359,-50.112383,-3.557809,-0.860906,0.061913,-0.537275,0.0400
-3.987287,0.000020,0.000000,-0.375544,0.467350,-0.396915,-64.708405,-27.510359,-50.112383,-3.557809,-0.860906,0.061913,-0.537275,0.0400
-3.987287,0.000020,0.000000,-0.375544,0.467350,-0.396915,-64.708405,-27.510359,-50.112383,-3.557809,-0.860906,0.061913,-0.537275,0.0400
-3.987287,0.000020,0.000000,-0.375544,0.467350,-0.396915,-64.708405,-27.510359,-50.112383,-3.557809,-0.860906,0.061913,-0.537275,0.0400
-3.987287,0.000020,0.000000,-0.375544,0.467350,-0.396915,-64.708405,-27.510359,-50.112383,-3.557809,-0.860906,0.061913,-0.537275,0.0400
-3.987287,0.000020,0.000000,-0.375544,0.467350,-0.396915,-64.708405,-27.510359,-50.112383,-3.557809,-0.860906,0.061913,-0.537275,0.0400
-3.987287,0.000020,0.000000,-0.375544,0.467350,-0.396915,-64.708405,-27.510359,-50.112383,-3.557809,-0.860906,0.061913,-0.537275,0.0400
-3.987287,0.000020,0.000000,-0.375544,0.467350,-0.396915,-64.708405,-27.510359,-50.112383,-3.557809,-0.860906,0.061913,-0.537275,0.0400
-3.987287,0.000020,0.000000,-0.375544,0.467350,-0.396915,-64.708405,-27.510360,-50.112381,-3.557809,-0.860906,0.061913,-0.537275,0.0400
-3.987287,0.000020,0.000000,-0.375544,0.467350,-0.396915,-64.708405,-27.510360,-50.112381,-3.557809,-0.860906,0.061913,-0.537275,0.0400
-3.987287,0.000020,0.000000,-0.375544,0.467350,-0.396915,-64.708405,-27.510360,-50.112381,-3.557809,-0.860906,0.061913,-0.537275,0.0400
-3.987287,0.000020,0.000000,-0.375544,0.467350,-0.396915,-64.708405,-27.510360,-50.112381,-3.557809,-0.860906,0.061913,-0.537275,0.0400
-3.987287,0.000020,0.000000,-0.375544,0.467350,-0.396915,-64.708405,-27.510360,-50.112381,-3.557809,-0.860906,0.061913,-0.537275,0.0400
-3.987287,0.000020,0.000000,-0.375544,0.467350,-0.396915,-64.708405,-27.510360,-50.112381,-3.557809,-0.860906,0.061913,-0.537275,0.0400
-3.987287,0.000020,0.000000,-0.375544,0.467350,-0.396915,-64.708405,-27.510360,-50.112381,-3.557809,-0.860906,0.061913,-0.537275,0.0400
-3.987287,0.000020,0.000000,-0.375544,0.467350,-0.396915,-64.708405,-27.510360,-50.112381,-3.557809,-0.860906,0.061913,-0.537275,0.0400
-3.987287,0.000020,0.000000,-0.375544,0.467350,-0.396915,-64.708405,-27.510360,-50.112381,-3.557809,-0.860906,0.061913,-0.537275,0.0400
-3.987287,0.000020,0.000000,-0.375544,0.467350,-0.396915,-64.708405,-27.510360,-50.112381,-3.557809,-0.860906,0.061913,-0.537275,0.0400
-3.987287,0.000020,0.000000,-0.375544,0.467350,-0.396915,-64.708405,-27.510360,-50.112381,-3.557809,-0.860906,0.061913,-0.537275,0.0400
-3.987287,0.000020,0.000000,-0.375544,0.467350,-0.396915,-64.708405,-27.510360,-50.112381,-3.557809,-0.860906,0.061913,-0.537275,0.0400
-3.987287,0.000020,0.000000,-0.375544,0.467350,-0.396915,-64.708405,-27.510360,-50.112381,-3.557809,-0.860906,0.061913,-0.537275,0.0400
