0.000000,0.000000,0.000000,0.000000,-0.122557,3.886539,-0.036751,0.000000,0.000000,-0.000035,0.001471,-0.013552,0.436319,0.2330
0.000000,0.000000,0.000000,0.000000,-0.123449,3.861734,-0.038518,0.000000,0.000000,-0.000244,0.008149,-0.015593,0.498945,0.0400
0.000000,0.000000,0.000000,0.000000,-0.123243,3.846998,-0.040390,0.000000,0.000000,-0.000479,0.015592,-0.017660,0.561490,0.0400
0.000000,0.000000,0.000000,0.000000,-0.125128,3.822665,-0.042044,0.000000,0.000000,-0.000694,0.022358,-0.019415,0.612832,0.0400
0.000000,0.000000,0.000000,0.000000,-0.117005,3.799733,-0.044198,0.000000,0.000000,-0.000966,0.030894,-0.021245,0.669609,0.0410
0.000000,0.000000,0.000000,0.000000,-0.116398,3.782283,-0.046430,0.000000,0.000000,-0.001231,0.039227,-0.022722,0.718862,0.0400
0.000000,0.000000,0.000000,0.000000,-0.109405,3.759132,-0.049823,0.000000,0.000000,-0.001528,0.048675,-0.023937,0.768324,0.0400
0.000000,0.000000,0.000000,0.000000,-0.121073,3.728019,-0.053154,0.000000,0.000000,-0.001822,0.058182,-0.025227,0.811946,0.0410
0.000000,0.000000,0.000000,0.000000,-0.117265,3.701999,-0.056186,0.000000,0.000000,-0.002114,0.067588,-0.026560,0.849840,0.0410
0.000000,0.000000,0.000000,0.000000,-0.117009,3.683656,-0.059031,0.000000,0.000000,-0.002376,0.075924,-0.027608,0.879867,0.0400
0.000000,0.000000,0.000000,0.000000,-0.121259,3.661019,-0.062303,0.000000,0.000000,-0.002650,0.084598,-0.028752,0.907943,0.0410
0.000000,0.000000,0.000000,0.000000,-0.120924,3.637746,-0.065223,0.000000,0.000000,-0.002907,0.092613,-0.029683,0.931084,0.0400
0.000000,0.000000,0.000000,0.000000,-0.116590,3.611318,-0.067986,0.000000,0.000000,-0.003160,0.100448,-0.030381,0.951258,0.0400
0.000000,0.000000,0.000000,0.000000,-0.112840,3.588095,-0.070990,0.000000,0.000000,-0.003419,0.108481,-0.031033,0.969458,0.0400
0.000000,0.000000,0.000000,0.000000,-0.113695,3.561708,-0.074253,0.000000,0.000000,-0.003653,0.115711,-0.031310,0.982361,0.0400
0.000000,0.000000,0.000000,0.000000,-0.113556,3.540127,-0.077444,0.000000,0.000000,-0.003906,0.123613,-0.031779,0.996281,0.0400
0.000000,0.000000,0.000000,0.000000,-0.109261,3.514072,-0.080121,0.000000,0.000000,-0.004093,0.129418,-0.031934,1.003010,0.0410
0.000000,0.000000,0.000000,0.000000,-0.103038,3.490325,-0.082865,0.000000,0.000000,-0.004284,0.135391,-0.031887,1.008932,0.0400
0.000000,0.000000,0.000000,0.000000,-0.106326,3.471151,-0.083867,0.000000,0.000000,-0.004480,0.141652,-0.031903,1.015246,0.0400
0.000000,0.000000,0.000000,0.000000,-0.108088,3.444992,-0.085355,0.000000,0.000000,-0.004697,0.148646,-0.031925,1.020905,0.0410
0.000000,0.000000,0.000000,0.000000,-0.111223,3.414132,-0.087053,0.000000,0.000000,-0.004872,0.154293,-0.032150,1.025402,0.0410
0.000000,0.000000,0.000000,0.000000,-0.108101,3.390140,-0.088717,0.000000,0.000000,-0.005019,0.159020,-0.032213,1.025140,0.0400
0.000000,0.000000,0.000000,0.000000,-0.107959,3.372570,-0.090137,0.000000,0.000000,-0.005168,0.163750,-0.032385,1.026218,0.0400
0.000000,0.000000,0.000000,0.000000,-0.101431,3.349052,-0.092392,0.000000,0.000000,-0.005343,0.169315,-0.032323,1.027936,0.0410
0.000000,0.000000,0.000000,0.000000,-0.105272,3.322048,-0.094197,0.000000,0.000000,-0.005465,0.173223,-0.032179,1.024935,0.0410
0.000000,0.000000,0.000000,0.000000,-0.103667,3.300222,-0.095543,0.000000,0.000000,-0.005622,0.178233,-0.032264,1.024861,0.0400
0.000000,0.000000,0.000000,0.000000,-0.104508,3.279686,-0.096966,0.000000,0.000000,-0.005728,0.181635,-0.032124,1.020544,0.0410
0.000000,0.000000,0.000000,0.000000,-0.108138,3.246260,-0.099224,0.000000,0.000000,-0.005860,0.185828,-0.032142,1.018684,0.0400
0.000000,0.000000,0.000000,0.000000,-0.107305,3.219784,-0.101459,0.000000,0.000000,-0.005954,0.188776,-0.032147,1.012791,0.0400
0.000000,0.000000,0.000000,0.000000,-0.109698,3.204940,-0.104253,0.000000,0.000000,-0.006075,0.192533,-0.032285,1.009685,0.0400
0.000000,0.000000,0.000000,0.000000,-0.108794,3.173127,-0.106613,0.000000,0.000000,-0.006192,0.196082,-0.032437,1.006667,0.0410
0.000000,0.000000,0.000000,0.000000,-0.103729,3.148871,-0.108845,-27.510377,-50.112372,-0.006323,0.200023,-0.032524,1.004370,0.0410
0.000000,0.000000,0.000000,0.000000,-0.092874,3.076587,-0.114879,-27.510377,-50.112372,-0.006544,0.206549,-0.031801,0.986258,0.1130
0.000000,0.000000,0.000000,0.000000,-0.096468,3.062065,-0.116091,-27.510377,-50.112372,-0.006620,0.208829,-0.031453,0.980006,0.0400
0.000000,0.000000,0.000000,0.000000,-0.090392,3.026105,-0.117040,-27.510377,-50.112372,-0.006698,0.211210,-0.031056,0.974102,0.0400
0.000000,0.000000,0.000000,0.000000,-0.091849,3.004951,-0.118599,-27.510377,-50.112372,-0.006774,0.213586,-0.030642,0.967509,0.0400
0.000000,0.000000,0.000000,0.000000,-0.094855,2.980171,-0.119819,-27.510377,-50.112372,-0.006831,0.215417,-0.030360,0.961123,0.0410
0.000000,0.000000,0.000000,0.000000,-0.091198,2.956258,-0.121266,-27.510377,-50.112372,-0.006878,0.216911,-0.030139,0.954315,0.0400
0.000000,0.000000,0.000000,0.000000,-0.092420,2.930542,-0.123395,-27.510377,-50.112372,-0.006925,0.218429,-0.029809,0.946759,0.0410
0.000000,0.000000,0.000000,0.000000,-0.092383,2.912812,-0.126436,-27.510377,-50.112372,-0.006982,0.220258,-0.029662,0.939921,0.0410
0.000000,0.000000,0.000000,0.000000,-0.094556,2.886292,-0.127478,-27.510377,-50.112372,-0.007024,0.221626,-0.029438,0.933371,0.0410
0.000000,0.000000,0.000000,0.000000,-0.094358,2.858413,-0.129104,-27.510377,-50.112372,-0.007027,0.221733,-0.029157,0.922177,0.0410
0.000000,0.000000,0.000000,0.000000,-0.086425,2.831976,-0.130995,-27.510377,-50.112372,-0.007068,0.223057,-0.028875,0.916255,0.0400
0.000000,0.000000,0.000000,0.000000,-0.090993,2.806756,-0.132364,-27.510377,-50.112372,-0.007107,0.224293,-0.028749,0.910170,0.0430
0.000000,0.000000,0.000000,0.000000,-0.090006,2.774755,-0.133379,-27.510377,-50.112372,-0.007152,0.225758,-0.028570,0.903562,0.0410
0.000000,0.000000,0.000000,0.000000,-0.087299,2.752239,-0.134788,-27.510377,-50.112372,-0.007151,0.225731,-0.028157,0.894016,0.0400
0.000000,0.000000,0.000000,0.000000,-0.086574,2.732477,-0.138061,-27.510377,-50.112372,-0.007197,0.227211,-0.027966,0.887672,0.0410
0.000000,0.000000,0.000000,0.000000,-0.088689,2.701315,-0.140106,-27.510377,-50.112372,-0.007225,0.228124,-0.027801,0.881129,0.0410
0.000000,0.000000,0.000000,0.000000,-0.085066,2.674442,-0.141924,-27.510377,-50.112372,-0.007225,0.228124,-0.027626,0.871933,0.0400
0.000000,0.000000,0.000000,0.000000,-0.077740,2.657137,-0.142991,-27.510377,-50.112372,-0.007256,0.229100,-0.027314,0.865537,0.0410
0.000000,0.000000,0.000000,0.000000,-0.087517,2.630083,-0.144149,-27.510377,-50.112372,-0.007279,0.229867,-0.027138,0.858951,0.0400
0.000000,0.000000,0.000000,0.000000,-0.078509,2.605832,-0.145031,-27.510377,-50.112372,-0.007280,0.229880,-0.026814,0.849891,0.0420
0.000000,0.000000,0.000000,0.000000,-0.087848,2.578046,-0.146153,-27.510377,-50.112372,-0.007300,0.230532,-0.026754,0.843255,0.0420
0.000000,0.000000,0.000000,0.000000,-0.080331,2.554641,-0.147520,-27.510378,-50.112372,-0.007322,0.231218,-0.026535,0.836001,0.0410
0.000000,0.000000,0.000000,0.000000,-0.078109,2.529908,-0.148495,-27.510378,-50.112372,-0.007342,0.231851,-0.026276,0.828741,0.0400
0.000000,0.000000,0.000000,0.000000,-0.079380,2.507589,-0.149669,-27.510378,-50.112372,-0.007361,0.232437,-0.026050,0.821723,0.0440
0.000000,0.000000,0.000000,0.000000,-0.076526,2.487784,-0.150491,-27.510378,-50.112372,-0.007376,0.232889,-0.025782,0.814221,0.0410
0.000000,0.000000,0.000000,0.000000,-0.082589,2.457572,-0.151414,-27.510378,-50.112372,-0.007364,0.232513,-0.025517,0.804768,0.0410
0.000000,0.000000,0.000000,0.000000,-0.085458,2.425144,-0.152557,-27.510378,-50.112372,-0.007373,0.232806,-0.025542,0.797666,0.0400
0.000000,0.000000,0.000000,0.000000,-0.086460,2.401822,-0.153962,-27.510378,-50.112372,-0.007387,0.233174,-0.025572,0.790500,0.0410
0.000000,0.000000,0.000000,0.000000,-0.082877,2.377728,-0.155532,-27.510378,-50.112372,-0.007397,0.233402,-0.025552,0.783375,0.0400
0.000000,0.000000,0.000000,0.000000,-0.080250,2.352586,-0.157535,-27.510378,-50.112372,-0.007413,0.233804,-0.025395,0.776199,0.0400
0.000000,0.000000,0.000000,0.000000,-0.076076,2.327761,-0.159292,-27.510378,-50.112372,-0.007423,0.233998,-0.025074,0.768609,0.0410
0.000000,0.000000,0.000000,0.000000,-0.076953,2.289293,-0.161721,-27.510378,-50.112372,-0.007411,0.233487,-0.024758,0.756530,0.0580
0.000000,0.000000,0.000000,0.000000,-0.081038,2.267756,-0.164134,-27.510378,-50.112372,-0.007415,0.233526,-0.024703,0.749290,0.0400
0.000000,0.000000,0.000000,0.000000,-0.075018,2.234856,-0.164731,-27.510378,-50.112372,-0.007417,0.233457,-0.024606,0.742088,0.0400
0.000000,0.000000,0.000000,0.000000,-0.074121,2.217256,-0.166059,-27.510378,-50.112372,-0.007401,0.232842,-0.024234,0.732803,0.0400
0.000000,0.000000,0.000000,0.000000,-0.074059,2.177109,-0.169275,-27.510378,-50.112372,-0.007414,0.233052,-0.023857,0.721308,0.0700
0.000000,0.000000,0.000000,0.000000,-0.073553,2.150940,-0.169178,-27.510378,-50.112372,-0.007390,0.232214,-0.023535,0.712297,0.0400
0.000000,0.000000,0.000000,0.000000,-0.067519,2.130623,-0.169127,-27.510378,-50.112372,-0.007392,0.232165,-0.023338,0.705476,0.0410
0.000000,0.000000,0.000000,0.000000,-0.066144,2.104412,-0.170949,-27.510378,-50.112372,-0.007397,0.232189,-0.023030,0.698805,0.0410
0.000000,0.000000,0.000000,0.000000,-0.074504,2.081915,-0.171526,-27.510378,-50.112372,-0.007374,0.231415,-0.022898,0.689969,0.0410
0.000000,0.000000,0.000000,0.000000,-0.064152,2.055826,-0.171642,-27.510378,-50.112372,-0.007378,0.231415,-0.022605,0.683219,0.0410
0.000000,0.000000,0.000000,0.000000,-0.065838,2.021663,-0.171453,-27.510378,-50.112372,-0.007378,0.231306,-0.022316,0.676065,0.0400
0.000000,0.000000,0.000000,0.000000,-0.067980,1.995042,-0.172462,-27.510378,-50.112372,-0.007373,0.231082,-0.022062,0.668886,0.0410
0.000000,0.000000,0.000000,0.000000,-0.066650,1.973649,-0.174019,-27.510378,-50.112372,-0.007349,0.230259,-0.021841,0.659777,0.0400
0.189871,0.000000,0.051444,0.000000,-0.066428,1.943612,-0.175673,-27.510377,-50.112372,-0.004191,0.230604,-0.016625,0.653909,0.0400
0.189871,0.000000,0.051444,0.000000,-0.059112,1.925612,-0.176837,-27.510377,-50.112372,0.000245,0.230481,-0.009979,0.645821,0.0410
0.189871,0.000000,0.051444,0.000000,-0.062112,1.902283,-0.178117,-27.510377,-50.112372,0.004086,0.230116,-0.004838,0.638515,0.0410
0.189871,0.000000,0.051444,0.000000,-0.061850,1.870293,-0.178754,-27.510377,-50.112372,0.008424,0.229909,0.000174,0.630549,0.0400
0.189871,0.000000,0.051444,0.000000,-0.058193,1.845328,-0.179187,-27.510377,-50.112372,0.012350,0.229540,0.004309,0.622742,0.0400
0.189871,0.000000,0.051444,0.000000,-0.062709,1.819040,-0.180972,-27.510377,-50.112372,0.016228,0.229157,0.007948,0.614979,0.0400
0.189871,0.000000,0.051444,0.000000,-0.057468,1.791432,-0.184072,-27.510377,-50.112372,0.020220,0.228216,0.011238,0.605407,0.0410
0.189871,0.000000,0.051444,0.000000,-0.059370,1.762211,-0.185897,-27.510377,-50.112372,0.024168,0.227887,0.014063,0.597732,0.0410
0.189871,0.000000,0.051444,0.000000,-0.059208,1.741400,-0.186393,-27.510377,-50.112372,0.028064,0.227533,0.016527,0.590120,0.0410
0.189871,0.000000,0.051444,0.000000,-0.056106,1.712115,-0.186472,-27.510377,-50.112372,0.031741,0.227087,0.018782,0.582237,0.0410
0.189871,0.000000,0.051444,0.000000,-0.054295,1.687582,-0.186582,-27.510377,-50.112372,0.035538,0.226680,0.020838,0.574396,0.0430
0.189871,0.000000,0.051444,0.000000,-0.063173,1.660433,-0.186032,-27.510377,-50.112372,0.039592,0.225796,0.022641,0.564866,0.0410
0.189871,0.000000,0.051444,0.000000,-0.059278,1.634348,-0.185847,-27.510377,-50.112372,0.043257,0.224864,0.024046,0.555908,0.0410
0.189871,0.000000,0.051444,0.000000,-0.060304,1.602327,-0.186643,-27.510377,-50.112372,0.046736,0.224432,0.025190,0.548669,0.0410
0.189871,0.000000,0.051444,0.000000,-0.052868,1.574256,-0.186812,-27.510377,-50.112372,0.050462,0.223551,0.026478,0.539583,0.0440
0.189871,0.000000,0.051444,0.000000,-0.055576,1.549136,-0.187383,-27.510377,-50.112372,0.053850,0.223095,0.027452,0.532243,0.0400
0.189871,0.000000,0.051444,0.000000,-0.049989,1.517271,-0.188396,-27.510377,-50.112372,0.057323,0.222145,0.028439,0.523170,0.0440
0.189871,0.000000,0.051444,0.000000,-0.052063,1.501495,-0.188958,-27.510377,-50.112372,0.061086,0.221801,0.029440,0.515371,0.0400
0.189871,0.000000,0.051444,0.000000,-0.049566,1.459969,-0.190623,-27.510377,-50.112372,0.065760,0.220312,0.030659,0.502880,0.0590
0.189871,0.000000,0.051444,0.000000,-0.044745,1.434473,-0.191657,-27.510377,-50.112372,0.068960,0.219854,0.031429,0.495931,0.0400
0.189871,0.000000,0.051444,0.000000,-0.050495,1.407830,-0.192065,-27.510377,-50.112372,0.072091,0.218914,0.032149,0.487606,0.0410
0.189871,0.000000,0.051444,0.000000,-0.050664,1.380076,-0.192972,-27.510377,-50.112372,0.075362,0.218496,0.032611,0.480412,0.0410
0.189871,0.000000,0.051444,0.000000,-0.051930,1.351377,-0.193915,-27.510377,-50.112372,0.078705,0.217613,0.033013,0.471584,0.0450
0.189871,0.336803,-0.000000,0.102889,-0.049156,1.330288,-0.195392,-27.510376,-50.112370,0.080335,0.223251,0.028049,0.475776,0.0410
0.189871,0.336803,-0.000000,0.102889,-0.044618,1.298954,-0.196914,-27.510376,-50.112370,0.081475,0.229809,0.022406,0.478944,0.0430
0.189871,0.336803,-0.000000,0.102889,-0.042803,1.252214,-0.199161,-27.510376,-50.112370,0.083186,0.240310,0.015248,0.481889,0.0690
0.189871,0.336803,-0.000000,0.102889,-0.035624,1.225574,-0.200572,-27.510376,-50.112370,0.084164,0.246435,0.011930,0.481879,0.0400
0.189871,0.336803,-0.000000,0.102889,-0.045093,1.196982,-0.201517,-27.510376,-50.112370,0.085114,0.252501,0.008823,0.480880,0.0410
0.189871,0.336803,-0.000000,0.102889,-0.038404,1.177736,-0.201914,-27.510376,-50.112370,0.086041,0.258471,0.006221,0.478905,0.0410
0.189871,0.336803,-0.000000,0.102889,-0.042045,1.139513,-0.202691,-27.510376,-50.112370,0.087022,0.264575,0.003590,0.475114,0.0430
0.189871,0.336803,-0.000000,0.102889,-0.036305,1.114107,-0.202833,-27.510376,-50.112370,0.087902,0.270428,0.001712,0.471829,0.0400
0.189871,0.336803,-0.000000,0.102889,-0.041931,1.083927,-0.203856,-27.510376,-50.112370,0.088841,0.276373,-0.000090,0.466672,0.0410
0.189871,0.336803,-0.000000,0.102889,-0.041923,1.068223,-0.204383,-27.510376,-50.112370,0.089757,0.282714,-0.001811,0.462381,0.0440
0.189871,0.336803,-0.000000,0.102889,-0.036759,1.042813,-0.205190,-27.510376,-50.112370,0.090617,0.288217,-0.003082,0.457076,0.0400
0.189871,0.336803,-0.000000,0.102889,-0.028799,1.015093,-0.206979,-27.510376,-50.112370,0.091425,0.293347,-0.003880,0.451395,0.0410
0.189871,0.336803,-0.000000,0.102889,-0.033456,0.983016,-0.208394,-27.510376,-50.112370,0.092249,0.299185,-0.004587,0.446255,0.0400
0.189871,0.336803,-0.000000,0.102889,-0.036698,0.953315,-0.208599,-27.510376,-50.112370,0.093097,0.304816,-0.005406,0.439509,0.0400
0.189871,0.336803,-0.000000,0.102889,-0.038522,0.935018,-0.209401,-27.510376,-50.112370,0.093821,0.309904,-0.006219,0.433965,0.0410
0.189871,0.336803,-0.000000,0.102889,-0.028406,0.909541,-0.210633,-27.510376,-50.112370,0.094573,0.314808,-0.006574,0.427435,0.0400
0.189871,0.336803,-0.000000,0.102889,-0.029761,0.882326,-0.211201,-27.510376,-50.112370,0.095337,0.320379,-0.006913,0.421369,0.0400
0.189871,0.336803,-0.000000,0.102889,-0.032768,0.859489,-0.211916,-27.510376,-50.112370,0.096095,0.325463,-0.007180,0.414363,0.0400
0.189871,0.336803,-0.000000,0.102889,-0.033604,0.827858,-0.212441,-27.510376,-50.112370,0.096810,0.330201,-0.007650,0.407200,0.0420
0.189871,0.336803,-0.000000,0.102889,-0.028969,0.801887,-0.212330,-27.510376,-50.112370,0.097566,0.335861,-0.007893,0.400278,0.0400
0.189871,0.336803,-0.000000,0.102889,-0.026101,0.775990,-0.211530,-27.510376,-50.112370,0.098286,0.340773,-0.007934,0.392641,0.0410
0.189871,0.336803,-0.000000,0.102889,-0.028814,0.741714,-0.211676,-27.510376,-50.112370,0.098996,0.345628,-0.007984,0.384797,0.0400
0.189871,0.336803,-0.000000,0.102889,-0.026043,0.717348,-0.211681,-27.510376,-50.112370,0.099658,0.350534,-0.008036,0.377774,0.0410
0.189871,0.336803,0.000000,0.000000,-0.018085,0.692500,-0.211596,-27.510376,-50.112370,0.100338,0.352956,-0.007855,0.361531,0.0400
0.189871,0.336803,0.000000,0.000000,-0.023682,0.667785,-0.212631,-27.510376,-50.112370,0.101017,0.353527,-0.007727,0.341321,0.0410
0.189871,0.336803,0.000000,0.000000,-0.017810,0.638564,-0.212358,-27.510376,-50.112370,0.101658,0.353978,-0.007494,0.323242,0.0400
0.189871,0.336803,0.000000,0.000000,-0.021699,0.598433,-0.213043,-27.510376,-50.112370,0.102535,0.355046,-0.007302,0.300797,0.0560
0.189871,0.336803,0.000000,0.000000,-0.015024,0.578323,-0.212968,-27.510376,-50.112370,0.103155,0.355401,-0.007053,0.285392,0.0400
0.189871,0.336803,0.000000,0.000000,-0.011646,0.556649,-0.212980,-27.510376,-50.112370,0.103787,0.356062,-0.006601,0.271016,0.0410
0.189871,0.336803,0.000000,0.000000,-0.015409,0.523532,-0.212595,-27.510376,-50.112370,0.104437,0.356723,-0.006256,0.256881,0.0410
0.189871,0.336803,0.000000,0.000000,-0.022194,0.495901,-0.212971,-27.510376,-50.112370,0.105033,0.356973,-0.006164,0.243888,0.0410
0.189871,0.336803,0.000000,0.000000,-0.018837,0.468028,-0.214033,-27.510376,-50.112370,0.105692,0.357578,-0.006168,0.230360,0.0410
0.189871,0.336803,0.000000,0.000000,-0.014777,0.438000,-0.214726,-27.510376,-50.112370,0.106270,0.357775,-0.006113,0.218446,0.0400
0.189871,0.336803,0.000000,0.000000,-0.015007,0.408849,-0.214927,-27.510376,-50.112370,0.106866,0.358006,-0.005958,0.206582,0.0420
0.189871,0.336803,0.000000,0.000000,-0.013564,0.388160,-0.216180,-27.510376,-50.112370,0.107472,0.358460,-0.005693,0.195440,0.0400
0.189871,0.336803,0.000000,0.000000,-0.017250,0.355888,-0.216488,-27.510376,-50.112370,0.108052,0.358648,-0.005544,0.184579,0.0400
0.189871,0.336803,0.000000,0.000000,-0.012970,0.311394,-0.217609,-27.510376,-50.112370,0.108771,0.358866,-0.005393,0.171075,0.0560
0.189871,0.336803,0.000000,0.000000,-0.010220,0.281063,-0.217335,-27.510376,-50.112370,0.109403,0.359116,-0.005038,0.159638,0.0460
0.189871,0.336803,0.000000,0.000000,-0.001175,0.259773,-0.216507,-27.510376,-50.112370,0.109905,0.359331,-0.004631,0.150512,0.0400
0.189871,0.336803,0.000000,0.000000,-0.004708,0.240748,-0.216322,-27.510376,-50.112370,0.110430,0.359407,-0.004200,0.141139,0.0400
0.189871,0.336803,0.000000,0.000000,-0.003897,0.211982,-0.216711,-27.510376,-50.112370,0.110968,0.359630,-0.003833,0.131928,0.0400
0.189871,0.336803,0.000000,0.000000,-0.004173,0.184880,-0.216848,-27.510376,-50.112370,0.111477,0.359797,-0.003476,0.123112,0.0410
0.189871,0.336803,0.000000,0.000000,-0.009648,0.152938,-0.216760,-27.510376,-50.112370,0.112006,0.359844,-0.003329,0.113688,0.0410
0.189871,0.336803,0.000000,0.000000,-0.000261,0.130855,-0.217356,-27.510376,-50.112370,0.112506,0.359858,-0.003197,0.104858,0.0400
0.189871,0.336803,0.000000,0.000000,-0.004089,0.104874,-0.217754,-27.510376,-50.112370,0.113019,0.359979,-0.002905,0.095960,0.0410
0.189871,0.336803,0.000000,0.000000,-0.004958,0.075107,-0.217599,-27.510376,-50.112370,0.113529,0.359982,-0.002686,0.087117,0.0410
-0.379741,0.673606,-0.398543,0.235653,0.000527,0.055699,-0.218088,-27.510382,-50.112366,0.101879,0.367261,-0.034894,0.098342,0.0410
-0.379741,0.673606,-0.398543,0.235653,-0.002993,0.030322,-0.218510,-27.510382,-50.112366,0.082487,0.379058,-0.082324,0.117928,0.0410
-0.379741,0.673606,-0.398543,0.235653,0.000121,0.006985,-0.218696,-27.510382,-50.112366,0.063228,0.390687,-0.121861,0.133194,0.0400
-0.379741,0.673606,-0.398543,0.235653,0.000128,0.001142,-0.219048,-27.510382,-50.112366,0.045630,0.401336,-0.156397,0.145997,0.0410
-0.379741,0.673606,-0.398543,0.235653,-0.000054,-0.000479,-0.219083,-27.510382,-50.112366,0.026359,0.412993,-0.187845,0.157649,0.0400
-0.379741,0.673606,-0.398543,0.235653,-0.000020,-0.000625,-0.219120,-27.510382,-50.112366,0.008864,0.423546,-0.212973,0.166957,0.0400
-0.379741,0.673606,-0.398543,0.235653,-0.001092,-0.000040,-0.218876,-27.510382,-50.112366,-0.010290,0.435095,-0.237101,0.175872,0.0410
-0.379741,0.673606,-0.398543,0.235653,-0.000030,-0.000214,-0.218884,-27.510382,-50.112366,-0.028255,0.445881,-0.256361,0.183018,0.0400
-0.379741,0.673606,-0.398543,0.235653,0.000009,0.000193,-0.218234,-27.510382,-50.112366,-0.046383,0.456786,-0.274797,0.189840,0.0410
-0.379741,0.673606,-0.398543,0.235653,-0.004439,0.001580,-0.217097,-27.510382,-50.112366,-0.065291,0.468152,-0.290909,0.195810,0.0410
-0.379741,0.673606,-0.398543,0.235653,0.001036,0.000201,-0.215299,-27.510382,-50.112366,-0.094303,0.485551,-0.311973,0.203612,0.0650
-0.379741,0.673606,-0.398543,0.235653,0.000357,-0.000448,-0.215789,-27.510382,-50.112366,-0.112643,0.496541,-0.323171,0.207764,0.0410
-0.379741,0.673606,-0.398543,0.235653,-0.000216,0.000111,-0.215400,-27.510382,-50.112366,-0.131202,0.507672,-0.332929,0.211382,0.0420
-0.379741,0.673606,-0.398543,0.235653,-0.000582,0.000126,-0.215730,-27.510382,-50.112366,-0.148480,0.518017,-0.341092,0.214398,0.0410
-0.379741,0.673606,-0.398543,0.235653,0.000175,-0.000522,-0.215655,-27.510382,-50.112366,-0.166844,0.529020,-0.348559,0.217179,0.0420
-0.379741,0.673606,-0.398543,0.235653,0.000253,0.000602,-0.215577,-27.510382,-50.112366,-0.183917,0.539237,-0.354788,0.219480,0.0400
-0.379741,0.673606,-0.398543,0.235653,0.000665,0.000840,-0.216219,-27.510382,-50.112366,-0.202083,0.550113,-0.360448,0.221583,0.0400
-0.379741,0.673606,-0.398543,0.235653,0.001171,-0.000424,-0.216663,-27.510382,-50.112366,-0.231958,0.567983,-0.368426,0.224538,0.0730
-0.379741,0.673606,-0.398543,0.235653,0.000041,0.000740,-0.216562,-27.510382,-50.112366,-0.249851,0.578687,-0.372325,0.225981,0.0400
-0.379741,0.673606,-0.398543,0.235653,0.000184,-0.000036,-0.217017,-27.510382,-50.112366,-0.267271,0.589103,-0.375754,0.227241,0.0410
-0.379741,0.673606,-0.398543,0.235653,0.000592,-0.001180,-0.216905,-27.510382,-50.112366,-0.285404,0.599944,-0.378821,0.228379,0.0410
-0.379741,0.673606,-0.398543,0.235653,0.008490,0.004115,-0.217787,-27.510382,-50.112366,-0.302183,0.609975,-0.381236,0.229285,0.0400
-0.569612,1.347211,-0.113051,0.401072,-0.005098,0.000680,-0.218591,-27.510384,-50.112363,-0.318799,0.620644,-0.381646,0.231085,0.0410
-0.569612,1.347211,-0.113051,0.401072,0.001117,0.000266,-0.219139,-27.510384,-50.112363,-0.324984,0.639805,-0.349521,0.251463,0.0400
-0.569612,1.347211,-0.113051,0.401072,0.000191,0.000185,-0.220221,-27.510384,-50.112363,-0.331767,0.662120,-0.316373,0.272557,0.0400
-0.569612,1.347211,-0.113051,0.401072,-0.000007,-0.000021,-0.220438,-27.510384,-50.112363,-0.338073,0.681367,-0.292200,0.287884,0.0400
-0.569612,1.347211,-0.113051,0.401072,0.000028,0.000366,-0.220642,-27.510384,-50.112363,-0.344664,0.702771,-0.268027,0.303205,0.0440
-0.569612,1.347211,-0.113051,0.401072,0.000724,-0.000683,-0.221513,-27.510384,-50.112363,-0.350869,0.723108,-0.247869,0.315861,0.0410
-0.569612,1.347211,-0.113051,0.401072,-0.000359,-0.000716,-0.220682,-27.510384,-50.112363,-0.356940,0.742713,-0.231109,0.326501,0.0410
-0.569612,1.347211,-0.113051,0.401072,-0.000260,0.000056,-0.220476,-27.510384,-50.112363,-0.363235,0.763152,-0.215831,0.336220,0.0410
-0.569612,1.347211,-0.113051,0.401072,0.000379,0.000906,-0.221012,-27.510384,-50.112363,-0.368951,0.782215,-0.203649,0.343953,0.0400
-0.569612,1.347211,-0.113051,0.401072,0.000489,0.001336,-0.221778,-27.510384,-50.112363,-0.375400,0.803360,-0.190983,0.351991,0.0400
-0.569612,1.347211,-0.113051,0.401072,0.000544,-0.000904,-0.221549,-27.510384,-50.112363,-0.381877,0.824949,-0.180072,0.358885,0.0410
-0.569612,1.347211,-0.113051,0.401072,-0.001079,-0.000645,-0.222236,-27.510384,-50.112363,-0.387727,0.844574,-0.171416,0.364360,0.0420
-0.569612,1.347211,-0.113051,0.401072,-0.000010,-0.000047,-0.223524,-27.510384,-50.112363,-0.393417,0.863539,-0.164188,0.368931,0.0400
-0.569612,1.347211,-0.113051,0.401072,0.000073,-0.000239,-0.224108,-27.510384,-50.112363,-0.398898,0.882032,-0.157867,0.372994,0.0400
-0.569612,1.347211,-0.113051,0.401072,0.000011,-0.000028,-0.223890,-27.510384,-50.112363,-0.404770,0.901696,-0.152082,0.376639,0.0410
-0.569612,1.347211,-0.113051,0.401072,0.000728,-0.000768,-0.224354,-27.510384,-50.112363,-0.410714,0.921770,-0.146812,0.379931,0.0430
-0.569612,1.347211,-0.113051,0.401072,-0.000374,-0.000745,-0.224007,-27.510384,-50.112363,-0.416883,0.942615,-0.142287,0.382802,0.0400
-0.569612,1.347211,-0.113051,0.401072,0.000234,0.000401,-0.224460,-27.510384,-50.112363,-0.422205,0.960666,-0.138533,0.385197,0.0400
-0.569612,1.347211,-0.113051,0.401072,0.000044,0.000479,-0.225443,-27.510384,-50.112363,-0.427894,0.979889,-0.135243,0.387222,0.0410
-0.569612,1.347211,-0.113051,0.401072,-0.001005,-0.000498,-0.226038,-27.510384,-50.112363,-0.435891,1.007014,-0.131306,0.389753,0.0620
-0.569612,1.347211,-0.113051,0.401072,0.001028,0.000332,-0.227069,-27.510384,-50.112363,-0.440963,1.024233,-0.129099,0.391126,0.0400
-0.569612,1.347211,-0.113051,0.401072,-0.000004,0.000032,-0.227320,-27.510384,-50.112363,-0.446261,1.042236,-0.127117,0.392377,0.0400
-0.569612,1.347211,-0.113051,0.401072,-0.000225,-0.000888,-0.226374,-27.510384,-50.112363,-0.455618,1.074122,-0.124127,0.394249,0.0730
-0.189871,1.347211,0.257222,0.000000,-0.000534,0.001681,-0.225934,-27.510380,-50.112360,-0.452021,1.083698,-0.096744,0.366964,0.0410
-0.189871,1.347211,0.257222,0.000000,0.000312,0.000271,-0.225093,-27.510380,-50.112360,-0.440770,1.085313,-0.052574,0.321213,0.0410
-0.189871,1.347211,0.257222,0.000000,-0.000376,-0.000139,-0.223826,-27.510380,-50.112360,-0.428554,1.087143,-0.010735,0.277860,0.0410
-0.189871,1.347211,0.257222,0.000000,0.000193,0.000160,-0.224085,-27.510380,-50.112360,-0.417343,1.089172,0.022762,0.243154,0.0420
-0.189871,1.347211,0.257222,0.000000,0.001128,-0.000337,-0.224025,-27.510380,-50.112360,-0.406166,1.090627,0.052033,0.212820,0.0400
-0.189871,1.347211,0.257222,0.000000,-0.000139,-0.000241,-0.223681,-27.510380,-50.112360,-0.394963,1.092248,0.077633,0.186310,0.0400
-0.189871,1.347211,0.257222,0.000000,0.000347,0.000292,-0.224525,-27.510380,-50.112360,-0.382722,1.093984,0.101955,0.161131,0.0410
-0.189871,1.347211,0.257222,0.000000,0.003633,0.001798,-0.224715,-27.510380,-50.112360,-0.371656,1.095328,0.121312,0.141081,0.0410
-0.189871,1.347211,0.257222,0.000000,0.002111,0.000119,-0.224949,-27.510380,-50.112360,-0.360367,1.096902,0.138245,0.123516,0.0400
-0.189871,1.347211,0.257222,0.000000,0.000564,-0.000439,-0.225477,-27.510380,-50.112360,-0.349225,1.098291,0.153084,0.108120,0.0400
-0.189871,1.347211,0.257222,0.000000,0.000666,-0.000243,-0.225118,-27.510380,-50.112360,-0.337752,1.099621,0.166638,0.094077,0.0410
-0.189871,1.347211,0.257222,0.000000,0.000381,0.000004,-0.225158,-27.510380,-50.112360,-0.326683,1.100944,0.177932,0.082372,0.0420
-0.189871,1.347211,0.257222,0.000000,-0.000072,-0.000056,-0.225006,-27.510380,-50.112360,-0.314783,1.102299,0.188206,0.071693,0.0400
-0.189871,1.347211,0.257222,0.000000,0.000230,0.000407,-0.225675,-27.510380,-50.112360,-0.303989,1.103502,0.197163,0.062426,0.0410
-0.189871,1.347211,0.257222,0.000000,0.000258,-0.000156,-0.226518,-27.510380,-50.112360,-0.292517,1.104810,0.204933,0.054370,0.0400
-0.189871,1.347211,0.257222,0.000000,-0.000382,0.000572,-0.226596,-27.510380,-50.112360,-0.281820,1.105979,0.211424,0.047641,0.0430
-0.189871,1.347211,0.257222,0.000000,-0.000204,0.000169,-0.226905,-27.510380,-50.112360,-0.270955,1.107178,0.217124,0.041724,0.0400
-0.189871,1.347211,0.257222,0.000000,0.000587,0.000238,-0.227778,-27.510380,-50.112360,-0.260351,1.108318,0.222096,0.036566,0.0400
-0.189871,1.347211,0.257222,0.000000,-0.000407,0.000223,-0.227846,-27.510380,-50.112360,-0.248757,1.109561,0.226835,0.031662,0.0400
-0.189871,1.347211,0.257222,0.000000,0.000419,-0.000715,-0.227289,-27.510380,-50.112360,-0.236986,1.110814,0.230935,0.027439,0.0440
-0.189871,1.347211,0.257222,0.000000,0.000582,-0.000774,-0.227825,-27.510380,-50.112360,-0.226247,1.111942,0.234179,0.024051,0.0400
-0.189871,1.347211,0.257222,0.000000,0.003645,0.004386,-0.227974,-27.510380,-50.112360,-0.216120,1.112999,0.237013,0.021131,0.0410
-0.189871,1.347211,0.257222,0.000000,-0.005652,0.004445,-0.228021,-27.510380,-50.112360,-0.204729,1.114179,0.239680,0.018352,0.0400
-0.189871,1.347211,0.257222,0.000000,0.000016,-0.000432,-0.228415,-27.510380,-50.112360,-0.194685,1.115208,0.241747,0.016188,0.0410
-0.000000,1.684014,0.108633,0.192700,-0.000021,0.000085,-0.229257,-27.510377,-50.112360,-0.186876,1.121207,0.233275,0.027713,0.0410
-0.000000,1.684014,0.108633,0.192700,-0.000207,0.000471,-0.229718,-27.510377,-50.112360,-0.180826,1.132241,0.216441,0.050046,0.0400
-0.000000,1.684014,0.108633,0.192700,0.000836,-0.001106,-0.229215,-27.510377,-50.112360,-0.175604,1.142268,0.203085,0.067771,0.0410
-0.000000,1.684014,0.108633,0.192700,-0.000490,-0.000721,-0.229164,-27.510377,-50.112360,-0.166838,1.158710,0.184593,0.092287,0.0680
-0.000000,1.684014,0.108633,0.192700,0.000237,-0.000384,-0.229193,-27.510377,-50.112360,-0.161534,1.168732,0.175151,0.104814,0.0400
-0.000000,1.684014,0.108633,0.192700,-0.001097,-0.000909,-0.229433,-27.510377,-50.112360,-0.156275,1.178725,0.166855,0.115817,0.0400
-0.000000,1.684014,0.108633,0.192700,0.000714,-0.000074,-0.229509,-27.510377,-50.112360,-0.151056,1.188687,0.159578,0.125460,0.0420
-0.000000,1.684014,0.108633,0.192700,0.000084,0.000135,-0.228751,-27.510377,-50.112360,-0.145773,1.198950,0.152965,0.134249,0.0400
-0.000000,1.684014,0.108633,0.192700,-0.000264,0.000124,-0.228198,-27.510377,-50.112360,-0.140226,1.209445,0.147214,0.141865,0.0400
-0.000000,1.684014,0.108633,0.192700,-0.000258,0.000409,-0.227976,-27.510377,-50.112360,-0.134761,1.220086,0.142006,0.148781,0.0400
-0.000000,1.684014,0.108633,0.192700,0.000016,0.000087,-0.228023,-27.510377,-50.112360,-0.129826,1.229740,0.137875,0.154275,0.0410
-0.000000,1.684014,0.108633,0.192700,0.000083,-0.000100,-0.228146,-27.510377,-50.112360,-0.124533,1.239968,0.134079,0.159315,0.0400
-0.000000,1.684014,0.108633,0.192700,0.000750,0.000167,-0.228432,-27.510377,-50.112360,-0.119649,1.249529,0.130939,0.163439,0.0410
-0.000000,1.684014,0.108633,0.192700,0.000169,-0.000259,-0.229415,-27.510377,-50.112360,-0.114418,1.259671,0.128073,0.167250,0.0400
-0.000000,1.684014,0.108633,0.192700,0.000958,-0.000392,-0.230817,-27.510377,-50.112360,-0.109101,1.270059,0.125569,0.170572,0.0410
-0.000000,1.684014,0.108633,0.192700,-0.003952,0.001699,-0.231598,-27.510377,-50.112360,-0.104410,1.279192,0.123450,0.173350,0.0400
-0.000000,1.684014,0.108633,0.192700,0.000741,0.002876,-0.231391,-27.510377,-50.112360,-0.099387,1.289026,0.121553,0.175898,0.0420
-0.000000,1.684014,0.108633,0.192700,0.000091,0.000132,-0.231795,-27.510377,-50.112360,-0.094505,1.298535,0.119955,0.177992,0.0410
-0.000000,1.684014,0.108633,0.192700,-0.000254,-0.000349,-0.232058,-27.510377,-50.112360,-0.089295,1.308730,0.118422,0.179973,0.0430
-0.000000,1.684014,0.108633,0.192700,0.000192,0.000229,-0.232386,-27.510377,-50.112360,-0.084581,1.317970,0.117215,0.181587,0.0400
-0.000000,1.684014,0.108633,0.192700,-0.000222,-0.000055,-0.233407,-27.510377,-50.112360,-0.079772,1.327349,0.116162,0.182986,0.0410
-0.000000,1.684014,0.108633,0.192700,0.000047,0.000533,-0.234029,-27.510377,-50.112360,-0.074869,1.336952,0.115200,0.184261,0.0400
-0.000000,1.684014,0.108633,0.192700,0.000017,-0.000123,-0.233657,-27.510377,-50.112360,-0.070220,1.346062,0.114398,0.185346,0.0410
-0.000000,1.347211,0.000000,-0.123467,-0.000343,0.000052,-0.233492,-27.510379,-50.112360,-0.066455,1.352098,0.110442,0.176801,0.0400
-0.000000,1.347211,0.000000,-0.123467,0.000348,-0.000097,-0.233373,-27.510379,-50.112360,-0.066053,1.346944,0.095505,0.136169,0.0400
-0.000000,1.347211,0.000000,-0.123467,0.000224,-0.000530,-0.232981,-27.510379,-50.112360,-0.065724,1.342182,0.083636,0.103794,0.0410
-0.000000,1.347211,0.000000,-0.123467,0.000021,0.000043,-0.233003,-27.510379,-50.112360,-0.065252,1.337588,0.073206,0.075467,0.0410
-0.000000,1.347211,0.000000,-0.123467,0.000694,0.000463,-0.232114,-27.510379,-50.112360,-0.064947,1.332810,0.064088,0.050684,0.0400
-0.000000,1.347211,0.000000,-0.123467,0.002185,0.001419,-0.232424,-27.510379,-50.112360,-0.064597,1.327631,0.055473,0.027147,0.0410
-0.000000,1.347211,0.000000,-0.123467,-0.000747,0.001292,-0.233541,-27.510379,-50.112360,-0.064251,1.322894,0.048573,0.008412,0.0410
-0.000000,1.347211,0.000000,-0.123467,-0.000412,0.004579,-0.234980,-27.510379,-50.112360,-0.063660,1.314037,0.037940,-0.020464,0.0740
-0.000000,1.347211,0.000000,-0.123467,-0.000109,-0.000100,-0.237047,-27.510379,-50.112360,-0.063332,1.309051,0.032995,-0.033828,0.0410
-0.000000,1.347211,0.000000,-0.123467,0.000451,0.000471,-0.238037,-27.510379,-50.112360,-0.063016,1.304058,0.028727,-0.045483,0.0410
-0.000000,1.347211,0.000000,-0.123467,0.003629,-0.003165,-0.238684,-27.510379,-50.112360,-0.062613,1.297155,0.023703,-0.059193,0.0570
-0.000000,1.347211,0.000000,-0.123467,0.001182,0.001433,-0.238430,-27.510379,-50.112360,-0.062348,1.292618,0.020903,-0.066826,0.0410
-0.000000,1.347211,0.000000,-0.123467,-0.000920,0.001907,-0.239626,-27.510379,-50.112360,-0.062049,1.287256,0.017985,-0.074724,0.0400
-0.000000,1.347211,0.000000,-0.123467,-0.000115,0.000210,-0.240505,-27.510379,-50.112360,-0.061796,1.282589,0.015754,-0.080780,0.0410
-0.000000,1.347211,0.000000,-0.123467,-0.000007,-0.000186,-0.239950,-27.510379,-50.112360,-0.061518,1.277627,0.013723,-0.086306,0.0410
-0.000000,1.347211,0.000000,-0.123467,-0.000963,0.000161,-0.239364,-27.510379,-50.112360,-0.061273,1.273126,0.012084,-0.090706,0.0400
-0.000000,1.347211,0.000000,-0.123467,-0.000656,0.000445,-0.239271,-27.510379,-50.112360,-0.061004,1.268048,0.010461,-0.095104,0.0410
-0.000000,1.347211,0.000000,-0.123467,0.000124,0.000063,-0.239437,-27.510379,-50.112360,-0.060762,1.263442,0.009167,-0.098621,0.0410
-0.000000,1.347211,0.000000,-0.123467,0.002300,0.000786,-0.239661,-27.510379,-50.112360,-0.060503,1.258523,0.007988,-0.101826,0.0420
-0.000000,1.347211,0.000000,-0.123467,-0.000026,0.000037,-0.240609,-27.510379,-50.112360,-0.060266,1.253947,0.007011,-0.104500,0.0400
-0.000000,1.347211,0.000000,-0.123467,-0.000010,0.000101,-0.241704,-27.510379,-50.112360,-0.060008,1.248934,0.006070,-0.107041,0.0410
-0.000000,1.347211,0.000000,-0.123467,0.000400,-0.000692,-0.242884,-27.510379,-50.112360,-0.059759,1.244056,0.005290,-0.109160,0.0410
-0.000000,1.347211,0.000000,-0.123467,-0.003147,0.001692,-0.243126,-27.510379,-50.112360,-0.059518,1.239301,0.004621,-0.110983,0.0430
-0.569612,1.684014,-0.199272,0.117826,-0.000286,0.001011,-0.242529,-27.510383,-50.112359,-0.066102,1.241701,-0.013366,-0.091587,0.0410
-0.569612,1.684014,-0.199272,0.117826,-0.000088,0.000574,-0.242246,-27.510383,-50.112359,-0.075441,1.247621,-0.035594,-0.066556,0.0400
-0.569612,1.684014,-0.199272,0.117826,-0.000111,-0.000050,-0.242904,-27.510383,-50.112359,-0.086522,1.254696,-0.058587,-0.040669,0.0400
-0.569612,1.684014,-0.199272,0.117826,-0.000619,-0.000661,-0.243112,-27.510383,-50.112359,-0.096285,1.260900,-0.076195,-0.020844,0.0420
-0.569612,1.684014,-0.199272,0.117826,-0.000149,-0.000337,-0.244642,-27.510383,-50.112359,-0.106398,1.267393,-0.092212,-0.002830,0.0410
-0.569612,1.684014,-0.199272,0.117826,0.000564,-0.000852,-0.245737,-27.510383,-50.112359,-0.116120,1.273590,-0.105578,0.012255,0.0410
-0.569612,1.684014,-0.199272,0.117826,0.001566,-0.001066,-0.245528,-27.510383,-50.112359,-0.126619,1.280328,-0.117759,0.026017,0.0440
-0.569612,1.684014,-0.199272,0.117826,-0.000224,-0.000034,-0.246257,-27.510383,-50.112359,-0.136620,1.286756,-0.128786,0.038398,0.0400
-0.569612,1.684014,-0.199272,0.117826,-0.000159,-0.000002,-0.246939,-27.510383,-50.112359,-0.146718,1.293207,-0.137981,0.048731,0.0410
-0.569612,1.684014,-0.199272,0.117826,-0.000036,-0.000045,-0.247091,-27.510383,-50.112359,-0.157248,1.299937,-0.146291,0.058105,0.0410
-0.569612,1.684014,-0.199272,0.117826,0.000122,-0.002560,-0.246865,-27.510383,-50.112359,-0.168965,1.307455,-0.154354,0.067142,0.0510
-0.569612,1.684014,-0.199272,0.117826,-0.000921,0.000150,-0.246353,-27.510383,-50.112359,-0.185769,1.318249,-0.163825,0.077803,0.0700
-0.569612,1.684014,-0.199272,0.117826,-0.000214,-0.000061,-0.245966,-27.510383,-50.112359,-0.194812,1.324053,-0.168051,0.082607,0.0400
-0.569612,1.684014,-0.199272,0.117826,-0.000118,0.000211,-0.245046,-27.510383,-50.112359,-0.205014,1.330617,-0.172280,0.087368,0.0410
-0.569612,1.684014,-0.199272,0.117826,-0.004811,0.000559,-0.244630,-27.510383,-50.112359,-0.213818,1.336292,-0.175526,0.091016,0.0410
-0.569612,1.684014,-0.199272,0.117826,-0.000168,0.000899,-0.244207,-27.510383,-50.112359,-0.223667,1.342610,-0.178622,0.094500,0.0400
-0.569612,1.684014,-0.199272,0.117826,0.000178,-0.004710,-0.244003,-27.510383,-50.112359,-0.233032,1.348622,-0.181206,0.097399,0.0410
-0.569612,1.684014,-0.199272,0.117826,0.000306,0.000159,-0.244426,-27.510383,-50.112359,-0.242182,1.354514,-0.183371,0.099855,0.0400
-0.569612,1.684014,-0.199272,0.117826,0.000673,0.000400,-0.245904,-27.510383,-50.112359,-0.258516,1.365013,-0.186804,0.103719,0.0730
-0.569612,1.684014,-0.199272,0.117826,0.000143,0.000231,-0.246776,-27.510383,-50.112359,-0.267568,1.370840,-0.188350,0.105539,0.0410
-0.569612,1.684014,-0.199272,0.117826,-0.000161,0.000437,-0.246791,-27.510383,-50.112359,-0.277218,1.377033,-0.189766,0.107121,0.0400
-0.569612,1.684014,-0.199272,0.117826,-0.000237,-0.000187,-0.246659,-27.510383,-50.112359,-0.286390,1.382922,-0.190960,0.108478,0.0410
-0.949353,1.684014,-0.262367,-0.000000,-0.000399,-0.000409,-0.246105,-27.510386,-50.112358,-0.296850,1.386708,-0.195355,0.103326,0.0400
-0.949353,1.684014,-0.262367,-0.000000,0.001292,-0.000679,-0.245985,-27.510386,-50.112358,-0.310202,1.387856,-0.204121,0.089881,0.0400
-0.949353,1.684014,-0.262367,-0.000000,-0.002230,0.002864,-0.246012,-27.510386,-50.112358,-0.323710,1.389075,-0.211728,0.078227,0.0410
-0.949353,1.684014,-0.262367,-0.000000,0.000188,0.000311,-0.246992,-27.510386,-50.112358,-0.335950,1.390144,-0.217817,0.068876,0.0400
-0.949353,1.684014,-0.262367,-0.000000,-0.004651,-0.000371,-0.247922,-27.510386,-50.112358,-0.349376,1.391312,-0.223716,0.059895,0.0410
-0.949353,1.684014,-0.262367,-0.000000,0.000123,-0.000028,-0.247782,-27.510386,-50.112358,-0.362528,1.392406,-0.228788,0.052143,0.0400
-0.949353,1.684014,-0.262367,-0.000000,0.000181,-0.000514,-0.247446,-27.510386,-50.112358,-0.375250,1.393483,-0.233023,0.045631,0.0400
-0.949353,1.684014,-0.262367,-0.000000,-0.000320,-0.000014,-0.247365,-27.510386,-50.112358,-0.389144,1.394650,-0.237038,0.039452,0.0460
-0.949353,1.684014,-0.262367,-0.000000,-0.000227,-0.000031,-0.247960,-27.510386,-50.112358,-0.401777,1.395694,-0.240245,0.034541,0.0400
-0.949353,1.684014,-0.262367,-0.000000,0.000247,-0.000123,-0.249128,-27.510386,-50.112358,-0.414971,1.396775,-0.243135,0.030071,0.0410
-0.949353,1.684014,-0.262367,-0.000000,-0.000003,-0.000239,-0.249324,-27.510386,-50.112358,-0.426911,1.397743,-0.245461,0.026480,0.0410
-0.949353,1.684014,-0.262367,-0.000000,0.000755,-0.000331,-0.249354,-27.510386,-50.112358,-0.439765,1.398777,-0.247708,0.023070,0.0410
-0.949353,1.684014,-0.262367,-0.000000,0.000838,0.000960,-0.249997,-27.510386,-50.112358,-0.451969,1.399756,-0.249542,0.020225,0.0400
-0.949353,1.684014,-0.262367,-0.000000,0.000126,0.000134,-0.250150,-27.510386,-50.112358,-0.464377,1.400747,-0.251082,0.017851,0.0400
-0.949353,1.684014,-0.262367,-0.000000,-0.002023,-0.000053,-0.249353,-27.510386,-50.112358,-0.476742,1.401729,-0.252582,0.015552,0.0410
-0.949353,1.684014,-0.262367,-0.000000,0.000079,-0.000401,-0.248095,-27.510386,-50.112358,-0.489997,1.402780,-0.253930,0.013476,0.0400
-0.949353,1.684014,-0.262367,-0.000000,-0.000544,0.000285,-0.246976,-27.510386,-50.112358,-0.502016,1.403733,-0.255009,0.011823,0.0410
-0.949353,1.684014,-0.262367,-0.000000,0.000305,-0.000295,-0.246869,-27.510386,-50.112358,-0.514835,1.404735,-0.255983,0.010308,0.0400
-0.949353,1.684014,-0.262367,-0.000000,-0.000327,0.000740,-0.247386,-27.510386,-50.112358,-0.527020,1.405684,-0.256783,0.009053,0.0410
-0.949353,1.684014,-0.262367,-0.000000,0.000557,-0.000431,-0.248614,-27.510386,-50.112358,-0.539491,1.406661,-0.257549,0.007907,0.0410
-0.949353,1.684014,-0.262367,-0.000000,0.000143,-0.000097,-0.249411,-27.510386,-50.112358,-0.552498,1.407675,-0.258173,0.006902,0.0400
-0.949353,1.684014,-0.262367,-0.000000,0.000147,0.000141,-0.249641,-27.510386,-50.112358,-0.566036,1.408725,-0.258802,0.005932,0.0400
-0.949353,1.684014,-0.262367,-0.000000,-0.003838,-0.001990,-0.249940,-27.510386,-50.112358,-0.578360,1.409682,-0.259284,0.005211,0.0430
-1.518965,1.684014,-0.324100,-0.000000,-0.002981,0.002023,-0.251031,-27.510390,-50.112358,-0.602340,1.411382,-0.262963,0.004073,0.0770
-1.518965,1.684014,-0.324100,-0.000000,0.000505,-0.000433,-0.251170,-27.510390,-50.112358,-0.618270,1.412280,-0.270612,0.003568,0.0400
-1.518965,1.684014,-0.324100,-0.000000,0.000112,-0.000301,-0.250476,-27.510390,-50.112358,-0.634140,1.413173,-0.277299,0.003158,0.0410
-1.518965,1.684014,-0.324100,-0.000000,0.000374,-0.000152,-0.251250,-27.510390,-50.112358,-0.656868,1.414427,-0.285357,0.002628,0.0550
-1.518965,1.684014,-0.324100,-0.000000,-0.000415,-0.000412,-0.252285,-27.510390,-50.112358,-0.671360,1.415229,-0.289803,0.002336,0.0400
-1.518965,1.684014,-0.324100,-0.000000,0.000322,-0.000621,-0.253447,-27.510390,-50.112358,-0.687044,1.416104,-0.294109,0.002047,0.0400
-1.518965,1.684014,-0.324100,-0.000000,-0.000348,-0.000169,-0.253965,-27.510390,-50.112358,-0.703265,1.416978,-0.297887,0.001821,0.0410
-1.518965,1.684014,-0.324100,-0.000000,-0.000419,0.003369,-0.253852,-27.510390,-50.112358,-0.719600,1.417883,-0.301350,0.001570,0.0410
-1.518965,1.684014,-0.324100,-0.000000,0.000892,0.000416,-0.254198,-27.510390,-50.112358,-0.735113,1.418743,-0.304219,0.001393,0.0410
-1.518965,1.684014,-0.324100,-0.000000,0.000089,0.000452,-0.254544,-27.510390,-50.112358,-0.752391,1.419678,-0.306942,0.001227,0.0410
-1.518965,1.684014,-0.324100,-0.000000,0.002221,-0.002513,-0.254749,-27.510390,-50.112358,-0.768544,1.420566,-0.309178,0.001050,0.0420
-1.518965,1.684014,-0.324100,-0.000000,0.000201,0.000707,-0.255423,-27.510390,-50.112358,-0.783442,1.421373,-0.310995,0.000940,0.0400
-1.518965,1.684014,-0.324100,-0.000000,-0.000843,0.001076,-0.256554,-27.510390,-50.112358,-0.800232,1.422290,-0.312814,0.000838,0.0400
-1.518965,1.684014,-0.324100,-0.000000,-0.000253,-0.000860,-0.256426,-27.510390,-50.112358,-0.815775,1.423126,-0.314247,0.000756,0.0400
-1.518965,1.684014,-0.324100,-0.000000,-0.000447,0.001005,-0.255122,-27.510390,-50.112358,-0.830951,1.423956,-0.315516,0.000684,0.0400
-1.518965,1.684014,-0.324100,-0.000000,-0.000108,-0.000026,-0.254222,-27.510390,-50.112358,-0.847876,1.424858,-0.316728,0.000606,0.0410
-1.518965,1.684014,-0.324100,-0.000000,0.000048,0.000181,-0.254097,-27.510390,-50.112358,-0.862941,1.425679,-0.317638,0.000536,0.0410
-1.518965,1.684014,-0.324100,-0.000000,-0.000359,-0.000290,-0.253227,-27.510390,-50.112358,-0.878692,1.426532,-0.318539,0.000493,0.0410
-1.518965,1.684014,-0.324100,-0.000000,0.001143,0.000425,-0.252481,-27.510390,-50.112358,-0.894704,1.427381,-0.319382,0.000442,0.0410
-1.518965,1.684014,-0.324100,-0.000000,0.007165,-0.001413,-0.251928,-27.510390,-50.112358,-0.910342,1.428225,-0.319962,0.000401,0.0400
-1.518965,1.684014,-0.324100,-0.000000,0.000625,0.000468,-0.251783,-27.510390,-50.112358,-0.925923,1.429064,-0.320485,0.000357,0.0420
-1.518965,1.684014,-0.324100,-0.000000,-0.000960,-0.002392,-0.252132,-27.510390,-50.112358,-0.941040,1.429862,-0.320993,0.000311,0.0400
-1.518965,1.684014,-0.324100,-0.000000,-0.001163,0.000986,-0.251734,-27.510390,-50.112358,-0.955379,1.430620,-0.321398,0.000344,0.0410
-1.518965,1.684014,-0.324100,-0.000000,0.004432,-0.001778,-0.251430,-27.510390,-50.112358,-0.971526,1.431481,-0.321742,0.000282,0.0400
-1.708835,1.684014,-0.267511,-0.000000,0.000593,0.000201,-0.251857,-27.510392,-50.112359,-0.985291,1.432266,-0.317149,0.000274,0.0410
-1.708835,1.684014,-0.267511,-0.000000,0.001116,-0.000520,-0.252513,-27.510392,-50.112359,-1.000170,1.433152,-0.310267,0.000264,0.0440
-1.708835,1.684014,-0.267511,-0.000000,-0.000106,0.000063,-0.252849,-27.510392,-50.112359,-1.012729,1.433893,-0.305004,0.000257,0.0410
-1.708835,1.684014,-0.267511,-0.000000,-0.000378,0.000135,-0.252922,-27.510392,-50.112359,-1.035161,1.435224,-0.297363,0.000239,0.0690
-1.708835,1.684014,-0.267511,-0.000000,-0.000005,-0.000161,-0.252432,-27.510392,-50.112359,-1.047590,1.435954,-0.293852,0.000201,0.0400
-1.708835,1.684014,-0.267511,-0.000000,0.000713,0.000629,-0.252479,-27.510392,-50.112359,-1.061232,1.436750,-0.290490,0.000251,0.0430
-1.708835,1.684014,-0.267511,-0.000000,0.000201,0.000152,-0.253676,-27.510392,-50.112359,-1.074821,1.437541,-0.287559,0.000209,0.0410
-1.708835,1.684014,-0.267511,-0.000000,0.000350,0.000042,-0.254420,-27.510392,-50.112359,-1.087107,1.438260,-0.285191,0.000193,0.0410
-1.708835,1.684014,-0.267511,-0.000000,-0.000550,-0.000101,-0.255610,-27.510392,-50.112359,-1.099690,1.439009,-0.283034,0.000184,0.0400
-1.708835,1.684014,-0.267511,-0.000000,-0.000077,-0.000012,-0.258362,-27.510392,-50.112359,-1.122198,1.440327,-0.279880,0.000164,0.0700
-1.708835,1.684014,-0.267511,-0.000000,-0.001713,0.001871,-0.259566,-27.510392,-50.112359,-1.134942,1.441065,-0.278371,0.000163,0.0400
-1.708835,1.684014,-0.267511,-0.000000,-0.000010,-0.000369,-0.260278,-27.510392,-50.112359,-1.147978,1.441833,-0.276983,0.000175,0.0400
-1.708835,1.684014,-0.267511,-0.000000,0.001216,-0.001988,-0.260599,-27.510392,-50.112359,-1.161580,1.442629,-0.275807,0.000157,0.0400
-1.708835,1.684014,-0.267511,-0.000000,0.000037,0.000321,-0.261002,-27.510392,-50.112359,-1.174188,1.443356,-0.274768,0.000155,0.0410
-1.708835,1.684014,-0.267511,-0.000000,0.000216,-0.000026,-0.260561,-27.510392,-50.112359,-1.187087,1.444111,-0.273903,0.000152,0.0410
-1.708835,1.684014,-0.267511,-0.000000,-0.000043,0.000021,-0.259842,-27.510392,-50.112359,-1.199336,1.444830,-0.273136,0.000137,0.0400
-1.708835,1.684014,-0.267511,-0.000000,-0.000642,-0.000382,-0.258912,-27.510392,-50.112359,-1.212421,1.445577,-0.272424,0.000144,0.0410
-1.708835,1.684014,-0.267511,-0.000000,-0.000185,0.000052,-0.258460,-27.510392,-50.112359,-1.225188,1.446321,-0.271831,0.000130,0.0410
-1.708835,1.684014,-0.267511,-0.000000,0.000752,0.000725,-0.257506,-27.510392,-50.112359,-1.238184,1.447060,-0.271276,0.000149,0.0410
-1.708835,1.684014,-0.267511,-0.000000,0.000462,-0.000447,-0.256327,-27.510392,-50.112359,-1.250266,1.447764,-0.270854,0.000138,0.0400
-1.708835,1.684014,-0.267511,-0.000000,-0.000004,0.000014,-0.255656,-27.510392,-50.112359,-1.263772,1.448527,-0.270442,0.000150,0.0430
-1.708835,1.684014,-0.267511,-0.000000,0.000099,-0.000085,-0.255653,-27.510392,-50.112359,-1.275449,1.449192,-0.270106,0.000137,0.0400
-1.708835,1.684014,-0.267511,-0.000000,0.000656,0.000336,-0.255110,-27.510396,-50.112359,-1.288005,1.449917,-0.269795,0.000152,0.0400
-1.898706,1.684014,-0.329244,-0.000000,-0.000013,0.000962,-0.255028,-27.510396,-50.112359,-1.302752,1.450575,-0.276936,0.000146,0.0400
-1.898706,1.684014,-0.329244,-0.000000,-0.000561,0.000415,-0.255387,-27.510396,-50.112359,-1.318364,1.451292,-0.283776,0.000105,0.0410
-1.898706,1.684014,-0.329244,-0.000000,-0.000053,0.000056,-0.256812,-27.510396,-50.112359,-1.333052,1.451944,-0.289225,0.000104,0.0400
-1.898706,1.684014,-0.329244,-0.000000,0.000130,0.000048,-0.257993,-27.510396,-50.112359,-1.348574,1.452654,-0.294477,0.000101,0.0400
-1.898706,1.684014,-0.329244,-0.000000,0.000137,0.000076,-0.258891,-27.510396,-50.112359,-1.363320,1.453329,-0.298860,0.000115,0.0400
-1.898706,1.684014,-0.329244,-0.000000,-0.000014,0.000106,-0.259339,-27.510396,-50.112359,-1.379043,1.454032,-0.302833,0.000115,0.0400
-1.898706,1.684014,-0.329244,-0.000000,0.000434,-0.000381,-0.259928,-27.510396,-50.112359,-1.393281,1.454671,-0.305980,0.000090,0.0400
-1.898706,1.684014,-0.329244,-0.000000,-0.000124,-0.000391,-0.260510,-27.510396,-50.112359,-1.408610,1.455367,-0.309018,0.000102,0.0400
-1.898706,1.684014,-0.329244,-0.000000,0.000200,0.000499,-0.260720,-27.510396,-50.112359,-1.423795,1.456030,-0.311574,0.000115,0.0410
-1.898706,1.684014,-0.329244,-0.000000,0.000350,0.000121,-0.260469,-27.510396,-50.112359,-1.439031,1.456719,-0.313900,0.000115,0.0420
-1.898706,1.684014,-0.329244,-0.000000,0.000062,-0.000010,-0.259455,-27.510396,-50.112359,-1.453503,1.457375,-0.315846,0.000117,0.0400
-1.898706,1.684014,-0.329244,-0.000000,-0.000035,0.002180,-0.259035,-27.510396,-50.112359,-1.469672,1.458087,-0.317676,0.000147,0.0400
-1.898706,1.684014,-0.329244,-0.000000,0.000812,-0.000313,-0.260013,-27.510396,-50.112359,-1.485473,1.458795,-0.319280,0.000135,0.0430
-1.898706,1.684014,-0.329244,-0.000000,0.000130,-0.000073,-0.260725,-27.510396,-50.112359,-1.510491,1.459908,-0.321365,0.000136,0.0700
-1.898706,1.684014,-0.329244,-0.000000,0.000164,0.000076,-0.261350,-27.510396,-50.112359,-1.526159,1.460607,-0.322455,0.000134,0.0410
-1.898706,1.684014,-0.329244,-0.000000,-0.003815,-0.004160,-0.262225,-27.510396,-50.112359,-1.541395,1.461273,-0.323390,0.000094,0.0400
-1.898706,1.684014,-0.329244,-0.000000,-0.000251,-0.000271,-0.261889,-27.510396,-50.112359,-1.561549,1.462166,-0.324404,0.000100,0.0580
-1.898706,1.684014,-0.329244,-0.000000,0.000042,0.000108,-0.262495,-27.510396,-50.112359,-1.575654,1.462795,-0.325017,0.000102,0.0410
-1.898706,1.684014,-0.329244,-0.000000,-0.000089,-0.000286,-0.262778,-27.510396,-50.112359,-1.590740,1.463451,-0.325589,0.000101,0.0410
-1.898706,1.684014,-0.329244,-0.000000,0.000004,0.002242,-0.263124,-27.510396,-50.112359,-1.604760,1.464074,-0.326061,0.000118,0.0410
-1.898706,1.684014,-0.329244,-0.000000,0.001122,-0.000223,-0.263336,-27.510396,-50.112359,-1.619758,1.464723,-0.326493,0.000124,0.0410
-1.898706,1.684014,-0.329244,-0.000000,0.000074,0.000165,-0.264497,-27.510396,-50.112359,-1.633001,1.465313,-0.326805,0.000105,0.0400
-1.898706,1.684014,0.000000,0.000000,-0.001913,-0.000354,-0.265872,-27.510396,-50.112359,-1.641984,1.465956,-0.307907,0.000109,0.0410
-1.898706,1.684014,0.000000,0.000000,0.003111,-0.000277,-0.266895,-27.510396,-50.112359,-1.643180,1.466595,-0.268013,0.000107,0.0400
-1.898706,1.684014,0.000000,0.000000,-0.000228,-0.000079,-0.267814,-27.510396,-50.112359,-1.644063,1.467232,-0.233384,0.000114,0.0410
-1.898706,1.684014,0.000000,0.000000,0.000488,-0.000419,-0.268362,-27.510396,-50.112359,-1.644997,1.467810,-0.205633,0.000102,0.0410
-1.898706,1.684014,0.000000,0.000000,-0.000589,0.001048,-0.267997,-27.510396,-50.112359,-1.646026,1.468441,-0.179035,0.000110,0.0410
-1.898706,1.684014,0.000000,0.000000,0.000252,-0.000189,-0.266776,-27.510396,-50.112359,-1.646846,1.469069,-0.155881,0.000095,0.0420
-1.898706,1.684014,0.000000,0.000000,-0.000028,-0.000120,-0.266507,-27.510396,-50.112359,-1.647817,1.469639,-0.137336,0.000114,0.0400
-1.898706,1.684014,0.000000,0.000000,0.000459,0.000882,-0.266661,-27.510396,-50.112359,-1.648599,1.470261,-0.119571,0.000094,0.0410
-1.898706,1.684014,0.000000,0.000000,-0.000302,-0.001927,-0.268258,-27.510396,-50.112359,-1.649429,1.470907,-0.104116,0.000078,0.0400
-1.898706,1.684014,0.000000,0.000000,0.000067,0.000069,-0.268361,-27.510396,-50.112359,-1.650242,1.471496,-0.090668,0.000077,0.0410
-1.898706,1.684014,0.000000,0.000000,0.001807,0.000157,-0.268318,-27.510396,-50.112359,-1.650999,1.472108,-0.078959,0.000081,0.0400
-1.898706,1.684014,0.000000,0.000000,0.000217,-0.000091,-0.268440,-27.510396,-50.112359,-1.651753,1.472718,-0.068761,0.000077,0.0400
-1.898706,1.684014,0.000000,0.000000,-0.000268,0.000140,-0.268371,-27.510396,-50.112359,-1.652561,1.473326,-0.059899,0.000129,0.0410
-1.898706,1.684014,0.000000,0.000000,0.000740,-0.000649,-0.268757,-27.510396,-50.112359,-1.653296,1.473930,-0.052186,0.000127,0.0400
-1.898706,1.684014,0.000000,0.000000,0.001083,0.000008,-0.269046,-27.510396,-50.112359,-1.653994,1.474479,-0.046005,0.000124,0.0400
-1.898706,1.684014,0.000000,0.000000,0.000049,-0.000030,-0.269218,-27.510396,-50.112359,-1.654678,1.475052,-0.040328,0.000117,0.0410
-1.898706,1.684014,0.000000,0.000000,0.000022,0.000063,-0.267899,-27.510396,-50.112359,-1.655435,1.475674,-0.034926,0.000110,0.0420
-1.898706,1.684014,0.000000,0.000000,0.000873,0.000890,-0.268276,-27.510396,-50.112359,-1.656180,1.476267,-0.030437,0.000118,0.0430
-1.898706,1.684014,0.000000,0.000000,-0.000275,-0.000665,-0.269723,-27.510396,-50.112359,-1.657324,1.477216,-0.024529,0.000125,0.0680
-1.898706,1.684014,0.000000,0.000000,0.000367,0.000690,-0.270595,-27.510396,-50.112359,-1.658009,1.477776,-0.021393,0.000155,0.0400
-1.898706,1.684014,0.000000,0.000000,0.000597,-0.000460,-0.271256,-27.510396,-50.112359,-1.658701,1.478360,-0.018732,0.000123,0.0410
-1.898706,1.684014,0.000000,0.000000,0.000470,-0.000656,-0.272063,-27.510396,-50.112359,-1.659421,1.478965,-0.016146,0.000133,0.0440
-1.898706,1.684014,0.000000,0.000000,0.000497,0.000121,-0.272301,-27.510396,-50.112359,-1.660105,1.479543,-0.014088,0.000133,0.0400
-1.898706,1.684014,0.000000,0.000000,0.000575,0.000736,-0.272077,-27.510396,-50.112359,-1.660798,1.480119,-0.012289,0.000121,0.0410
-2.278447,2.020816,-0.219379,0.194573,0.000691,0.002987,-0.271907,-27.510398,-50.112356,-1.669885,1.488143,-0.033417,0.020218,0.0400
-2.278447,2.020816,-0.219379,0.194573,-0.000300,-0.000860,-0.270835,-27.510398,-50.112356,-1.687779,1.503969,-0.072478,0.056849,0.0710
-2.278447,2.020816,-0.219379,0.194573,0.000180,-0.000038,-0.272100,-27.510398,-50.112356,-1.697677,1.512722,-0.089998,0.073279,0.0410
-2.278447,2.020816,-0.219379,0.194573,0.000020,0.000063,-0.273576,-27.510398,-50.112356,-1.708541,1.522329,-0.106825,0.089045,0.0410
-2.278447,2.020816,-0.219379,0.194573,-0.000363,0.000031,-0.274124,-27.510398,-50.112356,-1.719280,1.531832,-0.121424,0.102740,0.0420
-2.278447,2.020816,-0.219379,0.194573,0.000436,0.000308,-0.273549,-27.510398,-50.112356,-1.729144,1.540558,-0.133123,0.113720,0.0400
-2.278447,2.020816,-0.219379,0.194573,-0.000159,0.000326,-0.272469,-27.510398,-50.112356,-1.739972,1.550136,-0.144349,0.124235,0.0400
-2.278447,2.020816,-0.219379,0.194573,0.000418,0.000237,-0.271457,-27.510398,-50.112356,-1.751278,1.560138,-0.154513,0.133751,0.0410
-2.278447,2.020816,-0.219379,0.194573,-0.000015,0.000114,-0.270568,-27.510398,-50.112356,-1.761915,1.569552,-0.162984,0.141679,0.0420
-2.278447,2.020816,-0.219379,0.194573,-0.000467,0.000475,-0.269731,-27.510398,-50.112356,-1.772198,1.578651,-0.170036,0.148283,0.0410
-2.278447,2.020816,-0.219379,0.194573,0.000456,0.000315,-0.269772,-27.510398,-50.112356,-1.782951,1.588167,-0.176478,0.154336,0.0430
-2.278447,2.020816,-0.219379,0.194573,0.000124,-0.000064,-0.269262,-27.510398,-50.112356,-1.793012,1.597071,-0.181830,0.159378,0.0400
-2.278447,2.020816,-0.219379,0.194573,-0.000027,0.000026,-0.269688,-27.510398,-50.112356,-1.803227,1.606112,-0.186555,0.163784,0.0410
-2.278447,2.020816,-0.219379,0.194573,0.000056,-0.000161,-0.270087,-27.510398,-50.112356,-1.813421,1.615133,-0.190653,0.167656,0.0400
-2.278447,2.020816,-0.219379,0.194573,-0.000607,-0.000362,-0.269705,-27.510398,-50.112356,-1.822909,1.623531,-0.194095,0.170885,0.0400
-2.278447,2.020816,-0.219379,0.194573,-0.000151,-0.000274,-0.268468,-27.510398,-50.112356,-1.834318,1.633629,-0.197683,0.174200,0.0400
-2.278447,2.020816,-0.219379,0.194573,0.000398,-0.000325,-0.267677,-27.510398,-50.112356,-1.844921,1.643013,-0.200498,0.176854,0.0400
-2.278447,2.020816,-0.219379,0.194573,0.000492,0.000582,-0.266830,-27.510398,-50.112356,-1.854324,1.651336,-0.202774,0.178989,0.0410
-2.278447,2.020816,-0.219379,0.194573,-0.000018,0.000060,-0.266440,-27.510398,-50.112356,-1.864874,1.660674,-0.204965,0.181037,0.0400
-2.278447,2.020816,-0.219379,0.194573,-0.000171,0.000002,-0.267702,-27.510398,-50.112356,-1.874708,1.669379,-0.206776,0.182739,0.0400
-2.278447,2.020816,-0.219379,0.194573,-0.000012,-0.000004,-0.268270,-27.510398,-50.112356,-1.884722,1.678242,-0.208402,0.184325,0.0410
-2.278447,2.020816,-0.219379,0.194573,-0.000130,-0.001336,-0.267862,-27.510398,-50.112356,-1.894712,1.687084,-0.209730,0.185550,0.0400
-2.278447,2.020816,-0.219379,0.194573,-0.005958,0.000690,-0.266310,-27.510398,-50.112356,-1.904946,1.696144,-0.211009,0.186767,0.0400
-1.898706,1.684014,0.138555,-0.122888,0.000104,-0.000049,-0.265378,-27.510396,-50.112357,-1.909548,1.700207,-0.195123,0.172685,0.0420
-1.898706,1.684014,0.138555,-0.122888,0.003095,0.000272,-0.264760,-27.510396,-50.112357,-1.904193,1.695440,-0.153387,0.135733,0.0400
-1.898706,1.684014,0.138555,-0.122888,-0.002335,-0.000495,-0.264228,-27.510396,-50.112357,-1.899029,1.690844,-0.118541,0.104822,0.0400
-1.898706,1.684014,0.138555,-0.122888,-0.000009,0.000053,-0.263634,-27.510396,-50.112357,-1.893289,1.685736,-0.085160,0.075295,0.0420
-1.898706,1.684014,0.138555,-0.122888,-0.000578,0.001639,-0.263384,-27.510396,-50.112357,-1.888107,1.681123,-0.058535,0.051735,0.0400
-1.898706,1.684014,0.138555,-0.122888,-0.007480,0.000034,-0.263098,-27.510396,-50.112357,-1.878683,1.672736,-0.018086,0.015899,0.0690
-1.898706,1.684014,0.138555,-0.122888,0.003397,0.000814,-0.263287,-27.510396,-50.112357,-1.873231,1.667884,0.001423,-0.001393,0.0410
-1.898706,1.684014,0.138555,-0.122888,0.000887,-0.004279,-0.263472,-27.510396,-50.112357,-1.867534,1.662814,0.019234,-0.017174,0.0400
-1.898706,1.684014,0.138555,-0.122888,-0.000724,-0.000588,-0.264128,-27.510396,-50.112357,-1.859829,1.655956,0.039634,-0.035260,0.0580
-1.898706,1.684014,0.138555,-0.122888,-0.000247,-0.000100,-0.265034,-27.510396,-50.112357,-1.854358,1.651087,0.051995,-0.046164,0.0400
-1.898706,1.684014,0.138555,-0.122888,0.000465,0.000070,-0.265004,-27.510396,-50.112357,-1.848691,1.646044,0.063219,-0.056118,0.0400
-1.898706,1.684014,0.138555,-0.122888,-0.003405,0.000520,-0.264772,-27.510396,-50.112357,-1.842968,1.640952,0.072957,-0.064769,0.0410
-1.898706,1.684014,0.138555,-0.122888,-0.001000,0.000511,-0.264990,-27.510396,-50.112357,-1.836808,1.635469,0.082137,-0.072899,0.0460
-1.898706,1.684014,0.138555,-0.122888,0.000317,0.000079,-0.265117,-27.510396,-50.112357,-1.831440,1.630692,0.089123,-0.079100,0.0400
-1.898706,1.684014,0.138555,-0.122888,0.000556,-0.000185,-0.265297,-27.510396,-50.112357,-1.825472,1.625382,0.095781,-0.085004,0.0400
-1.898706,1.684014,0.138555,-0.122888,-0.000090,0.000001,-0.265196,-27.510396,-50.112357,-1.819869,1.620396,0.101082,-0.089696,0.0410
-1.898706,1.684014,0.138555,-0.122888,-0.000508,0.000264,-0.265395,-27.510396,-50.112357,-1.814697,1.615794,0.105756,-0.093801,0.0400
-1.898706,1.684014,0.138555,-0.122888,0.000767,0.000104,-0.265267,-27.510396,-50.112357,-1.808858,1.610598,0.109986,-0.097559,0.0410
-1.898706,1.684014,0.138555,-0.122888,0.000057,0.000778,-0.265154,-27.510396,-50.112357,-1.803704,1.606011,0.113525,-0.100690,0.0400
-1.898706,1.684014,0.138555,-0.122888,0.000232,0.000144,-0.265023,-27.510396,-50.112357,-1.798297,1.601200,0.116621,-0.103438,0.0410
-1.898706,1.684014,0.138555,-0.122888,0.000085,-0.001746,-0.264109,-27.510396,-50.112357,-1.792756,1.596269,0.119416,-0.105950,0.0400
-1.898706,1.684014,0.138555,-0.122888,0.000186,0.000250,-0.263511,-27.510396,-50.112357,-1.787369,1.591475,0.121867,-0.108054,0.0400
-1.898706,1.684014,0.138555,-0.122888,0.001354,0.000548,-0.263443,-27.510396,-50.112357,-1.781854,1.586568,0.124023,-0.109960,0.0400
-2.088577,2.020816,-0.126318,0.224069,0.000764,0.000695,-0.263027,-27.510397,-50.112356,-1.781885,1.589026,0.108692,-0.089086,0.0410
-2.088577,2.020816,-0.126318,0.224069,0.000349,-0.000673,-0.262475,-27.510397,-50.112356,-1.787832,1.599404,0.078070,-0.048264,0.0400
-2.088577,2.020816,-0.126318,0.224069,0.000164,0.000209,-0.261692,-27.510397,-50.112356,-1.793606,1.609377,0.052576,-0.014242,0.0410
-2.088577,2.020816,-0.126318,0.224069,0.000602,-0.000167,-0.260864,-27.510397,-50.112356,-1.799290,1.619335,0.030109,0.015667,0.0410
-2.088577,2.020816,-0.126318,0.224069,0.000113,0.000018,-0.260225,-27.510397,-50.112356,-1.805565,1.630189,0.008821,0.044022,0.0430
-2.088577,2.020816,-0.126318,0.224069,0.001147,-0.001320,-0.259644,-27.510397,-50.112356,-1.811297,1.640088,-0.008102,0.066555,0.0420
-2.088577,2.020816,-0.126318,0.224069,-0.001224,-0.001194,-0.259047,-27.510397,-50.112356,-1.817292,1.650498,-0.023500,0.087061,0.0400
-2.088577,2.020816,-0.126318,0.224069,-0.002888,0.000071,-0.258345,-27.510397,-50.112356,-1.822762,1.659980,-0.035792,0.103431,0.0400
-2.088577,2.020816,-0.126318,0.224069,-0.000503,-0.000125,-0.258213,-27.510397,-50.112356,-1.828498,1.669922,-0.047057,0.118427,0.0410
-2.088577,2.020816,-0.126318,0.224069,-0.000760,-0.000473,-0.259253,-27.510397,-50.112356,-1.838886,1.687900,-0.064125,0.141198,0.0740
-2.088577,2.020816,-0.126318,0.224069,0.001125,0.000270,-0.260672,-27.510397,-50.112356,-1.844609,1.697809,-0.071874,0.151541,0.0410
-2.088577,2.020816,-0.126318,0.224069,-0.000591,-0.001062,-0.260755,-27.510397,-50.112356,-1.850169,1.707385,-0.078666,0.160600,0.0410
-2.088577,2.020816,-0.126318,0.224069,-0.001418,-0.000515,-0.260702,-27.510397,-50.112356,-1.856140,1.717723,-0.084872,0.168761,0.0410
-2.088577,2.020816,-0.126318,0.224069,0.002446,0.004360,-0.260917,-27.510397,-50.112356,-1.862286,1.728345,-0.090432,0.176254,0.0400
-2.088577,2.020816,-0.126318,0.224069,0.000346,-0.001346,-0.260509,-27.510397,-50.112356,-1.867698,1.737707,-0.094683,0.181963,0.0410
-2.088577,2.020816,-0.126318,0.224069,0.004770,-0.002096,-0.257843,-27.510397,-50.112356,-1.881070,1.760796,-0.103321,0.193484,0.0960
-2.088577,2.020816,-0.126318,0.224069,-0.000197,-0.000017,-0.256689,-27.510397,-50.112356,-1.886716,1.770562,-0.106162,0.197269,0.0400
-2.088577,2.020816,-0.126318,0.224069,0.000776,0.004670,-0.256973,-27.510397,-50.112356,-1.892244,1.780111,-0.108662,0.200573,0.0400
-2.088577,2.020816,-0.126318,0.224069,0.000795,0.000659,-0.257521,-27.510397,-50.112356,-1.898140,1.790308,-0.110944,0.203663,0.0400
-2.088577,2.020816,-0.126318,0.224069,-0.000213,-0.000129,-0.257384,-27.510397,-50.112356,-1.903484,1.799546,-0.112779,0.206092,0.0410
-2.088577,2.020816,-0.126318,0.224069,0.000103,0.000280,-0.256567,-27.510397,-50.112356,-1.909513,1.809963,-0.114615,0.208549,0.0400
-2.088577,2.020816,-0.126318,0.224069,-0.000098,0.000103,-0.256368,-27.510397,-50.112356,-1.914987,1.819418,-0.116075,0.210479,0.0410
-2.088577,2.020816,0.000000,0.000000,0.000115,-0.000064,-0.256249,-27.510396,-50.112354,-1.918624,1.825623,-0.110658,0.200340,0.0400
-2.088577,2.020816,0.000000,0.000000,0.000524,0.000811,-0.256617,-27.510396,-50.112354,-1.919130,1.826245,-0.095767,0.173349,0.0430
-2.088577,2.020816,0.000000,0.000000,-0.000036,0.000098,-0.256967,-27.510396,-50.112354,-1.919645,1.826907,-0.083881,0.151828,0.0400
-2.088577,2.020816,0.000000,0.000000,-0.000010,-0.000116,-0.257341,-27.510396,-50.112354,-1.920205,1.827628,-0.072568,0.131372,0.0410
-2.088577,2.020816,0.000000,0.000000,0.000147,0.000103,-0.258411,-27.510396,-50.112354,-1.920678,1.828194,-0.063178,0.114346,0.0400
-2.088577,2.020816,0.000000,0.000000,-0.004038,-0.001470,-0.259449,-27.510396,-50.112354,-1.921146,1.828774,-0.055021,0.099544,0.0420
-2.088577,2.020816,0.000000,0.000000,-0.000408,0.000464,-0.259112,-27.510396,-50.112354,-1.921602,1.829335,-0.048188,0.087156,0.0400
-2.088577,2.020816,0.000000,0.000000,0.000120,-0.000269,-0.258304,-27.510396,-50.112354,-1.921980,1.829766,-0.042446,0.076782,0.0410
-2.088577,2.020816,0.000000,0.000000,-0.000044,-0.000074,-0.259099,-27.510396,-50.112354,-1.922448,1.830339,-0.036936,0.066857,0.0400
-2.088577,2.020816,0.000000,0.000000,0.000444,0.000023,-0.259754,-27.510396,-50.112354,-1.922906,1.830893,-0.032143,0.058176,0.0430
-2.088577,2.020816,0.000000,0.000000,-0.000607,0.000113,-0.260430,-27.510396,-50.112354,-1.923326,1.831381,-0.027924,0.050648,0.0400
-2.088577,2.020816,0.000000,0.000000,-0.000033,0.000252,-0.260525,-27.510396,-50.112354,-1.923771,1.831913,-0.024444,0.044124,0.0400
-2.088577,2.020816,0.000000,0.000000,-0.000429,0.000653,-0.261324,-27.510396,-50.112354,-1.924186,1.832394,-0.021296,0.038413,0.0420
-2.088577,2.020816,0.000000,0.000000,0.000303,-0.000262,-0.262247,-27.510396,-50.112354,-1.924579,1.832847,-0.018672,0.033662,0.0400
-2.088577,2.020816,0.000000,0.000000,0.000017,0.000220,-0.263146,-27.510396,-50.112354,-1.925009,1.833356,-0.016257,0.029306,0.0400
-2.088577,2.020816,0.000000,0.000000,-0.001107,-0.000960,-0.263774,-27.510396,-50.112354,-1.925438,1.833854,-0.014165,0.025545,0.0410
-2.088577,2.020816,0.000000,0.000000,0.000006,0.000041,-0.263552,-27.510396,-50.112354,-1.925826,1.834301,-0.012345,0.022247,0.0420
-2.088577,2.020816,0.000000,0.000000,0.000009,0.000639,-0.262831,-27.510396,-50.112354,-1.926243,1.834790,-0.010748,0.019382,0.0410
-2.088577,2.020816,0.000000,0.000000,-0.004802,0.000304,-0.263166,-27.510396,-50.112354,-1.926627,1.835232,-0.009481,0.016997,0.0400
-2.088577,2.020816,0.000000,0.000000,-0.000424,0.000078,-0.262416,-27.510396,-50.112354,-1.927067,1.835741,-0.008165,0.014641,0.0410
-2.088577,2.020816,0.000000,0.000000,0.000251,-0.000024,-0.262333,-27.510396,-50.112354,-1.927768,1.836553,-0.006433,0.011527,0.0730
-2.088577,2.020816,0.000000,0.000000,0.000026,-0.000012,-0.262464,-27.510396,-50.112354,-1.928140,1.836977,-0.005651,0.010093,0.0400
-2.088577,2.020816,0.000000,0.000000,0.000814,0.001212,-0.262019,-27.510396,-50.112354,-1.928541,1.837441,-0.004937,0.008843,0.0410
-2.468318,1.684014,-0.150101,-0.133129,0.000006,0.000135,-0.262472,-27.510401,-50.112359,-1.931402,1.835655,-0.011497,0.001479,0.0400
-2.468318,1.684014,-0.150101,-0.133129,-0.000414,0.000395,-0.262248,-27.510401,-50.112359,-1.941586,1.827697,-0.035213,-0.021498,0.0580
-2.468318,1.684014,-0.150101,-0.133129,-0.000716,0.000107,-0.261124,-27.510401,-50.112359,-1.948493,1.822299,-0.048917,-0.034838,0.0400
-2.468318,1.684014,-0.150101,-0.133129,0.003824,0.004674,-0.260354,-27.510401,-50.112359,-1.955676,1.816680,-0.061483,-0.047013,0.0400
-2.468318,1.684014,-0.150101,-0.133129,0.002263,-0.001428,-0.260521,-27.510401,-50.112359,-1.963248,1.810756,-0.072947,-0.058172,0.0410
-2.468318,1.684014,-0.150101,-0.133129,0.000424,0.000782,-0.260140,-27.510401,-50.112359,-1.970481,1.805092,-0.082576,-0.067498,0.0410
-2.468318,1.684014,-0.150101,-0.133129,0.000314,-0.000135,-0.258889,-27.510401,-50.112359,-1.977710,1.799429,-0.091018,-0.075662,0.0400
-2.468318,1.684014,-0.150101,-0.133129,0.000409,0.000163,-0.258123,-27.510401,-50.112359,-1.984590,1.794037,-0.098074,-0.082484,0.0400
-2.468318,1.684014,-0.150101,-0.133129,0.000828,-0.000202,-0.257348,-27.510401,-50.112359,-1.992145,1.788113,-0.104857,-0.089085,0.0420
-2.468318,1.684014,-0.150101,-0.133129,0.000686,-0.000348,-0.256261,-27.510401,-50.112359,-1.999347,1.782463,-0.110574,-0.094584,0.0400
-2.468318,1.684014,-0.150101,-0.133129,0.000849,-0.000658,-0.256613,-27.510401,-50.112359,-2.006423,1.776919,-0.115479,-0.099450,0.0410
-2.468318,1.684014,-0.150101,-0.133129,0.000190,-0.000091,-0.255959,-27.510401,-50.112359,-2.013940,1.771018,-0.119988,-0.103838,0.0410
-2.468318,1.684014,-0.150101,-0.133129,-0.001088,-0.000235,-0.256111,-27.510401,-50.112359,-2.022005,1.764692,-0.124240,-0.107944,0.0470
-2.468318,1.684014,-0.150101,-0.133129,0.001909,-0.000878,-0.256246,-27.510401,-50.112359,-2.029151,1.759080,-0.127499,-0.111087,0.0400
-2.468318,1.684014,-0.150101,-0.133129,-0.000028,-0.000178,-0.256388,-27.510401,-50.112359,-2.036153,1.753592,-0.130334,-0.113833,0.0410
-2.468318,1.684014,-0.150101,-0.133129,-0.000839,-0.000138,-0.256228,-27.510401,-50.112359,-2.043952,1.747461,-0.133035,-0.116429,0.0410
-2.468318,1.684014,-0.150101,-0.133129,0.000444,0.000368,-0.255958,-27.510401,-50.112359,-2.051259,1.741729,-0.135246,-0.118581,0.0410
-2.468318,1.684014,-0.150101,-0.133129,0.000640,-0.000298,-0.255191,-27.510401,-50.112359,-2.058207,1.736281,-0.137082,-0.120386,0.0400
-2.468318,1.684014,-0.150101,-0.133129,-0.000419,0.000944,-0.254218,-27.510401,-50.112359,-2.065955,1.730187,-0.138883,-0.122046,0.0410
-2.468318,1.684014,-0.150101,-0.133129,0.000024,-0.000002,-0.254219,-27.510401,-50.112359,-2.072868,1.724764,-0.140314,-0.123427,0.0410
-2.468318,1.684014,-0.150101,-0.133129,0.000404,0.001229,-0.253504,-27.510401,-50.112359,-2.080243,1.718962,-0.141599,-0.124688,0.0420
-2.468318,1.684014,-0.150101,-0.133129,0.000311,0.000094,-0.252646,-27.510401,-50.112359,-2.087121,1.713565,-0.142703,-0.125747,0.0400
-2.468318,1.684014,-0.150101,-0.133129,0.000557,0.004404,-0.251721,-27.510401,-50.112359,-2.094801,1.707520,-0.143704,-0.126697,0.0410
-2.468318,1.684014,-0.150101,-0.133129,0.000714,0.002777,-0.251231,-27.510401,-50.112359,-2.101982,1.701882,-0.144502,-0.127543,0.0410
-3.037930,1.347211,-0.239126,-0.141392,-0.000151,-0.000093,-0.251463,-27.510405,-50.112363,-2.121684,1.690571,-0.162435,-0.130291,0.0720
-3.037930,1.347211,-0.239126,-0.141392,-0.000900,-0.000526,-0.251185,-27.510405,-50.112363,-2.132750,1.684461,-0.171629,-0.131606,0.0400
-3.037930,1.347211,-0.239126,-0.141392,0.001115,-0.001707,-0.250849,-27.510405,-50.112363,-2.145640,1.677288,-0.180823,-0.132979,0.0410
-3.037930,1.347211,-0.239126,-0.141392,-0.002711,0.001920,-0.251598,-27.510405,-50.112363,-2.156833,1.671075,-0.187860,-0.134020,0.0410
-3.037930,1.347211,-0.239126,-0.141392,0.001219,-0.001349,-0.251947,-27.510405,-50.112363,-2.169491,1.664067,-0.194837,-0.135037,0.0400
-3.037930,1.347211,-0.239126,-0.141392,0.000720,-0.001859,-0.251625,-27.510405,-50.112363,-2.181355,1.657527,-0.200637,-0.135856,0.0410
-3.037930,1.347211,-0.239126,-0.141392,-0.000336,0.000102,-0.251753,-27.510405,-50.112363,-2.193941,1.650556,-0.205913,-0.136619,0.0410
-3.037930,1.347211,-0.239126,-0.141392,0.005804,-0.012770,-0.252549,-27.510405,-50.112363,-2.220562,1.635768,-0.214622,-0.137937,0.0940
-3.037930,1.347211,-0.239126,-0.141392,0.001403,-0.001594,-0.253047,-27.510405,-50.112363,-2.234509,1.628056,-0.218290,-0.138619,0.0480
-3.037930,1.347211,-0.239126,-0.141392,-0.000916,0.000688,-0.253178,-27.510405,-50.112363,-2.246078,1.621640,-0.220921,-0.138937,0.0430
-3.037930,1.347211,-0.239126,-0.141392,-0.001934,0.000663,-0.253301,-27.510405,-50.112363,-2.258509,1.614759,-0.223441,-0.139276,0.0410
-3.037930,1.347211,-0.239126,-0.141392,-0.002208,-0.001091,-0.252530,-27.510405,-50.112363,-2.270579,1.608064,-0.225551,-0.139568,0.0420
-3.037930,1.347211,-0.239126,-0.141392,-0.000180,0.001063,-0.252772,-27.510405,-50.112363,-2.282397,1.601525,-0.227305,-0.139828,0.0410
-3.037930,1.347211,-0.239126,-0.141392,-0.001526,0.004538,-0.252927,-27.510405,-50.112363,-2.293861,1.595169,-0.228887,-0.140016,0.0400
-3.037930,1.347211,-0.239126,-0.141392,0.003465,-0.003434,-0.252719,-27.510405,-50.112363,-2.304520,1.589275,-0.230072,-0.140236,0.0410
-3.037930,1.347211,-0.239126,-0.141392,-0.000406,-0.000170,-0.252519,-27.510405,-50.112363,-2.316484,1.582641,-0.231314,-0.140359,0.0410
-3.037930,1.347211,-0.239126,-0.141392,-0.000207,0.000021,-0.252512,-27.510405,-50.112363,-2.327640,1.576469,-0.232281,-0.140554,0.0400
-3.037930,1.347211,-0.239126,-0.141392,0.124393,-0.229104,-0.249783,-27.510405,-50.112363,-2.340097,1.569561,-0.233451,-0.146674,0.0400
-3.037930,1.347211,-0.239126,-0.141392,-0.298375,0.054855,-0.223282,-27.510405,-50.112363,-2.351740,1.563111,-0.239686,-0.143592,0.0420
-3.037930,1.347211,-0.239126,-0.141392,-0.190864,0.052014,-0.256302,-27.510405,-50.112363,-2.362815,1.556984,-0.237943,-0.144463,0.0400
-3.037930,1.347211,-0.239126,-0.141392,0.253045,0.291178,-0.278460,-27.510405,-50.112363,-2.374649,1.550417,-0.232348,-0.134058,0.0410
-3.037930,0.336803,0.000000,-0.174911,-0.065353,0.148961,-0.351954,-27.510406,-50.112369,-2.384832,1.543557,-0.231071,-0.139445,0.0400
-3.037930,0.336803,0.000000,-0.174911,-0.108232,0.353690,-0.390913,-27.510406,-50.112369,-2.386490,1.533759,-0.206600,-0.139859,0.0420
-3.037930,0.336803,0.000000,-0.174911,0.512334,-0.160726,-0.800726,-27.510406,-50.112369,-2.388039,1.523668,-0.167306,-0.145136,0.0400
-3.037930,0.336803,0.000000,-0.174911,-0.282703,-0.194868,-1.162736,-27.510406,-50.112369,-2.389629,1.513920,-0.151349,-0.150761,0.0410
-3.037930,0.336803,0.000000,-0.174911,-0.025469,-0.120219,-1.164029,-27.510406,-50.112369,-2.391197,1.504190,-0.140455,-0.160948,0.0410
-3.037930,0.336803,0.000000,-0.174911,-0.058468,0.101222,-0.964157,-27.510406,-50.112369,-2.392714,1.494170,-0.119974,-0.162332,0.0400
-3.037930,0.336803,0.000000,-0.174911,-0.151102,0.059013,-0.812200,-27.510406,-50.112369,-2.394270,1.484776,-0.094895,-0.159982,0.0400
-3.037930,0.336803,0.000000,-0.174911,0.081444,-0.039741,-0.706841,-27.510406,-50.112369,-2.395680,1.475265,-0.086718,-0.158493,0.0400
-3.037930,0.336803,0.000000,-0.174911,-0.040926,0.055271,-0.698499,-27.510406,-50.112369,-2.398018,1.460266,-0.067865,-0.160028,0.0640
-3.037930,0.336803,0.000000,-0.174911,0.007232,-0.140351,-0.801040,-27.510406,-50.112369,-2.399343,1.451276,-0.058486,-0.163474,0.0400
-3.037930,0.336803,0.000000,-0.174911,-0.100341,-0.156299,-0.861670,-27.510406,-50.112369,-2.400864,1.441234,-0.054986,-0.171055,0.0410
-3.037930,0.336803,0.000000,-0.174911,-0.054142,0.062885,-0.772536,-27.510406,-50.112369,-2.402377,1.431202,-0.051926,-0.173077,0.0400
-3.037930,0.336803,0.000000,-0.174911,0.090404,0.016464,-0.626291,-27.510406,-50.112369,-2.403739,1.422108,-0.044255,-0.172510,0.0410
-3.037930,0.336803,0.000000,-0.174911,0.044742,0.105764,-0.561718,-27.510406,-50.112369,-2.405125,1.412749,-0.035434,-0.169610,0.0400
-3.037930,0.336803,0.000000,-0.174911,0.134726,-0.032892,-0.623180,-27.510406,-50.112369,-2.406608,1.402791,-0.027533,-0.168642,0.0410
-3.037930,0.336803,0.000000,-0.174911,-0.060839,-0.065922,-0.772615,-27.510406,-50.112369,-2.408250,1.391669,-0.024331,-0.172766,0.0400
-3.037930,0.336803,0.000000,-0.174911,0.053229,-0.012151,-0.882556,-27.510406,-50.112369,-2.410236,1.378205,-0.023159,-0.172156,0.0590
-3.037930,0.336803,0.000000,-0.174911,0.039170,-0.051496,-0.957150,-27.510406,-50.112369,-2.411538,1.369408,-0.018973,-0.173774,0.0400
-3.037930,0.336803,0.000000,-0.174911,-0.118905,0.016033,-0.956224,-27.510406,-50.112369,-2.412983,1.359556,-0.017493,-0.175735,0.0400
