8.544176,0.673605,0.411556,0.000000,-8.539207,-11.607218,-113.770775,-27.510366,-50.112371,7.847880,0.632829,-0.714630,-1.242015,0.2310
8.544176,0.673605,0.411556,0.000000,-8.483683,-11.629413,-113.653954,-27.510366,-50.112371,7.970577,0.613244,-0.857626,-1.505481,0.0400
8.544176,0.673605,0.411556,0.000000,-8.394374,-11.651006,-113.547226,-27.510366,-50.112371,8.046159,0.590107,-0.993871,-1.742236,0.0400
8.544176,0.673605,0.411556,0.000000,-8.360978,-11.679712,-113.448318,-27.510366,-50.112371,8.097040,0.568466,-1.103406,-1.931262,0.0400
8.544176,0.673605,0.411556,0.000000,-8.281835,-11.694185,-113.351898,-27.510366,-50.112371,8.132389,0.544247,-1.207654,-2.109435,0.0400
8.544176,0.673605,0.411556,0.000000,-8.217157,-11.725185,-113.244354,-27.510366,-50.112371,8.161707,0.514862,-1.316129,-2.296023,0.0400
8.544176,0.673605,0.411556,0.000000,-8.168151,-11.749198,-113.130058,-27.510366,-50.112371,8.183683,0.482958,-1.417246,-2.472364,0.0400
8.544176,0.673605,0.411556,0.000000,-8.084937,-11.770228,-113.028847,-27.510366,-50.112371,8.200260,0.455757,-1.490099,-2.606262,0.0400
8.544176,0.673605,0.411556,0.000000,-8.019683,-11.791775,-112.924286,-27.510366,-50.112371,8.211537,0.425749,-1.558275,-2.732257,0.0400
8.544176,0.673605,0.411556,0.000000,-7.959973,-11.816886,-112.824295,-27.510366,-50.112371,8.219787,0.397113,-1.620557,-2.852162,0.0400
8.544176,0.673605,0.411556,0.000000,-7.893594,-11.899982,-112.715271,-27.510366,-50.112371,8.227619,0.372971,-1.661258,-2.939581,0.0400
8.544176,0.673605,0.411556,0.000000,-7.858903,-11.918381,-112.617859,-27.510366,-50.112371,8.232581,0.344921,-1.706002,-3.032749,0.0400
8.544176,0.673605,0.411556,0.000000,-7.768470,-11.848662,-112.522324,-27.510366,-50.112371,8.238274,0.317717,-1.739162,-3.112336,0.0400
8.544176,0.673605,0.411556,0.000000,-7.874756,-11.823220,-112.410835,-27.510366,-50.112371,8.243157,0.290050,-1.774415,-3.183962,0.0400
8.544176,0.673605,0.411556,0.000000,-7.340864,-12.077602,-112.378418,-27.510366,-50.112371,8.245748,0.260130,-1.791856,-3.266440,0.0400
8.544176,0.673605,0.411556,0.000000,-7.823896,-12.008220,-112.292336,-27.510366,-50.112371,8.250131,0.237011,-1.809466,-3.322540,0.0400
8.544176,0.673605,0.411556,0.000000,-7.559700,-11.966859,-112.238914,-27.510366,-50.112371,8.252629,0.212756,-1.826646,-3.377083,0.0400
8.544176,0.673605,0.411556,0.000000,-7.378831,-12.011611,-112.115578,-27.510366,-50.112371,8.256810,0.193679,-1.829511,-3.410154,0.0400
8.544176,0.673605,0.411556,0.000000,-7.402009,-11.980090,-111.934158,-27.510364,-50.112371,8.260904,0.169330,-1.833013,-3.452169,0.0400
8.734047,0.673605,0.442422,0.000000,-7.300889,-12.059215,-111.790802,-27.510364,-50.112371,8.273961,0.143773,-1.835728,-3.493121,0.0530
8.734047,0.673605,0.442422,0.000000,-7.119357,-12.106410,-111.649506,-27.510364,-50.112371,8.285628,0.122599,-1.825663,-3.527038,0.0400
8.734047,0.673605,0.442422,0.000000,-7.128434,-12.244375,-111.597061,-27.510364,-50.112371,8.297515,0.101354,-1.816969,-3.564290,0.0400
8.734047,0.673605,0.442422,0.000000,-7.255337,-12.099113,-111.754509,-27.510364,-50.112371,8.310920,0.084399,-1.810083,-3.583988,0.0400
8.734047,0.673605,0.442422,0.000000,-6.935138,-12.234761,-111.862457,-27.510364,-50.112371,8.319805,0.064446,-1.802445,-3.618055,0.0400
8.734047,0.673605,0.442422,0.000000,-7.158267,-12.314918,-111.915344,-27.510364,-50.112371,8.334225,0.046697,-1.791346,-3.642274,0.0400
8.734047,0.673605,0.442422,0.000000,-7.126227,-12.254109,-111.943649,-27.510364,-50.112371,8.346576,0.035499,-1.781835,-3.647581,0.0400
8.734047,0.673605,0.442422,0.000000,-6.939943,-12.025228,-111.960159,-27.510364,-50.112371,8.355792,0.017027,-1.776579,-3.667772,0.0400
8.734047,0.673605,0.442422,0.000000,-6.871878,-11.624375,-111.904152,-27.510364,-50.112371,8.367828,0.000510,-1.762165,-3.659042,0.0400
8.734047,0.673605,0.442422,0.000000,-7.047804,-12.203138,-111.719444,-27.510364,-50.112371,8.381566,-0.011479,-1.751054,-3.660946,0.0400
8.734047,0.673605,0.442422,0.000000,-7.003086,-12.264019,-111.737404,-27.510364,-50.112371,8.394489,-0.021377,-1.741228,-3.670744,0.0400
8.734047,0.673605,0.442422,0.000000,-6.699950,-11.989131,-111.866318,-27.510364,-50.112371,8.405188,-0.033824,-1.733209,-3.679108,0.0450
8.734047,0.673605,0.442422,0.000000,-6.672107,-12.053992,-111.873581,-27.510364,-50.112371,8.417267,-0.041391,-1.712890,-3.674441,0.0400
8.734047,0.673605,0.442422,0.000000,-6.274703,-12.148588,-111.726715,-27.510364,-50.112371,8.428554,-0.054641,-1.687082,-3.688344,0.0400
8.734047,0.673605,0.442422,0.000000,-6.488800,-12.195022,-111.403557,-27.510364,-50.112371,8.441959,-0.064556,-1.661854,-3.695717,0.0420
8.734047,0.673605,0.442422,0.000000,-6.558356,-12.383274,-111.215691,-27.510364,-50.112371,8.452866,-0.075302,-1.652042,-3.712280,0.0410
8.734047,0.673605,0.442422,0.000000,-6.553948,-12.410990,-111.385330,-27.510364,-50.112371,8.464175,-0.086351,-1.642080,-3.732281,0.0400
8.734047,0.673605,0.442422,0.000000,-6.545792,-12.046900,-111.966148,-27.510364,-50.112371,8.474478,-0.094951,-1.636963,-3.735269,0.0400
8.734047,0.673605,0.442422,0.000000,-6.151254,-11.785857,-112.564857,-27.510364,-50.112371,8.486355,-0.099576,-1.613359,-3.713636,0.0400
8.734047,0.673605,0.442422,0.000000,-5.862727,-12.091177,-112.836098,-27.510364,-50.112371,8.497643,-0.109697,-1.582173,-3.715069,0.0400
11.771976,-0.000000,1.330952,-0.295114,-5.902887,-12.507884,-112.642380,-27.510337,-50.112377,8.535913,-0.129440,-1.518579,-3.758245,0.0580
11.771976,-0.000000,1.330952,-0.295114,-5.983116,-12.201308,-112.254631,-27.510337,-50.112377,8.660935,-0.164787,-1.358532,-3.798535,0.0400
11.771976,-0.000000,1.330952,-0.295114,-6.046162,-12.299513,-111.783226,-27.510337,-50.112377,8.768433,-0.197930,-1.244452,-3.835064,0.0400
11.771976,-0.000000,1.330952,-0.295114,-5.972418,-12.540892,-111.326347,-27.510337,-50.112377,8.873517,-0.230328,-1.143251,-3.879006,0.0400
11.771976,-0.000000,1.330952,-0.295114,-6.556311,-12.486492,-111.112724,-27.510337,-50.112377,8.985476,-0.261543,-1.065814,-3.912198,0.0400
11.771976,-0.000000,1.330952,-0.295114,-6.037228,-12.230389,-111.182648,-27.510337,-50.112377,9.080484,-0.294726,-1.008617,-3.946610,0.0400
11.771976,-0.000000,1.330952,-0.295114,-5.815605,-12.229124,-111.237350,-27.510337,-50.112377,9.180238,-0.317199,-0.927364,-3.940044,0.0400
11.771976,-0.000000,1.330952,-0.295114,-5.696319,-12.480128,-111.139420,-27.510337,-50.112377,9.280534,-0.344674,-0.848547,-3.960667,0.0400
11.771976,-0.000000,1.330952,-0.295114,-5.673046,-12.578127,-110.874214,-27.510337,-50.112377,9.377126,-0.379033,-0.793510,-4.002608,0.0400
11.771976,-0.000000,1.330952,-0.295114,-5.694216,-12.429978,-110.649521,-27.510337,-50.112377,9.468845,-0.407065,-0.744284,-4.020512,0.0410
11.771976,-0.000000,1.330952,-0.295114,-5.634492,-12.417337,-110.491226,-27.510337,-50.112377,9.558685,-0.434458,-0.696997,-4.036751,0.0400
11.771976,-0.000000,1.330952,-0.295114,-5.615744,-12.579493,-110.371117,-27.510337,-50.112377,9.640151,-0.454465,-0.653986,-4.040717,0.0400
11.771976,-0.000000,1.330952,-0.295114,-5.496643,-12.541169,-110.313690,-27.510337,-50.112377,9.733455,-0.483809,-0.614008,-4.063604,0.0400
11.771976,-0.000000,1.330952,-0.295114,-5.391159,-12.370612,-110.365585,-27.510337,-50.112377,9.818527,-0.505638,-0.571678,-4.060646,0.0400
11.771976,-0.000000,1.330952,-0.295114,-5.353520,-12.389557,-110.505501,-27.510337,-50.112377,9.908110,-0.533837,-0.536949,-4.073798,0.0400
11.771976,-0.000000,1.330952,-0.295114,-5.330027,-12.455005,-110.716682,-27.510337,-50.112377,9.992662,-0.559942,-0.505820,-4.084616,0.0400
11.771976,-0.000000,1.330952,-0.295114,-5.347103,-12.600430,-111.041428,-27.510337,-50.112377,10.085808,-0.585521,-0.474036,-4.094685,0.0400
11.771976,-0.000000,1.330952,-0.295114,-5.332044,-12.449320,-111.296448,-27.510337,-50.112377,10.160624,-0.608013,-0.453997,-4.104244,0.0400
11.771976,-0.000000,1.330952,-0.295114,-5.048339,-12.305404,-111.473755,-27.510337,-50.112377,10.234602,-0.626028,-0.422479,-4.094316,0.0400
11.771976,-0.000000,1.330952,-0.295114,-4.966071,-12.449667,-111.517365,-27.510337,-50.112377,10.319297,-0.652879,-0.391684,-4.104678,0.0400
11.771976,-0.000000,1.330952,-0.295114,-5.018529,-12.637161,-111.352119,-27.510337,-50.112377,10.454602,-0.688642,-0.352021,-4.113912,0.0830
14.430165,-0.336803,1.520885,-0.192702,-5.220458,-12.496481,-111.394928,-27.510312,-50.112380,10.578900,-0.717232,-0.316944,-4.118772,0.0400
14.430165,-0.336803,1.520885,-0.192702,-5.171516,-12.584305,-111.599854,-27.510312,-50.112380,10.690614,-0.737278,-0.284519,-4.107618,0.0400
14.430165,-0.336803,1.520885,-0.192702,-4.913736,-12.636969,-111.915993,-27.510312,-50.112380,10.800144,-0.760847,-0.251373,-4.115573,0.0400
14.430165,-0.336803,1.520885,-0.192702,-4.696087,-12.592274,-112.194016,-27.510312,-50.112380,10.908331,-0.775667,-0.203494,-4.095813,0.0400
14.430165,-0.336803,1.520885,-0.192702,-4.771692,-12.670173,-112.196007,-27.510312,-50.112380,11.023530,-0.796677,-0.165152,-4.095378,0.0400
14.430165,-0.336803,1.520885,-0.192702,-4.830167,-12.774632,-111.975174,-27.510312,-50.112380,11.132299,-0.815796,-0.136616,-4.097488,0.0400
14.430165,-0.336803,1.520885,-0.192702,-4.745142,-12.560196,-111.759071,-27.510312,-50.112380,11.243572,-0.835763,-0.111420,-4.094878,0.0400
14.430165,-0.336803,1.520885,-0.192702,-4.706324,-12.485075,-111.571991,-27.510312,-50.112380,11.344244,-0.853092,-0.086670,-4.087339,0.0400
14.430165,-0.336803,1.520885,-0.192702,-4.607881,-12.584667,-111.497200,-27.510312,-50.112380,11.443320,-0.870098,-0.060888,-4.083535,0.0400
14.430165,-0.336803,1.520885,-0.192702,-4.731154,-12.611909,-111.550400,-27.510312,-50.112380,11.545073,-0.887828,-0.043789,-4.083665,0.0400
14.430165,-0.336803,1.520885,-0.192702,-4.582686,-12.676270,-111.668892,-27.510312,-50.112380,11.649338,-0.906281,-0.021716,-4.084597,0.0400
14.430165,-0.336803,1.520885,-0.192702,-4.370548,-12.731052,-111.652985,-27.510312,-50.112380,11.743731,-0.918350,0.004526,-4.077223,0.0400
14.430165,-0.336803,1.520885,-0.192702,-4.380560,-12.687398,-111.529716,-27.510312,-50.112380,11.840720,-0.935412,0.028871,-4.082882,0.0400
14.430165,-0.336803,1.520885,-0.192702,-4.532172,-12.833929,-111.367455,-27.510312,-50.112380,11.936242,-0.952297,0.043887,-4.090351,0.0400
14.430165,-0.336803,1.520885,-0.192702,-4.203941,-12.674884,-111.267540,-27.510312,-50.112380,12.030334,-0.968984,0.062677,-4.095244,0.0400
14.430165,-0.336803,1.520885,-0.192702,-4.268476,-12.751424,-111.238831,-27.510312,-50.112380,12.115295,-0.979361,0.086519,-4.088117,0.0400
14.430165,-0.336803,1.520885,-0.192702,-4.261501,-12.791544,-111.169930,-27.510312,-50.112380,12.206795,-0.995740,0.102142,-4.096401,0.0400
14.430165,-0.336803,1.520885,-0.192702,-4.099817,-12.753409,-111.079254,-27.510312,-50.112380,12.297058,-1.011801,0.119165,-4.101425,0.0400
14.430165,-0.336803,1.520885,-0.192702,-4.070371,-12.685116,-110.947075,-27.510312,-50.112380,12.386127,-1.027572,0.139227,-4.104494,0.0400
14.430165,-0.336803,1.520885,-0.192702,-4.084713,-12.842925,-110.838783,-27.510312,-50.112380,12.470392,-1.042114,0.157937,-4.111238,0.0400
14.430165,-0.336803,1.520885,-0.192702,-3.936914,-12.773881,-110.746582,-27.510312,-50.112380,12.578376,-1.055430,0.184393,-4.100023,0.0570
17.088354,-0.673605,1.597440,-0.202402,-3.957677,-12.769068,-110.657570,-27.510291,-50.112386,12.673502,-1.076377,0.197440,-4.121648,0.0400
17.088354,-0.673605,1.597440,-0.202402,-3.864676,-12.741513,-110.561325,-27.510291,-50.112386,12.790348,-1.091242,0.232165,-4.111437,0.0400
17.088354,-0.673605,1.597440,-0.202402,-3.728826,-12.750301,-110.475365,-27.510291,-50.112386,12.910514,-1.111159,0.259064,-4.117697,0.0400
17.088354,-0.673605,1.597440,-0.202402,-3.798162,-12.777749,-110.388336,-27.510291,-50.112386,13.010103,-1.126065,0.282492,-4.115549,0.0400
17.088354,-0.673605,1.597440,-0.202402,-3.628843,-12.771177,-110.308289,-27.510291,-50.112386,13.117838,-1.142981,0.307406,-4.116644,0.0400
17.088354,-0.673605,1.597440,-0.202402,-3.657485,-12.789464,-110.201447,-27.510291,-50.112386,13.238008,-1.163004,0.330767,-4.123273,0.0400
17.088354,-0.673605,1.597440,-0.202402,-3.568161,-12.796313,-110.109230,-27.510291,-50.112386,13.356514,-1.182531,0.355446,-4.128908,0.0400
17.088354,-0.673605,1.597440,-0.202402,-3.464447,-12.797809,-109.999115,-27.510291,-50.112386,13.490879,-1.202032,0.384007,-4.128294,0.0570
17.088354,-0.673605,1.597440,-0.202402,-3.428179,-12.803782,-109.903397,-27.510291,-50.112386,13.597048,-1.218693,0.405258,-4.130622,0.0400
17.088354,-0.673605,1.597440,-0.202402,-3.378177,-12.814868,-109.826401,-27.510291,-50.112386,13.697024,-1.230198,0.428500,-4.121216,0.0400
17.088354,-0.673605,1.597440,-0.202402,-3.306845,-12.814520,-109.723640,-27.510291,-50.112386,13.813421,-1.250085,0.449119,-4.132085,0.0400
17.088354,-0.673605,1.597440,-0.202402,-3.247645,-12.818398,-109.640251,-27.510291,-50.112386,13.910703,-1.261553,0.470726,-4.124804,0.0400
17.088354,-0.673605,1.597440,-0.202402,-3.195972,-12.825093,-109.549805,-27.510291,-50.112386,14.011523,-1.278041,0.489185,-4.131919,0.0400
17.088354,-0.673605,1.597440,-0.202402,-3.140055,-12.824999,-109.460014,-27.510291,-50.112386,14.111190,-1.294207,0.507518,-4.137586,0.0400
17.088354,-0.673605,1.597440,-0.202402,-3.089291,-12.827716,-109.374725,-27.510291,-50.112386,14.205574,-1.309206,0.524876,-4.141821,0.0400
17.088354,-0.673605,1.597440,-0.202402,-3.037754,-12.832891,-109.284302,-27.510291,-50.112386,14.306537,-1.321945,0.545899,-4.136120,0.0400
17.088354,-0.673605,1.597440,-0.202402,-2.976416,-12.833562,-109.197891,-27.510291,-50.112386,14.402801,-1.337698,0.563184,-4.142165,0.0400
17.088354,-0.673605,1.597440,-0.202402,-2.924199,-12.850473,-109.113152,-27.510291,-50.112386,14.494035,-1.352181,0.580164,-4.146233,0.0400
17.088354,-0.673605,1.597440,-0.202402,-2.861555,-12.851526,-109.032516,-27.510291,-50.112386,14.580362,-1.365537,0.596708,-4.149071,0.0400
17.088354,-0.673605,1.597440,-0.202402,-2.783495,-12.855064,-108.921547,-27.510291,-50.112386,14.696540,-1.382436,0.619618,-4.149486,0.0560
17.088354,-0.673605,1.597440,-0.202402,-2.748016,-12.855917,-108.831627,-27.510291,-50.112386,14.791850,-1.394302,0.639761,-4.143541,0.0400
17.088354,-0.673605,0.000000,0.000000,-2.689594,-12.854821,-108.744484,-27.510291,-50.112386,14.871843,-1.415307,0.621356,-4.168130,0.0400
17.088354,-0.673605,0.000000,0.000000,-2.633003,-12.858601,-108.657211,-27.510291,-50.112386,14.893031,-1.416331,0.424972,-4.125185,0.0400
17.088354,-0.673605,0.000000,0.000000,-2.582889,-12.860503,-108.572746,-27.510291,-50.112386,14.912976,-1.420964,0.262610,-4.101511,0.0400
17.088354,-0.673605,0.000000,0.000000,-2.526965,-12.863030,-108.491234,-27.510291,-50.112386,14.931320,-1.424955,0.129760,-4.080669,0.0400
17.088354,-0.673605,0.000000,0.000000,-2.471231,-12.869466,-108.394768,-27.510291,-50.112386,14.952198,-1.431126,-0.003820,-4.065302,0.0400
17.088354,-0.673605,0.000000,0.000000,-2.415019,-12.869711,-108.310745,-27.510291,-50.112386,14.970055,-1.431671,-0.100249,-4.040478,0.0400
17.088354,-0.673605,0.000000,0.000000,-2.358938,-12.865090,-108.208824,-27.510291,-50.112386,14.990147,-1.441788,-0.199684,-4.040011,0.0400
17.088354,-0.673605,0.000000,0.000000,-2.305067,-12.876049,-108.124580,-27.510291,-50.112386,15.007801,-1.442277,-0.268514,-4.017068,0.0400
17.088354,-0.673605,0.000000,0.000000,-2.245580,-12.874902,-108.034340,-27.510291,-50.112386,15.025413,-1.447343,-0.329872,-4.010895,0.0400
17.088354,-0.673605,0.000000,0.000000,-2.196580,-12.877798,-107.958527,-27.510291,-50.112386,15.039938,-1.450297,-0.372072,-4.003489,0.0400
17.088354,-0.673605,0.000000,0.000000,-2.147533,-12.878641,-107.875618,-27.510291,-50.112386,15.055419,-1.454302,-0.410887,-3.999512,0.0400
17.088354,-0.673605,0.000000,0.000000,-2.091992,-12.881008,-107.791397,-27.510291,-50.112386,15.071603,-1.454849,-0.441873,-3.985203,0.0400
17.088354,-0.673605,0.000000,0.000000,-2.035552,-12.877737,-107.701096,-27.510291,-50.112386,15.087597,-1.460004,-0.469435,-3.986538,0.0400
17.088354,-0.673605,0.000000,0.000000,-1.981522,-12.883814,-107.612961,-27.510291,-50.112386,15.103726,-1.461121,-0.488673,-3.975661,0.0400
17.088354,-0.673605,0.000000,0.000000,-1.923411,-12.880549,-107.522354,-27.510291,-50.112386,15.119056,-1.466186,-0.504463,-3.978209,0.0400
17.088354,-0.673605,0.000000,0.000000,-1.859987,-12.892974,-107.439659,-27.510291,-50.112386,15.132437,-1.469517,-0.513879,-3.976783,0.0430
17.088354,-0.673605,0.000000,0.000000,-1.819460,-12.886650,-107.357216,-27.510291,-50.112386,15.146680,-1.473944,-0.521152,-3.978977,0.0400
17.088354,-0.673605,0.000000,0.000000,-1.771362,-12.886418,-107.273437,-27.510291,-50.112386,15.161195,-1.474432,-0.523614,-3.968947,0.0400
17.088354,-0.673605,0.000000,0.000000,-1.685723,-12.889315,-107.163445,-27.510291,-50.112386,15.179134,-1.478616,-0.524363,-3.968497,0.0580
17.088354,-0.673605,0.000000,0.000000,-1.640386,-12.878462,-107.078087,-27.510291,-50.112386,15.192609,-1.483096,-0.522687,-3.972101,0.0400
17.088354,-0.673605,0.000000,0.000000,-1.587442,-12.882947,-106.988998,-27.510291,-50.112386,15.206404,-1.487953,-0.518760,-3.976241,0.0400
17.088354,-0.673605,0.000000,0.000000,-1.527659,-12.882861,-106.902184,-27.510291,-50.112386,15.220489,-1.488954,-0.511494,-3.968858,0.0400
17.088354,-0.673605,0.000000,0.000000,-1.480134,-12.880895,-106.818336,-27.510291,-50.112386,15.233409,-1.493056,-0.504284,-3.969595,0.0400
17.088354,-0.673605,0.000000,0.000000,-1.428660,-12.888017,-106.730309,-27.510291,-50.112386,15.246653,-1.497534,-0.495592,-3.971317,0.0400
17.088354,-0.673605,0.000000,0.000000,-1.370459,-12.890614,-106.644112,-27.510291,-50.112386,15.260203,-1.498032,-0.484410,-3.961209,0.0400
17.088354,-0.673605,0.000000,0.000000,-1.309463,-12.881741,-106.553139,-27.510291,-50.112386,15.273539,-1.503173,-0.473180,-3.965836,0.0400
17.088354,-0.673605,0.000000,0.000000,-1.255207,-12.880206,-106.470383,-27.510291,-50.112386,15.286231,-1.503311,-0.460675,-3.956010,0.0400
17.088354,-0.673605,0.000000,0.000000,-1.206461,-12.876204,-106.392426,-27.510291,-50.112386,15.296952,-1.510107,-0.450702,-3.968102,0.0400
17.088354,-0.673605,0.000000,0.000000,-1.153653,-12.878207,-106.298111,-27.510291,-50.112386,15.310334,-1.515087,-0.437199,-3.970804,0.0400
17.088354,-0.673605,0.000000,0.000000,-1.099072,-12.880358,-106.217644,-27.510291,-50.112386,15.321745,-1.517932,-0.423931,-3.970766,0.0400
17.088354,-0.673605,0.000000,0.000000,-1.046044,-12.880266,-106.139221,-27.510291,-50.112386,15.333432,-1.516906,-0.410043,-3.958314,0.0400
17.088354,-0.673605,0.000000,0.000000,-0.995423,-12.878996,-106.060158,-27.510291,-50.112386,15.344559,-1.519993,-0.397374,-3.959173,0.0400
17.088354,-0.673605,0.000000,0.000000,-0.944742,-12.870283,-105.981209,-27.510291,-50.112386,15.355563,-1.523140,-0.383400,-3.962929,0.0400
17.088354,-0.673605,0.000000,0.000000,-0.900610,-12.867930,-105.906471,-27.510291,-50.112386,15.366017,-1.525770,-0.370376,-3.963974,0.0400
17.088354,-0.673605,0.000000,0.000000,-0.847063,-12.860598,-105.824860,-27.510291,-50.112386,15.377241,-1.529278,-0.356017,-3.966606,0.0400
17.088354,-0.673605,0.000000,0.000000,-0.796856,-12.861943,-105.740921,-27.510291,-50.112386,15.388684,-1.528913,-0.340631,-3.957473,0.0400
17.088354,-0.673605,0.000000,0.000000,-0.742779,-12.865051,-105.663757,-27.510291,-50.112386,15.399659,-1.532516,-0.325882,-3.961512,0.0400
17.088354,-0.673605,0.000000,0.000000,-0.693994,-12.860578,-105.575356,-27.510291,-50.112386,15.411255,-1.532718,-0.309913,-3.954542,0.0400
17.088354,-0.673605,0.000000,0.000000,-0.640091,-12.856090,-105.490242,-27.510291,-50.112386,15.423124,-1.533479,-0.293407,-3.949167,0.0400
17.088354,-0.673605,0.000000,0.000000,-0.566553,-12.851859,-105.380157,-27.510291,-50.112386,15.437334,-1.537297,-0.273708,-3.952487,0.0600
17.088354,-0.673605,0.000000,0.000000,-0.531328,-12.849215,-105.300873,-27.510291,-50.112386,15.447390,-1.540661,-0.259548,-3.956519,0.0400
17.088354,-0.673605,0.000000,0.000000,-0.476907,-12.846297,-105.222824,-27.510291,-50.112386,15.457359,-1.543946,-0.245244,-3.959964,0.0400
17.088354,-0.673605,0.000000,0.000000,-0.425172,-12.848501,-105.143532,-27.510291,-50.112386,15.467881,-1.543626,-0.229731,-3.950912,0.0400
17.088354,-0.673605,0.000000,0.000000,-0.381604,-12.839005,-105.065781,-27.510291,-50.112386,15.477662,-1.546770,-0.215272,-3.953438,0.0400
19.556671,-2.020818,0.799266,-0.436241,-0.321605,-12.835913,-104.990631,-27.510266,-50.112396,15.520317,-1.574924,-0.126544,-4.014958,0.0420
19.556671,-2.020818,0.799266,-0.436241,-0.286151,-12.834834,-104.918610,-27.510266,-50.112396,15.576405,-1.598390,-0.019607,-4.048606,0.0400
19.556671,-2.020818,0.799266,-0.436241,-0.238428,-12.832353,-104.845047,-27.510266,-50.112396,15.632107,-1.625789,0.075184,-4.089845,0.0400
19.556671,-2.020818,0.799266,-0.436241,-0.191934,-12.824451,-104.759262,-27.510266,-50.112396,15.695286,-1.661605,0.170658,-4.142441,0.0400
19.556671,-2.020818,0.799266,-0.436241,-0.134887,-12.825128,-104.677536,-27.510266,-50.112396,15.757784,-1.689055,0.254845,-4.165407,0.0400
19.556671,-2.020818,0.799266,-0.436241,-0.082897,-12.827683,-104.590736,-27.510266,-50.112396,15.822603,-1.722079,0.331968,-4.198504,0.0400
19.556671,-2.020818,0.799266,-0.436241,-0.031311,-12.818120,-104.513512,-27.510266,-50.112396,15.879520,-1.750227,0.392646,-4.221712,0.0400
19.556671,-2.020818,0.799266,-0.436241,0.022519,-12.815761,-104.429832,-27.510266,-50.112396,15.941069,-1.781336,0.451778,-4.245984,0.0400
19.556671,-2.020818,0.799266,-0.436241,0.078305,-12.803644,-104.349907,-27.510266,-50.112396,15.999738,-1.810532,0.502668,-4.264369,0.0400
19.556671,-2.020818,0.799266,-0.436241,0.114561,-12.806442,-104.276672,-27.510266,-50.112396,16.053086,-1.836336,0.544869,-4.276658,0.0400
19.556671,-2.020818,0.799266,-0.436241,0.157399,-12.798292,-104.193718,-27.510266,-50.112396,16.111001,-1.865051,0.586521,-4.290501,0.0400
19.556671,-2.020818,0.799266,-0.436241,0.203360,-12.793038,-104.119324,-27.510266,-50.112396,16.168527,-1.893721,0.624358,-4.303596,0.0400
19.556671,-2.020818,0.799266,-0.436241,0.256399,-12.796732,-104.037285,-27.510266,-50.112396,16.228090,-1.923790,0.660563,-4.317088,0.0400
19.556671,-2.020818,0.799266,-0.436241,0.306378,-12.792063,-103.957535,-27.510266,-50.112396,16.284820,-1.952079,0.692536,-4.327212,0.0400
19.556671,-2.020818,0.799266,-0.436241,0.351188,-12.780650,-103.883484,-27.510266,-50.112396,16.338041,-1.974346,0.720445,-4.321865,0.0400
19.556671,-2.020818,0.799266,-0.436241,0.429863,-12.772182,-103.776390,-27.510266,-50.112396,16.414679,-2.011861,0.758021,-4.330611,0.0620
19.556671,-2.020818,0.799266,-0.436241,0.465860,-12.769122,-103.694832,-27.510266,-50.112396,16.472466,-2.041297,0.784448,-4.339873,0.0400
19.556671,-2.020818,0.799266,-0.436241,0.514896,-12.766258,-103.619324,-27.510266,-50.112396,16.525897,-2.060693,0.807214,-4.323876,0.0400
19.556671,-2.020818,0.799266,-0.436241,0.561465,-12.762929,-103.533585,-27.510266,-50.112396,16.585225,-2.091997,0.831634,-4.337682,0.0400
19.556671,-2.020818,0.799266,-0.436241,0.616250,-12.755434,-103.464218,-27.510266,-50.112396,16.633999,-2.112840,0.850782,-4.332773,0.0400
19.556671,-2.020818,0.799266,-0.436241,0.660291,-12.755733,-103.380356,-27.510266,-50.112396,16.691689,-2.139854,0.872730,-4.334219,0.0400
18.987059,-2.020818,-0.401267,-0.000000,0.707317,-12.743420,-103.298615,-27.510274,-50.112397,16.732989,-2.171545,0.849988,-4.350325,0.0400
18.987059,-2.020818,-0.401267,-0.000000,0.756459,-12.735341,-103.219116,-27.510274,-50.112397,16.729315,-2.175832,0.702898,-4.279386,0.0400
18.987059,-2.020818,-0.401267,-0.000000,0.804243,-12.732804,-103.136856,-27.510274,-50.112397,16.725400,-2.180766,0.574861,-4.217900,0.0400
18.987059,-2.020818,-0.401267,-0.000000,0.855177,-12.721442,-103.059280,-27.510274,-50.112397,16.721979,-2.188369,0.476363,-4.177924,0.0400
18.987059,-2.020818,-0.401267,-0.000000,0.907090,-12.716972,-102.975822,-27.510274,-50.112397,16.718027,-2.197144,0.387595,-4.143658,0.0400
18.987059,-2.020818,-0.401267,-0.000000,0.956464,-12.716659,-102.895538,-27.510274,-50.112397,16.713905,-2.204860,0.319146,-4.113835,0.0400
18.987059,-2.020818,-0.401267,-0.000000,0.998857,-12.708169,-102.826935,-27.510274,-50.112397,16.710177,-2.209762,0.266128,-4.087073,0.0400
18.987059,-2.020818,-0.401267,-0.000000,1.039864,-12.697936,-102.754478,-27.510274,-50.112397,16.705858,-2.216531,0.218086,-4.064634,0.0400
18.987059,-2.020818,-0.401267,-0.000000,1.099349,-12.695561,-102.683189,-27.510274,-50.112397,16.701420,-2.218934,0.179296,-4.034383,0.0440
18.987059,-2.020818,-0.401267,-0.000000,1.131908,-12.688078,-102.610031,-27.510274,-50.112397,16.697082,-2.225285,0.148357,-4.019227,0.0400
18.987059,-2.020818,-0.401267,-0.000000,1.179513,-12.689080,-102.532562,-27.510274,-50.112397,16.692158,-2.228832,0.120621,-3.995450,0.0400
18.987059,-2.020818,-0.401267,-0.000000,1.227225,-12.681853,-102.450806,-27.510274,-50.112397,16.687079,-2.236921,0.099536,-3.987518,0.0400
18.987059,-2.020818,-0.401267,-0.000000,1.275338,-12.669534,-102.377327,-27.510274,-50.112397,16.682204,-2.239741,0.083444,-3.967254,0.0400
18.987059,-2.020818,-0.401267,-0.000000,1.316228,-12.661921,-102.295120,-27.510274,-50.112397,16.676963,-2.247726,0.072026,-3.963013,0.0400
18.987059,-2.020818,-0.401267,-0.000000,1.391047,-12.650894,-102.201691,-27.510274,-50.112397,16.670776,-2.254056,0.063004,-3.950724,0.0580
18.987059,-2.020818,-0.401267,-0.000000,1.429027,-12.648340,-102.124619,-27.510274,-50.112397,16.665586,-2.261172,0.059729,-3.947579,0.0400
18.987059,-2.020818,-0.401267,-0.000000,1.468246,-12.638734,-102.057861,-27.510274,-50.112397,16.660918,-2.262579,0.057059,-3.930552,0.0400
18.987059,-2.020818,-0.401267,-0.000000,1.511788,-12.633686,-101.973068,-27.510274,-50.112397,16.655246,-2.270881,0.058760,-3.931839,0.0400
18.987059,-2.020818,-0.401267,-0.000000,1.563491,-12.629048,-101.891060,-27.510274,-50.112397,16.649472,-2.275171,0.061275,-3.921219,0.0400
18.987059,-2.020818,-0.401267,-0.000000,1.604451,-12.618350,-101.820351,-27.510274,-50.112397,16.644544,-2.280835,0.065149,-3.917725,0.0400
18.987059,-2.020818,-0.401267,-0.000000,1.649274,-12.614842,-101.741211,-27.510274,-50.112397,16.638890,-2.284254,0.070476,-3.906908,0.0400
12.341587,1.684014,-1.410910,0.786579,1.699976,-12.602743,-101.668114,-27.510331,-50.112363,16.627376,-2.289199,0.066329,-3.907973,0.0400
12.341587,1.684014,-1.410910,0.786579,1.739768,-12.593783,-101.593155,-27.510331,-50.112363,16.542911,-2.240675,-0.059889,-3.797111,0.0400
12.341587,1.684014,-1.410910,0.786579,1.783951,-12.590774,-101.518661,-27.510331,-50.112363,16.458730,-2.192312,-0.175563,-3.697068,0.0400
12.341587,1.684014,-1.410910,0.786579,1.833764,-12.579825,-101.437508,-27.510331,-50.112363,16.371326,-2.142188,-0.272812,-3.609232,0.0400
12.341587,1.684014,-1.410910,0.786579,1.871820,-12.579941,-101.370903,-27.510331,-50.112363,16.291281,-2.095557,-0.348420,-3.537523,0.0400
12.341587,1.684014,-1.410910,0.786579,1.912237,-12.569635,-101.298759,-27.510331,-50.112363,16.208106,-2.047474,-0.414548,-3.475147,0.0400
12.341587,1.684014,-1.410910,0.786579,1.958898,-12.555616,-101.223053,-27.510331,-50.112363,16.121790,-1.997527,-0.471970,-3.417786,0.0400
12.341587,1.684014,-1.410910,0.786579,1.996177,-12.551245,-101.160110,-27.510331,-50.112363,16.049782,-1.954655,-0.512780,-3.372438,0.0400
12.341587,1.684014,-1.410910,0.786579,2.044254,-12.545323,-101.080086,-27.510331,-50.112363,15.960837,-1.903454,-0.553282,-3.329973,0.0400
12.341587,1.684014,-1.410910,0.786579,2.080516,-12.543420,-101.010445,-27.510331,-50.112363,15.882693,-1.857597,-0.582885,-3.295252,0.0400
12.341587,1.684014,-1.410910,0.786579,2.122212,-12.532955,-100.938622,-27.510331,-50.112363,15.801537,-1.810344,-0.607412,-3.265532,0.0400
12.341587,1.684014,-1.410910,0.786579,2.163389,-12.518672,-100.870689,-27.510331,-50.112363,15.724234,-1.765085,-0.626014,-3.240062,0.0400
12.341587,1.684014,-1.410910,0.786579,2.212894,-12.517765,-100.798836,-27.510331,-50.112363,15.643940,-1.718342,-0.640818,-3.217780,0.0400
12.341587,1.684014,-1.410910,0.786579,2.250721,-12.509328,-100.733032,-27.510331,-50.112363,15.570850,-1.675293,-0.651068,-3.198856,0.0400
12.341587,1.684014,-1.410910,0.786579,2.313879,-12.504000,-100.641762,-27.510331,-50.112363,15.469314,-1.611466,-0.663329,-3.162524,0.0570
12.341587,1.684014,-1.410910,0.786579,2.345139,-12.490025,-100.561661,-27.510331,-50.112363,15.381212,-1.558039,-0.668836,-3.141359,0.0400
12.341587,1.684014,-1.410910,0.786579,2.393398,-12.483914,-100.484421,-27.510331,-50.112363,15.296318,-1.509777,-0.669182,-3.134320,0.0400
12.341587,1.684014,-1.410910,0.786579,2.476377,-12.465281,-100.367134,-27.510331,-50.112363,15.167327,-1.433216,-0.667400,-3.114374,0.0770
12.341587,1.684014,-1.410910,0.786579,2.509237,-12.459594,-100.298485,-27.510331,-50.112363,15.093518,-1.390546,-0.663560,-3.108670,0.0400
12.341587,1.684014,-1.410910,0.786579,2.544517,-12.453322,-100.224678,-27.510331,-50.112363,15.014283,-1.341872,-0.660378,-3.093006,0.0400
12.341587,1.684014,-1.410910,0.786579,2.595469,-12.448180,-100.153862,-27.510331,-50.112363,14.938082,-1.298192,-0.653614,-3.090193,0.0400
13.480810,0.673606,0.596556,-0.529102,2.634033,-12.445658,-100.082787,-27.510323,-50.112369,14.893019,-1.278494,-0.546373,-3.160920,0.0400
13.480810,0.673606,0.596556,-0.529102,2.679295,-12.432955,-100.016441,-27.510323,-50.112369,14.911085,-1.296547,-0.285226,-3.318746,0.0400
13.480810,0.673606,0.596556,-0.529102,2.718506,-12.422502,-99.950378,-27.510323,-50.112369,14.929488,-1.314778,-0.057285,-3.455483,0.0400
13.480810,0.673606,0.596556,-0.529102,2.761313,-12.408573,-99.881554,-27.510323,-50.112369,14.948987,-1.334193,0.150359,-3.578381,0.0400
13.480810,0.673606,0.596556,-0.529102,2.794901,-12.406251,-99.812317,-27.510323,-50.112369,14.968771,-1.353754,0.330830,-3.684608,0.0400
13.480810,0.673606,0.596556,-0.529102,2.841223,-12.398050,-99.736481,-27.510323,-50.112369,14.990557,-1.375725,0.494447,-3.781087,0.0400
13.480810,0.673606,0.596556,-0.529102,2.880717,-12.392612,-99.664894,-27.510323,-50.112369,15.011023,-1.392612,0.638966,-3.853462,0.0400
13.480810,0.673606,0.596556,-0.529102,2.924286,-12.379376,-99.592575,-27.510323,-50.112369,15.032243,-1.413596,0.761839,-3.924389,0.0400
13.480810,0.673606,0.596556,-0.529102,2.969247,-12.373680,-99.526390,-27.510323,-50.112369,15.051709,-1.432062,0.860495,-3.977219,0.0400
13.480810,0.673606,0.596556,-0.529102,3.005091,-12.363370,-99.442055,-27.510323,-50.112369,15.076871,-1.457492,0.970012,-4.040608,0.0400
13.480810,0.673606,0.596556,-0.529102,3.046333,-12.348583,-99.376816,-27.510323,-50.112369,15.096537,-1.476042,1.044490,-4.078925,0.0400
13.480810,0.673606,0.596556,-0.529102,3.086804,-12.339555,-99.313705,-27.510323,-50.112369,15.115185,-1.490679,1.107929,-4.101108,0.0400
13.480810,0.673606,0.596556,-0.529102,3.127312,-12.332403,-99.237305,-27.510323,-50.112369,15.138798,-1.514222,1.178166,-4.140965,0.0400
13.480810,0.673606,0.596556,-0.529102,3.193305,-12.332449,-99.160187,-27.510323,-50.112369,15.162264,-1.534942,1.239566,-4.166494,0.0540
13.480810,0.673606,0.596556,-0.529102,3.221739,-12.317834,-99.094376,-27.510323,-50.112369,15.181828,-1.550980,1.284799,-4.179457,0.0400
13.480810,0.673606,0.596556,-0.529102,3.256380,-12.307358,-99.024452,-27.510323,-50.112369,15.202452,-1.568691,1.327911,-4.194688,0.0400
13.480810,0.673606,0.596556,-0.529102,3.295762,-12.294177,-98.959312,-27.510323,-50.112369,15.222451,-1.588251,1.366090,-4.215115,0.0400
13.480810,0.673606,0.596556,-0.529102,3.333965,-12.287658,-98.895058,-27.510323,-50.112369,15.242435,-1.607694,1.400635,-4.232137,0.0400
13.480810,0.673606,0.596556,-0.529102,3.374565,-12.282322,-98.829361,-27.510323,-50.112369,15.261969,-1.624023,1.430449,-4.235906,0.0410
13.480810,0.673606,0.596556,-0.529102,3.409869,-12.267481,-98.759995,-27.510323,-50.112369,15.283892,-1.645729,1.462246,-4.251228,0.0400
13.480810,0.673606,0.596556,-0.529102,3.448556,-12.254349,-98.697083,-27.510323,-50.112369,15.303813,-1.664944,1.488626,-4.261260,0.0400
13.480810,0.673606,0.596556,-0.529102,3.486285,-12.248905,-98.627708,-27.510323,-50.112369,15.325208,-1.683495,1.512319,-4.260844,0.0400
11.012492,2.020817,-1.237282,0.675310,3.518293,-12.248919,-98.566399,-27.510343,-50.112356,15.261088,-1.650824,1.311488,-4.127105,0.0400
11.012492,2.020817,-1.237282,0.675310,3.560120,-12.232411,-98.500839,-27.510343,-50.112356,15.189737,-1.611297,1.102918,-3.980347,0.0400
11.012492,2.020817,-1.237282,0.675310,3.604284,-12.225961,-98.433479,-27.510343,-50.112356,15.114594,-1.566594,0.923284,-3.843586,0.0400
11.012492,2.020817,-1.237282,0.675310,3.644849,-12.209167,-98.370895,-27.510343,-50.112356,15.046383,-1.528530,0.785065,-3.743682,0.0430
11.012492,2.020817,-1.237282,0.675310,3.671745,-12.205236,-98.311806,-27.510343,-50.112356,14.981191,-1.491863,0.671242,-3.659809,0.0400
11.012492,2.020817,-1.237282,0.675310,3.707450,-12.200630,-98.246407,-27.510343,-50.112356,14.910787,-1.455757,0.568184,-3.591486,0.0400
11.012492,2.020817,-1.237282,0.675310,3.750928,-12.186110,-98.174713,-27.510343,-50.112356,14.830728,-1.408555,0.465398,-3.505798,0.0400
11.012492,2.020817,-1.237282,0.675310,3.789745,-12.173337,-98.113167,-27.510343,-50.112356,14.763090,-1.370530,0.393926,-3.448963,0.0400
11.012492,2.020817,-1.237282,0.675310,3.827935,-12.172639,-98.046249,-27.510343,-50.112356,14.689795,-1.329645,0.330448,-3.396120,0.0400
11.012492,2.020817,-1.237282,0.675310,3.871284,-12.159735,-97.961586,-27.510343,-50.112356,14.596218,-1.275939,0.260640,-3.332711,0.0400
11.012492,2.020817,-1.237282,0.675310,3.913983,-12.149391,-97.884270,-27.510343,-50.112356,14.511841,-1.226727,0.208730,-3.282400,0.0400
11.012492,2.020817,-1.237282,0.675310,4.040768,-12.118310,-97.698303,-27.510343,-50.112356,14.307643,-1.107017,0.128176,-3.193713,0.1340
11.012492,2.020817,-1.237282,0.675310,4.075712,-12.109568,-97.636703,-27.510343,-50.112356,14.239356,-1.066434,0.110385,-3.168744,0.0400
11.012492,2.020817,-1.237282,0.675310,4.105613,-12.108186,-97.577194,-27.510343,-50.112356,14.174312,-1.030515,0.100162,-3.157663,0.0400
11.012492,2.020817,-1.237282,0.675310,4.140656,-12.094278,-97.520767,-27.510343,-50.112356,14.112304,-0.995905,0.092405,-3.146356,0.0400
11.012492,2.020817,-1.237282,0.675310,4.162496,-12.088830,-97.464638,-27.510343,-50.112356,14.050520,-0.958462,0.082977,-3.125695,0.0400
11.012492,2.020817,-1.237282,0.675310,4.202619,-12.079967,-97.402122,-27.510343,-50.112356,13.980891,-0.915175,0.074663,-3.103085,0.0400
11.012492,2.020817,-1.237282,0.675310,4.239886,-12.061482,-97.337372,-27.510343,-50.112356,13.911651,-0.875129,0.072395,-3.091995,0.0400
11.012492,2.020817,-1.237282,0.675310,4.280275,-12.047906,-97.278961,-27.510343,-50.112356,13.851007,-0.841925,0.074200,-3.089271,0.0410
7.215080,5.052043,-2.074628,1.656040,4.310263,-12.045679,-97.222900,-27.510377,-50.112328,13.785179,-0.805529,0.058031,-3.076036,0.0400
7.215080,5.052043,-2.074628,1.656040,4.335869,-12.036202,-97.165665,-27.510377,-50.112328,13.676622,-0.717599,-0.048691,-2.932936,0.0400
7.215080,5.052043,-2.074628,1.656040,4.382940,-12.028521,-97.091263,-27.510377,-50.112328,13.538886,-0.611353,-0.155402,-2.797504,0.0410
7.215080,5.052043,-2.074628,1.656040,4.433671,-12.017998,-97.029167,-27.510377,-50.112328,13.421166,-0.519442,-0.232425,-2.694945,0.0400
7.215080,5.052043,-2.074628,1.656040,4.458667,-12.009699,-96.968628,-27.510377,-50.112328,13.304149,-0.425171,-0.301318,-2.595151,0.0400
7.215080,5.052043,-2.074628,1.656040,4.491639,-11.998088,-96.897507,-27.510377,-50.112328,13.172256,-0.325501,-0.355885,-2.525616,0.0400
7.215080,5.052043,-2.074628,1.656040,4.533548,-11.994187,-96.834869,-27.510377,-50.112328,13.051295,-0.228126,-0.405991,-2.447613,0.0400
7.215080,5.052043,-2.074628,1.656040,4.564806,-11.977779,-96.764771,-27.510377,-50.112328,12.920744,-0.126424,-0.445025,-2.389143,0.0400
7.215080,5.052043,-2.074628,1.656040,4.608433,-11.971618,-96.686958,-27.510377,-50.112328,12.771896,-0.008480,-0.483567,-2.323748,0.0400
7.215080,5.052043,-2.074628,1.656040,4.647275,-11.961749,-96.633568,-27.510377,-50.112328,12.667223,0.076776,-0.508876,-2.274741,0.0400
7.215080,5.052043,-2.074628,1.656040,4.682653,-11.947372,-96.552887,-27.510377,-50.112328,12.515087,0.196954,-0.532056,-2.229248,0.0400
7.215080,5.052043,-2.074628,1.656040,4.721809,-11.949760,-96.491814,-27.510377,-50.112328,12.401435,0.286066,-0.543552,-2.204197,0.0400
7.215080,5.052043,-2.074628,1.656040,4.753408,-11.929524,-96.432610,-27.510377,-50.112328,12.288857,0.376904,-0.556350,-2.171303,0.0400
7.215080,5.052043,-2.074628,1.656040,4.791477,-11.919107,-96.370110,-27.510377,-50.112328,12.171465,0.468731,-0.561131,-2.153584,0.0400
7.215080,5.052043,-2.074628,1.656040,4.833445,-11.907528,-96.306351,-27.510377,-50.112328,12.050481,0.565713,-0.567518,-2.127930,0.0410
7.215080,5.052043,-2.074628,1.656040,4.863737,-11.894754,-96.246796,-27.510377,-50.112328,11.938856,0.653253,-0.567970,-2.115101,0.0410
7.215080,5.052043,-2.074628,1.656040,4.900747,-11.886610,-96.189140,-27.510377,-50.112328,11.828231,0.742656,-0.571719,-2.091498,0.0400
7.215080,5.052043,-2.074628,1.656040,4.937452,-11.875222,-96.130234,-27.510377,-50.112328,11.717553,0.829495,-0.568574,-2.082377,0.0400
7.215080,5.052043,-2.074628,1.656040,4.986818,-11.873223,-96.051208,-27.510377,-50.112328,11.570934,0.945366,-0.564046,-2.069135,0.0630
7.215080,5.052043,-2.074628,1.656040,5.004077,-11.863131,-95.985733,-27.510377,-50.112328,11.448210,1.043429,-0.560883,-2.055632,0.0400
7.215080,5.052043,-2.074628,1.656040,5.045673,-11.849968,-95.931519,-27.510377,-50.112328,11.344386,1.127493,-0.559523,-2.039663,0.0400
10.442881,3.031226,0.675860,-0.423133,5.081779,-11.843367,-95.863091,-27.510348,-50.112345,11.345830,1.128550,-0.180184,-2.323396,0.0400
10.442881,3.031226,0.675860,-0.423133,5.116891,-11.831582,-95.808510,-27.510348,-50.112345,11.371079,1.116837,0.137411,-2.544341,0.0400
10.442881,3.031226,0.675860,-0.423133,5.146570,-11.818917,-95.743286,-27.510348,-50.112345,11.401154,1.099102,0.465383,-2.781939,0.0400
10.442881,3.031226,0.675860,-0.423133,5.184116,-11.806675,-95.686012,-27.510348,-50.112345,11.428221,1.083709,0.714870,-2.959565,0.0400
10.442881,3.031226,0.675860,-0.423133,5.208158,-11.802274,-95.627098,-27.510348,-50.112345,11.456807,1.067204,0.940020,-3.119576,0.0400
10.442881,3.031226,0.675860,-0.423133,5.247408,-11.794501,-95.562958,-27.510348,-50.112345,11.488059,1.048898,1.149336,-3.267259,0.0400
10.442881,3.031226,0.675860,-0.423133,5.294025,-11.775954,-95.485168,-27.510348,-50.112345,11.526039,1.027837,1.362827,-3.412804,0.0400
10.442881,3.031226,0.675860,-0.423133,5.336700,-11.764302,-95.418839,-27.510348,-50.112345,11.558952,1.008498,1.516213,-3.515927,0.0400
10.442881,3.031226,0.675860,-0.423133,5.371434,-11.752986,-95.361702,-27.510348,-50.112345,11.586531,0.995447,1.627812,-3.580768,0.0400
10.442881,3.031226,0.675860,-0.423133,5.404800,-11.741566,-95.297386,-27.510348,-50.112345,11.619718,0.975756,1.742843,-3.657825,0.0400
10.442881,3.031226,0.675860,-0.423133,5.446664,-11.732280,-95.237930,-27.510348,-50.112345,11.648600,0.961522,1.829469,-3.706255,0.0400
10.442881,3.031226,0.675860,-0.423133,5.480964,-11.721029,-95.172325,-27.510348,-50.112345,11.680101,0.945226,1.911359,-3.752578,0.0400
10.442881,3.031226,0.675860,-0.423133,5.520666,-11.718098,-95.110085,-27.510348,-50.112345,11.710915,0.926982,1.981764,-3.798350,0.0400
10.442881,3.031226,0.675860,-0.423133,5.542071,-11.705883,-95.056412,-27.510348,-50.112345,11.737724,0.911710,2.035427,-3.830569,0.0400
10.442881,3.031226,0.675860,-0.423133,5.584487,-11.694140,-94.992851,-27.510348,-50.112345,11.769181,0.895255,2.087798,-3.855295,0.0400
10.442881,3.031226,0.675860,-0.423133,5.617886,-11.689951,-94.937485,-27.510348,-50.112345,11.797327,0.878894,2.134829,-3.883295,0.0400
10.442881,3.031226,0.675860,-0.423133,5.658696,-11.673407,-94.863228,-27.510348,-50.112345,11.834117,0.858342,2.185742,-3.908581,0.0400
10.442881,3.031226,0.675860,-0.423133,5.698528,-11.660188,-94.807037,-27.510348,-50.112345,11.860050,0.845777,2.215555,-3.916039,0.0400
10.442881,3.031226,0.675860,-0.423133,5.733533,-11.655388,-94.737175,-27.510348,-50.112345,11.896760,0.825107,2.256031,-3.934166,0.0400
8.734045,3.704832,-1.024209,0.403733,5.764980,-11.642276,-94.670441,-27.510365,-50.112338,11.889124,0.821526,2.163034,-3.897552,0.0400
8.734045,3.704832,-1.024209,0.403733,5.802479,-11.626011,-94.607025,-27.510365,-50.112338,11.822176,0.852348,1.928211,-3.771726,0.0400
8.734045,3.704832,-1.024209,0.403733,5.837517,-11.620819,-94.546730,-27.510365,-50.112338,11.759920,0.881172,1.753095,-3.676673,0.0400
8.734045,3.704832,-1.024209,0.403733,5.873943,-11.617197,-94.485901,-27.510365,-50.112338,11.695687,0.910701,1.590162,-3.587729,0.0400
8.734045,3.704832,-1.024209,0.403733,5.910459,-11.601537,-94.436172,-27.510365,-50.112338,11.643826,0.933116,1.484641,-3.532967,0.0410
8.734045,3.704832,-1.024209,0.403733,5.957556,-11.586459,-94.366882,-27.510365,-50.112338,11.573479,0.964585,1.366411,-3.465951,0.0600
8.734045,3.704832,-1.024209,0.403733,5.980723,-11.577595,-94.305519,-27.510365,-50.112338,11.509871,0.993672,1.273981,-3.412282,0.0400
8.734045,3.704832,-1.024209,0.403733,6.013333,-11.559020,-94.247253,-27.510365,-50.112338,11.448590,1.022039,1.201527,-3.366252,0.0400
8.734045,3.704832,-1.024209,0.403733,6.053592,-11.552819,-94.178452,-27.510365,-50.112338,11.377147,1.053155,1.138369,-3.329778,0.0400
8.734045,3.704832,-1.024209,0.403733,6.083004,-11.544386,-94.121384,-27.510365,-50.112338,11.318693,1.080168,1.091708,-3.298620,0.0400
8.734045,3.704832,-1.024209,0.403733,6.114629,-11.533766,-94.062515,-27.510365,-50.112338,11.259439,1.104381,1.059580,-3.283077,0.0400
8.734045,3.704832,-1.024209,0.403733,6.154818,-11.525818,-94.003868,-27.510365,-50.112338,11.197260,1.132360,1.028606,-3.260194,0.0410
8.734045,3.704832,-1.024209,0.403733,6.184042,-11.509996,-93.942169,-27.510365,-50.112338,11.133247,1.160834,1.003852,-3.240593,0.0400
8.734045,3.704832,-1.024209,0.403733,6.228071,-11.505121,-93.879707,-27.510365,-50.112338,11.069413,1.189348,0.984547,-3.222312,0.0400
8.734045,3.704832,-1.024209,0.403733,6.254531,-11.492138,-93.817955,-27.510365,-50.112338,11.008799,1.214086,0.974880,-3.215639,0.0400
8.734045,3.704832,-1.024209,0.403733,6.295883,-11.476362,-93.767067,-27.510365,-50.112338,10.957907,1.238620,0.961978,-3.196371,0.0400
8.734045,3.704832,-1.024209,0.403733,6.324894,-11.466156,-93.697975,-27.510365,-50.112338,10.886471,1.269464,0.955624,-3.185902,0.0400
8.734045,3.704832,-1.024209,0.403733,6.365277,-11.455240,-93.631088,-27.510365,-50.112338,10.819496,1.298902,0.951908,-3.175445,0.0400
8.734045,3.704832,-1.024209,0.403733,6.396819,-11.449509,-93.580002,-27.510365,-50.112338,10.768124,1.320652,0.952654,-3.171572,0.0400
8.164433,3.704832,-0.879700,-0.000000,6.422001,-11.435297,-93.528000,-27.510369,-50.112340,10.720294,1.329063,0.970701,-3.209014,0.0400
8.164433,3.704832,-0.879700,-0.000000,6.453266,-11.427016,-93.474648,-27.510369,-50.112340,10.668824,1.336196,0.984623,-3.244174,0.0400
8.164433,3.704832,-0.879700,-0.000000,6.491063,-11.415810,-93.402260,-27.510369,-50.112340,10.602809,1.342333,1.010640,-3.297568,0.0400
8.164433,3.704832,-0.879700,-0.000000,6.525978,-11.407697,-93.349380,-27.510369,-50.112340,10.554678,1.346156,1.028573,-3.330532,0.0400
8.164433,3.704832,-0.879700,-0.000000,6.561847,-11.399153,-93.294960,-27.510369,-50.112340,10.502156,1.352844,1.042180,-3.352736,0.0400
8.164433,3.704832,-0.879700,-0.000000,6.588573,-11.386017,-93.235466,-27.510369,-50.112340,10.446178,1.359307,1.056143,-3.372259,0.0400
8.164433,3.704832,-0.879700,-0.000000,6.619620,-11.377674,-93.181770,-27.510369,-50.112340,10.396955,1.362698,1.072614,-3.394573,0.0400
8.164433,3.704832,-0.879700,-0.000000,6.648272,-11.370672,-93.139008,-27.510369,-50.112340,10.356859,1.366844,1.082328,-3.405117,0.0400
8.164433,3.704832,-0.879700,-0.000000,6.682878,-11.359926,-93.077324,-27.510369,-50.112340,10.297872,1.373055,1.096336,-3.417619,0.0400
8.164433,3.704832,-0.879700,-0.000000,6.715156,-11.349396,-93.022667,-27.510369,-50.112340,10.247509,1.376148,1.112886,-3.434403,0.0400
8.164433,3.704832,-0.879700,-0.000000,6.745071,-11.334883,-92.961800,-27.510369,-50.112340,10.191049,1.382021,1.126165,-3.442912,0.0400
8.164433,3.704832,-0.879700,-0.000000,6.781844,-11.334601,-92.908592,-27.510369,-50.112340,10.140208,1.388150,1.136276,-3.446664,0.0400
8.164433,3.704832,-0.879700,-0.000000,6.807155,-11.313486,-92.850700,-27.510369,-50.112340,10.086161,1.393797,1.148384,-3.451684,0.0400
8.164433,3.704832,-0.879700,-0.000000,6.839699,-11.307338,-92.802589,-27.510369,-50.112340,10.041069,1.400134,1.154670,-3.449252,0.0400
8.164433,3.704832,-0.879700,-0.000000,6.870850,-11.297283,-92.749237,-27.510369,-50.112340,9.993876,1.402610,1.170023,-3.459781,0.0400
8.164433,3.704832,-0.879700,-0.000000,6.917883,-11.286588,-92.666580,-27.510369,-50.112340,9.916169,1.412339,1.182979,-3.457049,0.0800
8.164433,3.704832,-0.879700,-0.000000,6.943733,-11.273828,-92.612755,-27.510369,-50.112340,9.865122,1.417468,1.193891,-3.458468,0.0400
8.164433,3.704832,-0.879700,-0.000000,6.980290,-11.260505,-92.556938,-27.510369,-50.112340,9.812543,1.422475,1.205304,-3.458976,0.0400
7.025210,3.704832,-1.075189,-0.000000,7.014537,-11.245995,-92.498817,-27.510380,-50.112339,9.761957,1.420777,1.227961,-3.478768,0.0400
7.025210,3.704832,-1.075189,-0.000000,7.055748,-11.236902,-92.443855,-27.510380,-50.112339,9.697551,1.423595,1.207771,-3.478052,0.0410
7.025210,3.704832,-1.075189,-0.000000,7.081018,-11.228868,-92.396790,-27.510380,-50.112339,9.638917,1.430096,1.187331,-3.466695,0.0400
7.025210,3.704832,-1.075189,-0.000000,7.109713,-11.218696,-92.356201,-27.510380,-50.112339,9.591530,1.430409,1.182758,-3.472712,0.0400
7.025210,3.704832,-1.075189,-0.000000,7.132778,-11.205354,-92.307495,-27.510380,-50.112339,9.531001,1.436833,1.167894,-3.461167,0.0400
7.025210,3.704832,-1.075189,-0.000000,7.164880,-11.207189,-92.258255,-27.510380,-50.112339,9.471899,1.439703,1.163905,-3.462542,0.0400
7.025210,3.704832,-1.075189,-0.000000,7.192728,-11.192940,-92.211571,-27.510380,-50.112339,9.414037,1.446142,1.154379,-3.451374,0.0400
7.025210,3.704832,-1.075189,-0.000000,7.227435,-11.187453,-92.158455,-27.510380,-50.112339,9.347863,1.451703,1.151667,-3.447922,0.0400
7.025210,3.704832,-1.075189,-0.000000,7.252895,-11.178873,-92.115250,-27.510380,-50.112339,9.295873,1.454995,1.152026,-3.447058,0.0400
7.025210,3.704832,-1.075189,-0.000000,7.280739,-11.168767,-92.056381,-27.510380,-50.112339,9.225736,1.460416,1.152304,-3.442864,0.0400
7.025210,3.704832,-1.075189,-0.000000,7.313992,-11.158576,-92.002785,-27.510380,-50.112339,9.160320,1.465899,1.153805,-3.438548,0.0400
7.025210,3.704832,-1.075189,-0.000000,7.341052,-11.150616,-91.950645,-27.510380,-50.112339,9.097409,1.471338,1.156193,-3.434349,0.0400
7.025210,3.704832,-1.075189,-0.000000,7.369508,-11.143563,-91.901512,-27.510380,-50.112339,9.036969,1.476744,1.159080,-3.430093,0.0400
7.025210,3.704832,-1.075189,-0.000000,7.396183,-11.128961,-91.853584,-27.510380,-50.112339,8.980013,1.478880,1.168669,-3.435086,0.0400
7.025210,3.704832,-1.075189,-0.000000,7.426909,-11.121714,-91.806725,-27.510380,-50.112339,8.922063,1.484485,1.171017,-3.428050,0.0400
7.025210,3.704832,-1.075189,-0.000000,7.456382,-11.110812,-91.763718,-27.510380,-50.112339,8.869726,1.486895,1.179927,-3.430802,0.0400
7.025210,3.704832,-1.075189,-0.000000,7.477864,-11.099534,-91.717331,-27.510380,-50.112339,8.813359,1.489025,1.190247,-3.434361,0.0400
7.025210,3.704832,-1.075189,-0.000000,7.511501,-11.094014,-91.671165,-27.510380,-50.112339,8.756093,1.494443,1.194224,-3.427752,0.0400
7.025210,3.704832,-1.075189,-0.000000,7.544154,-11.086820,-91.618446,-27.510380,-50.112339,8.692830,1.499334,1.200242,-3.422531,0.0400
7.025210,3.704832,-1.075189,-0.000000,7.573579,-11.076234,-91.561691,-27.510380,-50.112339,8.625797,1.503730,1.211024,-3.421978,0.0400
6.265728,4.041635,-0.964066,0.427528,7.597389,-11.065578,-91.519646,-27.510388,-50.112334,8.578177,1.506150,1.229958,-3.423226,0.0400
6.265728,4.041635,-0.964066,0.427528,7.627929,-11.057355,-91.456314,-27.510388,-50.112334,8.503791,1.543853,1.252831,-3.326380,0.0400
6.265728,4.041635,-0.964066,0.427528,7.662625,-11.048391,-91.411209,-27.510388,-50.112334,8.453390,1.567327,1.275876,-3.277470,0.0400
6.265728,4.041635,-0.964066,0.427528,7.710662,-11.029277,-91.354378,-27.510388,-50.112334,8.387340,1.601955,1.289472,-3.211640,0.0610
6.265728,4.041635,-0.964066,0.427528,7.726008,-11.023847,-91.301178,-27.510388,-50.112334,8.329939,1.627906,1.316129,-3.178493,0.0400
6.265728,4.041635,-0.964066,0.427528,7.749200,-11.010257,-91.260735,-27.510388,-50.112334,8.283927,1.649974,1.330626,-3.150961,0.0400
6.265728,4.041635,-0.964066,0.427528,7.776558,-11.002212,-91.210548,-27.510388,-50.112334,8.225576,1.679120,1.344767,-3.117042,0.0400
6.265728,4.041635,-0.964066,0.427528,7.810816,-10.993772,-91.169975,-27.510388,-50.112334,8.179907,1.701095,1.357040,-3.095985,0.0450
6.265728,4.041635,-0.964066,0.427528,7.830076,-10.991059,-91.125275,-27.510388,-50.112334,8.130641,1.724448,1.370907,-3.077809,0.0400
6.265728,4.041635,-0.964066,0.427528,7.864495,-10.980674,-91.081139,-27.510388,-50.112334,8.080329,1.750593,1.378142,-3.053463,0.0400
6.265728,4.041635,-0.964066,0.427528,7.884090,-10.977155,-91.040680,-27.510388,-50.112334,8.035202,1.772312,1.390044,-3.041107,0.0400
6.265728,4.041635,-0.964066,0.427528,7.907223,-10.968333,-91.001534,-27.510388,-50.112334,7.990253,1.793938,1.401662,-3.030839,0.0400
6.265728,4.041635,-0.964066,0.427528,7.934054,-10.956964,-90.953331,-27.510388,-50.112334,7.935042,1.821745,1.411793,-3.015043,0.0400
6.265728,4.041635,-0.964066,0.427528,7.962533,-10.945856,-90.910744,-27.510388,-50.112334,7.887313,1.846736,1.416976,-2.998357,0.0400
6.265728,4.041635,-0.964066,0.427528,7.987913,-10.934868,-90.867378,-27.510388,-50.112334,7.836204,1.872861,1.424688,-2.984721,0.0400
6.265728,4.041635,-0.964066,0.427528,8.015262,-10.931688,-90.821152,-27.510388,-50.112334,7.784974,1.896495,1.441439,-2.984436,0.0410
6.265728,4.041635,-0.964066,0.427528,8.044702,-10.922834,-90.776001,-27.510388,-50.112334,7.732566,1.922938,1.450244,-2.974682,0.0400
6.265728,4.041635,-0.964066,0.427528,8.070665,-10.913038,-90.722351,-27.510388,-50.112334,7.671423,1.952624,1.463822,-2.968818,0.0400
6.265728,4.041635,-0.964066,0.427528,8.095922,-10.905281,-90.683418,-27.510388,-50.112334,7.624616,1.977063,1.467299,-2.956629,0.0400
6.265728,4.041635,-0.964066,0.427528,8.120948,-10.897841,-90.631241,-27.510388,-50.112334,7.563924,2.006549,1.479774,-2.952186,0.0400
5.696115,4.041635,-0.817967,-0.000000,8.155877,-10.893931,-90.587433,-27.510392,-50.112334,7.520250,2.012286,1.510639,-3.000600,0.0400
5.696115,4.041635,-0.817967,-0.000000,8.176768,-10.881469,-90.537956,-27.510392,-50.112334,7.469149,2.016994,1.539254,-3.056449,0.0400
5.696115,4.041635,-0.817967,-0.000000,8.209380,-10.869085,-90.496109,-27.510392,-50.112334,7.427389,2.019479,1.563202,-3.098025,0.0400
5.696115,4.041635,-0.817967,-0.000000,8.231362,-10.865095,-90.456955,-27.510392,-50.112334,7.387280,2.022112,1.583815,-3.131826,0.0400
5.696115,4.041635,-0.817967,-0.000000,8.258624,-10.857875,-90.417931,-27.510392,-50.112334,7.347344,2.024656,1.603524,-3.161671,0.0400
5.696115,4.041635,-0.817967,-0.000000,8.283895,-10.850073,-90.358734,-27.510392,-50.112334,7.284413,2.031614,1.622655,-3.189232,0.0400
5.696115,4.041635,-0.817967,-0.000000,8.320436,-10.839515,-90.316238,-27.510392,-50.112334,7.245027,2.030590,1.649832,-3.223722,0.0400
5.696115,4.041635,-0.817967,-0.000000,8.341990,-10.828969,-90.270477,-27.510392,-50.112334,7.197880,2.035603,1.661157,-3.235553,0.0400
5.696115,4.041635,-0.817967,-0.000000,8.367068,-10.823218,-90.223541,-27.510392,-50.112334,7.149540,2.040243,1.673995,-3.247800,0.0400
5.696115,4.041635,-0.817967,-0.000000,8.398346,-10.807917,-90.184280,-27.510392,-50.112334,7.108907,2.045606,1.680626,-3.251038,0.0400
5.696115,4.041635,-0.817967,-0.000000,8.434625,-10.793178,-90.135284,-27.510392,-50.112334,7.056743,2.049290,1.697776,-3.264968,0.0600
5.696115,4.041635,-0.817967,-0.000000,8.456578,-10.793413,-90.083313,-27.510392,-50.112334,7.001697,2.055936,1.706878,-3.267140,0.0400
5.696115,4.041635,-0.817967,-0.000000,8.483962,-10.785201,-90.044014,-27.510392,-50.112334,6.962040,2.057411,1.722631,-3.279341,0.0400
5.696115,4.041635,-0.817967,-0.000000,8.504814,-10.779474,-89.998886,-27.510392,-50.112334,6.915018,2.061351,1.732478,-3.283005,0.0400
5.696115,4.041635,-0.817967,-0.000000,8.543420,-10.768338,-89.948807,-27.510392,-50.112334,6.863948,2.064557,1.748958,-3.291735,0.0400
5.696115,4.041635,-0.817967,-0.000000,8.568224,-10.757738,-89.905914,-27.510392,-50.112334,6.818841,2.068499,1.758535,-3.293275,0.0400
5.696115,4.041635,-0.817967,-0.000000,8.594818,-10.745551,-89.855774,-27.510392,-50.112334,6.768174,2.071653,1.771967,-3.297610,0.0400
5.696115,4.041635,-0.817967,-0.000000,8.616139,-10.737158,-89.824509,-27.510392,-50.112334,6.734939,2.073868,1.779673,-3.299095,0.0410
5.696115,4.041635,-0.817967,-0.000000,8.635547,-10.726762,-89.791122,-27.510392,-50.112334,6.698958,2.075685,1.789292,-3.301987,0.0400
4.936633,4.041635,-0.699644,-0.000000,8.657639,-10.725053,-89.755920,-27.510398,-50.112335,6.664884,2.077693,1.807515,-3.302244,0.0400
4.936633,4.041635,-0.699644,-0.000000,8.686253,-10.718068,-89.720047,-27.510398,-50.112335,6.627690,2.082488,1.825106,-3.294403,0.0400
4.936633,4.041635,-0.699644,-0.000000,8.714436,-10.711849,-89.679131,-27.510398,-50.112335,6.589960,2.083533,1.852387,-3.299196,0.0400
4.936633,4.041635,-0.699644,-0.000000,8.739531,-10.705532,-89.635414,-27.510398,-50.112335,6.547897,2.087621,1.870695,-3.293541,0.0400
4.936633,4.041635,-0.699644,-0.000000,8.759049,-10.705312,-89.598930,-27.510398,-50.112335,6.514098,2.089427,1.888590,-3.294692,0.0400
4.936633,4.041635,-0.699644,-0.000000,8.781631,-10.693668,-89.557495,-27.510398,-50.112335,6.473492,2.093789,1.901996,-3.288685,0.0400
4.936633,4.041635,-0.699644,-0.000000,8.808760,-10.672191,-89.519188,-27.510398,-50.112335,6.438757,2.095317,1.919727,-3.291225,0.0400
4.936633,4.041635,-0.699644,-0.000000,8.836983,-10.674218,-89.482704,-27.510398,-50.112335,6.405302,2.097131,1.934066,-3.291249,0.0400
4.936633,4.041635,-0.699644,-0.000000,8.867477,-10.668713,-89.437683,-27.510398,-50.112335,6.361299,2.101011,1.947211,-3.286230,0.0400
4.936633,4.041635,-0.699644,-0.000000,8.890595,-10.655528,-89.398323,-27.510398,-50.112335,6.322467,2.105516,1.955511,-3.279220,0.0400
4.936633,4.041635,-0.699644,-0.000000,8.919577,-10.647068,-89.342094,-27.510398,-50.112335,6.269355,2.107474,1.979529,-3.284767,0.0400
4.936633,4.041635,-0.699644,-0.000000,8.950557,-10.639229,-89.301613,-27.510398,-50.112335,6.226704,2.114517,1.981975,-3.271540,0.0400
4.936633,4.041635,-0.699644,-0.000000,8.978553,-10.630632,-89.269867,-27.510398,-50.112335,6.196562,2.116378,1.993135,-3.272851,0.0400
4.936633,4.041635,-0.699644,-0.000000,8.994493,-10.624738,-89.236862,-27.510398,-50.112335,6.165388,2.117946,2.005442,-3.275529,0.0400
4.936633,4.041635,-0.699644,-0.000000,9.014703,-10.620185,-89.197151,-27.510398,-50.112335,6.126433,2.121690,2.013224,-3.271388,0.0400
4.936633,4.041635,-0.699644,-0.000000,9.047486,-10.610238,-89.163658,-27.510398,-50.112335,6.089471,2.128892,2.013339,-3.258603,0.0400
4.936633,4.041635,-0.699644,-0.000000,9.071805,-10.606800,-89.119797,-27.510398,-50.112335,6.050922,2.128363,2.036068,-3.270907,0.0400
4.936633,4.041635,-0.699644,-0.000000,9.096200,-10.596411,-89.081741,-27.510398,-50.112335,6.013857,2.131880,2.044172,-3.267965,0.0410
4.936633,4.041635,-0.699644,-0.000000,9.127208,-10.583993,-89.039665,-27.510398,-50.112335,5.972220,2.134616,2.055825,-3.267708,0.0570
4.936633,3.704832,0.000000,-0.586467,9.141115,-10.585475,-89.002701,-27.510399,-50.112338,5.957146,2.117666,2.129695,-3.324555,0.0400
4.936633,3.704832,0.000000,-0.586467,9.166423,-10.577143,-88.965752,-27.510399,-50.112338,5.954888,2.091511,2.230035,-3.397368,0.0400
4.936633,3.704832,0.000000,-0.586467,9.194922,-10.567221,-88.922768,-27.510399,-50.112338,5.955714,2.056523,2.340468,-3.481255,0.0400
4.936633,3.704832,0.000000,-0.586467,9.227851,-10.558066,-88.885895,-27.510399,-50.112338,5.953614,2.030434,2.411735,-3.529665,0.0400
4.936633,3.704832,0.000000,-0.586467,9.252069,-10.556079,-88.848564,-27.510399,-50.112338,5.954019,2.000825,2.482121,-3.580750,0.0400
4.936633,3.704832,0.000000,-0.586467,9.277737,-10.542037,-88.808487,-27.510399,-50.112338,5.952277,1.972277,2.538511,-3.616481,0.0400
4.936633,3.704832,0.000000,-0.586467,9.301024,-10.530863,-88.773499,-27.510399,-50.112338,5.950016,1.947790,2.579894,-3.640526,0.0400
4.936633,3.704832,0.000000,-0.586467,9.321865,-10.526241,-88.732620,-27.510399,-50.112338,5.951109,1.914420,2.630973,-3.675263,0.0400
4.936633,3.704832,0.000000,-0.586467,9.342415,-10.519327,-88.699547,-27.510399,-50.112338,5.948583,1.891530,2.660642,-3.690147,0.0400
4.936633,3.704832,0.000000,-0.586467,9.372411,-10.510808,-88.667969,-27.510399,-50.112338,5.948415,1.867582,2.690689,-3.708452,0.0420
4.936633,3.704832,0.000000,-0.586467,9.381833,-10.512582,-88.632088,-27.510399,-50.112338,5.949210,1.838221,2.725223,-3.730934,0.0400
4.936633,3.704832,0.000000,-0.586467,9.410036,-10.496778,-88.595413,-27.510399,-50.112338,5.947609,1.811222,2.749282,-3.741567,0.0400
4.936633,3.704832,0.000000,-0.586467,9.434140,-10.495972,-88.563530,-27.510399,-50.112338,5.947822,1.786005,2.772861,-3.754661,0.0400
4.936633,3.704832,0.000000,-0.586467,9.457406,-10.485914,-88.530327,-27.510399,-50.112338,5.945859,1.761767,2.788922,-3.758994,0.0400
4.936633,3.704832,0.000000,-0.586467,9.472179,-10.477944,-88.499809,-27.510399,-50.112338,5.946251,1.736510,2.809292,-3.769668,0.0400
4.936633,3.704832,0.000000,-0.586467,9.495294,-10.475957,-88.457909,-27.510399,-50.112338,5.941300,1.708355,2.817282,-3.763394,0.0400
4.936633,3.704832,0.000000,-0.586467,9.532072,-10.469382,-88.420876,-27.510399,-50.112338,5.940797,1.679500,2.837957,-3.772617,0.0400
4.936633,3.704832,0.000000,-0.586467,9.554892,-10.457676,-88.379959,-27.510399,-50.112338,5.940469,1.649480,2.855420,-3.778538,0.0400
4.936633,3.704832,0.000000,-0.586467,9.576527,-10.451216,-88.342262,-27.510399,-50.112338,5.940207,1.619499,2.869827,-3.782123,0.0400
4.556892,4.378438,-0.320847,0.569136,9.607449,-10.446775,-88.307335,-27.510402,-50.112332,5.935555,1.612867,2.869992,-3.727997,0.0400
4.556892,4.378438,-0.320847,0.569136,9.624286,-10.441460,-88.278542,-27.510402,-50.112332,5.918143,1.644767,2.832321,-3.572432,0.0400
4.556892,4.378438,-0.320847,0.569136,9.649217,-10.429734,-88.245491,-27.510402,-50.112332,5.902939,1.674800,2.810232,-3.440489,0.0400
4.556892,4.378438,-0.320847,0.569136,9.669678,-10.425098,-88.210510,-27.510402,-50.112332,5.884153,1.710203,2.782316,-3.309875,0.0400
4.556892,4.378438,-0.320847,0.569136,9.696040,-10.416941,-88.168015,-27.510402,-50.112332,5.860962,1.753179,2.753305,-3.178818,0.0400
4.556892,4.378438,-0.320847,0.569136,9.715619,-10.405768,-88.133926,-27.510402,-50.112332,5.845007,1.785384,2.744270,-3.097013,0.0400
4.556892,4.378438,-0.320847,0.569136,9.736665,-10.396583,-88.103020,-27.510402,-50.112332,5.827579,1.817779,2.728896,-3.024756,0.0410
4.556892,4.378438,-0.320847,0.569136,9.771801,-10.390455,-88.065475,-27.510402,-50.112332,5.807848,1.855848,2.719623,-2.954816,0.0580
4.556892,4.378438,-0.320847,0.569136,9.786580,-10.390417,-88.033928,-27.510402,-50.112332,5.790153,1.889020,2.710965,-2.901945,0.0400
4.556892,4.378438,-0.320847,0.569136,9.811248,-10.389924,-87.997551,-27.510402,-50.112332,5.771593,1.924739,2.708423,-2.856870,0.0400
4.556892,4.378438,-0.320847,0.569136,9.837476,-10.378132,-87.964600,-27.510402,-50.112332,5.753950,1.958360,2.706737,-2.820129,0.0400
4.556892,4.378438,-0.320847,0.569136,9.856726,-10.377455,-87.935120,-27.510402,-50.112332,5.737419,1.989097,2.702825,-2.788401,0.0400
4.556892,4.378438,-0.320847,0.569136,9.872246,-10.363340,-87.901840,-27.510402,-50.112332,5.719612,2.023395,2.703204,-2.761011,0.0400
4.556892,4.378438,-0.320847,0.569136,9.895972,-10.359028,-87.875397,-27.510402,-50.112332,5.703703,2.052843,2.701998,-2.737326,0.0410
4.556892,4.378438,-0.320847,0.569136,9.910275,-10.354233,-87.840240,-27.510402,-50.112332,5.685918,2.087630,2.707596,-2.719152,0.0400
4.556892,4.378438,-0.320847,0.569136,9.936056,-10.345260,-87.810699,-27.510402,-50.112332,5.669509,2.118671,2.708577,-2.701307,0.0400
4.556892,4.378438,-0.320847,0.569136,9.956705,-10.338071,-87.782791,-27.510402,-50.112332,5.656151,2.146063,2.718445,-2.694607,0.0400
4.556892,4.378438,-0.320847,0.569136,9.981654,-10.335160,-87.749680,-27.510402,-50.112332,5.635812,2.183284,2.715431,-2.672629,0.0400
4.556892,4.378438,-0.320847,0.569136,10.006839,-10.329977,-87.720047,-27.510402,-50.112332,5.622313,2.211362,2.727846,-2.670472,0.0400
4.556892,4.378438,-0.320847,0.569136,10.020599,-10.319403,-87.689537,-27.510402,-50.112332,5.605550,2.243799,2.733174,-2.660905,0.0400
3.417668,5.052043,-0.673096,0.397991,10.046152,-10.313959,-87.659370,-27.510411,-50.112328,5.585999,2.271916,2.731578,-2.667746,0.0400
3.417668,5.052043,-0.673096,0.397991,10.075648,-10.310877,-87.636139,-27.510411,-50.112328,5.553324,2.294827,2.681916,-2.670705,0.0440
3.417668,5.052043,-0.673096,0.397991,10.081849,-10.301115,-87.607635,-27.510411,-50.112328,5.516440,2.320204,2.638556,-2.679947,0.0400
3.417668,5.052043,-0.673096,0.397991,10.106452,-10.298541,-87.570969,-27.510411,-50.112328,5.470502,2.351012,2.599142,-2.696296,0.0400
3.417668,5.052043,-0.673096,0.397991,10.132348,-10.290855,-87.546524,-27.510411,-50.112328,5.439643,2.371589,2.580036,-2.707644,0.0400
3.417668,5.052043,-0.673096,0.397991,10.156274,-10.288131,-87.517799,-27.510411,-50.112328,5.401704,2.397531,2.555933,-2.712468,0.0400
3.417668,5.052043,-0.673096,0.397991,10.176063,-10.277768,-87.483902,-27.510411,-50.112328,5.360565,2.425296,2.538588,-2.720654,0.0400
3.417668,5.052043,-0.673096,0.397991,10.197978,-10.275136,-87.452377,-27.510411,-50.112328,5.319605,2.452888,2.526352,-2.728193,0.0400
3.417668,5.052043,-0.673096,0.397991,10.227210,-10.273472,-87.417992,-27.510411,-50.112328,5.277646,2.481025,2.517656,-2.734912,0.0400
3.417668,5.052043,-0.673096,0.397991,10.247219,-10.261354,-87.388893,-27.510411,-50.112328,5.240236,2.506502,2.508618,-2.735753,0.0400
3.417668,5.052043,-0.673096,0.397991,10.274751,-10.255896,-87.361740,-27.510411,-50.112328,5.200596,2.534466,2.493447,-2.727266,0.0400
3.417668,5.052043,-0.673096,0.397991,10.284035,-10.246473,-87.333885,-27.510411,-50.112328,5.163664,2.559522,2.490599,-2.729093,0.0400
3.417668,5.052043,-0.673096,0.397991,10.311109,-10.240649,-87.290710,-27.510411,-50.112328,5.109238,2.595827,2.494806,-2.736975,0.0400
3.417668,5.052043,-0.673096,0.397991,10.347331,-10.231257,-87.259117,-27.510411,-50.112328,5.071629,2.621162,2.497402,-2.739208,0.0400
3.417668,5.052043,-0.673096,0.397991,10.375497,-10.231318,-87.226746,-27.510411,-50.112328,5.026548,2.653104,2.488163,-2.728891,0.0580
3.417668,5.052043,-0.673096,0.397991,10.390057,-10.221993,-87.198212,-27.510411,-50.112328,4.987641,2.680056,2.488080,-2.726379,0.0400
3.417668,5.052043,-0.673096,0.397991,10.404611,-10.219557,-87.170914,-27.510411,-50.112328,4.956761,2.699915,2.502362,-2.737881,0.0400
3.417668,5.052043,-0.673096,0.397991,10.429058,-10.214717,-87.143906,-27.510411,-50.112328,4.918908,2.726329,2.498792,-2.730642,0.0400
5.696115,3.368029,0.231677,-0.171234,10.445853,-10.201599,-87.115845,-27.510390,-50.112341,4.886108,2.747260,2.515327,-2.742286,0.0400
5.696115,3.368029,0.231677,-0.171234,10.469508,-10.196268,-87.087357,-27.510390,-50.112341,4.905302,2.734945,2.669084,-2.837147,0.0400
5.696115,3.368029,0.231677,-0.171234,10.491472,-10.196743,-87.064697,-27.510390,-50.112341,4.916694,2.729241,2.760418,-2.888305,0.0400
5.696115,3.368029,0.231677,-0.171234,10.512119,-10.194297,-87.037964,-27.510390,-50.112341,4.934410,2.718071,2.868761,-2.954228,0.0400
5.696115,3.368029,0.231677,-0.171234,10.535349,-10.184817,-87.006859,-27.510390,-50.112341,4.950942,2.709507,2.963316,-3.005254,0.0400
5.696115,3.368029,0.231677,-0.171234,10.550354,-10.171140,-86.982750,-27.510390,-50.112341,4.967102,2.699478,3.037738,-3.049596,0.0400
5.696115,3.368029,0.231677,-0.171234,10.572615,-10.176287,-86.952927,-27.510390,-50.112341,4.982899,2.691370,3.104330,-3.083887,0.0400
5.696115,3.368029,0.231677,-0.171234,10.598277,-10.165038,-86.926994,-27.510390,-50.112341,5.002026,2.679200,3.171061,-3.124017,0.0400
5.696115,3.368029,0.231677,-0.171234,10.617553,-10.157704,-86.894722,-27.510390,-50.112341,5.022278,2.667179,3.229237,-3.154524,0.0400
5.696115,3.368029,0.231677,-0.171234,10.633325,-10.152874,-86.868736,-27.510390,-50.112341,5.037906,2.658461,3.267520,-3.172605,0.0410
5.696115,3.368029,0.231677,-0.171234,10.658412,-10.146031,-86.842148,-27.510390,-50.112341,5.053547,2.649720,3.299154,-3.186366,0.0400
5.696115,3.368029,0.231677,-0.171234,10.680989,-10.145445,-86.818550,-27.510390,-50.112341,5.066422,2.642928,3.325557,-3.197091,0.0400
5.696115,3.368029,0.231677,-0.171234,10.705250,-10.139070,-86.795418,-27.510390,-50.112341,5.079372,2.636048,3.347546,-3.204941,0.0400
5.696115,3.368029,0.231677,-0.171234,10.719288,-10.131166,-86.774239,-27.510390,-50.112341,5.093778,2.627308,3.373384,-3.218354,0.0410
5.696115,3.368029,0.231677,-0.171234,10.738357,-10.126439,-86.750961,-27.510390,-50.112341,5.107669,2.619734,3.394474,-3.225903,0.0400
5.696115,3.368029,0.231677,-0.171234,10.752820,-10.124662,-86.724228,-27.510390,-50.112341,5.125444,2.609358,3.415092,-3.233723,0.0400
5.696115,3.368029,0.231677,-0.171234,10.779612,-10.117516,-86.693085,-27.510390,-50.112341,5.146118,2.596898,3.444739,-3.248043,0.0400
5.696115,3.368029,0.231677,-0.171234,10.797731,-10.114434,-86.667801,-27.510390,-50.112341,5.159533,2.590387,3.452416,-3.244677,0.0400
5.696115,3.368029,0.231677,-0.171234,10.818368,-10.106527,-86.642647,-27.510390,-50.112341,5.175453,2.581282,3.467807,-3.249441,0.0400
5.696115,3.368029,0.231677,-0.171234,10.839043,-10.098798,-86.621056,-27.510390,-50.112341,5.188475,2.574234,3.477099,-3.249709,0.0400
6.455597,3.031226,0.183408,-0.081335,10.856634,-10.095193,-86.597069,-27.510385,-50.112345,5.206684,2.563848,3.495883,-3.255948,0.0400
6.455597,3.031226,0.183408,-0.081335,10.875478,-10.091528,-86.567680,-27.510385,-50.112345,5.226699,2.555833,3.505392,-3.246908,0.0400
6.455597,3.031226,0.183408,-0.081335,10.896443,-10.085700,-86.545441,-27.510385,-50.112345,5.241018,2.551106,3.507583,-3.235620,0.0400
6.455597,3.031226,0.183408,-0.081335,10.924144,-10.078729,-86.519966,-27.510385,-50.112345,5.255533,2.547471,3.503107,-3.217212,0.0560
6.455597,3.031226,0.183408,-0.081335,10.936764,-10.081186,-86.498817,-27.510385,-50.112345,5.272401,2.540040,3.515877,-3.218124,0.0410
6.455597,3.031226,0.183408,-0.081335,10.961675,-10.075167,-86.479080,-27.510385,-50.112345,5.287054,2.533995,3.524286,-3.216164,0.0400
6.455597,3.031226,0.183408,-0.081335,10.978384,-10.069251,-86.456917,-27.510385,-50.112345,5.298551,2.532080,3.517810,-3.199456,0.0400
6.455597,3.031226,0.183408,-0.081335,10.997337,-10.052173,-86.433838,-27.510385,-50.112345,5.316956,2.523860,3.531746,-3.201644,0.0400
6.455597,3.031226,0.183408,-0.081335,11.011303,-10.052339,-86.414528,-27.510385,-50.112345,5.330450,2.518523,3.537873,-3.199137,0.0400
6.455597,3.031226,0.183408,-0.081335,11.029854,-10.040419,-86.392876,-27.510385,-50.112345,5.343131,2.514840,3.537167,-3.189564,0.0400
6.455597,3.031226,0.183408,-0.081335,11.048042,-10.040281,-86.367889,-27.510385,-50.112345,5.359648,2.508912,3.543723,-3.185767,0.0400
6.455597,3.031226,0.183408,-0.081335,11.067135,-10.034863,-86.344803,-27.510385,-50.112345,5.375336,2.503401,3.550399,-3.182756,0.0400
6.455597,3.031226,0.183408,-0.081335,11.084437,-10.029295,-86.324615,-27.510385,-50.112345,5.388262,2.499428,3.553441,-3.177801,0.0400
6.455597,3.031226,0.183408,-0.081335,11.102903,-10.020430,-86.303482,-27.510385,-50.112345,5.401135,2.495481,3.556267,-3.172660,0.0400
6.455597,3.031226,0.183408,-0.081335,11.127186,-10.018345,-86.282295,-27.510385,-50.112345,5.415929,2.490400,3.561314,-3.169286,0.0400
6.455597,3.031226,0.183408,-0.081335,11.143753,-10.018982,-86.262413,-27.510385,-50.112345,5.427942,2.486876,3.565338,-3.165660,0.0400
6.455597,3.031226,0.183408,-0.081335,11.165283,-10.019259,-86.240555,-27.510385,-50.112345,5.443762,2.481139,3.574091,-3.165789,0.0400
6.455597,3.031226,0.183408,-0.081335,11.182933,-10.012308,-86.216522,-27.510385,-50.112345,5.462276,2.473883,3.586120,-3.168203,0.0400
6.455597,3.031226,0.183408,-0.081335,11.197956,-10.003205,-86.193932,-27.510385,-50.112345,5.478807,2.467775,3.594341,-3.167945,0.0400
6.455597,3.031226,0.183408,-0.081335,11.222821,-10.004888,-86.173248,-27.510385,-50.112345,5.493503,2.462679,3.600516,-3.166624,0.0400
6.455597,3.031226,0.000000,0.000000,11.244173,-9.992931,-86.151115,-27.510385,-50.112345,5.506716,2.456628,3.595944,-3.163962,0.0400
6.455597,3.031226,0.000000,0.000000,11.262688,-9.990705,-86.124451,-27.510385,-50.112345,5.512621,2.456335,3.565242,-3.141828,0.0400
6.455597,3.031226,0.000000,0.000000,11.288287,-9.980760,-86.105209,-27.510385,-50.112345,5.519724,2.453564,3.555603,-3.135014,0.0400
6.455597,3.031226,0.000000,0.000000,11.319837,-9.977365,-86.087440,-27.510385,-50.112345,5.522792,2.454198,3.538585,-3.120286,0.0450
6.455597,3.031226,0.000000,0.000000,11.332666,-9.970751,-86.068916,-27.510385,-50.112345,5.527160,2.453952,3.527179,-3.109317,0.0400
6.455597,3.031226,0.000000,0.000000,11.339582,-9.970615,-86.046173,-27.510385,-50.112345,5.527379,2.457899,3.502753,-3.086382,0.0400
6.455597,3.031226,0.000000,0.000000,11.362890,-9.963726,-86.030708,-27.510385,-50.112345,5.533499,2.455532,3.506219,-3.087788,0.0400
6.455597,3.031226,0.000000,0.000000,11.382062,-9.964583,-86.013474,-27.510385,-50.112345,5.539933,2.453018,3.507718,-3.086803,0.0400
6.455597,3.031226,0.000000,0.000000,11.388684,-9.956664,-85.994240,-27.510385,-50.112345,5.545526,2.451917,3.502038,-3.078611,0.0400
6.455597,3.031226,0.000000,0.000000,11.411040,-9.956613,-85.977577,-27.510385,-50.112345,5.548731,2.452358,3.494375,-3.068824,0.0400
6.455597,3.031226,0.000000,0.000000,11.436269,-9.943743,-85.955559,-27.510385,-50.112345,5.555481,2.450488,3.497271,-3.066750,0.0560
6.455597,3.031226,0.000000,0.000000,11.460500,-9.945430,-85.937691,-27.510385,-50.112345,5.556832,2.452802,3.488919,-3.055031,0.0400
6.455597,3.031226,0.000000,0.000000,11.469965,-9.950034,-85.919182,-27.510385,-50.112345,5.561340,2.452206,3.492837,-3.054348,0.0400
6.455597,3.031226,0.000000,0.000000,11.485611,-9.938054,-85.897232,-27.510385,-50.112345,5.563673,2.454562,3.486331,-3.042978,0.0400
6.455597,3.031226,0.000000,0.000000,11.505918,-9.933292,-85.881714,-27.510385,-50.112345,5.567564,2.454218,3.491867,-3.043439,0.0400
6.455597,3.031226,0.000000,0.000000,11.515336,-9.926496,-85.861450,-27.510385,-50.112345,5.571718,2.454427,3.495266,-3.040975,0.0400
6.455597,3.031226,0.000000,0.000000,11.541486,-9.919919,-85.843582,-27.510385,-50.112345,5.577964,2.452541,3.505319,-3.044160,0.0400
6.455597,3.031226,0.000000,0.000000,11.556657,-9.914159,-85.828934,-27.510385,-50.112345,5.585151,2.449311,3.519515,-3.051466,0.0400
6.455597,3.031226,0.000000,0.000000,11.575797,-9.917503,-85.813591,-27.510385,-50.112345,5.589360,2.448791,3.523285,-3.049730,0.0400
6.455597,3.031226,0.000000,0.000000,11.594932,-9.917003,-85.798973,-27.510385,-50.112345,5.592847,2.448756,3.524818,-3.046373,0.0400
6.645468,3.031226,0.262367,0.000000,11.596927,-9.912093,-85.784470,-27.510383,-50.112346,5.607126,2.445911,3.557743,-3.050290,0.0400
6.645468,3.031226,0.262367,0.000000,11.612258,-9.902807,-85.767670,-27.510383,-50.112346,5.625103,2.445035,3.594983,-3.046945,0.0400
6.645468,3.031226,0.262367,0.000000,11.632301,-9.893069,-85.748032,-27.510383,-50.112346,5.649907,2.440066,3.645999,-3.055786,0.0400
6.645468,3.031226,0.262367,0.000000,11.644519,-9.892669,-85.728424,-27.510383,-50.112346,5.667067,2.441508,3.665781,-3.042938,0.0400
6.645468,3.031226,0.262367,0.000000,11.664960,-9.888164,-85.711372,-27.510383,-50.112346,5.686107,2.438665,3.695752,-3.046837,0.0400
6.645468,3.031226,0.262367,0.000000,11.689750,-9.886749,-85.692497,-27.510383,-50.112346,5.705311,2.439417,3.714939,-3.038196,0.0410
6.645468,3.031226,0.262367,0.000000,11.713139,-9.879223,-85.676575,-27.510383,-50.112346,5.724296,2.436610,3.741154,-3.043236,0.0400
6.645468,3.031226,0.262367,0.000000,11.740516,-9.872560,-85.656837,-27.510383,-50.112346,5.743809,2.438574,3.754947,-3.032733,0.0400
6.645468,3.031226,0.262367,0.000000,11.744775,-9.867290,-85.641853,-27.510383,-50.112346,5.759431,2.438429,3.767426,-3.029770,0.0400
6.645468,3.031226,0.262367,0.000000,11.769965,-9.870550,-85.623726,-27.510383,-50.112346,5.782740,2.435702,3.791534,-3.034353,0.0400
6.645468,3.031226,0.262367,0.000000,11.790897,-9.878677,-85.609116,-27.510383,-50.112346,5.799340,2.435237,3.803329,-3.033224,0.0410
6.645468,3.031226,0.262367,0.000000,11.808981,-9.869208,-85.592979,-27.510383,-50.112346,5.815461,2.436647,3.807965,-3.025422,0.0400
6.645468,3.031226,0.262367,0.000000,11.823251,-9.855416,-85.573845,-27.510383,-50.112346,5.838724,2.433865,3.828616,-3.030618,0.0400
6.645468,3.031226,0.262367,0.000000,11.845261,-9.848918,-85.556496,-27.510383,-50.112346,5.857977,2.434224,3.835371,-3.024991,0.0400
6.645468,3.031226,0.262367,0.000000,11.866368,-9.849228,-85.543655,-27.510383,-50.112346,5.872396,2.434341,3.841813,-3.022782,0.0410
6.645468,3.031226,0.262367,0.000000,11.876647,-9.849627,-85.531349,-27.510383,-50.112346,5.885812,2.434717,3.846756,-3.020162,0.0410
6.645468,3.031226,0.262367,0.000000,11.893005,-9.845338,-85.516670,-27.510383,-50.112346,5.905922,2.432785,3.859442,-3.022661,0.0400
6.645468,3.031226,0.262367,0.000000,11.923804,-9.839120,-85.497871,-27.510383,-50.112346,5.927767,2.431923,3.872058,-3.023214,0.0630
6.645468,3.031226,0.262367,0.000000,11.937092,-9.834794,-85.481781,-27.510383,-50.112346,5.947677,2.430087,3.884218,-3.025567,0.0400
6.835339,3.031226,0.221211,0.000000,11.952271,-9.824549,-85.465927,-27.510381,-50.112347,5.967410,2.428187,3.890043,-3.025461,0.0400
6.835339,3.031226,0.221211,0.000000,11.970285,-9.816276,-85.449944,-27.510381,-50.112347,5.988175,2.425707,3.894396,-3.026292,0.0400
6.835339,3.031226,0.221211,0.000000,11.990991,-9.808871,-85.436516,-27.510381,-50.112347,6.005357,2.422907,3.901582,-3.029391,0.0400
6.835339,3.031226,0.221211,0.000000,12.002511,-9.813102,-85.422318,-27.510381,-50.112347,6.020426,2.422609,3.898100,-3.023585,0.0400
6.835339,3.031226,0.221211,0.000000,12.019161,-9.809435,-85.406441,-27.510381,-50.112347,6.039613,2.420833,3.902198,-3.023112,0.0400
6.835339,3.031226,0.221211,0.000000,12.047457,-9.803400,-85.390434,-27.510381,-50.112347,6.055664,2.421889,3.896214,-3.013682,0.0400
6.835339,3.031226,0.221211,0.000000,12.064151,-9.807733,-85.375565,-27.510381,-50.112347,6.074037,2.420222,3.904517,-3.016174,0.0400
6.835339,3.031226,0.221211,0.000000,12.080576,-9.794750,-85.360672,-27.510381,-50.112347,6.091953,2.418891,3.910009,-3.015912,0.0400
6.835339,3.031226,0.221211,0.000000,12.095225,-9.785991,-85.342621,-27.510381,-50.112347,6.112866,2.418223,3.912689,-3.011999,0.0400
6.835339,3.031226,0.221211,0.000000,12.115493,-9.783048,-85.328545,-27.510381,-50.112347,6.127084,2.419649,3.909882,-3.004592,0.0400
6.835339,3.031226,0.221211,0.000000,12.129981,-9.779350,-85.314926,-27.510381,-50.112347,6.143445,2.418532,3.918030,-3.006539,0.0400
6.835339,3.031226,0.221211,0.000000,12.263142,-9.727133,-85.429535,-27.510381,-50.112347,6.160711,2.417118,3.929683,-3.006746,0.0400
6.835339,3.031226,0.221211,0.000000,12.119673,-9.850317,-85.624619,-27.510381,-50.112347,6.176896,2.416086,3.929614,-3.012548,0.0400
6.835339,3.031226,0.221211,0.000000,12.182442,-9.747938,-85.463486,-27.510381,-50.112347,6.185432,2.420879,3.910180,-2.999813,0.0400
6.835339,3.031226,0.221211,0.000000,12.174753,-9.831492,-85.338722,-27.510381,-50.112347,6.208359,2.417089,3.934189,-3.008152,0.0400
6.835339,3.031226,0.221211,0.000000,12.202359,-9.834291,-85.432945,-27.510381,-50.112347,6.224903,2.415667,3.946213,-3.008068,0.0400
6.835339,3.031226,0.221211,0.000000,12.107973,-9.953005,-85.469444,-27.510381,-50.112347,6.237408,2.417307,3.936890,-3.006468,0.0400
6.835339,3.031226,0.221211,0.000000,12.359765,-9.435701,-85.307732,-27.510381,-50.112347,6.255580,2.413755,3.957985,-3.006790,0.0400
6.835339,3.031226,0.221211,0.000000,12.406985,-9.996733,-85.428848,-27.510381,-50.112347,6.270820,2.412847,3.964445,-3.013811,0.0400
8.164433,2.357621,0.091775,-0.046513,12.175780,-9.872622,-85.391602,-27.510371,-50.112353,6.284869,2.407043,3.953107,-3.025517,0.0400
8.164433,2.357621,0.091775,-0.046513,12.140828,-9.760143,-85.312027,-27.510371,-50.112353,6.298967,2.401312,3.932064,-3.027238,0.0400
8.164433,2.357621,0.091775,-0.046513,12.291527,-9.747630,-85.093925,-27.510371,-50.112353,6.310168,2.397252,3.916776,-3.026754,0.0400
8.164433,2.357621,0.091775,-0.046513,12.266008,-9.890744,-84.862587,-27.510371,-50.112353,6.322597,2.391693,3.914225,-3.033590,0.0400
8.164433,2.357621,0.091775,-0.046513,12.601472,-9.505144,-84.656029,-27.510371,-50.112353,6.334932,2.386180,3.921215,-3.031023,0.0400
