2.468317,-3.368028,0.000000,0.000000,-1.716357,8.965299,-54.387100,-27.510372,-50.112393,2.342831,-3.199399,-0.155878,0.935847,0.2300
2.468317,-3.368028,0.000000,0.000000,-1.830392,9.034900,-55.385288,-27.510372,-50.112393,2.358706,-3.207290,-0.196123,1.110370,0.0400
2.468317,-3.368028,0.000000,0.000000,-1.977609,9.110296,-56.904793,-27.510372,-50.112393,2.371483,-3.208827,-0.248215,1.312288,0.0400
2.468317,-3.368028,0.000000,0.000000,-2.126159,9.198465,-58.988644,-27.510372,-50.112393,2.378858,-3.201159,-0.301742,1.503368,0.0400
2.468317,-3.368028,0.000000,0.000000,-2.258468,9.257660,-61.826374,-27.510372,-50.112393,2.383081,-3.189861,-0.352636,1.669404,0.0400
2.468317,-3.368028,0.000000,0.000000,-2.365833,9.302026,-65.457085,-27.510372,-50.112393,2.384399,-3.175233,-0.399410,1.812811,0.0400
2.468317,-3.368028,0.000000,0.000000,-2.457825,9.335597,-71.317253,-27.510372,-50.112393,2.384086,-3.156918,-0.448612,1.954221,0.0400
2.468317,-3.368028,0.000000,0.000000,-2.534581,9.358651,-80.040764,-27.510372,-50.112393,2.382998,-3.139851,-0.490976,2.066926,0.0400
2.468317,-3.368028,0.000000,0.000000,-2.598951,9.367808,-94.777451,-27.510372,-50.112393,2.380417,-3.119551,-0.533599,2.177551,0.0400
2.468317,-3.368028,0.000000,0.000000,-2.634426,9.350695,-119.035637,-27.510372,-50.112393,2.377469,-3.099912,-0.571773,2.270339,0.0400
2.468317,-3.368028,0.000000,0.000000,-2.668066,9.326590,-148.977295,-27.510372,-50.112393,2.373366,-3.077757,-0.608942,2.359475,0.0400
2.468317,-3.368028,0.000000,0.000000,-2.673143,9.284846,-169.982895,-27.510372,-50.112393,2.369858,-3.059861,-0.635251,2.418192,0.0400
2.468317,-3.368028,0.000000,0.000000,-2.660296,9.236299,176.975555,-27.510372,-50.112393,2.365727,-3.040822,-0.661494,2.479261,0.0400
2.468317,-3.368028,0.000000,0.000000,-2.639924,9.183281,168.935593,-27.510372,-50.112393,2.362146,-3.024647,-0.680111,2.519771,0.0400
2.468317,-3.368028,0.000000,0.000000,-2.608579,9.106289,162.648254,-27.510372,-50.112393,2.357474,-3.004612,-0.699098,2.562145,0.0400
2.468317,-3.368028,0.000000,0.000000,-2.550331,9.004054,159.149353,-27.510372,-50.112393,2.353215,-2.987129,-0.711999,2.594335,0.0400
2.468317,-3.368028,0.000000,0.000000,-2.494444,8.916969,156.509079,-27.510372,-50.112393,2.348867,-2.969579,-0.721333,2.620102,0.0400
2.468317,-3.368028,0.000000,0.000000,-2.404799,8.802263,154.365723,-27.510372,-50.112393,2.344824,-2.953161,-0.724176,2.632042,0.0400
2.468317,-3.368028,0.000000,0.000000,-2.301280,8.666453,152.851074,-27.510372,-50.112393,2.340694,-2.936620,-0.723949,2.643067,0.0400
2.278447,-3.368028,-0.205778,-0.000000,-2.184906,8.526624,151.828751,-27.510374,-50.112392,2.332560,-2.921371,-0.730245,2.652397,0.0400
2.278447,-3.368028,-0.205778,-0.000000,-2.082303,8.409205,150.975266,-27.510374,-50.112392,2.316305,-2.909132,-0.746368,2.645833,0.0400
2.278447,-3.368028,-0.205778,-0.000000,-1.942292,8.250899,150.191162,-27.510374,-50.112392,2.299269,-2.900311,-0.753104,2.618369,0.0400
2.278447,-3.368028,-0.205778,-0.000000,-1.785701,8.077381,149.561630,-27.510374,-50.112392,2.282255,-2.887542,-0.755538,2.604483,0.0400
2.278447,-3.368028,-0.205778,-0.000000,-1.599056,7.867733,148.996964,-27.510374,-50.112392,2.264876,-2.878353,-0.746141,2.568625,0.0400
2.278447,-3.368028,-0.205778,-0.000000,-1.428520,7.688500,148.616882,-27.510374,-50.112392,2.250106,-2.865796,-0.735506,2.553008,0.0400
2.278447,-3.368028,-0.205778,-0.000000,-1.238462,7.479697,148.326828,-27.510374,-50.112392,2.237424,-2.857283,-0.718102,2.524189,0.0400
2.278447,-3.368028,-0.205778,-0.000000,-1.038546,7.275811,148.046280,-27.510374,-50.112392,2.223134,-2.847680,-0.691101,2.486807,0.0400
2.278447,-3.368028,-0.205778,-0.000000,-0.798770,7.034143,147.842117,-27.510374,-50.112392,2.210825,-2.840092,-0.659591,2.445002,0.0400
2.278447,-3.368028,-0.205778,-0.000000,-0.591301,6.832852,147.688919,-27.510374,-50.112392,2.199755,-2.833692,-0.624368,2.401702,0.0400
2.278447,-3.368028,-0.205778,-0.000000,-0.322011,6.567002,147.566467,-27.510374,-50.112392,2.189463,-2.829914,-0.581557,2.346760,0.0400
2.278447,-3.368028,-0.205778,-0.000000,-0.044518,6.118873,147.479187,-27.510374,-50.112392,2.180137,-2.825035,-0.538889,2.297957,0.0420
2.278447,-3.368028,-0.205778,-0.000000,0.004935,6.176941,147.443558,-27.510374,-50.112392,2.171061,-2.822349,-0.493037,2.240732,0.0400
2.278447,-3.368028,-0.205778,-0.000000,0.334427,5.842962,147.455841,-27.510374,-50.112392,2.161745,-2.817761,-0.436437,2.184058,0.0400
2.278447,-3.368028,-0.205778,-0.000000,0.855008,5.499724,147.457108,-27.510374,-50.112392,2.153483,-2.814200,-0.376732,2.121331,0.0400
2.278447,-3.368028,-0.205778,-0.000000,0.706267,5.539803,147.462433,-27.510374,-50.112392,2.146236,-2.811516,-0.318184,2.072348,0.0400
2.278447,-3.368028,-0.205778,-0.000000,1.247765,5.215945,147.500061,-27.510374,-50.112392,2.140133,-2.809687,-0.259281,2.019826,0.0400
2.278447,-3.368028,-0.205778,-0.000000,1.608267,4.965818,147.664185,-27.510374,-50.112392,2.133713,-2.807873,-0.186226,1.955969,0.0400
2.278447,-3.368028,-0.205778,-0.000000,1.696413,4.657701,148.018509,-27.510374,-50.112392,2.128524,-2.808748,-0.123668,1.885447,0.0400
2.278447,-3.368028,-0.205778,-0.000000,1.804666,4.410785,148.618179,-27.510374,-50.112392,2.123274,-2.809653,-0.059048,1.813968,0.0400
2.278447,-3.368028,-0.205778,-0.000000,2.416972,3.774347,149.243668,-27.510374,-50.112392,2.119022,-2.809441,0.008325,1.738993,0.0400
2.278447,-3.368028,-0.205778,-0.000000,2.864036,3.531389,150.188217,-27.510374,-50.112392,2.114568,-2.809536,0.103733,1.645942,0.0400
2.278447,-3.368028,0.000000,0.000000,3.340967,3.347527,151.232193,-27.510373,-50.112393,2.116579,-2.810368,0.225367,1.559856,0.0400
2.278447,-3.368028,0.000000,0.000000,3.488709,3.385052,152.040955,-27.510373,-50.112393,2.121572,-2.811750,0.339152,1.489760,0.0400
2.278447,-3.368028,0.000000,0.000000,3.392067,3.493463,152.715912,-27.510373,-50.112393,2.127586,-2.813546,0.444838,1.430292,0.0400
2.278447,-3.368028,0.000000,0.000000,3.699597,3.097565,152.896240,-27.510373,-50.112393,2.134305,-2.817195,0.549942,1.356833,0.0400
2.278447,-3.368028,0.000000,0.000000,4.249241,2.750015,152.856308,-27.510373,-50.112393,2.140229,-2.819504,0.643113,1.293649,0.0400
2.278447,-3.368028,0.000000,0.000000,4.950649,2.452886,152.845291,-27.510373,-50.112393,2.149102,-2.822666,0.781607,1.210657,0.0570
2.278447,-3.368028,0.000000,0.000000,5.318534,2.270671,153.013702,-27.510373,-50.112393,2.155322,-2.826859,0.888882,1.142315,0.0400
2.278447,-3.368028,0.000000,0.000000,5.685049,2.065239,153.327393,-27.510373,-50.112393,2.163742,-2.829041,1.008164,1.077236,0.0400
2.278447,-3.368028,0.000000,0.000000,5.924719,1.752399,153.561569,-27.510373,-50.112393,2.170939,-2.833752,1.115719,1.004416,0.0400
2.278447,-3.368028,0.000000,0.000000,6.038729,1.445394,153.624802,-27.510373,-50.112393,2.179555,-2.837674,1.221945,0.929501,0.0400
2.278447,-3.368028,0.000000,0.000000,6.067260,1.216339,153.636353,-27.510373,-50.112393,2.187965,-2.843046,1.315023,0.847828,0.0400
2.278447,-3.368028,0.000000,0.000000,6.501812,0.788655,153.882217,-27.510373,-50.112393,2.197508,-2.847674,1.411802,0.762035,0.0400
2.278447,-3.368028,0.000000,0.000000,7.101884,0.615966,154.455841,-27.510373,-50.112393,2.206869,-2.852460,1.516722,0.686282,0.0400
2.278447,-3.368028,0.000000,0.000000,7.457344,0.525332,155.241150,-27.510373,-50.112393,2.216858,-2.858870,1.633864,0.600895,0.0400
2.278447,-3.368028,0.000000,0.000000,7.608887,0.351513,156.127258,-27.510373,-50.112393,2.228524,-2.866063,1.753869,0.513127,0.0400
2.278447,-3.368028,0.000000,0.000000,7.825925,0.219032,156.932617,-27.510373,-50.112393,2.237972,-2.872391,1.847815,0.444579,0.0400
2.278447,-3.368028,0.000000,0.000000,8.039106,-0.218593,157.912750,-27.510373,-50.112393,2.250094,-2.878645,1.948019,0.369014,0.0400
2.278447,-3.368028,0.000000,0.000000,8.215180,-0.243619,158.901367,-27.510373,-50.112393,2.258426,-2.884528,2.021886,0.312472,0.0400
2.278447,-3.368028,0.000000,0.000000,8.462730,-0.399272,160.644730,-27.510373,-50.112393,2.272195,-2.892814,2.130769,0.231066,0.0400
2.278447,-3.368028,0.000000,0.000000,8.689938,-0.583391,162.427826,-27.510373,-50.112393,2.283370,-2.900032,2.216699,0.165035,0.0400
2.468317,-3.368028,0.195489,0.000000,8.902864,-0.765912,164.125000,-27.510371,-50.112394,2.302365,-2.905664,2.306789,0.115675,0.0440
2.468317,-3.368028,0.195489,0.000000,9.006937,-0.845839,166.032944,-27.510371,-50.112394,2.321369,-2.911123,2.389860,0.070054,0.0400
2.468317,-3.368028,0.195489,0.000000,9.151849,-0.939604,169.140869,-27.510371,-50.112394,2.346406,-2.918210,2.491619,0.015157,0.0400
2.468317,-3.368028,0.195489,0.000000,9.294884,-1.013135,173.197540,-27.510371,-50.112394,2.371723,-2.926142,2.582495,-0.038246,0.0400
2.468317,-3.368028,0.195489,0.000000,9.421197,-1.097861,177.544983,-27.510371,-50.112394,2.393496,-2.932537,2.660956,-0.081954,0.0410
2.468317,-3.368028,0.195489,0.000000,9.499435,-1.169189,-176.263458,-27.510371,-50.112394,2.415259,-2.939629,2.727292,-0.124136,0.0400
2.468317,-3.368028,0.195489,0.000000,9.576160,-1.203031,-167.733292,-27.510371,-50.112394,2.437935,-2.946956,2.790954,-0.163238,0.0400
2.468317,-3.368028,0.195489,0.000000,9.643492,-1.244039,-157.857590,-27.510371,-50.112394,2.461830,-2.953490,2.853936,-0.195368,0.0400
2.468317,-3.368028,0.195489,0.000000,9.658270,-1.256901,-143.951187,-27.510371,-50.112394,2.483641,-2.960678,2.900371,-0.225500,0.0400
2.468317,-3.368028,0.195489,0.000000,9.680984,-1.250312,-131.276611,-27.510371,-50.112394,2.502310,-2.966403,2.936369,-0.245609,0.0400
2.468317,-3.368028,0.195489,0.000000,9.678811,-1.238816,-112.892174,-27.510371,-50.112394,2.527621,-2.974503,2.979963,-0.270557,0.0400
2.468317,-3.368028,0.195489,0.000000,9.644715,-1.195569,-100.484604,-27.510371,-50.112394,2.545836,-2.980603,3.004972,-0.285152,0.0400
2.468317,-3.368028,0.195489,0.000000,9.613478,-1.142734,-90.238792,-27.510371,-50.112394,2.566852,-2.986890,3.032862,-0.296148,0.0400
2.468317,-3.368028,0.195489,0.000000,9.537401,-1.083276,-81.855400,-27.510371,-50.112394,2.586449,-2.993276,3.047170,-0.302267,0.0400
2.468317,-3.368028,0.195489,0.000000,9.444592,-1.001086,-75.287865,-27.510371,-50.112394,2.606704,-2.999766,3.055986,-0.303872,0.0400
2.468317,-3.368028,0.195489,0.000000,9.322908,-0.921351,-70.736305,-27.510371,-50.112394,2.626929,-3.005657,3.065228,-0.302305,0.0400
2.468317,-3.368028,0.195489,0.000000,9.507884,-0.375386,-66.905930,-27.510371,-50.112394,2.646416,-3.011801,3.069669,-0.280320,0.0400
2.468317,-3.368028,0.195489,0.000000,8.843779,-0.778133,-65.078819,-27.510371,-50.112394,2.668517,-3.017956,3.056094,-0.272015,0.0400
2.468317,-3.368028,0.195489,0.000000,8.960442,-0.757934,-62.960041,-27.510371,-50.112394,2.687093,-3.023687,3.028761,-0.276035,0.0400
2.848058,-3.368028,0.061733,0.000000,8.597395,-0.373113,-60.131798,-27.510371,-50.112394,2.705123,-3.028835,3.008353,-0.247809,0.0410
2.848058,-3.368028,0.061733,0.000000,8.761454,0.225345,-58.040981,-27.510371,-50.112394,2.722237,-3.033940,2.968698,-0.208693,0.0400
2.848058,-3.368028,0.061733,0.000000,8.249380,-0.150581,-56.625385,-27.510371,-50.112394,2.734147,-3.038591,2.906340,-0.181098,0.0400
