0.949353,0.000000,0.036011,0.000000,-0.171810,-0.065568,0.132374,-27.510372,-50.112370,0.944560,-0.000346,0.7050
0.949353,0.000000,0.036011,0.000000,-0.167960,-0.064481,0.133185,-27.510372,-50.112370,0.944815,-0.000347,0.0410
0.949353,0.000000,0.036011,0.000000,0.077028,0.061866,0.136801,-27.510372,-50.112370,0.948587,-0.000361,0.0490
0.949353,0.000000,0.036011,0.000000,-0.068782,-0.068423,0.140194,-27.510372,-50.112370,0.950903,-0.000372,0.0750
0.949353,0.000000,0.036011,0.000000,-0.134894,-0.042206,0.140472,-27.510372,-50.112370,0.952235,-0.000334,0.0400
0.949353,0.000000,0.000000,0.000000,-0.103560,0.031682,0.149242,-27.510371,-50.112370,0.953021,-0.000369,0.0680
0.949353,0.000000,0.000000,0.000000,-0.090637,0.032840,0.152028,-27.510371,-50.112370,0.952390,-0.000300,0.1110
0.949353,0.000000,0.000000,0.000000,0.084912,-0.068960,0.155635,-27.510371,-50.112370,0.952173,-0.000281,0.0740
0.949353,0.000000,0.000000,0.000000,-0.418207,-0.121921,0.157760,-27.510371,-50.112370,0.952037,-0.000257,0.0590
0.949353,0.000000,0.000000,0.000000,-0.225688,-0.001771,0.166539,-27.510371,-50.112370,0.951841,-0.000244,0.0810
0.949353,0.000000,0.000000,0.000000,0.082677,-0.013540,0.164750,-27.510371,-50.112370,0.951745,-0.000236,0.0400
0.949353,0.000000,0.000000,0.000000,-0.133181,0.062920,0.171396,-27.510371,-50.112370,0.951818,-0.000329,0.0420
0.949353,0.000000,0.000000,0.000000,0.149477,-0.026711,0.185864,-27.510371,-50.112370,0.951699,-0.000317,0.0780
0.949353,0.000000,0.000000,0.000000,0.233267,0.137879,0.192587,-27.510371,-50.112370,0.951601,-0.000300,0.0400
0.949353,0.000000,0.000000,0.000000,0.228251,0.135301,0.193082,-27.510371,-50.112370,0.951593,-0.000300,0.0400
0.949353,0.000000,0.000000,0.000000,-0.638369,0.004371,0.201976,-27.510371,-50.112370,0.951773,-0.000411,0.0530
0.949353,0.000000,0.000000,0.000000,-0.022352,-0.110894,0.209079,-27.510371,-50.112370,0.952037,-0.000399,0.0550
0.949353,0.000000,0.000000,0.000000,-0.212997,0.021388,0.214407,-27.510371,-50.112370,0.952054,-0.000393,0.0400
0.949353,0.000000,0.000000,0.000000,-0.263051,-0.005670,0.226337,-27.510371,-50.112370,0.951794,-0.000398,0.0800
0.949353,0.000000,0.000000,0.000000,-0.244263,0.229183,0.242887,-27.510371,-50.112370,0.951789,-0.000445,0.0410
0.949353,0.000000,0.000000,0.000000,0.255090,0.230858,0.352734,-27.510371,-50.112370,0.951663,-0.000396,0.0840
1.329094,0.000000,0.077167,0.000000,-0.550690,0.304009,0.474728,-27.510370,-50.112369,0.958705,-0.000485,0.0470
1.329094,0.000000,0.077167,0.000000,-0.697769,0.605204,0.636356,-27.510370,-50.112369,0.973964,-0.000558,0.0500
1.329094,0.000000,0.077167,0.000000,-0.485557,0.255846,0.847805,-27.510370,-50.112369,0.988294,-0.000538,0.0530
1.329094,0.000000,0.077167,0.000000,-0.415381,0.554287,1.028638,-27.510370,-50.112369,0.999770,-0.000683,0.0410
1.329094,0.000000,0.077167,0.000000,-0.395314,0.585105,1.037743,-27.510370,-50.112369,1.000297,-0.000682,0.0400
1.329094,0.000000,0.077167,0.000000,-0.395314,0.585105,1.037743,-27.510370,-50.112369,1.000297,-0.000682,0.0410
1.329094,0.000000,0.077167,0.000000,0.904164,0.316271,1.804217,-27.510370,-50.112369,1.007458,0.005115,0.0630
1.329094,0.000000,0.077167,0.000000,-0.068808,0.245664,-13.303935,-27.510370,-50.112369,1.093501,0.001502,0.3760
1.518965,0.000000,0.087456,0.000000,1.189903,-0.793704,-46.007896,-27.510368,-50.112369,1.204386,0.000578,0.6490
1.518965,0.000000,0.087456,0.000000,1.023417,-0.904083,-51.667721,-27.510368,-50.112369,1.227701,-0.000802,0.1300
1.518965,0.000000,0.087456,0.000000,0.755433,-1.772432,-53.580177,-27.510368,-50.112369,1.243691,-0.001756,0.0800
1.518965,0.000000,0.087456,0.000000,0.651180,-1.595778,-55.457611,-27.510368,-50.112369,1.311527,-0.012587,0.3340
0.759482,0.336803,-0.235138,0.104275,0.509891,0.021620,-54.682961,-27.510374,-50.112366,1.138092,0.069861,0.6020
0.759482,0.336803,-0.235138,0.104275,0.124928,0.093037,-54.699947,-27.510374,-50.112366,1.077922,0.099784,0.2500
0.759482,0.336803,-0.235138,0.104275,0.197357,0.225194,-54.659054,-27.510374,-50.112366,1.058169,0.109820,0.0650
0.949353,1.347211,0.085508,0.455036,0.624412,1.039943,-53.246246,-27.510373,-50.112357,1.018562,0.312281,0.4590
0.949353,1.347211,0.085508,0.455036,0.748570,1.177067,-53.002167,-27.510373,-50.112357,1.022245,0.348626,0.0400
0.949353,1.347211,0.085508,0.455036,1.118893,1.475842,-52.658928,-27.510373,-50.112357,1.027508,0.397578,0.0860
0.949353,1.347211,0.085508,0.455036,1.271154,2.375654,-52.480778,-27.510373,-50.112357,1.030487,0.427119,0.0450
0.949353,1.347211,0.085508,0.455036,0.691933,0.772105,-53.252705,-27.510373,-50.112357,1.041389,0.514149,0.1310
0.949353,1.347211,0.085508,0.455036,-0.054769,1.035839,-53.935787,-27.510373,-50.112357,1.045000,0.548971,0.0620
0.949353,1.347211,0.085508,0.455036,0.588350,0.178189,-54.388474,-27.510373,-50.112357,1.047063,0.569865,0.0400
0.949353,1.347211,0.085508,0.455036,0.377500,0.311297,-55.806606,-27.510373,-50.112357,1.057908,0.613124,0.0580
0.949353,1.347211,0.085508,0.455036,-0.612527,0.633853,-57.526291,-27.510373,-50.112357,1.061537,0.655953,0.0760
0.949353,1.347211,0.085508,0.455036,-0.257235,-0.037829,-58.292728,-27.510373,-50.112357,1.067725,0.712335,0.0990
0.949353,1.347211,0.085508,0.455036,-0.036744,-0.184606,-58.637051,-27.510373,-50.112357,1.073437,0.763139,0.0900
0.379741,2.694422,-0.340578,0.805515,-0.552742,0.589695,-58.785709,-27.510377,-50.112345,1.056454,0.809372,0.0400
0.379741,2.694422,-0.340578,0.805515,-0.180493,0.346952,-58.838665,-27.510377,-50.112345,1.049403,0.826140,0.0410
0.379741,2.694422,-0.340578,0.805515,-0.180493,0.346952,-58.838665,-27.510377,-50.112345,1.049403,0.826140,0.0410
0.379741,2.694422,-0.340578,0.805515,-0.180493,0.346952,-58.838665,-27.510377,-50.112345,1.049403,0.826140,0.0400
0.379741,2.694422,-0.340578,0.805515,-0.180493,0.346952,-58.838665,-27.510377,-50.112345,1.049403,0.826140,0.0410
0.379741,2.694422,-0.340578,0.805515,-0.180493,0.346952,-58.838665,-27.510377,-50.112345,1.049403,0.826140,0.0410
0.379741,2.694422,-0.340578,0.805515,-0.180493,0.346952,-58.838665,-27.510377,-50.112345,1.049403,0.826140,0.0410
0.379741,2.694422,-0.340578,0.805515,-0.795512,0.859088,-60.039104,-27.510377,-50.112345,0.976948,1.081546,0.0850
0.379741,2.694422,-0.340578,0.805515,-0.501893,0.371253,-60.137283,-27.510377,-50.112345,0.958831,1.127471,0.0400
0.379741,2.694422,-0.340578,0.805515,0.172252,0.170506,-60.171547,-27.510377,-50.112345,0.948067,1.154418,0.0410
0.379741,2.694422,-0.340578,0.805515,0.172252,0.170506,-60.171547,-27.510377,-50.112345,0.948067,1.154418,0.0400
0.379741,2.694422,-0.340578,0.805515,-1.236431,0.261828,-62.933228,-27.510377,-50.112345,0.893910,1.286039,0.0840
0.379741,2.694422,-0.340578,0.805515,-1.838715,1.020935,-64.301140,-27.510377,-50.112345,0.874754,1.338420,0.0490
0.379741,2.694422,-0.340578,0.805515,-1.365862,0.043393,-65.329857,-27.510377,-50.112345,0.847538,1.410852,0.0700
0.379741,2.694422,-0.340578,0.805515,-1.463155,-0.496101,-65.958099,-27.510377,-50.112345,0.818384,1.491045,0.0800
0.569612,3.031225,0.348637,0.618431,-0.692068,0.824622,-66.217186,-27.510376,-50.112341,0.785193,1.810904,0.3500
0.569612,3.031225,0.348637,0.618431,-0.102983,0.383333,-64.747215,-27.510376,-50.112341,0.806133,1.860084,0.0610
0.569612,3.031225,0.348637,0.618431,0.583749,0.585756,-63.539261,-27.510376,-50.112341,0.820030,1.891437,0.0400
0.569612,3.031225,0.348637,0.618431,0.417649,0.929862,-63.086311,-27.510376,-50.112341,0.824298,1.901055,0.0460
0.569612,3.031225,0.348637,0.618431,1.195108,0.940057,-57.410725,-27.510376,-50.112341,0.844131,1.987941,0.0800
0.569612,3.031225,0.348637,0.618431,1.273673,0.887493,-55.527790,-27.510376,-50.112341,0.857396,2.018907,0.0400
0.569612,3.031225,0.348637,0.618431,0.849191,1.301258,-51.323345,-27.510376,-50.112341,0.954443,2.263204,0.3290
-3.797412,1.010410,-1.269914,-0.587646,0.341065,0.609019,-57.561535,-27.510415,-50.112363,0.986252,2.432933,0.2820
-3.797412,1.010410,-1.269914,-0.587646,-0.195284,0.441460,-58.018925,-27.510415,-50.112363,0.852733,2.377993,0.0690
-3.797412,1.010410,-1.269914,-0.587646,-0.751534,0.448278,-58.297550,-27.510415,-50.112363,0.768804,2.342772,0.0400
-3.797412,1.010410,-1.269914,-0.587646,-0.368170,0.676154,-58.927998,-27.510415,-50.112363,0.645428,2.305319,0.0890
-3.797412,1.010410,-1.269914,-0.587646,0.053237,-0.024710,-59.166645,-27.510415,-50.112363,0.566763,2.270980,0.0400
-3.797412,1.010410,-1.269914,-0.587646,-0.315147,0.455221,-59.410332,-27.510415,-50.112363,0.505498,2.245134,0.0400
-3.797412,1.010410,-1.269914,-0.587646,-0.097694,-0.009605,-61.339436,-27.510415,-50.112363,0.418144,2.219466,0.0640
-3.797412,1.010410,-1.269914,-0.587646,-0.838193,0.438804,-63.916172,-27.510415,-50.112363,0.262582,2.152368,0.0830
-3.797412,1.010410,-1.269914,-0.587646,-0.788077,0.404399,-64.594154,-27.510415,-50.112363,0.205146,2.128279,0.0410
-3.797412,1.010410,-1.269914,-0.587646,-1.723770,0.533137,-65.717056,-27.510415,-50.112363,0.044329,2.061414,0.0800
-3.797412,1.010410,-1.269914,-0.587646,-0.762736,-0.076413,-66.105812,-27.510415,-50.112363,-0.030887,2.029479,0.0400
-3.797412,1.010410,-1.269914,-0.587646,-0.919385,-0.697597,-66.237030,-27.510415,-50.112363,-0.056282,2.018868,0.0400
-3.797412,1.010410,-1.269914,-0.587646,-0.919385,-0.697597,-66.237030,-27.510415,-50.112363,-0.056282,2.018868,0.0400
-3.797412,1.010410,-1.269914,-0.587646,-0.919385,-0.697597,-66.237030,-27.510415,-50.112363,-0.056282,2.018868,0.0410
-3.797412,1.010410,-1.269914,-0.587646,-0.919385,-0.697597,-66.237030,-27.510415,-50.112363,-0.056282,2.018868,0.0400
-3.797412,1.010410,-1.269914,-0.587646,-0.919385,-0.697597,-66.237030,-27.510415,-50.112363,-0.056282,2.018868,0.0400
-3.797412,1.010410,-1.269914,-0.587646,-0.919385,-0.697597,-66.237030,-27.510415,-50.112363,-0.056282,2.018868,0.0410
-3.797412,1.010410,-1.269914,-0.587646,-2.653168,1.490802,-84.816055,-27.510415,-50.112363,-0.485510,1.843212,0.0630
-7.404954,-1.684011,-1.797065,-1.342202,-3.705169,2.337875,-90.098343,-27.510448,-50.112390,-0.610092,1.746044,0.0700
-7.404954,-1.684011,-1.797065,-1.342202,-1.690966,4.749224,-114.461761,-27.510448,-50.112390,-1.411478,1.085789,0.2550
-7.404954,-1.684011,-1.797065,-1.342202,-1.052439,3.111325,-123.716927,-27.510448,-50.112390,-2.272942,0.471505,0.3960
-7.404954,-1.684011,-1.797065,-1.342202,-0.694315,3.908318,-125.750175,-27.510448,-50.112390,-2.451233,0.348073,0.0870
-7.404954,-1.684011,-1.797065,-1.342202,-0.645828,4.225591,-126.146492,-27.510448,-50.112390,-2.547970,0.278608,0.0400
-7.404954,-1.684011,-1.797065,-1.342202,-0.693687,3.658516,-126.221077,-27.510448,-50.112390,-2.572129,0.261416,0.0410
-7.404954,-1.684011,-1.797065,-1.342202,-0.540789,2.845944,-126.880272,-27.510448,-50.112390,-2.825368,0.120634,0.0800
-7.404954,-1.684011,-1.797065,-1.342202,-1.219378,2.731233,-127.203957,-27.510448,-50.112390,-2.919487,0.051020,0.0400
-7.404954,-1.684011,-1.797065,-1.342202,-0.798443,2.331973,-127.327034,-27.510501,-50.112419,-2.954468,0.026499,0.0400
-7.404954,-1.684011,-1.797065,-1.342202,-0.798443,2.331973,-127.327034,-27.510501,-50.112419,-2.954468,0.026499,0.0410
-13.290943,-4.715232,-2.853915,-1.469736,-1.057712,1.373221,-129.756104,-27.510501,-50.112419,-3.296890,-0.117556,0.0610
-13.290943,-4.715232,-2.853915,-1.469736,-0.459337,1.324895,-131.336151,-27.510501,-50.112419,-3.548594,-0.257478,0.0580
-13.290943,-4.715232,-2.853915,-1.469736,-0.009152,1.615322,-132.814041,-27.510501,-50.112419,-3.718665,-0.346336,0.0400
-13.290943,-4.715232,-2.853915,-1.469736,0.021805,1.576733,-133.106720,-27.510501,-50.112419,-3.751860,-0.363544,0.0400
-13.290943,-4.715232,-2.853915,-1.469736,0.021805,1.576733,-133.106720,-27.510501,-50.112419,-3.751860,-0.363544,0.0410
-13.290943,-4.715232,-2.853915,-1.469736,0.021805,1.576733,-133.106720,-27.510501,-50.112419,-3.751860,-0.363544,0.0490
-13.290943,-4.715232,-2.853915,-1.469736,-2.111809,0.596619,-134.758942,-27.510501,-50.112419,-4.500754,-0.737769,0.0990
-13.290943,-4.715232,-2.853915,-1.469736,-1.777331,0.615534,-135.493301,-27.510501,-50.112419,-5.048919,-1.020792,0.1500
-13.290943,-4.715232,-2.853915,-1.469736,-1.580899,0.342121,-137.129990,-27.510501,-50.112419,-5.400652,-1.200746,0.0940
-13.290943,-4.715232,-2.853915,-1.469736,-1.157447,0.516267,-138.246307,-27.510501,-50.112419,-5.658279,-1.332192,0.0690
-13.290943,-4.715232,-2.853915,-1.469736,-1.829266,0.067309,-139.155472,-27.510501,-50.112419,-5.967142,-1.487933,0.0840
-13.290943,-4.715232,-2.853915,-1.469736,-1.683315,0.074339,-140.073975,-27.510501,-50.112419,-6.129589,-1.570381,0.0400
-13.290943,-4.715232,-2.853915,-1.469736,-1.246625,0.115342,-140.473511,-27.510501,-50.112419,-6.184635,-1.598156,0.0510
-15.949132,-6.062441,-2.789963,-1.413994,-0.833290,0.857067,-145.922180,-27.510525,-50.112429,-6.573621,-1.783568,0.0800
-15.949132,-6.062441,-2.789963,-1.413994,-0.653966,1.332559,-149.151138,-27.510525,-50.112429,-6.775390,-1.886469,0.0530
-15.949132,-6.062441,-2.789963,-1.413994,-0.679986,1.987337,-150.434174,-27.510525,-50.112429,-6.848042,-1.923233,0.0400
-15.949132,-6.062441,-2.789963,-1.413994,0.501731,2.877900,-157.070663,-27.510525,-50.112429,-7.122402,-2.046472,0.0590
-15.949132,-6.062441,-2.789963,-1.413994,1.027343,4.033640,-161.451813,-27.510525,-50.112429,-7.333784,-2.160708,0.0570
-15.949132,-6.062441,-2.789963,-1.413994,2.383071,4.725262,-163.729797,-27.510525,-50.112429,-7.491210,-2.244035,0.0400
-15.949132,-6.062441,-2.789963,-1.413994,2.152536,3.878550,-164.152969,-27.510525,-50.112429,-7.532632,-2.265454,0.0410
-15.949132,-6.062441,-2.789963,-1.413994,2.152536,3.878550,-164.152969,-27.510525,-50.112429,-7.532632,-2.265454,0.0400
-15.949132,-6.062441,-2.789963,-1.413994,2.152536,3.878550,-164.152969,-27.510525,-50.112429,-7.532632,-2.265454,0.0400
-15.949132,-6.062441,-2.789963,-1.413994,2.152536,3.878550,-164.152969,-27.510525,-50.112429,-7.532632,-2.265454,0.0410
-15.949132,-6.062441,-2.789963,-1.413994,2.152536,3.878550,-164.152969,-27.510525,-50.112429,-7.532632,-2.265454,0.0410
-15.949132,-6.062441,-2.789963,-1.413994,2.152536,3.878550,-164.152969,-27.510525,-50.112429,-7.532632,-2.265454,0.0400
-15.949132,-6.062441,-2.789963,-1.413994,2.152536,3.878550,-164.152969,-27.510525,-50.112429,-7.532632,-2.265454,0.0410
-15.949132,-6.062441,-2.789963,-1.413994,2.152536,3.878550,-164.152969,-27.510525,-50.112429,-7.532632,-2.265454,0.0410
-15.949132,-6.062441,-2.789963,-1.413994,2.152536,3.878550,-164.152969,-27.510525,-50.112429,-7.532632,-2.265454,0.0400
-15.949132,-6.062441,-2.789963,-1.413994,2.152536,3.878550,-164.152969,-27.510525,-50.112429,-7.532632,-2.265454,0.0400
-15.949132,-6.062441,-2.789963,-1.413994,2.152536,3.878550,-164.152969,-27.510525,-50.112429,-7.532632,-2.265454,0.0410
-15.949132,-6.062441,-2.789963,-1.413994,2.152536,3.878550,-164.152969,-27.510525,-50.112429,-7.532632,-2.265454,0.0400
-15.949132,-6.062441,-2.789963,-1.413994,2.152536,3.878550,-164.152969,-27.510525,-50.112429,-7.532632,-2.265454,0.0410
-15.949132,-6.062441,-2.789963,-1.413994,4.774290,-1.341616,-140.403229,-27.510525,-50.112429,-9.489443,-3.130465,0.0970
-15.949132,-6.062441,0.000000,0.000000,-5.757353,2.977406,-97.698891,-27.510525,-50.112429,-9.376671,-3.074793,0.0910
-15.949132,-6.062441,0.000000,0.000000,-2.416086,2.453350,-65.485893,-27.510525,-50.112429,-9.303433,-3.056429,0.0410
-15.949132,-6.062441,0.000000,0.000000,-2.655235,3.000395,-52.735180,-27.510525,-50.112429,-9.278410,-3.054880,0.0400
-15.949132,-6.062441,0.000000,0.000000,-2.655235,3.000395,-52.735180,-27.510525,-50.112429,-9.278410,-3.054880,0.0400
-15.949132,-6.062441,0.000000,0.000000,-2.655235,3.000395,-52.735180,-27.510525,-50.112429,-9.278410,-3.054880,0.0410
-15.949132,-6.062441,0.000000,0.000000,-2.655235,3.000395,-52.735180,-27.510525,-50.112429,-9.278410,-3.054880,0.0400
-15.949132,-6.062441,0.000000,0.000000,-2.655235,3.000395,-52.735180,-27.510525,-50.112429,-9.278410,-3.054880,0.0410
-15.949132,-6.062441,0.000000,0.000000,7.548333,-2.584670,-68.906075,-27.510525,-50.112429,-9.476362,-3.101580,0.0690
-15.949132,-6.062441,0.000000,0.000000,11.474909,0.941088,-66.473244,-27.510525,-50.112429,-9.530349,-3.112180,0.0410
-15.949132,-6.062441,0.000000,0.000000,10.636453,-0.457281,-65.761864,-27.510525,-50.112429,-9.554027,-3.117946,0.0410
-15.949132,-6.062441,0.000000,0.000000,10.636453,-0.457281,-65.761864,-27.510525,-50.112429,-9.554027,-3.117946,0.0510
-15.949132,-6.062441,0.000000,0.000000,10.636453,-0.457281,-65.761864,-27.510525,-50.112429,-9.554027,-3.117946,0.0410
-15.949132,-6.062441,0.000000,0.000000,10.636453,-0.457281,-65.761864,-27.510525,-50.112429,-9.554027,-3.117946,0.0400
-15.949132,-6.062441,0.000000,0.000000,10.636453,-0.457281,-65.761864,-27.510525,-50.112429,-9.554027,-3.117946,0.0400
-15.949132,-6.062441,0.000000,0.000000,10.636453,-0.457281,-65.761864,-27.510525,-50.112429,-9.554027,-3.117946,0.0410
-15.949132,-6.062441,0.000000,0.000000,10.636453,-0.457281,-65.761864,-27.510525,-50.112429,-9.554027,-3.117946,0.0400
-15.949132,-6.062441,0.000000,0.000000,10.636453,-0.457281,-65.761864,-27.510525,-50.112429,-9.554027,-3.117946,0.0400
-15.949132,-6.062441,0.000000,0.000000,10.636453,-0.457281,-65.761864,-27.510525,-50.112429,-9.554027,-3.117946,0.0400
-15.949132,-6.062441,0.000000,0.000000,10.636453,-0.457281,-65.761864,-27.510525,-50.112429,-9.554027,-3.117946,0.0400
-15.949132,-6.062441,0.000000,0.000000,10.636453,-0.457281,-65.761864,-27.510525,-50.112429,-9.554027,-3.117946,0.0410
-15.949132,-6.062441,0.000000,0.000000,10.636453,-0.457281,-65.761864,-27.510525,-50.112429,-9.554027,-3.117946,0.0410
-15.949132,-6.062441,0.000000,0.000000,10.636453,-0.457281,-65.761864,-27.510528,-50.112441,-9.554027,-3.117946,0.0410
-15.949132,-6.062441,0.000000,0.000000,10.636453,-0.457281,-65.761864,-27.510528,-50.112441,-9.554027,-3.117946,0.0400
-15.949132,-6.062441,0.000000,0.000000,10.636453,-0.457281,-65.761864,-27.510528,-50.112441,-9.554027,-3.117946,0.0400
-15.949132,-6.062441,0.000000,0.000000,10.636453,-0.457281,-65.761864,-27.510528,-50.112441,-9.554027,-3.117946,0.0410
-15.949132,-6.062441,0.000000,0.000000,10.636453,-0.457281,-65.761864,-27.510528,-50.112441,-9.554027,-3.117946,0.0400
-15.949132,-6.062441,0.000000,0.000000,10.636453,-0.457281,-65.761864,-27.510528,-50.112441,-9.554027,-3.117946,0.0410
-15.949132,-6.062441,0.000000,0.000000,10.636453,-0.457281,-65.761864,-27.510528,-50.112441,-9.554027,-3.117946,0.0410
-15.949132,-6.062441,0.000000,0.000000,10.636453,-0.457281,-65.761864,-27.510528,-50.112441,-9.554027,-3.117946,0.0410
-15.949132,-6.062441,0.000000,0.000000,10.636453,-0.457281,-65.761864,-27.510528,-50.112441,-9.554027,-3.117946,0.0410
-16.328873,-7.072848,-0.597247,-1.589141,9.293517,-2.513015,-59.882317,-27.510528,-50.112441,-9.684791,-3.961517,0.0530
-16.328873,-7.072848,-0.597247,-1.589141,9.285565,-2.498589,-59.674339,-27.510528,-50.112441,-9.849724,-4.013224,0.0420
-16.328873,-7.072848,-0.597247,-1.589141,9.276669,-2.496786,-59.448101,-27.510528,-50.112441,-10.016554,-4.072589,0.0400
-16.328873,-7.072848,-0.597247,-1.589141,9.280216,-2.495054,-59.417286,-27.510528,-50.112441,-10.039597,-4.080663,0.0410
-16.328873,-7.072848,-0.597247,-1.589141,9.280216,-2.495054,-59.417286,-27.510528,-50.112441,-10.039597,-4.080663,0.0410
-16.328873,-7.072848,-0.597247,-1.589141,9.280216,-2.495054,-59.417286,-27.510528,-50.112441,-10.039597,-4.080663,0.0410
-16.328873,-7.072848,-0.597247,-1.589141,9.280216,-2.495054,-59.417286,-27.510528,-50.112441,-10.039597,-4.080663,0.0400
-16.328873,-7.072848,-0.597247,-1.589141,9.280216,-2.495054,-59.417286,-27.510528,-50.112441,-10.039597,-4.080663,0.0410
-16.328873,-7.072848,-0.597247,-1.589141,9.280216,-2.495054,-59.417286,-27.510528,-50.112441,-10.039597,-4.080663,0.0400
-16.328873,-7.072848,-0.597247,-1.589141,9.280216,-2.495054,-59.417286,-27.510528,-50.112441,-10.039597,-4.080663,0.0400
-16.328873,-7.072848,-0.597247,-1.589141,9.280216,-2.495054,-59.417286,-27.510528,-50.112441,-10.039597,-4.080663,0.0410
-16.328873,-7.072848,-0.597247,-1.589141,9.280216,-2.495054,-59.417286,-27.510528,-50.112441,-10.039597,-4.080663,0.0410
-16.328873,-7.072848,-0.597247,-1.589141,9.280216,-2.495054,-59.417286,-27.510528,-50.112441,-10.039597,-4.080663,0.0400
-16.328873,-7.072848,-0.597247,-1.589141,9.280216,-2.495054,-59.417286,-27.510521,-50.112453,-10.039597,-4.080663,0.0410
-16.328873,-7.072848,-0.597247,-1.589141,9.280216,-2.495054,-59.417286,-27.510521,-50.112453,-10.039597,-4.080663,0.0490
-16.328873,-7.072848,-0.597247,-1.589141,9.280216,-2.495054,-59.417286,-27.510521,-50.112453,-10.039597,-4.080663,0.0410
-16.328873,-7.072848,-0.597247,-1.589141,9.280216,-2.495054,-59.417286,-27.510521,-50.112453,-10.039597,-4.080663,0.0410
-16.328873,-7.072848,-0.597247,-1.589141,9.280216,-2.495054,-59.417286,-27.510521,-50.112453,-10.039597,-4.080663,0.0400
-16.328873,-7.072848,-0.597247,-1.589141,9.280216,-2.495054,-59.417286,-27.510521,-50.112453,-10.039597,-4.080663,0.0400
-16.328873,-7.072848,-0.597247,-1.589141,9.280216,-2.495054,-59.417286,-27.510521,-50.112453,-10.039597,-4.080663,0.0410
-16.328873,-7.072848,-0.597247,-1.589141,9.280216,-2.495054,-59.417286,-27.510521,-50.112453,-10.039597,-4.080663,0.0410
-16.328873,-7.072848,-0.597247,-1.589141,9.280216,-2.495054,-59.417286,-27.510521,-50.112453,-10.039597,-4.080663,0.0400
-16.328873,-7.072848,-0.597247,-1.589141,9.280216,-2.495054,-59.417286,-27.510521,-50.112453,-10.039597,-4.080663,0.0400
-16.328873,-7.072848,-0.597247,-1.589141,9.280216,-2.495054,-59.417286,-27.510521,-50.112453,-10.039597,-4.080663,0.0400
-16.328873,-7.072848,-0.597247,-1.589141,9.280216,-2.495054,-59.417286,-27.510521,-50.112453,-10.039597,-4.080663,0.0400
-16.328873,-7.072848,-0.597247,-1.589141,9.280216,-2.495054,-59.417286,-27.510521,-50.112453,-10.039597,-4.080663,0.0410
-16.328873,-7.072848,-0.597247,-1.589141,9.280216,-2.495054,-59.417286,-27.510521,-50.112453,-10.039597,-4.080663,0.0400
-16.328873,-7.072848,-0.597247,-1.589141,9.280216,-2.495054,-59.417286,-27.510521,-50.112453,-10.039597,-4.080663,0.0400
-16.328873,-7.072848,-0.597247,-1.589141,9.280216,-2.495054,-59.417286,-27.510521,-50.112453,-10.039597,-4.080663,0.0410
-16.328873,-7.072848,-0.597247,-1.589141,9.280216,-2.495054,-59.417286,-27.510521,-50.112453,-10.039597,-4.080663,0.0410
-15.569390,-8.083255,0.893309,-1.188448,8.898968,-2.407673,-53.479755,-27.510521,-50.112453,-9.652497,-5.947697,0.0680
-15.569390,-8.083255,0.893309,-1.188448,8.885863,-2.400400,-53.313164,-27.510521,-50.112453,-9.777147,-5.975573,0.0410
-15.569390,-8.083255,0.893309,-1.188448,8.872948,-2.398793,-53.207020,-27.510521,-50.112453,-9.850624,-5.995411,0.0410
-15.569390,-8.083255,0.893309,-1.188448,8.872948,-2.398793,-53.207020,-27.510521,-50.112453,-9.850624,-5.995411,0.0410
-15.569390,-8.083255,0.893309,-1.188448,8.872948,-2.398793,-53.207020,-27.510521,-50.112453,-9.850624,-5.995411,0.0400
-15.569390,-8.083255,0.893309,-1.188448,8.872948,-2.398793,-53.207020,-27.510521,-50.112453,-9.850624,-5.995411,0.0400
-15.569390,-8.083255,0.893309,-1.188448,8.872948,-2.398793,-53.207020,-27.510521,-50.112453,-9.850624,-5.995411,0.0400
-15.569390,-8.083255,0.893309,-1.188448,8.872948,-2.398793,-53.207020,-27.510521,-50.112453,-9.850624,-5.995411,0.0410
-15.569390,-8.083255,0.893309,-1.188448,8.872948,-2.398793,-53.207020,-27.510521,-50.112453,-9.850624,-5.995411,0.0420
-15.569390,-8.083255,0.893309,-1.188448,8.872948,-2.398793,-53.207020,-27.510521,-50.112453,-9.850624,-5.995411,0.0410
-15.569390,-8.083255,0.893309,-1.188448,8.872948,-2.398793,-53.207020,-27.510521,-50.112453,-9.850624,-5.995411,0.0400
-15.569390,-8.083255,0.893309,-1.188448,8.872948,-2.398793,-53.207020,-27.510521,-50.112453,-9.850624,-5.995411,0.0410
-15.569390,-8.083255,0.893309,-1.188448,8.872948,-2.398793,-53.207020,-27.510521,-50.112453,-9.850624,-5.995411,0.0410
-15.569390,-8.083255,0.893309,-1.188448,8.872948,-2.398793,-53.207020,-27.510521,-50.112453,-9.850624,-5.995411,0.0410
-15.569390,-8.083255,0.893309,-1.188448,8.872948,-2.398793,-53.207020,-27.510521,-50.112453,-9.850624,-5.995411,0.0400
-15.569390,-8.083255,0.000000,0.000000,8.858545,-2.395864,-51.014183,-27.510521,-50.112453,-9.344523,-6.434082,0.0420
-15.569390,-8.083255,0.000000,0.000000,8.664980,-2.361001,-50.775143,-27.510521,-50.112453,-9.609478,-6.379800,0.0700
-15.569390,-8.083255,0.000000,0.000000,8.649425,-2.351717,-50.625847,-27.510521,-50.112453,-9.717395,-6.373151,0.0400
-15.569390,-8.083255,0.000000,0.000000,8.646129,-2.348264,-50.615734,-27.510521,-50.112453,-9.721577,-6.373060,0.0480
-15.569390,-8.083255,0.000000,0.000000,8.646129,-2.348264,-50.615734,-27.510521,-50.112453,-9.721577,-6.373060,0.0410
-15.569390,-8.083255,0.000000,0.000000,8.646129,-2.348264,-50.615734,-27.510521,-50.112453,-9.721577,-6.373060,0.0400
-15.569390,-8.083255,0.000000,0.000000,8.646129,-2.348264,-50.615734,-27.510521,-50.112453,-9.721577,-6.373060,0.0400
-15.569390,-8.083255,0.000000,0.000000,8.646129,-2.348264,-50.615734,-27.510521,-50.112453,-9.721577,-6.373060,0.0400
-15.569390,-8.083255,0.000000,0.000000,8.646129,-2.348264,-50.615734,-27.510521,-50.112453,-9.721577,-6.373060,0.0400
-15.569390,-8.083255,0.000000,0.000000,8.646129,-2.348264,-50.615734,-27.510521,-50.112453,-9.721577,-6.373060,0.0400
-15.569390,-8.083255,0.000000,0.000000,8.646129,-2.348264,-50.615734,-27.510521,-50.112453,-9.721577,-6.373060,0.0400
-15.569390,-8.083255,0.000000,0.000000,8.646129,-2.348264,-50.615734,-27.510521,-50.112453,-9.721577,-6.373060,0.0410
-15.569390,-8.083255,0.000000,0.000000,8.646129,-2.348264,-50.615734,-27.510521,-50.112453,-9.721577,-6.373060,0.0400
-15.569390,-8.083255,0.000000,0.000000,8.646129,-2.348264,-50.615734,-27.510521,-50.112453,-9.721577,-6.373060,0.0400
-15.569390,-8.083255,0.000000,0.000000,8.646129,-2.348264,-50.615734,-27.510521,-50.112453,-9.721577,-6.373060,0.0410
-15.569390,-8.083255,0.000000,0.000000,8.646129,-2.348264,-50.615734,-27.510521,-50.112453,-9.721577,-6.373060,0.0410
-15.569390,-8.083255,0.000000,0.000000,8.632236,-2.344489,-48.587280,-27.510521,-50.112453,-9.437467,-6.456214,0.0400
-15.569390,-8.083255,0.000000,0.000000,8.399337,-2.279740,-48.430847,-27.510521,-50.112453,-9.676679,-6.416421,0.0540
-15.569390,-8.083255,0.000000,0.000000,8.391418,-2.281939,-48.295685,-27.510521,-50.112453,-9.786090,-6.409455,0.0400
-15.569390,-8.083255,0.000000,0.000000,8.370669,-2.277938,-48.224262,-27.510521,-50.112453,-9.839193,-6.406822,0.0400
-15.569390,-8.083255,0.000000,0.000000,8.370669,-2.277938,-48.224262,-27.510521,-50.112453,-9.839193,-6.406822,0.0410
-15.569390,-8.083255,0.000000,0.000000,8.370669,-2.277938,-48.224262,-27.510521,-50.112453,-9.839193,-6.406822,0.0400
-15.569390,-8.083255,0.000000,0.000000,8.370669,-2.277938,-48.224262,-27.510521,-50.112453,-9.839193,-6.406822,0.0400
-15.569390,-8.083255,0.000000,0.000000,8.370669,-2.277938,-48.224262,-27.510521,-50.112453,-9.839193,-6.406822,0.0400
-15.569390,-8.083255,0.000000,0.000000,8.370669,-2.277938,-48.224262,-27.510521,-50.112453,-9.839193,-6.406822,0.0400
-15.569390,-8.083255,0.000000,0.000000,8.370669,-2.277938,-48.224262,-27.510521,-50.112453,-9.839193,-6.406822,0.0410
-15.569390,-8.083255,0.000000,0.000000,8.370669,-2.277938,-48.224262,-27.510521,-50.112453,-9.839193,-6.406822,0.0400
-15.569390,-8.083255,0.000000,0.000000,8.370669,-2.277938,-48.224262,-27.510521,-50.112453,-9.839193,-6.406822,0.0400
-15.569390,-8.083255,0.000000,0.000000,8.370669,-2.277938,-48.224262,-27.510521,-50.112453,-9.839193,-6.406822,0.0400
-15.569390,-8.083255,0.000000,0.000000,8.370669,-2.277938,-48.224262,-27.510521,-50.112453,-9.839193,-6.406822,0.0430
-15.569390,-8.083255,0.000000,0.000000,8.370669,-2.277938,-48.224262,-27.510521,-50.112453,-9.839193,-6.406822,0.0400
-15.569390,-8.083255,0.000000,0.000000,8.370669,-2.277938,-48.224262,-27.510521,-50.112453,-9.839193,-6.406822,0.0410
-15.569390,-8.083255,0.000000,0.000000,8.370669,-2.277938,-48.224262,-27.510521,-50.112453,-9.839193,-6.406822,0.0410
-15.569390,-8.083255,0.000000,0.000000,8.370669,-2.277938,-48.224262,-27.510521,-50.112453,-9.839193,-6.406822,0.0410
-15.569390,-8.083255,0.000000,0.000000,8.370669,-2.277938,-48.224262,-27.510521,-50.112453,-9.839193,-6.406822,0.0400
-15.569390,-8.083255,0.000000,0.000000,8.370669,-2.277938,-48.224262,-27.510521,-50.112453,-9.839193,-6.406822,0.0400
-15.569390,-8.083255,0.000000,0.000000,8.370669,-2.277938,-48.224262,-27.510521,-50.112453,-9.839193,-6.406822,0.0400
-15.569390,-8.083255,0.000000,0.000000,8.370669,-2.277938,-48.224262,-27.510521,-50.112453,-9.839193,-6.406822,0.0580
-15.569390,-8.083255,0.000000,0.000000,8.370669,-2.277938,-48.224262,-27.510521,-50.112453,-9.839193,-6.406822,0.0400
-15.569390,-8.083255,0.000000,0.000000,8.025906,-2.180328,-45.733105,-27.510521,-50.112453,-9.644831,-6.473963,0.0510
-15.569390,-8.083255,0.000000,0.000000,8.007557,-2.175281,-45.597088,-27.510521,-50.112453,-9.815992,-6.454400,0.0560
-15.569390,-8.083255,0.000000,0.000000,7.990337,-2.175770,-45.487705,-27.510521,-50.112453,-9.946422,-6.443235,0.0410
-15.569390,-8.083255,0.000000,0.000000,7.985968,-2.165276,-45.482872,-27.510521,-50.112453,-9.952123,-6.442781,0.0400
-15.569390,-8.083255,0.000000,0.000000,7.985968,-2.165276,-45.482872,-27.510521,-50.112453,-9.952123,-6.442781,0.0410
-15.569390,-8.083255,0.000000,0.000000,7.985968,-2.165276,-45.482872,-27.510521,-50.112453,-9.952123,-6.442781,0.0410
-15.569390,-8.083255,0.000000,0.000000,7.985968,-2.165276,-45.482872,-27.510521,-50.112453,-9.952123,-6.442781,0.0400
-15.569390,-8.083255,0.000000,0.000000,7.985968,-2.165276,-45.482872,-27.510521,-50.112453,-9.952123,-6.442781,0.0410
-15.569390,-8.083255,0.000000,0.000000,7.985968,-2.165276,-45.482872,-27.510521,-50.112453,-9.952123,-6.442781,0.0400
-15.569390,-8.083255,0.000000,0.000000,7.985968,-2.165276,-45.482872,-27.510521,-50.112453,-9.952123,-6.442781,0.0400
-15.569390,-8.083255,0.000000,0.000000,7.985968,-2.165276,-45.482872,-27.510521,-50.112453,-9.952123,-6.442781,0.0420
-15.569390,-8.083255,0.000000,0.000000,7.985968,-2.165276,-45.482872,-27.510521,-50.112453,-9.952123,-6.442781,0.0400
-15.569390,-8.083255,0.000000,0.000000,7.985968,-2.165276,-45.482872,-27.510521,-50.112453,-9.952123,-6.442781,0.0400
-15.569390,-8.083255,0.000000,0.000000,7.985968,-2.165276,-45.482872,-27.510521,-50.112453,-9.952123,-6.442781,0.0410
-15.569390,-8.083255,0.000000,0.000000,7.985968,-2.165276,-45.482872,-27.510521,-50.112453,-9.952123,-6.442781,0.0400
-15.569390,-8.083255,0.000000,0.000000,7.985968,-2.165276,-45.482872,-27.510521,-50.112453,-9.952123,-6.442781,0.0410
-15.569390,-8.083255,0.000000,0.000000,7.718185,-2.100621,-43.993553,-27.510521,-50.112453,-9.757315,-6.502845,0.0520
-15.569390,-8.083255,0.000000,0.000000,7.686770,-2.088905,-43.861885,-27.510521,-50.112453,-9.956148,-6.479672,0.0620
-15.569390,-8.083255,0.000000,0.000000,7.675554,-2.086629,-43.771656,-27.510521,-50.112453,-10.053825,-6.475619,0.0410
-15.569390,-8.083255,0.000000,0.000000,7.675323,-2.084877,-43.744629,-27.510521,-50.112453,-10.081560,-6.474768,0.0400
-15.569390,-8.083255,0.000000,0.000000,7.675323,-2.084877,-43.744629,-27.510521,-50.112453,-10.081560,-6.474768,0.0410
-15.569390,-8.083255,0.000000,0.000000,7.675323,-2.084877,-43.744629,-27.510521,-50.112453,-10.081560,-6.474768,0.0400
-15.569390,-8.083255,0.000000,0.000000,7.675323,-2.084877,-43.744629,-27.510521,-50.112453,-10.081560,-6.474768,0.0410
-15.569390,-8.083255,0.000000,0.000000,7.675323,-2.084877,-43.744629,-27.510521,-50.112453,-10.081560,-6.474768,0.0400
-15.569390,-8.083255,0.000000,0.000000,7.675323,-2.084877,-43.744629,-27.510521,-50.112453,-10.081560,-6.474768,0.0400
-15.569390,-8.083255,0.000000,0.000000,7.675323,-2.084877,-43.744629,-27.510521,-50.112453,-10.081560,-6.474768,0.0410
-15.569390,-8.083255,0.000000,0.000000,7.675323,-2.084877,-43.744629,-27.510521,-50.112453,-10.081560,-6.474768,0.0400
-15.569390,-8.083255,0.000000,0.000000,7.675323,-2.084877,-43.744629,-27.510521,-50.112453,-10.081560,-6.474768,0.0410
-15.569390,-8.083255,0.000000,0.000000,7.675323,-2.084877,-43.744629,-27.510521,-50.112453,-10.081560,-6.474768,0.0400
-15.569390,-8.083255,0.000000,0.000000,7.675323,-2.084877,-43.744629,-27.510521,-50.112453,-10.081560,-6.474768,0.0410
-15.569390,-8.083255,0.000000,0.000000,7.675323,-2.084877,-43.744629,-27.510521,-50.112453,-10.081560,-6.474768,0.0400
-15.569390,-8.083255,0.000000,0.000000,7.422381,-2.026744,-42.529232,-27.510521,-50.112453,-10.039514,-6.512257,0.0690
-15.569390,-8.083255,0.000000,0.000000,7.400781,-2.010567,-42.447762,-27.510521,-50.112453,-10.132033,-6.508500,0.0430
-15.569390,-8.083255,0.000000,0.000000,7.377753,-2.008391,-42.380978,-27.510521,-50.112453,-10.206903,-6.507068,0.0480
-15.569390,-8.083255,0.000000,0.000000,7.377753,-2.008391,-42.380978,-27.510521,-50.112453,-10.206903,-6.507068,0.0400
-15.569390,-8.083255,0.000000,0.000000,7.377753,-2.008391,-42.380978,-27.510521,-50.112453,-10.206903,-6.507068,0.0410
-15.569390,-8.083255,0.000000,0.000000,7.377753,-2.008391,-42.380978,-27.510521,-50.112453,-10.206903,-6.507068,0.0400
-15.569390,-8.083255,0.000000,0.000000,7.271068,-1.974383,-41.952282,-27.510521,-50.112453,-10.234526,-6.524259,0.0690
-15.569390,-8.083255,0.000000,0.000000,7.252897,-1.974440,-41.881557,-27.510521,-50.112453,-10.291654,-6.527396,0.0440
-15.569390,-8.083255,0.000000,0.000000,7.233729,-1.970997,-41.808727,-27.510521,-50.112453,-10.348595,-6.532517,0.0410
-15.569390,-8.083255,0.000000,0.000000,7.226038,-1.965826,-41.727070,-27.510521,-50.112453,-10.341945,-6.539739,0.0420
-15.569390,-8.083255,0.000000,0.000000,7.170239,-1.946043,-41.593880,-27.510521,-50.112453,-10.436049,-6.547126,0.0760
-15.569390,-8.083255,0.000000,0.000000,7.155902,-1.948929,-41.511013,-27.510521,-50.112453,-10.496735,-6.553597,0.0410
-15.569390,-8.083255,0.000000,0.000000,7.133495,-1.942124,-41.418118,-27.510521,-50.112453,-10.485416,-6.564979,0.0540
-15.569390,-8.083255,0.000000,0.000000,7.094079,-1.933309,-41.307743,-27.510521,-50.112453,-10.561739,-6.572829,0.0680
-15.569390,-8.083255,0.000000,0.000000,7.080207,-1.928874,-41.236324,-27.510521,-50.112453,-10.612247,-6.579194,0.0410
-15.569390,-8.083255,0.000000,0.000000,7.072904,-1.926466,-41.221325,-27.510521,-50.112453,-10.621434,-6.580683,0.0400
-15.569390,-8.083255,0.000000,0.000000,7.072904,-1.926466,-41.221325,-27.510521,-50.112453,-10.621434,-6.580683,0.0400
-15.569390,-8.083255,0.000000,0.000000,7.019125,-1.914766,-41.006645,-27.510521,-50.112453,-10.514405,-6.614911,0.0520
-15.569390,-8.083255,0.000000,0.000000,6.982957,-1.901592,-40.908497,-27.510521,-50.112453,-10.619910,-6.611834,0.0620
-15.569390,-8.083255,0.000000,0.000000,6.970097,-1.896356,-40.840031,-27.510521,-50.112453,-10.672559,-6.616939,0.0410
-15.569390,-8.083255,0.000000,0.000000,6.958668,-1.893645,-40.811825,-27.510521,-50.112453,-10.691464,-6.619496,0.0410
-15.569390,-8.083255,0.000000,0.000000,6.958668,-1.893645,-40.811825,-27.510521,-50.112453,-10.691464,-6.619496,0.0400
-15.569390,-8.083255,0.000000,0.000000,6.958668,-1.893645,-40.811825,-27.510521,-50.112453,-10.691464,-6.619496,0.0400
-15.569390,-8.083255,0.000000,0.000000,6.876328,-1.871341,-40.525593,-27.510521,-50.112453,-10.679285,-6.641090,0.0700
-15.569390,-8.083255,0.000000,0.000000,6.839194,-1.864746,-40.445404,-27.510521,-50.112453,-10.743997,-6.645196,0.0510
-15.569390,-8.083255,0.000000,0.000000,6.829076,-1.864691,-40.393417,-27.510521,-50.112453,-10.783015,-6.649492,0.0400
-15.569390,-8.083255,0.000000,0.000000,6.828631,-1.864573,-40.393417,-27.510521,-50.112453,-10.783015,-6.649492,0.0400
-15.569390,-8.083255,0.000000,0.000000,6.828631,-1.864573,-40.393417,-27.510521,-50.112453,-10.783015,-6.649492,0.0410
-15.569390,-8.083255,0.000000,0.000000,6.828631,-1.864573,-40.393417,-27.510521,-50.112453,-10.783015,-6.649492,0.0400
-15.569390,-8.083255,0.000000,0.000000,6.828259,-1.864412,-40.128094,-27.510521,-50.112453,-10.671945,-6.682616,0.0420
-15.569390,-8.083255,0.000000,0.000000,6.716139,-1.826173,-40.029137,-27.510521,-50.112453,-10.809102,-6.672975,0.0730
-15.569390,-8.083255,0.000000,0.000000,6.702677,-1.822520,-39.966805,-27.510521,-50.112453,-10.860620,-6.677097,0.0400
-15.569390,-8.083255,0.000000,0.000000,6.694099,-1.821995,-39.950413,-27.510521,-50.112453,-10.872464,-6.678373,0.0410
-15.569390,-8.083255,0.000000,0.000000,6.638743,-1.811473,-39.797478,-27.510521,-50.112453,-10.893628,-6.689637,0.0730
-15.569390,-8.083255,0.000000,0.000000,6.617670,-1.806766,-39.736130,-27.510521,-50.112453,-10.944226,-6.693528,0.0430
-15.569390,-8.083255,0.000000,0.000000,6.599138,-1.803394,-39.677402,-27.510521,-50.112453,-10.986792,-6.698513,0.0410
-15.569390,-8.083255,0.000000,0.000000,6.597563,-1.802992,-39.674622,-27.510521,-50.112453,-10.989051,-6.698764,0.0550
-15.569390,-8.083255,0.000000,0.000000,6.536079,-1.791002,-39.521351,-27.510521,-50.112453,-10.967021,-6.716078,0.0590
-15.569390,-8.083255,0.000000,0.000000,6.527171,-1.783533,-39.458828,-27.510521,-50.112453,-11.019418,-6.718920,0.0460
-15.569390,-8.083255,0.000000,0.000000,6.505639,-1.771894,-39.396896,-27.510521,-50.112453,-11.065585,-6.724090,0.0410
-15.569390,-8.083255,0.000000,0.000000,6.496771,-1.768500,-39.384396,-27.510521,-50.112453,-11.073515,-6.725285,0.0400
-15.569390,-8.083255,0.000000,0.000000,6.496771,-1.768500,-39.384396,-27.510521,-50.112453,-11.073515,-6.725285,0.0410
-15.569390,-8.083255,0.000000,0.000000,6.496771,-1.768500,-39.384396,-27.510521,-50.112453,-11.073515,-6.725285,0.0410
-15.569390,-8.083255,0.000000,0.000000,6.496771,-1.768500,-39.384396,-27.510521,-50.112453,-11.073515,-6.725285,0.0400
-15.569390,-8.083255,0.000000,0.000000,6.496771,-1.768500,-39.384396,-27.510521,-50.112453,-11.073515,-6.725285,0.0410
-15.569390,-8.083255,0.000000,0.000000,6.496771,-1.768500,-39.384396,-27.510521,-50.112453,-11.073515,-6.725285,0.0410
-15.569390,-8.083255,0.000000,0.000000,6.496771,-1.768500,-39.384396,-27.510521,-50.112453,-11.073515,-6.725285,0.0400
-15.569390,-8.083255,0.000000,0.000000,6.496771,-1.768500,-39.384396,-27.510521,-50.112453,-11.073515,-6.725285,0.0410
-15.569390,-8.083255,0.000000,0.000000,6.496771,-1.768500,-39.384396,-27.510521,-50.112453,-11.073515,-6.725285,0.0400
-15.569390,-8.083255,0.000000,0.000000,6.496771,-1.768500,-39.384396,-27.510521,-50.112453,-11.073515,-6.725285,0.0400
-15.569390,-8.083255,0.000000,0.000000,6.496771,-1.768500,-39.384396,-27.510521,-50.112453,-11.073515,-6.725285,0.0410
-15.569390,-8.083255,0.000000,0.000000,6.496771,-1.768500,-39.384396,-27.510521,-50.112453,-11.073515,-6.725285,0.0400
-15.569390,-8.083255,0.000000,0.000000,6.195606,-1.701004,-38.645908,-27.510521,-50.112453,-10.860944,-6.789818,0.0510
-15.569390,-8.083255,0.000000,0.000000,6.149414,-1.690207,-38.562618,-27.510521,-50.112453,-11.004276,-6.774999,0.0680
-15.569390,-8.083255,0.000000,0.000000,6.136938,-1.683740,-38.510567,-27.510521,-50.112453,-11.075666,-6.772053,0.0410
-15.569390,-8.083255,0.000000,0.000000,6.131235,-1.682262,-38.505775,-27.510521,-50.112453,-11.082645,-6.771791,0.0400
-15.569390,-8.083255,0.000000,0.000000,6.131235,-1.682262,-38.505775,-27.510521,-50.112453,-11.082645,-6.771791,0.0400
-15.569390,-8.083255,0.000000,0.000000,6.131235,-1.682262,-38.505775,-27.510521,-50.112453,-11.082645,-6.771791,0.0400
-15.569390,-8.083255,0.000000,0.000000,6.131235,-1.682262,-38.505775,-27.510521,-50.112453,-11.082645,-6.771791,0.0400
-15.569390,-8.083255,0.000000,0.000000,6.131235,-1.682262,-38.505775,-27.510521,-50.112453,-11.082645,-6.771791,0.0410
-15.569390,-8.083255,0.000000,0.000000,6.131235,-1.682262,-38.505775,-27.510521,-50.112453,-11.082645,-6.771791,0.0400
-15.569390,-8.083255,0.000000,0.000000,6.131235,-1.682262,-38.505775,-27.510521,-50.112453,-11.082645,-6.771791,0.0400
-15.569390,-8.083255,0.000000,0.000000,6.131235,-1.682262,-38.505775,-27.510521,-50.112453,-11.082645,-6.771791,0.0410
-15.569390,-8.083255,0.000000,0.000000,6.131235,-1.682262,-38.505775,-27.510521,-50.112453,-11.082645,-6.771791,0.0400
-15.569390,-8.083255,0.000000,0.000000,6.131235,-1.682262,-38.505775,-27.510521,-50.112453,-11.082645,-6.771791,0.0410
-15.569390,-8.083255,0.000000,0.000000,6.131235,-1.682262,-38.505775,-27.510521,-50.112453,-11.082645,-6.771791,0.0410
-15.569390,-8.083255,0.000000,0.000000,6.131235,-1.682262,-38.505775,-27.510521,-50.112453,-11.082645,-6.771791,0.0400
-15.569390,-8.083255,0.000000,0.000000,6.131235,-1.682262,-38.505775,-27.510521,-50.112453,-11.082645,-6.771791,0.0400
-15.569390,-8.083255,0.000000,0.000000,6.131235,-1.682262,-38.505775,-27.510521,-50.112453,-11.082645,-6.771791,0.0410
-15.569390,-8.083255,0.000000,0.000000,6.131235,-1.682262,-38.505775,-27.510521,-50.112453,-11.082645,-6.771791,0.0400
-15.569390,-8.083255,0.000000,0.000000,6.131235,-1.682262,-38.505775,-27.510521,-50.112453,-11.082645,-6.771791,0.0470
-15.569390,-8.083255,0.000000,0.000000,6.131235,-1.682262,-38.505775,-27.510521,-50.112453,-11.082645,-6.771791,0.0410
-15.569390,-8.083255,0.000000,0.000000,6.131235,-1.682262,-38.505775,-27.510521,-50.112453,-11.082645,-6.771791,0.0400
-15.569390,-8.083255,0.000000,0.000000,6.131235,-1.682262,-38.505775,-27.510521,-50.112453,-11.082645,-6.771791,0.0400
-15.569390,-8.083255,0.000000,0.000000,6.131235,-1.682262,-38.505775,-27.510521,-50.112453,-11.082645,-6.771791,0.0400
-15.569390,-8.083255,0.000000,0.000000,6.131235,-1.682262,-38.505775,-27.510521,-50.112453,-11.082645,-6.771791,0.0400
-15.569390,-8.083255,0.000000,0.000000,6.131235,-1.682262,-38.505775,-27.510521,-50.112453,-11.082645,-6.771791,0.0400
-15.569390,-8.083255,0.000000,0.000000,6.131235,-1.682262,-38.505775,-27.510521,-50.112453,-11.082645,-6.771791,0.0400
-15.569390,-8.083255,0.000000,0.000000,6.131235,-1.682262,-38.505775,-27.510521,-50.112453,-11.082645,-6.771791,0.0410
-15.569390,-8.083255,0.000000,0.000000,6.131235,-1.682262,-38.505775,-27.510521,-50.112453,-11.082645,-6.771791,0.0400
-15.569390,-8.083255,0.000000,0.000000,6.131235,-1.682262,-38.505775,-27.510521,-50.112453,-11.082645,-6.771791,0.0400
-15.569390,-8.083255,0.000000,0.000000,6.131235,-1.682262,-38.505775,-27.510521,-50.112453,-11.082645,-6.771791,0.0410
-15.569390,-8.083255,0.000000,0.000000,6.131235,-1.682262,-38.505775,-27.510521,-50.112453,-11.082645,-6.771791,0.0400
-15.569390,-8.083255,0.000000,0.000000,6.131235,-1.682262,-38.505775,-27.510521,-50.112453,-11.082645,-6.771791,0.0400
-15.569390,-8.083255,0.000000,0.000000,6.131235,-1.682262,-38.505775,-27.510521,-50.112453,-11.082645,-6.771791,0.0400
-15.569390,-8.083255,0.000000,0.000000,6.048923,-1.660117,-37.044514,-27.510521,-50.112453,-10.804031,-6.856739,0.0410
-15.569390,-8.083255,0.000000,0.000000,5.351566,-1.466549,-36.989994,-27.510521,-50.112453,-10.991758,-6.827815,0.0630
-15.569390,-8.083255,0.000000,0.000000,5.330028,-1.461734,-36.946918,-27.510521,-50.112453,-11.112060,-6.813522,0.0400
-15.569390,-8.083255,0.000000,0.000000,5.326165,-1.456687,-36.934479,-27.510521,-50.112453,-11.144686,-6.809874,0.0400
-15.569390,-8.083255,0.000000,0.000000,5.326165,-1.456687,-36.934479,-27.510521,-50.112453,-11.144686,-6.809874,0.0410
-15.569390,-8.083255,0.000000,0.000000,5.326165,-1.456687,-36.934479,-27.510521,-50.112453,-11.144686,-6.809874,0.0410
-15.569390,-8.083255,0.000000,0.000000,5.326165,-1.456687,-36.934479,-27.510521,-50.112453,-11.144686,-6.809874,0.0400
-15.569390,-8.083255,0.000000,0.000000,5.326165,-1.456687,-36.934479,-27.510521,-50.112453,-11.144686,-6.809874,0.0410
-15.569390,-8.083255,0.000000,0.000000,5.326165,-1.456687,-36.934479,-27.510521,-50.112453,-11.144686,-6.809874,0.0400
-15.569390,-8.083255,0.000000,0.000000,5.326165,-1.456687,-36.934479,-27.510521,-50.112453,-11.144686,-6.809874,0.0400
-15.569390,-8.083255,0.000000,0.000000,5.326165,-1.456687,-36.934479,-27.510521,-50.112453,-11.144686,-6.809874,0.0400
-15.569390,-8.083255,0.000000,0.000000,5.326165,-1.456687,-36.934479,-27.510521,-50.112453,-11.144686,-6.809874,0.0410
-15.569390,-8.083255,0.000000,0.000000,5.326165,-1.456687,-36.934479,-27.510521,-50.112453,-11.144686,-6.809874,0.0410
-15.569390,-8.083255,0.000000,0.000000,5.326165,-1.456687,-36.934479,-27.510521,-50.112453,-11.144686,-6.809874,0.0400
-15.569390,-8.083255,0.000000,0.000000,5.326165,-1.456687,-36.934479,-27.510521,-50.112453,-11.144686,-6.809874,0.0410
-15.569390,-8.083255,0.000000,0.000000,5.326165,-1.456687,-36.934479,-27.510521,-50.112453,-11.144686,-6.809874,0.0400
-15.569390,-8.083255,0.000000,0.000000,5.326165,-1.456687,-36.934479,-27.510521,-50.112453,-11.144686,-6.809874,0.0410
-15.569390,-8.083255,0.000000,0.000000,5.326165,-1.456687,-36.934479,-27.510521,-50.112453,-11.144686,-6.809874,0.0400
-15.569390,-8.083255,0.000000,0.000000,5.326165,-1.456687,-36.934479,-27.510521,-50.112453,-11.144686,-6.809874,0.0400
-15.569390,-8.083255,0.000000,0.000000,5.326165,-1.456687,-36.934479,-27.510521,-50.112453,-11.144686,-6.809874,0.0460
-15.569390,-8.083255,0.000000,0.000000,5.326165,-1.456687,-36.934479,-27.510521,-50.112453,-11.144686,-6.809874,0.0410
-15.569390,-8.083255,0.000000,0.000000,5.326165,-1.456687,-36.934479,-27.510521,-50.112453,-11.144686,-6.809874,0.0400
-15.569390,-8.083255,0.000000,0.000000,5.326165,-1.456687,-36.934479,-27.510521,-50.112453,-11.144686,-6.809874,0.0400
-15.569390,-8.083255,0.000000,0.000000,5.326165,-1.456687,-36.934479,-27.510521,-50.112453,-11.144686,-6.809874,0.0400
-15.569390,-8.083255,0.000000,0.000000,5.326165,-1.456687,-36.934479,-27.510521,-50.112453,-11.144686,-6.809874,0.0400
-15.569390,-8.083255,0.000000,0.000000,4.526280,-1.459115,-36.182682,-27.510521,-50.112453,-11.031786,-6.856087,0.0500
-15.569390,-8.083255,0.000000,0.000000,4.596305,-1.360414,-36.147972,-27.510521,-50.112453,-11.127129,-6.846477,0.0460
-15.569390,-8.083255,0.000000,0.000000,4.110089,-1.769930,-35.944244,-27.510521,-50.112453,-11.228557,-6.840417,0.0410
-15.569390,-8.083255,0.000000,0.000000,3.129159,-2.122724,-35.908787,-27.510521,-50.112453,-11.240766,-6.839607,0.0410
-15.569390,-8.083255,0.000000,0.000000,3.129159,-2.122724,-35.908787,-27.510521,-50.112453,-11.240766,-6.839607,0.0400
-15.569390,-8.083255,0.000000,0.000000,3.129159,-2.122724,-35.908787,-27.510521,-50.112453,-11.240766,-6.839607,0.0400
-15.569390,-8.083255,0.000000,0.000000,3.129159,-2.122724,-35.908787,-27.510521,-50.112453,-11.240766,-6.839607,0.0410
-15.569390,-8.083255,0.000000,0.000000,3.129159,-2.122724,-35.908787,-27.510521,-50.112453,-11.240766,-6.839607,0.0400
-15.569390,-8.083255,0.000000,0.000000,3.129159,-2.122724,-35.908787,-27.510521,-50.112453,-11.240766,-6.839607,0.0400
-15.569390,-8.083255,0.000000,0.000000,3.129159,-2.122724,-35.908787,-27.510521,-50.112453,-11.240766,-6.839607,0.0400
-15.569390,-8.083255,0.000000,0.000000,3.129159,-2.122724,-35.908787,-27.510521,-50.112453,-11.240766,-6.839607,0.0400
-15.569390,-8.083255,0.000000,0.000000,3.129159,-2.122724,-35.908787,-27.510521,-50.112453,-11.240766,-6.839607,0.0410
-15.569390,-8.083255,0.000000,0.000000,3.129159,-2.122724,-35.908787,-27.510521,-50.112453,-11.240766,-6.839607,0.0400
-15.569390,-8.083255,0.000000,0.000000,3.129159,-2.122724,-35.908787,-27.510521,-50.112453,-11.240766,-6.839607,0.0410
-15.569390,-8.083255,0.000000,0.000000,3.129159,-2.122724,-35.908787,-27.510521,-50.112453,-11.240766,-6.839607,0.0400
-15.569390,-8.083255,0.000000,0.000000,3.129159,-2.122724,-35.908787,-27.510521,-50.112453,-11.240766,-6.839607,0.0410
-15.569390,-8.083255,0.000000,0.000000,3.129159,-2.122724,-35.908787,-27.510521,-50.112453,-11.240766,-6.839607,0.0400
-15.569390,-8.083255,0.000000,0.000000,3.129159,-2.122724,-35.908787,-27.510521,-50.112453,-11.240766,-6.839607,0.0400
-15.569390,-8.083255,0.000000,0.000000,3.129159,-2.122724,-35.908787,-27.510521,-50.112453,-11.240766,-6.839607,0.0400
-15.569390,-8.083255,0.000000,0.000000,3.129159,-2.122724,-35.908787,-27.510521,-50.112453,-11.240766,-6.839607,0.0410
-15.569390,-8.083255,0.000000,0.000000,3.129159,-2.122724,-35.908787,-27.510521,-50.112453,-11.240766,-6.839607,0.0410
-15.569390,-8.083255,0.000000,0.000000,3.129159,-2.122724,-35.908787,-27.510521,-50.112453,-11.240766,-6.839607,0.0410
-15.569390,-8.083255,0.000000,0.000000,3.129159,-2.122724,-35.908787,-27.510521,-50.112453,-11.240766,-6.839607,0.0400
-15.569390,-8.083255,0.000000,0.000000,3.129159,-2.122724,-35.908787,-27.510521,-50.112453,-11.240766,-6.839607,0.0400
-15.569390,-8.083255,0.000000,0.000000,3.129159,-2.122724,-35.908787,-27.510521,-50.112453,-11.240766,-6.839607,0.0410
-15.569390,-8.083255,0.000000,0.000000,3.129159,-2.122724,-35.908787,-27.510521,-50.112453,-11.240766,-6.839607,0.0410
-15.569390,-8.083255,0.000000,0.000000,3.129159,-2.122724,-35.908787,-27.510521,-50.112453,-11.240766,-6.839607,0.0400
-15.569390,-8.083255,0.000000,0.000000,3.129159,-2.122724,-35.908787,-27.510521,-50.112453,-11.240766,-6.839607,0.0400
-15.569390,-8.083255,0.000000,0.000000,3.129159,-2.122724,-35.908787,-27.510521,-50.112453,-11.240766,-6.839607,0.0510
