-0.189871,-0.000000,0.000000,0.000000,-0.002135,0.003981,-0.041985,-27.510311,-50.112372,-0.186613,-0.000018,0.7640
-0.189871,-0.000000,0.000000,0.000000,-0.001117,-0.001406,-0.040302,-27.510311,-50.112372,-0.186852,-0.000017,0.0740
-0.189871,-0.000000,0.000000,0.000000,0.000153,0.000639,-0.038788,-27.510311,-50.112372,-0.187038,-0.000017,0.0570
-0.189871,-0.000000,0.000000,0.000000,-0.000168,-0.000142,-0.038842,-27.510311,-50.112372,-0.187209,-0.000016,0.0550
-0.189871,-0.000000,0.000000,0.000000,-0.000414,0.001752,-0.038205,-27.510311,-50.112372,-0.187407,-0.000016,0.0770
-0.189871,-0.000000,0.000000,0.000000,-0.003306,-0.001168,-0.037651,-27.510311,-50.112372,-0.187533,-0.000015,0.0580
-0.189871,-0.000000,0.000000,0.000000,0.000596,0.000008,-0.036318,-27.510311,-50.112372,-0.187659,-0.000015,0.0520
-0.189871,-0.000000,0.000000,0.000000,-0.001459,-0.001749,-0.036082,-27.510311,-50.112372,-0.187731,-0.000015,0.0480
-0.189871,-0.000000,0.000000,0.000000,-0.000672,0.001311,-0.034535,-27.510312,-50.112373,-0.187897,-0.000014,0.0980
-0.189871,-0.000000,0.000000,0.000000,0.000797,0.000206,-0.029863,-27.510312,-50.112373,-0.188379,-0.000010,0.3630
-0.189871,-0.000000,0.000000,0.000000,-0.004737,0.003909,-0.028838,-27.510312,-50.112373,-0.188453,-0.000010,0.1580
-0.189871,-0.000000,0.000000,0.000000,0.000347,-0.000304,-0.027481,-27.510312,-50.112373,-0.188496,-0.000010,0.0550
-0.189871,-0.000000,0.000000,0.000000,0.000299,-0.000159,-0.026707,-27.510312,-50.112373,-0.188525,-0.000010,0.0410
-0.189871,-0.000000,0.000000,0.000000,0.000028,0.000092,-0.026046,-27.510312,-50.112373,-0.188604,-0.000010,0.0550
-0.379741,0.336803,-0.025264,0.044814,0.000619,-0.000436,-0.020524,-27.510313,-50.112371,-0.191676,0.005148,0.3650
-0.379741,0.336803,-0.025264,0.044814,0.002029,-0.000211,-0.019927,-27.510313,-50.112371,-0.208582,0.035002,0.1680
-0.379741,0.336803,-0.025264,0.044814,-0.000435,-0.000103,-0.014881,-27.510313,-50.112371,-0.235460,0.082476,0.3250
-0.379741,0.336803,-0.025264,0.044814,-0.000348,0.000965,-0.010662,-27.510313,-50.112371,-0.254561,0.116217,0.2820
-0.379741,0.336803,-0.025264,0.044814,-0.000042,0.000394,-0.009022,-27.510313,-50.112371,-0.257720,0.121798,0.0410
-0.379741,0.336803,-0.025264,0.044814,0.000516,-0.000411,-0.007549,-27.510313,-50.112371,-0.260335,0.126416,0.0400
-0.379741,0.336803,-0.025264,0.044814,-0.000854,0.000709,-0.007549,-27.510313,-50.112371,-0.260335,0.126416,0.0400
-0.569612,0.336803,-0.108033,-0.000000,-0.000854,0.000709,-0.006220,-27.510314,-50.112371,-0.270503,0.131228,0.0420
-0.569612,0.336803,-0.108033,-0.000000,0.000092,0.000043,0.004060,-27.510314,-50.112371,-0.357139,0.156651,0.4100
-0.569612,0.336803,-0.108033,-0.000000,-0.000337,-0.001823,0.018330,-27.510314,-50.112371,-0.425510,0.176185,0.4830
-0.569612,0.336803,0.000000,0.000000,-0.001254,-0.000037,0.019365,-27.510314,-50.112370,-0.441263,0.185112,0.2720
-0.569612,0.336803,0.000000,0.000000,-0.004981,-0.001957,0.019873,-27.510314,-50.112370,-0.442483,0.186393,0.0460
-0.569612,0.336803,0.000000,0.000000,-0.000302,0.000185,0.022100,-27.510314,-50.112370,-0.444259,0.188312,0.0550
-0.569612,0.336803,0.000000,0.000000,-0.001062,0.000354,0.021816,-27.510314,-50.112370,-0.445627,0.190041,0.0400
-0.569612,0.336803,0.000000,0.000000,0.001310,-0.001459,0.021344,-27.510314,-50.112370,-0.447971,0.192287,0.0760
-0.569612,0.336803,0.000000,0.000000,0.001750,-0.002158,0.028262,-27.510314,-50.112370,-0.461674,0.208129,0.3790
-0.569612,0.336803,0.000000,0.000000,0.000262,-0.000135,0.037711,-27.510316,-50.112369,-0.469511,0.217385,0.5480
-0.569612,0.336803,0.000000,0.000000,-0.000334,0.001025,0.043101,-27.510316,-50.112369,-0.472687,0.221163,0.2030
-0.569612,0.336803,0.000000,0.000000,0.000164,-0.000258,0.044302,-27.510316,-50.112369,-0.473908,0.222618,0.0700
-0.569612,0.336803,0.000000,0.000000,0.000145,0.000309,0.046079,-27.510316,-50.112369,-0.475664,0.224713,0.0420
-0.759482,0.336803,-0.154333,-0.000000,-0.000748,0.000616,0.055325,-27.510317,-50.112369,-0.491889,0.231216,0.3370
-0.759482,0.336803,-0.154333,-0.000000,0.000716,0.000014,0.069714,-27.510317,-50.112369,-0.629243,0.242786,0.8140
-0.759482,0.336803,-0.154333,-0.000000,-0.000131,0.000119,0.071056,-27.510317,-50.112369,-0.637560,0.243469,0.0550
-0.759482,0.336803,-0.154333,-0.000000,0.001875,-0.002028,0.069714,-27.510317,-50.112369,-0.650771,0.244547,0.0740
-0.949353,0.336803,-0.180056,-0.000000,0.001720,0.001231,0.069069,-27.510318,-50.112368,-0.663805,0.245545,0.0450
-0.949353,0.336803,-0.180056,-0.000000,-0.000344,-0.000313,0.067409,-27.510318,-50.112368,-0.767165,0.251497,0.3980
-0.949353,0.336803,-0.180056,-0.000000,-0.000017,0.000184,0.074498,-27.510320,-50.112366,-0.865151,0.256815,0.6080
-1.139224,0.673606,-0.113686,0.201662,-0.004600,0.002800,0.075876,-27.510320,-50.112366,-0.888320,0.294803,0.1630
-1.139224,0.673606,-0.113686,0.201662,0.001965,0.000953,0.076334,-27.510320,-50.112366,-0.895012,0.306283,0.0440
-1.139224,0.673606,-0.113686,0.201662,0.000042,-0.001444,0.078434,-27.510320,-50.112366,-0.906260,0.325177,0.0800
-1.139224,0.673606,-0.113686,0.201662,0.001752,0.000604,0.089344,-27.510320,-50.112366,-0.993388,0.473783,0.5370
-1.139224,0.673606,0.000000,0.000000,0.000009,0.000001,0.094371,-27.510320,-50.112365,-1.008586,0.498322,0.4400
-1.139224,0.673606,0.000000,0.000000,-0.000440,-0.000118,0.095936,-27.510320,-50.112365,-1.011142,0.501821,0.1760
-1.139224,0.673606,0.000000,0.000000,0.000989,0.001924,0.095943,-27.510320,-50.112365,-1.012297,0.503364,0.0620
-1.139224,0.673606,0.000000,0.000000,0.000032,0.000348,0.095355,-27.510320,-50.112365,-1.012983,0.504286,0.0730
-1.139224,0.673606,0.000000,0.000000,-0.010601,-0.001091,0.096741,-27.510320,-50.112365,-1.013861,0.505455,0.0500
-1.139224,0.673606,0.000000,0.000000,-0.000358,0.000055,0.099610,-27.510320,-50.112365,-1.016402,0.508899,0.1960
-1.139224,0.673606,0.000000,0.000000,0.001190,-0.000369,0.102669,-27.510320,-50.112364,-1.020836,0.514869,0.3510
-1.139224,0.673606,0.000000,0.000000,-0.000237,-0.000449,0.105160,-27.510320,-50.112364,-1.024548,0.519852,0.3060
-1.139224,0.673606,0.000000,0.000000,0.126161,0.056265,0.104867,-27.510320,-50.112364,-1.027380,0.523646,0.2680
-1.139224,0.673606,0.000000,0.000000,0.110060,0.069495,0.104278,-27.510320,-50.112364,-1.027935,0.524399,0.0520
-1.139224,0.673606,0.000000,0.000000,-0.029913,0.016643,0.095536,-27.510320,-50.112364,-1.028425,0.525051,0.0430
-1.139224,0.673606,0.000000,0.000000,0.070515,-0.059390,0.104164,-27.510320,-50.112364,-1.028894,0.525666,0.0400
-1.139224,0.673606,0.000000,0.000000,0.151871,-0.027116,0.089904,-27.510320,-50.112364,-1.029763,0.526878,0.0920
-1.139224,1.347212,-0.000000,0.164622,-0.117414,0.041576,0.093268,-27.510320,-50.112363,-1.031616,0.566298,0.1810
-1.139224,1.347212,-0.000000,0.164622,0.318571,-0.039825,0.096252,-27.510320,-50.112363,-1.034542,0.635832,0.2140
-1.139224,1.347212,-0.000000,0.164622,0.177213,0.054805,0.109234,-27.510320,-50.112363,-1.038576,0.732259,0.4400
-0.379741,0.673606,0.169345,-0.150197,-0.132130,-0.051050,0.108127,-27.510313,-50.112364,-1.018753,0.742142,0.2750
-0.379741,0.673606,0.169345,-0.150197,-0.010144,0.011342,0.111119,-27.510313,-50.112364,-0.999047,0.728783,0.0880
-0.379741,0.673606,0.169345,-0.150197,-0.162704,0.049564,0.111256,-27.510313,-50.112364,-0.959519,0.701581,0.0820
-0.379741,0.673606,0.169345,-0.150197,-0.110542,0.112616,0.410067,-27.510313,-50.112364,-0.852186,0.626948,0.5240
0.569612,0.673606,0.396122,0.000000,-0.975855,-0.416558,-1.565096,-27.510306,-50.112366,-0.658068,0.608412,0.5280
0.569612,0.673606,0.396122,0.000000,-0.638947,-0.543087,-3.665731,-27.510306,-50.112366,-0.634132,0.608497,0.0680
0.569612,0.673606,0.396122,0.000000,-0.649649,-0.151443,-6.553813,-27.510306,-50.112366,-0.604045,0.609005,0.0590
0.569612,0.673606,0.396122,0.000000,-0.773757,-0.113685,-9.883583,-27.510306,-50.112366,-0.570661,0.609330,0.0660
0.569612,0.673606,0.396122,0.000000,0.297765,-0.286574,-21.705992,-27.510306,-50.112366,-0.454222,0.609989,0.2310
0.569612,0.336803,0.000000,-0.421844,0.691517,-0.309333,-34.101604,-27.510304,-50.112369,-0.330689,0.569418,0.3180
0.569612,0.336803,0.000000,-0.421844,0.702205,-0.373569,-35.980263,-27.510304,-50.112369,-0.323100,0.526757,0.1400
0.569612,0.336803,0.000000,-0.421844,0.632049,-0.325081,-36.715412,-27.510304,-50.112369,-0.320332,0.505570,0.0410
0.569612,0.336803,0.000000,-0.421844,0.826520,-0.307692,-37.297848,-27.510304,-50.112369,-0.312459,0.478140,0.0470
0.569612,0.336803,0.000000,-0.421844,0.775108,0.265229,-42.377632,-27.510304,-50.112369,-0.293411,0.353010,0.2980
0.569612,0.336803,0.000000,-0.421844,0.267438,0.088972,-44.045547,-27.510304,-50.112369,-0.287169,0.310842,0.1030
0.569612,0.336803,0.000000,-0.421844,0.004578,0.000817,-44.368473,-27.510304,-50.112369,-0.283465,0.284455,0.0650
0.569612,0.336803,0.000000,-0.421844,0.089096,-0.483311,-44.575603,-27.510304,-50.112369,-0.280457,0.263679,0.0410
0.569612,0.336803,0.000000,-0.421844,-0.112824,-0.247942,-44.888390,-27.510304,-50.112369,-0.278701,0.250925,0.0400
0.569612,0.336803,0.000000,-0.421844,-0.018852,0.196517,-46.828541,-27.510304,-50.112369,-0.271383,0.210467,0.0820
0.569612,0.336803,0.000000,-0.421844,0.101539,-0.249451,-47.418434,-27.510304,-50.112369,-0.268294,0.187681,0.0570
0.000000,0.673606,-0.216985,0.128300,0.296628,-0.640526,-47.657101,-27.510308,-50.112366,-0.276920,0.192166,0.0520
0.000000,0.673606,-0.216985,0.128300,-0.091867,-0.327522,-47.763638,-27.510308,-50.112366,-0.286670,0.202060,0.0400
0.000000,0.673606,-0.216985,0.128300,-0.224305,0.069725,-47.791996,-27.510308,-50.112366,-0.289662,0.204997,0.0400
0.000000,0.673606,-0.216985,0.128300,-0.134403,0.016970,-47.865608,-27.510308,-50.112366,-0.297367,0.193465,0.0400
0.000000,0.673606,-0.216985,0.128300,0.324391,-0.365277,-47.904671,-27.510308,-50.112366,-0.309613,0.206610,0.0480
0.000000,0.673606,-0.216985,0.128300,-0.006248,-0.115508,-47.940533,-27.510308,-50.112366,-0.320582,0.217669,0.0400
0.000000,0.673606,-0.216985,0.128300,0.136867,-0.521729,-47.945595,-27.510308,-50.112366,-0.322215,0.219220,0.0400
0.000000,0.673606,-0.216985,0.128300,0.136867,-0.521729,-47.945595,-27.510308,-50.112366,-0.322215,0.219220,0.0400
0.000000,0.673606,-0.216985,0.128300,0.136867,-0.521729,-47.945595,-27.510308,-50.112366,-0.322215,0.219220,0.0400
0.000000,0.673606,-0.216985,0.128300,0.136867,-0.521729,-47.945595,-27.510308,-50.112366,-0.322215,0.219220,0.0400
0.000000,0.673606,-0.216985,0.128300,0.136867,-0.521729,-47.945595,-27.510308,-50.112366,-0.322215,0.219220,0.0400
0.000000,0.673606,-0.216985,0.128300,0.128842,-0.445658,-53.486862,-27.510308,-50.112366,-0.377087,0.245499,0.0400
0.000000,0.673606,-0.216985,0.128300,-0.023408,0.730123,-53.942036,-27.510308,-50.112366,-0.387348,0.249002,0.0490
0.000000,0.673606,-0.216985,0.128300,-0.093811,0.595603,-54.078751,-27.510308,-50.112366,-0.397290,0.254574,0.0400
0.000000,0.673606,-0.216985,0.128300,-0.397990,1.071868,-54.085751,-27.510308,-50.112366,-0.399466,0.255896,0.0400
0.000000,0.673606,-0.216985,0.128300,-0.397990,1.071868,-54.085751,-27.510308,-50.112366,-0.399466,0.255896,0.0400
0.000000,0.673606,-0.216985,0.128300,-0.397990,1.071868,-54.085751,-27.510308,-50.112366,-0.399466,0.255896,0.0400
0.000000,0.673606,-0.216985,0.128300,-0.397990,1.071868,-54.085751,-27.510308,-50.112366,-0.399466,0.255896,0.0400
0.000000,0.673606,-0.216985,0.128300,-0.638821,1.265136,-59.822548,-27.510308,-50.112366,-0.447559,0.289815,0.0460
0.000000,0.673606,-0.216985,0.128300,-0.968886,1.593946,-60.714958,-27.510308,-50.112366,-0.452951,0.291758,0.0410
0.949353,2.020818,0.444501,0.630784,-0.694631,1.126376,-61.179192,-27.510302,-50.112356,-0.438298,0.312395,0.0400
0.949353,2.020818,0.444501,0.630784,-0.442252,0.585029,-61.179192,-27.510302,-50.112356,-0.438298,0.312395,0.0400
0.949353,2.020818,0.444501,0.630784,-0.442252,0.585029,-61.179192,-27.510302,-50.112356,-0.438298,0.312395,0.0400
0.949353,2.020818,0.444501,0.630784,-0.442252,0.585029,-61.179192,-27.510302,-50.112356,-0.438298,0.312395,0.0550
0.949353,2.020818,0.444501,0.630784,-0.442252,0.585029,-61.179192,-27.510302,-50.112356,-0.438298,0.312395,0.0400
0.949353,2.020818,0.444501,0.630784,-0.442252,0.585029,-61.179192,-27.510302,-50.112356,-0.438298,0.312395,0.0410
0.949353,2.020818,0.444501,0.630784,-0.442252,0.585029,-61.179192,-27.510302,-50.112356,-0.438298,0.312395,0.0400
0.949353,2.020818,0.444501,0.630784,-0.442252,0.585029,-61.179192,-27.510302,-50.112356,-0.438298,0.312395,0.0400
0.949353,2.020818,0.444501,0.630784,-0.226042,0.391122,-61.100647,-27.510302,-50.112356,-0.369720,0.504612,0.0520
0.949353,2.020818,0.444501,0.630784,-0.272993,0.621187,-61.047153,-27.510302,-50.112356,-0.340839,0.540473,0.0400
0.949353,2.020818,0.444501,0.630784,0.036974,0.081977,-60.989517,-27.510302,-50.112356,-0.321088,0.566261,0.0400
0.949353,2.020818,0.444501,0.630784,0.037948,0.079430,-60.989517,-27.510302,-50.112356,-0.321088,0.566261,0.0400
0.949353,2.020818,0.444501,0.630784,0.018743,0.588954,-60.682289,-27.510302,-50.112356,-0.268236,0.640829,0.0500
0.949353,2.020818,0.444501,0.630784,0.079543,0.268566,-60.560112,-27.510302,-50.112356,-0.245564,0.671323,0.0410
0.949353,2.020818,0.444501,0.630784,-0.010170,0.272113,-60.437115,-27.510302,-50.112356,-0.222304,0.702554,0.0400
0.949353,2.020818,0.444501,0.630784,0.113996,-0.041432,-60.215816,-27.510302,-50.112356,-0.189198,0.750417,0.0410
0.949353,2.020818,0.444501,0.630784,0.193421,-0.220161,-60.050346,-27.510302,-50.112356,-0.159814,0.789030,0.0680
0.949353,2.020818,0.444501,0.630784,-0.121427,0.481769,-59.840290,-27.510302,-50.112356,-0.118180,0.844598,0.0480
0.949353,2.020818,0.444501,0.630784,0.486667,-0.297604,-59.747448,-27.510302,-50.112356,-0.087849,0.885642,0.0720
2.848059,2.694424,1.473904,0.522899,-0.160470,0.806682,-59.717274,-27.510284,-50.112346,0.023111,0.943467,0.0900
2.848059,2.694424,1.473904,0.522899,-0.217582,1.418886,-60.182724,-27.510284,-50.112346,0.447236,1.102289,0.2420
2.848059,2.694424,1.473904,0.522899,-0.243225,0.647717,-60.356701,-27.510284,-50.112346,0.552393,1.142716,0.0710
2.848059,2.694424,1.473904,0.522899,-0.361770,0.642243,-60.814938,-27.510284,-50.112346,0.781769,1.230584,0.1380
2.848059,2.694424,1.473904,0.522899,-0.457251,0.294841,-61.340714,-27.510284,-50.112346,1.032203,1.327325,0.0810
6.455600,3.031227,2.320343,0.216629,-0.239903,0.240642,-62.278130,-27.510252,-50.112343,1.568286,1.533896,0.4150
6.455600,3.031227,2.320343,0.216629,-0.450203,0.220210,-65.117798,-27.510252,-50.112343,2.621328,1.662771,0.3640
6.455600,3.031227,2.320343,0.216629,-0.155901,0.447577,-66.035004,-27.510252,-50.112343,3.275656,1.741777,0.2960
6.455600,3.031227,2.320343,0.216629,0.122516,-0.161643,-66.561676,-27.510252,-50.112343,3.634123,1.784942,0.1100
6.455600,3.031227,2.320343,0.216629,0.021235,0.140136,-66.896080,-27.510252,-50.112343,3.824927,1.807932,0.1090
7.025211,3.704834,1.435009,1.697000,0.352820,0.140850,-68.467590,-27.510246,-50.112335,4.555589,2.335091,0.3540
7.025211,3.704834,1.435009,1.697000,0.793740,0.517449,-69.665192,-27.510246,-50.112335,5.343599,3.211065,0.4470
7.025211,3.704834,1.435009,1.697000,-0.853133,0.719422,-69.502518,-27.510246,-50.112335,5.674241,3.580218,0.3050
8.354305,5.052047,1.477701,1.497846,-1.034512,0.465367,-69.405937,-27.510234,-50.112323,5.747328,3.652933,0.0450
8.354305,5.052047,1.477701,1.497846,-0.864122,0.566898,-68.940697,-27.510234,-50.112323,5.828630,3.730263,0.0400
8.354305,5.052047,1.477701,1.497846,-0.924343,0.138311,-67.737236,-27.510234,-50.112323,5.936378,3.834977,0.0670
8.354305,5.052047,1.477701,1.497846,-1.010633,-0.124125,-66.827286,-27.510234,-50.112323,6.003540,3.899540,0.0410
8.354305,5.052047,1.477701,1.497846,-1.218014,0.768020,-65.773193,-27.510234,-50.112323,6.109438,4.001616,0.0510
8.354305,5.052047,1.477701,1.497846,-0.173103,1.773466,-63.043999,-27.510234,-50.112323,6.665695,4.542965,0.3260
8.354305,5.052047,1.477701,1.497846,1.488990,0.843921,-62.763359,-27.510234,-50.112323,7.267457,5.126889,0.3610
10.632752,5.388850,2.178153,0.321978,0.706684,-0.102213,-64.069778,-27.510214,-50.112319,8.039299,5.256257,0.3450
10.632752,5.388850,2.178153,0.321978,-0.235061,-0.177896,-64.225395,-27.510214,-50.112319,8.144338,5.271535,0.0890
10.632752,5.388850,2.178153,0.321978,-0.450434,-0.608084,-64.404190,-27.510214,-50.112319,8.286911,5.289603,0.0620
10.632752,5.388850,2.178153,0.321978,-1.128562,-0.617302,-64.564529,-27.510214,-50.112319,8.437558,5.311614,0.0640
10.632752,5.388850,2.178153,0.321978,-1.256592,-0.467721,-64.681679,-27.510214,-50.112319,8.537502,5.325119,0.0400
10.632752,5.388850,2.178153,0.321978,-0.851972,-0.177390,-64.832718,-27.510214,-50.112319,8.688874,5.349665,0.0400
11.582106,5.388850,2.178153,0.321978,-0.494954,-0.814251,-65.916176,-27.510207,-50.112322,9.581765,5.476077,0.4220
11.582106,5.388850,1.831422,0.000000,-0.947629,0.002956,-66.045341,-27.510207,-50.112322,10.669107,5.474489,0.4610
11.582106,5.388850,1.831422,0.000000,0.695619,-0.017865,-65.903053,-27.510207,-50.112322,11.067766,5.473263,0.3140
11.582106,5.388850,1.831422,0.000000,0.979647,-0.199125,-65.581871,-27.510207,-50.112322,11.469122,5.472105,0.1230
12.531459,5.725654,1.604810,0.569341,1.765858,0.015741,-63.395786,-27.510196,-50.112318,12.179755,5.711429,0.4960
12.531459,5.725654,1.604810,0.569341,-2.369575,-1.240142,-63.680443,-27.510196,-50.112318,12.996629,5.996839,0.4960
14.430164,5.388850,1.767814,-0.313585,-2.554155,-1.084371,-63.340115,-27.510179,-50.112320,13.127969,6.033856,0.1190
14.430164,5.388850,1.767814,-0.313585,-1.090030,-0.377069,-62.304527,-27.510179,-50.112320,13.522113,5.960327,0.2090
14.430164,5.388850,1.767814,-0.313585,0.086996,0.577897,-60.328911,-27.510179,-50.112320,14.109399,5.849469,0.3180
14.430164,5.388850,1.767814,-0.313585,0.681576,0.637842,-57.686966,-27.510179,-50.112320,14.883089,5.703708,0.4420
14.240294,6.399260,-0.247022,1.314547,1.111054,0.397171,-56.631546,-27.510181,-50.112308,14.825459,6.035537,0.2690
14.240294,6.399260,-0.247022,1.314547,1.174985,0.707822,-56.388454,-27.510181,-50.112308,14.809216,6.109113,0.0570
14.240294,6.399260,-0.247022,1.314547,1.455301,0.661370,-56.209621,-27.510181,-50.112308,14.794796,6.164639,0.0400
14.240294,6.399260,-0.247022,1.314547,1.167782,1.220908,-55.980091,-27.510181,-50.112308,14.781300,6.236905,0.0560
14.240294,6.399260,-0.247022,1.314547,1.421849,1.068388,-55.787594,-27.510181,-50.112308,14.765197,6.298293,0.0400
14.240294,6.399260,-0.247022,1.314547,1.246749,0.738995,-55.549679,-27.510181,-50.112308,14.744397,6.403428,0.0830
14.240294,6.399260,-0.247022,1.314547,1.080401,0.079999,-56.129292,-27.510181,-50.112308,14.680108,6.733998,0.2120
14.240294,6.399260,-0.247022,1.314547,-0.230898,-1.680487,-57.649712,-27.510181,-50.112308,14.627467,6.999827,0.2380
14.240294,6.736063,-0.000000,1.064900,-0.469786,-2.641863,-59.743958,-27.510181,-50.112304,14.618125,7.349812,0.3180
14.240294,6.736063,-0.000000,1.064900,-0.633589,-1.720387,-61.648373,-27.510181,-50.112304,14.612721,7.611675,0.2830
14.240294,6.736063,-0.000000,1.064900,-0.538127,-1.276692,-62.041805,-27.510181,-50.112304,14.611592,7.670696,0.0560
14.240294,6.736063,-0.000000,1.064900,-1.023010,-1.064870,-62.480003,-27.510181,-50.112304,14.610787,7.730168,0.0580
15.949129,8.083277,1.034222,0.815362,-2.090730,0.147474,-63.794628,-27.510167,-50.112294,14.606029,8.035042,0.2220
15.949129,8.083277,1.034222,0.815362,-0.540454,1.215997,-61.913609,-27.510167,-50.112294,15.012340,8.344806,0.4370
15.949129,8.083277,1.034222,0.815362,-0.199272,0.429275,-61.268307,-27.510167,-50.112294,15.447671,8.669545,0.3960
15.949129,8.083277,1.034222,0.815362,0.265747,-0.104126,-61.387329,-27.510167,-50.112294,15.556385,8.750418,0.1410
15.949129,8.083277,1.034222,0.815362,0.135125,-0.295825,-61.529015,-27.510167,-50.112294,15.612925,8.790730,0.0400
16.518742,8.420080,1.093780,0.646737,0.086632,-0.436245,-61.864670,-27.510161,-50.112290,15.708905,8.857461,0.0880
16.518742,8.420080,1.093780,0.646737,-0.097420,-0.617714,-62.706238,-27.510161,-50.112290,15.912877,8.968600,0.1770
16.518742,8.420080,1.093780,0.646737,-0.123752,-0.604109,-63.803890,-27.510161,-50.112290,16.244052,9.151113,0.2660
16.518742,8.420080,1.093780,0.646737,-0.761093,0.612755,-66.044678,-27.510164,-50.112266,16.774429,9.446807,0.4910
16.139000,10.440901,-0.259374,1.380275,-0.576816,1.120300,-66.631813,-27.510164,-50.112266,16.725537,9.698526,0.2120
16.139000,10.440901,-0.259374,1.380275,-0.546103,1.384043,-66.728149,-27.510164,-50.112266,16.711792,9.768982,0.0480
16.139000,10.440901,-0.259374,1.380275,-0.402972,1.118468,-66.823204,-27.510164,-50.112266,16.694811,9.842999,0.0400
16.139000,10.440901,-0.259374,1.380275,-0.612568,1.519444,-66.855164,-27.510164,-50.112266,16.689754,9.865645,0.0400
16.139000,10.440901,-0.259374,1.380275,-0.612568,1.519444,-66.855164,-27.510164,-50.112266,16.689754,9.865645,0.0400
16.139000,10.440901,-0.259374,1.380275,-0.612568,1.519444,-66.855164,-27.510164,-50.112266,16.689754,9.865645,0.0410
16.139000,10.440901,-0.259374,1.380275,0.163259,0.254057,-67.261711,-27.510164,-50.112266,16.657883,10.165211,0.0480
16.139000,10.440901,-0.259374,1.380275,0.373675,-0.890853,-67.754677,-27.510164,-50.112266,16.563443,10.597815,0.3470
14.620034,13.135328,-0.697273,1.236863,-0.061946,-0.119817,-67.883087,-27.510178,-50.112241,16.421218,10.994985,0.2720
14.620034,13.135328,-0.697273,1.236863,0.561240,-0.009410,-67.922302,-27.510178,-50.112241,16.152033,11.451708,0.3520
14.620034,13.135328,-0.697273,1.236863,0.163039,-0.043327,-67.964211,-27.510178,-50.112241,16.052996,11.620201,0.1390
14.620034,13.135328,-0.697273,1.236863,0.156665,-0.169898,-67.833977,-27.510178,-50.112241,15.988234,11.730239,0.0840
14.620034,13.135328,-0.697273,1.236863,0.339445,-0.242279,-67.729111,-27.510178,-50.112241,15.956584,11.783867,0.0410
14.620034,13.135328,-0.697273,1.236863,0.506901,-0.533476,-67.590813,-27.510178,-50.112241,15.918914,11.846811,0.0400
14.620034,13.135328,-0.697273,1.236863,0.548279,-0.797882,-66.958633,-27.510178,-50.112241,15.753248,12.131088,0.2040
11.582105,15.156148,-1.366386,0.908915,0.270818,-0.671770,-66.175201,-27.510206,-50.112223,15.344406,12.428732,0.2560
11.582105,15.156148,-1.366386,0.908915,0.163438,-0.269525,-65.659653,-27.510206,-50.112223,14.841240,12.767735,0.3280
11.582105,15.156148,-1.366386,0.908915,0.262443,-1.272824,-65.093269,-27.510206,-50.112223,14.437898,13.038607,0.3100
11.582105,15.156148,-1.366386,0.908915,0.492290,-0.663449,-64.502022,-27.510226,-50.112199,14.218595,13.187239,0.1070
9.303658,17.513771,-1.415710,1.464906,-0.013381,0.409323,-64.203003,-27.510226,-50.112199,14.118026,13.288576,0.0960
9.303658,17.513771,-1.415710,1.464906,-0.089590,0.453179,-63.922832,-27.510226,-50.112199,14.044469,13.363975,0.0440
9.303658,17.513771,-1.415710,1.464906,0.253590,-0.713525,-62.426018,-27.510226,-50.112199,13.530632,13.882514,0.2940
9.303658,17.513771,-1.415710,1.464906,-0.096982,1.033631,-63.102451,-27.510226,-50.112199,13.277307,14.138840,0.1810
9.303658,17.513771,-1.415710,1.464906,-0.238874,0.837190,-63.466850,-27.510226,-50.112199,13.190187,14.226894,0.0520
9.303658,17.513771,-1.415710,1.464906,-0.224281,1.522395,-63.917892,-27.510226,-50.112199,13.107071,14.311087,0.0550
9.303658,17.513771,-1.415710,1.464906,-0.212180,1.102279,-65.870766,-27.510226,-50.112199,12.795065,14.627265,0.1220
8.734046,19.871393,-0.511051,2.115239,-0.994538,1.750674,-69.000778,-27.510230,-50.112173,12.473079,15.245498,0.3670
8.734046,19.871393,-0.511051,2.115239,0.003364,1.117559,-69.806091,-27.510230,-50.112173,12.364773,15.608341,0.1580
8.734046,19.871393,-0.511051,2.115239,0.276271,1.248472,-70.025787,-27.510230,-50.112173,12.324084,15.744870,0.0610
8.734046,19.871393,-0.511051,2.115239,0.253363,0.834803,-70.267952,-27.510230,-50.112173,12.285078,15.878982,0.0410
8.734046,19.871393,-0.511051,2.115239,1.906458,1.921573,-71.891197,-27.510230,-50.112173,12.085083,16.552655,0.2720
7.025210,21.555408,-1.352084,1.332446,1.484629,0.452675,-73.675850,-27.510246,-50.112155,11.741893,17.305605,0.3520
7.025210,21.555408,-1.352084,1.332446,0.635673,0.394732,-72.704636,-27.510246,-50.112155,11.284370,17.756312,0.2800
7.025210,21.555408,-1.352084,1.332446,-0.022406,0.691598,-72.796661,-27.510246,-50.112155,11.103827,17.932901,0.1700
7.025210,21.555408,-1.352084,1.332446,-0.086247,0.088393,-72.894196,-27.510246,-50.112155,11.011137,18.021180,0.0440
7.025210,21.555408,-1.352084,1.332446,-0.413407,0.580967,-73.048515,-27.510246,-50.112155,10.862416,18.164927,0.1020
7.025210,21.555408,-1.352084,1.332446,-0.004223,-0.304315,-73.071770,-27.510246,-50.112155,10.824808,18.200750,0.0400
7.025210,21.555408,-1.352084,1.332446,-0.004223,-0.304315,-73.071770,-27.510246,-50.112155,10.824808,18.200750,0.0400
7.025210,21.555408,-1.352084,1.332446,0.077042,0.180215,-73.708481,-27.510246,-50.112155,10.615926,18.426412,0.0770
7.025210,21.555408,-1.352084,1.332446,0.099193,0.638884,-73.937019,-27.510246,-50.112155,10.529409,18.508496,0.0560
7.025210,21.555408,-1.352084,1.332446,0.070352,0.192540,-74.073654,-27.510246,-50.112155,10.454745,18.580171,0.0490
7.025210,22.565819,-0.000000,1.214089,0.012457,-0.056140,-74.157425,-27.510246,-50.112144,10.405814,18.649184,0.0410
7.025210,22.565819,-0.000000,1.214089,0.081233,0.794262,-74.207420,-27.510246,-50.112144,10.405127,18.727850,0.0640
7.025210,22.565819,-0.000000,1.214089,0.020439,-0.273925,-74.228310,-27.510246,-50.112144,10.403306,18.797113,0.0410
7.025210,22.565819,-0.000000,1.214089,-0.156996,0.762213,-74.268341,-27.510246,-50.112144,10.397799,18.859310,0.0430
7.025210,22.565819,-0.000000,1.214089,-0.100781,-0.017875,-74.282845,-27.510246,-50.112144,10.394142,18.920362,0.0400
7.025210,22.565819,-0.000000,1.214089,-0.036539,-0.181349,-74.284851,-27.510246,-50.112144,10.391151,18.959286,0.0400
7.025210,22.565819,-0.000000,1.214089,-0.038817,-0.180865,-74.284851,-27.510246,-50.112144,10.391151,18.959286,0.0400
7.025210,22.565819,-0.000000,1.214089,-0.038817,-0.180865,-74.284851,-27.510246,-50.112144,10.391151,18.959286,0.0400
7.025210,22.565819,-0.000000,1.214089,-0.038817,-0.180865,-74.284851,-27.510246,-50.112144,10.391151,18.959286,0.0400
7.025210,22.565819,-0.000000,1.214089,-2.141152,0.272847,-74.492615,-27.510246,-50.112144,10.338266,19.270051,0.0690
7.025210,22.565819,-0.000000,1.214089,-2.806780,-0.243103,-74.294846,-27.510246,-50.112144,10.338703,19.336040,0.0400
7.025210,22.565819,-0.000000,1.214089,-3.053314,-1.557993,-73.862411,-27.510246,-50.112144,10.336358,19.418968,0.0620
7.025210,22.565819,-0.000000,1.214089,-3.090348,-1.436364,-73.485298,-27.510246,-50.112144,10.335838,19.483569,0.0410
7.025210,22.565819,-0.000000,1.214089,-3.782769,-2.021042,-73.163452,-27.510246,-50.112144,10.335395,19.534828,0.0400
7.025210,22.565819,-0.000000,1.214089,-3.805678,-2.045289,-73.163452,-27.510246,-50.112144,10.335395,19.534828,0.0400
7.025210,22.565819,-0.000000,1.214089,-2.790555,-2.452517,-71.856651,-27.510246,-50.112144,10.307956,19.682536,0.0560
7.025210,22.565819,-0.000000,1.214089,-1.748090,-1.855544,-71.474808,-27.510246,-50.112144,10.310439,19.741429,0.0400
7.025210,22.565819,-0.000000,1.214089,-1.484844,-2.203580,-71.108292,-27.510246,-50.112144,10.308481,19.808722,0.0400
7.025210,22.565819,-0.000000,1.214089,-1.422504,-2.154522,-70.736786,-27.510246,-50.112144,10.295399,19.879217,0.0420
5.316375,22.565819,-0.792244,-0.000000,-0.364722,-1.393053,-70.403221,-27.510261,-50.112145,10.286018,19.962808,0.0740
5.316375,22.565819,-0.792244,-0.000000,-0.082554,-1.501453,-70.182587,-27.510261,-50.112145,10.224409,19.953383,0.0410
5.316375,22.565819,-0.792244,-0.000000,0.367344,-2.195446,-69.886589,-27.510261,-50.112145,10.159852,19.958770,0.0630
5.316375,22.565819,-0.792244,-0.000000,0.336512,-1.547497,-69.753593,-27.510261,-50.112145,10.109013,19.962366,0.0420
5.316375,22.565819,-0.792244,-0.000000,0.174522,-0.988032,-69.626907,-27.510261,-50.112145,10.046660,19.969456,0.0410
5.316375,22.565819,-0.792244,-0.000000,0.333589,0.411643,-69.458420,-27.510261,-50.112145,9.917450,19.983762,0.1280
5.316375,22.565819,-0.792244,-0.000000,0.396963,0.412617,-69.415260,-27.510261,-50.112145,9.849728,19.991564,0.0630
5.316375,22.565819,-0.792244,-0.000000,-0.511647,0.998689,-69.110077,-27.510261,-50.112145,9.542545,20.027531,0.2970
4.177151,22.229015,-0.828805,-0.245030,-1.015199,0.075457,-68.807587,-27.510272,-50.112147,9.151911,20.043815,0.3960
4.177151,22.229015,-0.828805,-0.245030,-1.929215,0.311849,-69.013115,-27.510272,-50.112147,9.044200,20.029462,0.1070
4.177151,22.229015,-0.828805,-0.245030,-1.564877,-0.297358,-68.581741,-27.510272,-50.112147,8.746657,19.989803,0.2810
4.177151,22.229015,-0.828805,-0.245030,0.054280,-0.014996,-67.423141,-27.510272,-50.112147,8.520005,19.959398,0.1700
4.177151,22.229015,-0.828805,-0.245030,1.300621,0.981076,-66.856476,-27.510272,-50.112147,8.337903,19.934882,0.2290
4.177151,22.229015,-0.828805,-0.245030,0.977197,0.955947,-66.719315,-27.510272,-50.112147,8.292278,19.928677,0.0400
2.848057,21.555408,-0.995759,-0.504667,1.262883,1.361334,-66.532951,-27.510285,-50.112158,8.204557,19.911863,0.0800
2.848057,21.555408,-0.995759,-0.504667,1.843499,1.419278,-66.446220,-27.510285,-50.112158,8.145498,19.890707,0.0400
2.848057,21.555408,-0.995759,-0.504667,1.141363,1.110067,-66.346375,-27.510285,-50.112158,8.048534,19.858133,0.0790
2.848057,21.555408,-0.995759,-0.504667,0.807376,1.251436,-66.309349,-27.510285,-50.112158,7.963948,19.829082,0.0410
2.848057,21.555408,-0.995759,-0.504667,-0.108141,0.641503,-66.249420,-27.510285,-50.112158,7.863429,19.795116,0.0830
2.848057,21.555408,-0.995759,-0.504667,0.384835,0.759353,-66.210182,-27.510285,-50.112158,7.806160,19.775773,0.0610
2.848057,21.555408,-0.995759,-0.504667,0.344696,0.776394,-66.209068,-27.510285,-50.112158,7.751317,19.756997,0.0400
2.848057,21.555408,-0.995759,-0.504667,-0.293363,0.037234,-66.248894,-27.510285,-50.112158,7.690055,19.736259,0.0470
2.848057,21.555408,-0.995759,-0.504667,-0.534878,-0.612152,-66.326309,-27.510285,-50.112158,7.635622,19.717888,0.0480
2.848057,21.555408,-0.995759,-0.504667,-1.190539,-0.048772,-66.394318,-27.510285,-50.112158,7.580699,19.699177,0.0400
2.848057,21.555408,-0.995759,-0.504667,-1.272693,0.471691,-66.390587,-27.510285,-50.112158,7.482822,19.666020,0.0810
2.848057,21.555408,-0.995759,-0.504667,-0.985031,0.424883,-66.363441,-27.510285,-50.112158,7.429072,19.647804,0.0410
2.848057,21.555408,-0.995759,-0.504667,-0.871171,0.130039,-66.270538,-27.510285,-50.112158,7.348219,19.620268,0.0660
2.848057,21.555408,-0.995759,-0.504667,-0.267651,-1.496304,-66.486969,-27.510285,-50.112158,7.115332,19.540312,0.1720
1.329092,18.187378,-0.871371,-1.932108,-0.442010,-0.292323,-67.611465,-27.510298,-50.112190,6.670461,18.921977,0.3800
1.329092,18.187378,-0.871371,-1.932108,0.061976,-0.628210,-68.154526,-27.510298,-50.112190,6.270747,18.219848,0.3760
1.329092,18.187378,-0.871371,-1.932108,0.324571,-0.875276,-68.183838,-27.510298,-50.112190,6.148117,18.003869,0.1330
1.329092,18.187378,-0.871371,-1.932108,0.075190,0.221159,-68.251305,-27.510298,-50.112190,5.981416,17.710601,0.1480
-0.189873,15.492954,-1.285915,-2.281027,0.351763,0.013829,-67.999733,-27.510312,-50.112218,5.601463,17.111152,0.2580
-0.189873,15.492954,-1.285915,-2.281027,0.368841,-0.540124,-67.797729,-27.510312,-50.112218,4.886756,16.021852,0.4470
-2.088579,12.124925,-1.503181,-2.666426,0.589266,-1.755317,-68.059654,-27.510329,-50.112251,4.337901,15.183089,0.3730
-2.088579,12.124925,-1.503181,-2.666426,0.805012,-2.393834,-68.141792,-27.510329,-50.112251,4.189572,14.951129,0.1080
-2.088579,12.124925,-1.503181,-2.666426,0.491332,-2.575343,-68.541145,-27.510329,-50.112251,3.932555,14.547896,0.1380
-2.088579,12.124925,-1.503181,-2.666426,-0.488412,-2.154384,-69.472496,-27.510329,-50.112251,3.592753,14.017354,0.1480
-2.088579,12.124925,-1.503181,-2.666426,-0.458027,-1.638119,-69.828415,-27.510329,-50.112251,3.055997,13.172395,0.3530
-2.088579,12.124925,-1.503181,-2.666426,0.487301,-1.145726,-69.166855,-27.510329,-50.112251,2.654204,12.542093,0.2130
-3.797414,9.767303,-1.563900,-2.157659,0.476703,-0.624564,-68.764099,-27.510343,-50.112273,2.478723,12.317343,0.1180
-3.797414,9.767303,-1.563900,-2.157659,-0.100072,0.382312,-67.951164,-27.510343,-50.112273,1.959587,11.673984,0.2830
-3.797414,9.767303,-1.563900,-2.157659,-0.087025,0.462434,-67.835022,-27.510343,-50.112273,1.881532,11.577484,0.0460
-3.797414,9.767303,-1.563900,-2.157659,0.242025,1.114876,-67.481491,-27.510343,-50.112273,1.670070,11.318929,0.0470
-3.797414,9.767303,-1.563900,-2.157659,0.142967,0.670359,-66.632484,-27.510343,-50.112273,1.314061,10.881757,0.1430
-5.696120,8.420093,-1.854455,-1.315813,-0.183220,1.407391,-66.446861,-27.510360,-50.112290,0.639784,10.153758,0.4650
-5.696120,8.420093,-1.854455,-1.315813,-0.529778,1.480768,-66.539635,-27.510360,-50.112290,0.472051,10.043220,0.0900
-5.696120,8.420093,-1.854455,-1.315813,-0.584492,1.223832,-66.610649,-27.510360,-50.112290,0.306501,9.934886,0.0880
-5.696120,8.420093,-1.854455,-1.315813,-0.839520,1.126696,-66.611649,-27.510360,-50.112290,0.156174,9.836677,0.0700
-5.696120,8.420093,-1.854455,-1.315813,-0.591970,1.035149,-66.588516,-27.510360,-50.112290,0.043480,9.763602,0.0410
-5.696120,8.420093,-1.854455,-1.315813,-0.219892,-0.694222,-66.494621,-27.510360,-50.112290,-0.217438,9.593476,0.0870
-5.696120,8.420093,-1.854455,-1.315813,0.812352,-1.536922,-66.454239,-27.510360,-50.112290,-0.671122,9.296143,0.2630
-5.696120,8.420093,-1.854455,-1.315813,0.435302,-1.427105,-66.438690,-27.510360,-50.112290,-0.754130,9.242010,0.0420
-5.696120,8.420093,-1.854455,-1.315813,0.748508,-1.433045,-66.402901,-27.510360,-50.112290,-0.977748,9.096371,0.1060
-5.696120,8.420093,-1.854455,-1.315813,0.621137,-1.649295,-66.426498,-27.510360,-50.112290,-1.085297,9.026703,0.0520
-5.696120,8.420093,-1.854455,-1.315813,0.551866,-1.795150,-66.482132,-27.510360,-50.112290,-1.174115,8.969305,0.0400
-5.696120,8.420093,-1.854455,-1.315813,0.173052,-1.274586,-66.540413,-27.510360,-50.112290,-1.261668,8.914207,0.0400
-7.594826,6.399276,-1.567572,-1.668386,0.389450,-0.661821,-66.597168,-27.510377,-50.112309,-1.346862,8.834561,0.0460
-7.594826,6.399276,-1.567572,-1.668386,0.366154,-2.047827,-66.668961,-27.510377,-50.112309,-1.436908,8.747840,0.0490
-7.594826,6.399276,-1.567572,-1.668386,0.325601,-0.888003,-66.752083,-27.510377,-50.112309,-1.530994,8.657684,0.0400
-7.594826,6.399276,-1.567572,-1.668386,0.027552,-0.978002,-67.060127,-27.510377,-50.112309,-1.808357,8.390183,0.1490
-7.594826,6.399276,-1.567572,-1.668386,0.341746,-0.627561,-67.554657,-27.510377,-50.112309,-2.126807,8.082288,0.1710
-7.594826,6.399276,-1.567572,-1.668386,0.077003,-0.580743,-68.066635,-27.510377,-50.112309,-2.446428,7.773104,0.1890
-7.594826,6.399276,-1.567572,-1.668386,-0.248124,-0.614015,-68.289444,-27.510377,-50.112309,-2.556016,7.668213,0.0660
-7.594826,6.399276,-1.567572,-1.668386,-0.118412,-0.717048,-68.482964,-27.510377,-50.112309,-2.655408,7.574343,0.0400
-7.594826,6.399276,-1.567572,-1.668386,-0.100893,-0.633669,-68.664787,-27.510377,-50.112309,-2.748367,7.485096,0.0500
-7.594826,6.399276,-1.567572,-1.668386,0.010704,-0.584477,-68.812302,-27.510377,-50.112309,-2.836381,7.401613,0.0410
-7.594826,6.399276,-1.567572,-1.668386,-0.022000,-0.300168,-68.967461,-27.510377,-50.112309,-2.940024,7.299482,0.0560
-7.594826,6.399276,-1.567572,-1.668386,-0.108092,-0.360876,-69.055931,-27.510377,-50.112309,-3.011288,7.231460,0.0440
-7.594826,5.725671,0.000000,-1.445589,0.133212,-0.399489,-69.209480,-27.510378,-50.112318,-3.081357,7.116841,0.0680
-7.594826,5.725671,0.000000,-1.445589,-0.198501,-0.046644,-69.281219,-27.510378,-50.112318,-3.086080,7.051635,0.0400
-7.594826,5.725671,0.000000,-1.445589,-0.059644,0.204505,-69.305641,-27.510378,-50.112318,-3.088181,7.017690,0.0400
-7.594826,5.725671,0.000000,-1.445589,-0.011342,-0.281179,-69.338539,-27.510378,-50.112318,-3.136553,6.864813,0.0610
-7.594826,5.725671,0.000000,-1.445589,-0.285967,0.042570,-69.334770,-27.510378,-50.112318,-3.141185,6.791474,0.0400
-7.594826,5.725671,0.000000,-1.445589,-0.092499,0.275369,-69.337265,-27.510378,-50.112318,-3.143696,6.761987,0.0600
-7.594826,5.725671,0.000000,-1.445589,-0.542836,0.817945,-69.211021,-27.510378,-50.112318,-3.174458,6.539631,0.1050
-7.594826,5.725671,0.000000,-1.445589,-0.312440,0.989952,-69.097198,-27.510378,-50.112318,-3.184617,6.447657,0.0650
-7.594826,5.725671,0.000000,-1.445589,-0.189722,1.631873,-68.967056,-27.510378,-50.112318,-3.200080,6.321258,0.0830
-7.594826,5.725671,0.000000,-1.445589,0.014828,1.478930,-68.791779,-27.510378,-50.112318,-3.247691,5.943089,0.2330
-7.594826,5.052065,0.000000,-0.843689,-0.204769,1.498038,-67.505562,-27.510377,-50.112322,-3.335956,5.425716,0.4710
-7.594826,5.052065,0.000000,-0.843689,0.406859,0.413324,-67.086418,-27.510377,-50.112322,-3.377301,5.236720,0.2150
-7.594826,5.052065,0.000000,-0.843689,0.279832,0.561915,-67.178978,-27.510377,-50.112322,-3.393310,5.163546,0.1210
-7.594826,5.052065,0.000000,-0.843689,-0.198127,-0.016481,-67.738609,-27.510376,-50.112330,-3.464558,4.838147,0.3690
-7.404955,4.041657,0.160565,-0.854456,-0.286178,0.166983,-67.804405,-27.510376,-50.112330,-3.468645,4.514851,0.3400
-7.404955,4.041657,0.160565,-0.854456,-0.050823,0.225428,-67.594009,-27.510376,-50.112330,-3.471759,4.240262,0.3660
-7.404955,4.041657,0.160565,-0.854456,-0.430099,0.447596,-67.609062,-27.510376,-50.112330,-3.472331,4.204820,0.0400
-7.404955,4.041657,0.160565,-0.854456,-0.101573,0.284049,-67.635132,-27.510376,-50.112330,-3.474367,4.067437,0.1570
-7.404955,4.041657,0.160565,-0.854456,-0.325916,0.160036,-67.634438,-27.510376,-50.112330,-3.474904,4.029851,0.0440
-7.404955,4.041657,0.160565,-0.854456,-0.188947,0.039724,-67.639992,-27.510376,-50.112330,-3.475734,3.990499,0.0470
-7.025214,3.704854,0.669683,-0.593960,0.155174,-0.822056,-68.027809,-27.510372,-50.112337,-3.301595,3.762721,0.3180
-7.025214,3.704854,0.669683,-0.593960,0.485776,0.019772,-67.983566,-27.510372,-50.112337,-3.116666,3.544880,0.3750
-6.265732,3.031249,0.773599,-0.686126,0.590556,0.159305,-67.754089,-27.510366,-50.112343,-2.967803,3.371562,0.3400
-6.265732,3.031249,0.773599,-0.686126,0.248647,0.074954,-67.760559,-27.510366,-50.112343,-2.940142,3.340717,0.0420
-6.265732,3.031249,0.773599,-0.686126,0.341708,-0.217554,-67.780533,-27.510366,-50.112343,-2.912921,3.309791,0.0440
-6.265732,3.031249,0.773599,-0.686126,0.329657,-0.319515,-67.908676,-27.510366,-50.112343,-2.825070,3.212442,0.1420
-6.265732,3.031249,0.773599,-0.686126,0.301941,-0.056734,-68.020226,-27.510366,-50.112343,-2.752201,3.130715,0.0400
-6.265732,3.031249,0.773599,-0.686126,-0.128711,0.132569,-68.482834,-27.510366,-50.112343,-2.512982,2.867290,0.4520
-5.506249,2.357643,0.873667,-0.774879,-0.092072,0.134645,-68.111916,-27.510358,-50.112349,-2.254213,2.585725,0.3800
-5.506249,2.357643,0.873667,-0.774879,-0.198750,-0.019989,-68.019669,-27.510358,-50.112349,-2.071296,2.390747,0.2730
-5.506249,2.357643,0.873667,-0.774879,-0.358642,0.154344,-68.101212,-27.510358,-50.112349,-1.939359,2.250080,0.1820
-5.506249,2.357643,0.873667,-0.774879,-0.493740,-0.453793,-68.120865,-27.510358,-50.112349,-1.707924,2.002888,0.3160
-4.556896,2.020840,1.168457,-0.414535,-0.323055,0.191010,-68.529083,-27.510351,-50.112356,-1.307056,1.792102,0.3460
-4.556896,2.020840,1.168457,-0.414535,-0.074292,-0.064176,-68.785309,-27.510351,-50.112356,-0.980656,1.663359,0.4020
-4.556896,2.020840,1.168457,-0.414535,0.039303,0.168160,-68.811646,-27.510351,-50.112356,-0.768168,1.579743,0.2080
-3.037931,1.347235,1.340288,-0.594369,-0.024977,0.240752,-68.889671,-27.510337,-50.112362,-0.459637,1.444620,0.2200
-3.037931,1.347235,1.340288,-0.594369,0.184497,0.376413,-69.921043,-27.510337,-50.112362,0.146240,1.150635,0.5200
-3.037931,1.347235,1.340288,-0.594369,-0.184427,0.128603,-70.184021,-27.510337,-50.112362,0.512151,0.973204,0.3390
-3.037931,1.347235,1.340288,-0.594369,-0.255261,0.445134,-70.145271,-27.510337,-50.112362,0.562041,0.948884,0.0410
-1.898708,0.673629,1.244341,-0.735760,-0.264996,-0.046753,-70.069763,-27.510327,-50.112367,0.642201,0.903056,0.0690
-1.898708,0.673629,1.244341,-0.735760,-0.237795,-0.057736,-69.673691,-27.510327,-50.112367,1.109070,0.597797,0.2640
-1.898708,0.673629,1.244341,-0.735760,-0.169570,0.131734,-69.053268,-27.510327,-50.112367,1.575364,0.293360,0.5300
-0.569614,0.336826,1.371375,-0.347517,-0.335171,0.632539,-68.693779,-27.510315,-50.112370,1.997026,0.123573,0.3360
-0.569614,0.336826,1.371375,-0.347517,-0.246872,-0.147258,-68.515373,-27.510315,-50.112370,2.149510,0.082603,0.1650
-0.569614,0.336826,1.371375,-0.347517,-0.209662,-0.166472,-68.272247,-27.510315,-50.112370,2.317446,0.037521,0.1460
-0.569614,0.336826,1.371375,-0.347517,0.077439,-0.130562,-68.116142,-27.510315,-50.112370,2.971581,-0.139382,0.4380
0.759480,-0.336780,1.394981,-0.706999,1.241742,-0.572036,-69.015343,-27.510303,-50.112377,3.396651,-0.370532,0.4180
0.759480,-0.336780,1.394981,-0.706999,1.295460,-0.638431,-69.344398,-27.510303,-50.112377,3.525109,-0.440750,0.1020
0.759480,-0.336780,1.394981,-0.706999,1.317165,-1.515724,-69.480034,-27.510303,-50.112377,3.587918,-0.475551,0.0410
0.759480,-0.336780,1.394981,-0.706999,1.409931,-1.609850,-69.595131,-27.510303,-50.112377,3.647989,-0.508520,0.0490
0.759480,-0.336780,1.394981,-0.706999,1.445448,-1.551936,-69.684525,-27.510303,-50.112377,3.702215,-0.538397,0.0410
0.759480,-0.336780,1.394981,-0.706999,1.516190,-2.758072,-69.721138,-27.510303,-50.112377,3.734266,-0.555999,0.0400
0.759480,-0.336780,1.394981,-0.706999,1.512260,-2.688630,-69.625046,-27.510303,-50.112377,3.854113,-0.623756,0.0430
0.759480,-0.336780,1.394981,-0.706999,0.513843,-1.676507,-69.527107,-27.510303,-50.112377,3.922762,-0.659209,0.0650
0.759480,-0.336780,1.394981,-0.706999,0.045593,-0.387300,-69.476990,-27.510303,-50.112377,3.981641,-0.690519,0.0430
0.759480,-0.336780,1.394981,-0.706999,-0.658680,-0.386568,-69.472145,-27.510303,-50.112377,4.027426,-0.715101,0.0410
0.759480,-0.336780,1.394981,-0.706999,-0.783643,-0.504142,-69.475578,-27.510303,-50.112377,4.081308,-0.743925,0.0400
0.759480,-0.336780,1.394981,-0.706999,-1.275398,0.262062,-69.483681,-27.510303,-50.112377,4.179092,-0.797260,0.0780
1.898704,-1.010386,1.341763,-0.793364,-1.096712,-0.145051,-69.394753,-27.510291,-50.112384,4.307738,-0.872511,0.1020
1.898704,-1.010386,1.341763,-0.793364,-1.199876,-0.215384,-69.272331,-27.510291,-50.112384,4.384775,-0.922013,0.0630
1.898704,-1.010386,1.341763,-0.793364,-0.884780,-0.647238,-69.201591,-27.510291,-50.112384,4.438145,-0.956259,0.0400
1.898704,-1.010386,1.341763,-0.793364,-0.358388,-1.169488,-69.120422,-27.510291,-50.112384,4.542905,-1.023683,0.0810
1.898704,-1.010386,1.341763,-0.793364,0.018545,-1.370632,-69.246574,-27.510291,-50.112384,4.739024,-1.150351,0.1600
1.898704,-1.010386,1.341763,-0.793364,-0.590078,0.250484,-69.331322,-27.510291,-50.112384,5.074607,-1.367782,0.2560
1.898704,-1.010386,1.341763,-0.793364,-0.619053,1.321497,-68.870720,-27.510291,-50.112384,5.308162,-1.518280,0.2180
1.898704,-1.010386,1.341763,-0.793364,-0.175131,1.246331,-68.778214,-27.510291,-50.112384,5.357286,-1.550060,0.0410
1.898704,-1.010386,1.341763,-0.793364,0.109453,0.798660,-68.668724,-27.510291,-50.112384,5.412235,-1.586052,0.0400
4.746763,-1.347189,1.926035,-0.227767,0.129987,0.234707,-68.473160,-27.510266,-50.112387,5.558794,-1.627046,0.0930
4.746763,-1.347189,1.926035,-0.227767,0.942729,0.100165,-68.370361,-27.510266,-50.112387,5.657768,-1.636427,0.0400
4.746763,-1.347189,1.926035,-0.227767,1.665876,0.020188,-68.262444,-27.510266,-50.112387,5.754814,-1.651082,0.0410
4.746763,-1.347189,1.926035,-0.227767,0.245062,-0.124896,-67.868942,-27.510266,-50.112387,6.110958,-1.692161,0.1830
4.746763,-1.347189,1.926035,-0.227767,-1.203328,0.560136,-67.404106,-27.510266,-50.112387,6.841471,-1.775843,0.3570
6.265728,-1.683993,1.682524,-0.373070,1.648423,0.599072,-65.850212,-27.510254,-50.112391,7.494641,-1.868642,0.3980
6.265728,-1.683993,1.682524,-0.373070,1.841173,0.048124,-65.281715,-27.510254,-50.112391,7.724722,-1.919604,0.1650
6.265728,-1.683993,1.682524,-0.373070,0.301730,0.601019,-65.084320,-27.510254,-50.112391,7.839370,-1.946499,0.0720
6.265728,-1.683993,1.682524,-0.373070,0.030679,-0.319888,-65.022644,-27.510254,-50.112391,7.968813,-1.975267,0.0810
6.265728,-1.683993,1.682524,-0.373070,-0.288395,-0.317626,-65.029495,-27.510254,-50.112391,8.059719,-1.996125,0.0560
6.265728,-1.683993,1.682524,-0.373070,-0.136611,-0.056737,-64.857780,-27.510254,-50.112391,8.535525,-2.101712,0.2970
8.923916,-3.704813,1.879774,-1.429051,-0.722500,-0.733747,-48.041264,-27.510228,-50.112410,9.043426,-2.285638,0.2930
8.923916,-3.704813,1.879774,-1.429051,-1.836390,1.288903,-41.724468,-27.510228,-50.112410,9.558755,-2.692751,0.2910
8.923916,-3.704813,1.879774,-1.429051,-1.359469,0.597849,-40.218792,-27.510228,-50.112410,10.011431,-3.052071,0.2500
8.923916,-3.704813,1.879774,-1.429051,-2.128812,1.500919,-39.975189,-27.510228,-50.112410,10.150989,-3.163317,0.0450
8.923916,-3.704813,1.879774,-1.429051,-1.973605,0.729796,-39.684021,-27.510228,-50.112410,10.353921,-3.324452,0.1350
8.923916,-3.704813,1.879774,-1.429051,-2.397585,-0.922620,-39.558704,-27.510228,-50.112410,10.748822,-3.638313,0.1750
10.253010,-3.368009,1.894991,0.480206,-0.360425,-0.292355,-39.640640,-27.510219,-50.112408,11.091786,-3.569584,0.2340
10.253010,-3.368009,1.894991,0.480206,-0.317797,-0.115521,-39.717976,-27.510219,-50.112408,11.172292,-3.547064,0.0410
10.253010,-3.368009,1.894991,0.480206,-0.750038,0.075305,-39.867516,-27.510219,-50.112408,11.268389,-3.522723,0.0510
10.253010,-3.368009,1.894991,0.480206,-0.081407,-0.076884,-39.986919,-27.510219,-50.112408,11.343033,-3.501814,0.0400
10.253010,-3.368009,1.894991,0.480206,-0.120891,-0.194650,-40.139595,-27.510219,-50.112408,11.425345,-3.477821,0.0400
10.253010,-3.368009,1.894991,0.480206,0.080424,-0.351134,-40.139595,-27.510219,-50.112408,11.425345,-3.477821,0.0400
10.253010,-3.368009,1.894991,0.480206,0.080424,-0.351134,-40.139595,-27.510219,-50.112408,11.425345,-3.477821,0.0400
10.253010,-3.368009,1.894991,0.480206,0.080424,-0.351134,-40.139595,-27.510219,-50.112408,11.425345,-3.477821,0.0400
10.253010,-3.368009,1.894991,0.480206,0.080424,-0.351134,-40.139595,-27.510219,-50.112408,11.425345,-3.477821,0.0400
10.253010,-3.368009,1.894991,0.480206,0.080424,-0.351134,-40.139595,-27.510219,-50.112408,11.425345,-3.477821,0.0400
10.253010,-3.368009,1.894991,0.480206,0.080424,-0.351134,-40.139595,-27.510219,-50.112408,11.425345,-3.477821,0.0400
10.253010,-3.368009,1.894991,0.480206,0.080424,-0.351134,-40.139595,-27.510219,-50.112408,11.425345,-3.477821,0.0400
10.253010,-3.368009,1.894991,0.480206,0.080424,-0.351134,-40.139595,-27.510219,-50.112408,11.425345,-3.477821,0.0400
10.253010,-3.368009,1.894991,0.480206,-0.635631,1.629795,-36.783234,-27.510219,-50.112408,12.281517,-3.388044,0.0410
10.253010,-3.368009,1.894991,0.480206,-0.160033,0.854886,-36.687508,-27.510219,-50.112408,12.368224,-3.376297,0.0430
10.253010,-3.368009,1.894991,0.480206,-0.394160,1.059476,-36.725437,-27.510219,-50.112408,12.447517,-3.363217,0.0400
10.253010,-3.368009,1.894991,0.480206,-0.212148,1.021518,-36.738335,-27.510219,-50.112408,12.458680,-3.361214,0.0400
10.253010,-3.368009,1.894991,0.480206,-0.212148,1.021518,-36.738335,-27.510202,-50.112417,12.458680,-3.361214,0.0400
10.253010,-3.368009,1.894991,0.480206,-0.212148,1.021518,-36.738335,-27.510202,-50.112417,12.458680,-3.361214,0.0400
10.253010,-3.368009,1.894991,0.480206,-0.212148,1.021518,-36.738335,-27.510202,-50.112417,12.458680,-3.361214,0.0400
11.961845,-4.041616,1.890480,-0.745209,1.158285,1.256762,-38.103874,-27.510202,-50.112417,12.914069,-3.397869,0.0400
11.961845,-4.041616,1.890480,-0.745209,2.488711,1.241691,-38.410351,-27.510202,-50.112417,12.994169,-3.455829,0.0490
11.961845,-4.041616,1.890480,-0.745209,2.964384,1.260746,-38.739765,-27.510202,-50.112417,13.100342,-3.514707,0.0620
11.961845,-4.041616,1.890480,-0.745209,1.947345,2.211056,-36.947186,-27.510202,-50.112417,13.573863,-3.752211,0.2100
11.961845,-4.041616,1.890480,-0.745209,-1.525998,1.966740,-35.879025,-27.510202,-50.112417,14.118091,-3.996111,0.2800
15.189646,-4.715223,2.356826,-0.491844,-0.709468,0.515348,-36.116905,-27.510175,-50.112424,14.727170,-4.171164,0.3550
15.189646,-4.715223,2.356826,-0.491844,-1.030555,0.890957,-36.290237,-27.510175,-50.112424,15.000508,-4.230823,0.1330
15.189646,-4.715223,2.356826,-0.491844,-0.797385,0.889819,-36.391727,-27.510175,-50.112424,15.338153,-4.304406,0.1460
15.189646,-4.715223,2.356826,-0.491844,-0.854754,1.178575,-36.092457,-27.510175,-50.112424,15.627455,-4.368048,0.0500
15.189646,-4.715223,2.356826,-0.491844,-0.321701,1.609246,-34.811630,-27.510175,-50.112424,16.456263,-4.546649,0.3230
15.949128,-4.041616,1.516407,1.344945,0.316655,1.599584,-32.957584,-27.510167,-50.112414,17.130888,-4.190241,0.4560
15.949128,-4.041616,1.516407,1.344945,-1.578021,1.048098,-33.587166,-27.510167,-50.112414,17.557828,-3.798070,0.3330
15.949128,-4.041616,1.516407,1.344945,-0.707764,0.392244,-34.422874,-27.510167,-50.112414,17.771141,-3.601279,0.1470
15.949128,-4.041616,1.516407,1.344945,-0.276175,0.443267,-37.866776,-27.510167,-50.112414,17.960078,-3.426941,0.1060
15.759257,-4.378419,-0.682115,-1.209975,-0.520620,2.531843,-67.268776,-27.510169,-50.112418,17.949599,-3.573731,0.3930
15.759257,-4.378419,-0.682115,-1.209975,4.124074,1.987694,-89.059792,-27.510169,-50.112418,17.779471,-3.845411,0.2580
15.759257,-4.378419,-0.682115,-1.209975,4.260784,-16.247602,-94.346466,-27.510169,-50.112418,17.743013,-3.902915,0.0440
15.759257,-4.378419,-0.682115,-1.209975,-4.160319,-9.616884,-99.724815,-27.510169,-50.112418,17.705714,-3.957394,0.0400
15.759257,-4.378419,-0.682115,-1.209975,3.116489,5.368429,-118.733849,-27.510169,-50.112418,17.533960,-4.233591,0.1480
15.759257,-4.378419,-0.682115,-1.209975,2.503526,1.975488,-125.034676,-27.510169,-50.112418,17.478767,-4.321840,0.1530
15.759257,-4.378419,-0.682115,-1.209975,2.995363,0.871193,-130.852280,-27.510169,-50.112418,17.427632,-4.403316,0.0560
15.759257,-4.378419,-0.682115,-1.209975,2.703683,-0.621392,-134.966599,-27.510169,-50.112418,17.391346,-4.460527,0.0580
15.949128,-4.715223,0.613904,-1.088978,3.062893,-1.012498,-138.654831,-27.510167,-50.112425,17.416133,-4.510756,0.0420
15.949128,-4.715223,0.613904,-1.088978,3.022880,-1.501121,-141.472580,-27.510167,-50.112425,17.444268,-4.567616,0.0570
15.949128,-4.715223,0.613904,-1.088978,2.946972,-1.448640,-143.048401,-27.510167,-50.112425,17.472345,-4.624815,0.0400
15.949128,-4.715223,0.613904,-1.088978,3.156576,-1.350867,-143.048401,-27.510167,-50.112425,17.472345,-4.624815,0.0400
15.949128,-4.715223,0.613904,-1.088978,3.156576,-1.350867,-143.048401,-27.510167,-50.112425,17.472345,-4.624815,0.0400
15.949128,-4.715223,0.613904,-1.088978,3.156576,-1.350867,-143.048401,-27.510167,-50.112425,17.472345,-4.624815,0.0400
15.949128,-4.715223,0.613904,-1.088978,9.047819,-1.790203,142.189163,-27.510167,-50.112425,17.605815,-4.869370,0.0820
15.949128,-4.715223,0.613904,-1.088978,7.989804,-6.170413,91.549911,-27.510167,-50.112425,17.609504,-4.954099,0.0860
15.949128,-4.715223,0.613904,-1.088978,9.058907,-3.519839,63.199425,-27.510167,-50.112425,17.635720,-5.071138,0.1300
15.949128,-4.715223,0.613904,-1.088978,1.170810,-2.937576,44.363186,-27.510167,-50.112425,17.684287,-5.214134,0.1280
15.379517,-5.052026,-0.752804,-0.445122,-0.266837,-6.545807,51.897625,-27.510171,-50.112426,17.628950,-5.509086,0.4260
15.379517,-5.052026,-0.752804,-0.445122,5.860060,-1.651088,71.616547,-27.510171,-50.112426,17.457423,-5.592028,0.2060
15.379517,-5.052026,-0.752804,-0.445122,5.742719,-1.445277,74.653580,-27.510171,-50.112426,17.414842,-5.607056,0.0400
15.379517,-5.052026,-0.752804,-0.445122,4.014510,0.225438,83.118034,-27.510171,-50.112426,17.270155,-5.674871,0.1470
15.379517,-5.052026,-0.752804,-0.445122,5.053076,0.970513,86.569595,-27.510171,-50.112426,17.100190,-5.762160,0.2250
15.379517,-5.052026,-0.752804,-0.445122,28.802961,10.465097,81.024338,-27.510171,-50.112426,17.044022,-5.791673,0.0700
15.379517,-5.052026,-0.752804,-0.445122,11.391644,-2.023752,69.541229,-27.510171,-50.112426,16.984267,-5.818821,0.0410
14.999775,-2.694402,-0.143162,0.888822,1.348823,-1.001003,57.122864,-27.510176,-50.112401,16.917214,-5.837100,0.1070
14.999775,-2.694402,-0.143162,0.888822,4.361455,2.941299,39.249924,-27.510176,-50.112401,16.889685,-5.676756,0.1470
14.999775,-2.694402,-0.143162,0.888822,5.912456,-1.224266,48.553558,-27.510176,-50.112401,16.832022,-5.377143,0.3180
14.999775,-2.694402,-0.143162,0.888822,5.364878,-0.654440,52.717686,-27.510176,-50.112401,16.790292,-5.188453,0.1210
14.999775,-2.694402,-0.143162,0.888822,5.323815,-0.400888,55.433456,-27.510176,-50.112401,16.774418,-5.111798,0.1450
14.999775,-2.694402,-0.143162,0.888822,4.553211,-0.371252,60.698963,-27.510176,-50.112401,16.754721,-5.018457,0.0790
14.999775,-2.694402,-0.143162,0.888822,10.076921,-2.922589,68.753761,-27.510176,-50.112401,16.733526,-4.930927,0.1030
14.999775,-2.694402,-0.143162,0.888822,6.227894,-2.784414,72.155365,-27.510176,-50.112401,16.717042,-4.884113,0.0400
13.860552,-3.031206,-0.379869,-0.112306,4.598045,-1.351090,73.876282,-27.510185,-50.112404,16.768403,-4.855594,0.0420
13.860552,-3.031206,-0.379869,-0.112306,5.354065,-0.995237,73.451950,-27.510185,-50.112404,16.728332,-4.860689,0.0600
13.860552,-3.031206,-0.379869,-0.112306,5.837096,-1.065453,71.793159,-27.510185,-50.112404,16.692400,-4.864046,0.0400
13.860552,-3.031206,-0.379869,-0.112306,6.381103,-0.249613,70.270164,-27.510185,-50.112404,16.695041,-4.864552,0.0400
13.860552,-3.031206,-0.379869,-0.112306,5.856725,-0.584084,70.128799,-27.510185,-50.112404,16.658772,-4.867108,0.0660
13.860552,-3.031206,-0.379869,-0.112306,5.403529,-0.648303,70.292862,-27.510185,-50.112404,16.620910,-4.868797,0.0400
13.860552,-3.031206,-0.379869,-0.112306,5.340121,-0.884651,70.335899,-27.510185,-50.112404,16.612756,-4.869205,0.0400
13.860552,-3.031206,-0.379869,-0.112306,5.326609,-0.583619,70.378159,-27.510185,-50.112404,16.627019,-4.876412,0.0480
13.860552,-3.031206,-0.379869,-0.112306,5.348906,-0.803755,70.265717,-27.510185,-50.112404,16.584902,-4.876778,0.0470
13.860552,-3.031206,-0.379869,-0.112306,5.244259,-0.563543,70.241249,-27.510185,-50.112404,16.545525,-4.876601,0.0400
13.860552,-3.031206,-0.379869,-0.112306,5.217296,-0.423813,70.241249,-27.510185,-50.112404,16.545525,-4.876601,0.0400
13.860552,-3.031206,-0.379869,-0.112306,5.207759,-0.566095,70.162910,-27.510185,-50.112404,16.559046,-4.891968,0.0460
13.860552,-3.031206,-0.379869,-0.112306,5.319229,-0.650435,70.137299,-27.510185,-50.112404,16.510835,-4.890456,0.0460
13.860552,-3.031206,-0.379869,-0.112306,5.223011,-0.459510,70.094444,-27.510185,-50.112404,16.468888,-4.889577,0.0400
13.860552,-3.031206,-0.379869,-0.112306,5.152152,-0.632386,70.088272,-27.510185,-50.112404,16.463067,-4.889565,0.0400
13.860552,-3.031206,-0.379869,-0.112306,5.166612,-0.668572,70.015640,-27.510185,-50.112404,16.450317,-4.900909,0.0400
13.860552,-3.031206,-0.379869,-0.112306,5.220191,-0.534949,69.990585,-27.510185,-50.112404,16.414862,-4.900167,0.0410
13.860552,-3.031206,-0.379869,-0.112306,5.183768,-0.741087,69.960670,-27.510185,-50.112404,16.377006,-4.899726,0.0400
13.860552,-3.031206,-0.379869,-0.112306,5.150063,-0.519770,69.959511,-27.510185,-50.112404,16.375581,-4.899718,0.0400
13.860552,-3.031206,-0.379869,-0.112306,5.029511,-0.859126,69.891380,-27.510185,-50.112404,16.337879,-4.908633,0.0640
12.531458,-3.031206,-0.169767,-0.000000,5.019349,-0.488266,69.858276,-27.510197,-50.112404,16.307740,-4.902011,0.0400
12.531458,-3.031206,-0.169767,-0.000000,5.169250,-0.828368,69.849800,-27.510197,-50.112404,16.299256,-4.899543,0.0400
12.531458,-3.031206,-0.169767,-0.000000,5.169250,-0.828368,69.849800,-27.510197,-50.112404,16.299256,-4.899543,0.0400
12.531458,-3.031206,-0.169767,-0.000000,4.931054,-0.683876,69.734352,-27.510197,-50.112404,16.292321,-4.903790,0.0500
12.531458,-3.031206,-0.169767,-0.000000,4.926092,-0.477922,69.712303,-27.510197,-50.112404,16.268296,-4.898614,0.0470
12.531458,-3.031206,-0.169767,-0.000000,4.881959,-0.590176,69.677963,-27.510197,-50.112404,16.239637,-4.892356,0.0400
12.531458,-3.031206,-0.169767,-0.000000,4.863008,-0.624760,69.652344,-27.510197,-50.112404,16.210581,-4.885896,0.0400
12.531458,-3.031206,-0.169767,-0.000000,4.896729,-0.546849,69.619980,-27.510197,-50.112404,16.180645,-4.879086,0.0400
12.531458,-3.031206,-0.169767,-0.000000,4.846298,-0.641693,69.585960,-27.510197,-50.112404,16.150324,-4.872103,0.0400
12.531458,-3.031206,-0.169767,-0.000000,4.881731,-0.569085,69.552826,-27.510197,-50.112404,16.121814,-4.865459,0.0400
12.531458,-3.031206,-0.169767,-0.000000,4.841310,-0.631125,69.516937,-27.510197,-50.112404,16.091824,-4.858344,0.0400
12.531458,-3.031206,-0.169767,-0.000000,4.770316,-0.681018,69.482658,-27.510197,-50.112404,16.064982,-4.851914,0.0400
12.531458,-3.031206,-0.169767,-0.000000,4.792516,-0.568002,69.442436,-27.510197,-50.112404,16.035271,-4.844577,0.0400
12.531458,-3.031206,-0.169767,-0.000000,4.806441,-0.531660,69.400993,-27.510197,-50.112404,16.002871,-4.836442,0.0680
12.531458,-3.031206,-0.169767,-0.000000,4.720735,-0.696945,69.363960,-27.510197,-50.112404,15.979747,-4.830491,0.0400
12.531458,-3.031206,-0.169767,-0.000000,4.683459,-0.580212,69.324921,-27.510197,-50.112404,15.950310,-4.822877,0.0400
12.531458,-3.031206,-0.169767,-0.000000,4.563303,-0.450485,69.287674,-27.510197,-50.112404,15.930854,-4.817712,0.0400
12.531458,-3.031206,-0.169767,-0.000000,4.676613,-0.699697,69.263245,-27.510197,-50.112404,15.911943,-4.812623,0.0400
12.531458,-3.031206,-0.169767,-0.000000,4.805236,-0.672498,69.229446,-27.510197,-50.112404,15.890288,-4.806808,0.0400
11.012493,-3.368009,-0.075337,-0.016705,4.623445,-0.434902,69.197685,-27.510210,-50.112406,15.872566,-4.801988,0.0400
11.012493,-3.368009,-0.075337,-0.016705,4.573189,-0.645055,69.166611,-27.510210,-50.112406,15.855555,-4.798780,0.0400
11.012493,-3.368009,-0.075337,-0.016705,4.502893,-0.481819,69.134926,-27.510210,-50.112406,15.838283,-4.795591,0.0400
11.012493,-3.368009,-0.075337,-0.016705,4.509263,-0.556216,69.101746,-27.510210,-50.112406,15.819199,-4.792016,0.0400
11.012493,-3.368009,-0.075337,-0.016705,4.523342,-0.576361,69.065102,-27.510210,-50.112406,15.801030,-4.788649,0.0400
11.012493,-3.368009,-0.075337,-0.016705,4.561736,-0.525215,69.029945,-27.510210,-50.112406,15.782824,-4.785228,0.0400
11.012493,-3.368009,-0.075337,-0.016705,4.430801,-0.502925,68.991829,-27.510210,-50.112406,15.763321,-4.781573,0.0400
11.012493,-3.368009,-0.075337,-0.016705,4.348430,-0.717888,68.962601,-27.510210,-50.112406,15.746017,-4.778359,0.0400
11.012493,-3.368009,-0.075337,-0.016705,4.414037,-0.553835,68.919846,-27.510210,-50.112406,15.727058,-4.774788,0.0400
11.012493,-3.368009,-0.075337,-0.016705,4.450575,-0.558826,68.883659,-27.510210,-50.112406,15.708563,-4.771336,0.0400
11.012493,-3.368009,-0.075337,-0.016705,4.399403,-0.575142,68.848373,-27.510210,-50.112406,15.691857,-4.768190,0.0400
11.012493,-3.368009,-0.075337,-0.016705,4.315468,-0.601797,68.820824,-27.510210,-50.112406,15.676902,-4.765373,0.0400
11.012493,-3.368009,-0.075337,-0.016705,4.214831,-0.488608,68.784134,-27.510210,-50.112406,15.660433,-4.762246,0.0400
11.012493,-3.368009,-0.075337,-0.016705,4.226831,-0.473785,68.751472,-27.510210,-50.112406,15.642858,-4.758962,0.0400
11.012493,-3.368009,-0.075337,-0.016705,4.277809,-0.528801,68.718285,-27.510210,-50.112406,15.627883,-4.756086,0.0400
11.012493,-3.368009,-0.075337,-0.016705,4.316340,-0.590413,68.689133,-27.510210,-50.112406,15.610504,-4.752840,0.0400
11.012493,-3.368009,-0.075337,-0.016705,4.218955,-0.443435,68.654510,-27.510210,-50.112406,15.595722,-4.750000,0.0400
11.012493,-3.368009,-0.075337,-0.016705,4.157309,-0.526554,68.624886,-27.510210,-50.112406,15.577290,-4.746587,0.0400
11.012493,-3.368009,-0.075337,-0.016705,4.114526,-0.594853,68.588310,-27.510210,-50.112406,15.558892,-4.743108,0.0400
11.012493,-3.368009,-0.075337,-0.016705,4.028364,-0.469263,68.560593,-27.510210,-50.112406,15.544792,-4.740445,0.0400
9.873270,-3.368009,-0.030867,-0.000000,4.045835,-0.502231,68.530251,-27.510222,-50.112407,15.531183,-4.737596,0.0400
9.873270,-3.368009,-0.030867,-0.000000,4.152265,-0.571673,68.496140,-27.510222,-50.112407,15.512972,-4.733541,0.0400
9.873270,-3.368009,-0.030867,-0.000000,4.125029,-0.440077,68.460945,-27.510222,-50.112407,15.496068,-4.729679,0.0400
9.873270,-3.368009,-0.030867,-0.000000,3.999480,-0.471463,68.431473,-27.510222,-50.112407,15.479244,-4.725876,0.0400
9.873270,-3.368009,-0.030867,-0.000000,3.980609,-0.574669,68.399590,-27.510222,-50.112407,15.464228,-4.722517,0.0400
9.873270,-3.368009,-0.030867,-0.000000,3.957532,-0.384058,68.357834,-27.510222,-50.112407,15.444682,-4.718117,0.0400
9.873270,-3.368009,-0.030867,-0.000000,3.948826,-0.459509,68.322998,-27.510222,-50.112407,15.428180,-4.714373,0.0400
9.873270,-3.368009,-0.030867,-0.000000,3.909861,-0.521066,68.287018,-27.510222,-50.112407,15.411743,-4.710642,0.0400
9.873270,-3.368009,-0.030867,-0.000000,3.964245,-0.512405,68.258118,-27.510222,-50.112407,15.398357,-4.707621,0.0400
9.873270,-3.368009,-0.030867,-0.000000,3.904748,-0.501931,68.224113,-27.510222,-50.112407,15.379134,-4.703283,0.0400
9.873270,-3.368009,-0.030867,-0.000000,3.781068,-0.547411,68.188362,-27.510222,-50.112407,15.361555,-4.699319,0.0400
9.873270,-3.368009,-0.030867,-0.000000,3.786141,-0.448343,68.146889,-27.510222,-50.112407,15.345441,-4.695659,0.0400
9.873270,-3.368009,-0.030867,-0.000000,3.764024,-0.377432,68.121750,-27.510222,-50.112407,15.329530,-4.692080,0.0400
9.873270,-3.368009,-0.030867,-0.000000,3.725406,-0.515959,68.096832,-27.510222,-50.112407,15.315280,-4.688920,0.0400
9.873270,-3.368009,-0.030867,-0.000000,3.677861,-0.558930,68.069450,-27.510222,-50.112407,15.298110,-4.685039,0.0400
9.873270,-3.368009,-0.030867,-0.000000,3.631180,-0.483492,68.034866,-27.510222,-50.112407,15.278550,-4.680709,0.0580
9.873270,-3.368009,-0.030867,-0.000000,3.694492,-0.414327,68.002129,-27.510222,-50.112407,15.262993,-4.677148,0.0400
9.873270,-3.368009,-0.030867,-0.000000,3.659755,-0.419153,67.974159,-27.510222,-50.112407,15.247755,-4.673736,0.0400
9.873270,-3.368009,-0.030867,-0.000000,3.625315,-0.487827,67.947968,-27.510222,-50.112407,15.231201,-4.670012,0.0400
9.873270,-3.368009,-0.030867,-0.000000,3.555651,-0.416270,67.930588,-27.510222,-50.112407,15.216153,-4.666636,0.0400
8.734047,-3.368009,-0.036011,-0.000000,3.562084,-0.390391,67.893921,-27.510230,-50.112407,15.200061,-4.663402,0.0400
8.734047,-3.368009,-0.036011,-0.000000,3.564426,-0.425267,67.868828,-27.510230,-50.112407,15.180304,-4.659781,0.0400
8.734047,-3.368009,-0.036011,-0.000000,3.531815,-0.422712,67.838806,-27.510230,-50.112407,15.162948,-4.656500,0.0400
8.734047,-3.368009,-0.036011,-0.000000,3.496106,-0.413665,67.811058,-27.510230,-50.112407,15.144997,-4.653225,0.0400
8.734047,-3.368009,-0.036011,-0.000000,3.464397,-0.424130,67.784775,-27.510230,-50.112407,15.125427,-4.649642,0.0400
8.734047,-3.368009,-0.036011,-0.000000,3.445347,-0.432694,67.755981,-27.510230,-50.112407,15.109639,-4.646645,0.0400
8.734047,-3.368009,-0.036011,-0.000000,3.426881,-0.401820,67.728561,-27.510230,-50.112407,15.091880,-4.643407,0.0400
8.734047,-3.368009,-0.036011,-0.000000,3.382635,-0.427039,67.701218,-27.510230,-50.112407,15.074472,-4.640109,0.0400
8.734047,-3.368009,-0.036011,-0.000000,3.362106,-0.426640,67.671936,-27.510230,-50.112407,15.056532,-4.636821,0.0400
8.734047,-3.368009,-0.036011,-0.000000,3.339727,-0.390720,67.646973,-27.510230,-50.112407,15.038462,-4.633485,0.0400
8.734047,-3.368009,-0.036011,-0.000000,3.302456,-0.404256,67.618164,-27.510230,-50.112407,15.020738,-4.630233,0.0400
8.734047,-3.368009,-0.036011,-0.000000,3.283956,-0.394649,67.594185,-27.510230,-50.112407,15.003348,-4.627062,0.0400
8.734047,-3.368009,-0.036011,-0.000000,3.260104,-0.407077,67.566505,-27.510230,-50.112407,14.985812,-4.623841,0.0400
8.734047,-3.368009,-0.036011,-0.000000,3.231659,-0.383975,67.538597,-27.510230,-50.112407,14.968111,-4.620568,0.0400
8.734047,-3.368009,-0.036011,-0.000000,3.192841,-0.409206,67.511086,-27.510230,-50.112407,14.951889,-4.617555,0.0400
8.734047,-3.368009,-0.036011,-0.000000,3.193643,-0.369094,67.483383,-27.510230,-50.112407,14.934311,-4.614308,0.0400
8.734047,-3.368009,-0.036011,-0.000000,3.151642,-0.393181,67.456841,-27.510230,-50.112407,14.918482,-4.611387,0.0410
8.734047,-3.368009,-0.036011,-0.000000,3.137848,-0.372136,67.427589,-27.510230,-50.112407,14.899657,-4.607921,0.0400
8.734047,-3.368009,-0.036011,-0.000000,3.107949,-0.377942,67.398804,-27.510230,-50.112407,14.881159,-4.604536,0.0400
8.734047,-3.368009,-0.036011,-0.000000,3.078135,-0.378357,67.371780,-27.510230,-50.112407,14.865291,-4.601588,0.0400
8.734047,-3.368009,-0.036011,-0.000000,3.055671,-0.370961,67.346092,-27.510230,-50.112407,14.848298,-4.598468,0.0400
8.164435,-3.031206,-0.004428,0.002618,3.027041,-0.368104,67.318375,-27.510237,-50.112404,14.831902,-4.594542,0.0400
8.164435,-3.031206,-0.004428,0.002618,2.999283,-0.362341,67.290833,-27.510237,-50.112404,14.813252,-4.590033,0.0400
8.164435,-3.031206,-0.004428,0.002618,2.960438,-0.374663,67.265617,-27.510237,-50.112404,14.798814,-4.586464,0.0430
8.164435,-3.031206,-0.004428,0.002618,2.941396,-0.353905,67.241898,-27.510237,-50.112404,14.783264,-4.582696,0.0400
8.164435,-3.031206,-0.004428,0.002618,2.919065,-0.351380,67.216110,-27.510237,-50.112404,14.767562,-4.578846,0.0400
8.164435,-3.031206,-0.004428,0.002618,2.894589,-0.348043,67.187683,-27.510237,-50.112404,14.749126,-4.574394,0.0400
8.164435,-3.031206,-0.004428,0.002618,2.854949,-0.344270,67.163528,-27.510237,-50.112404,14.733499,-4.570566,0.0400
8.164435,-3.031206,-0.004428,0.002618,2.835881,-0.343865,67.135452,-27.510237,-50.112404,14.716307,-4.566349,0.0400
8.164435,-3.031206,-0.004428,0.002618,2.809894,-0.337968,67.111870,-27.510237,-50.112404,14.701829,-4.562742,0.0400
8.164435,-3.031206,-0.004428,0.002618,2.771773,-0.342196,67.088020,-27.510237,-50.112404,14.685200,-4.558745,0.0400
8.164435,-3.031206,-0.004428,0.002618,2.755514,-0.335355,67.063904,-27.510237,-50.112404,14.668678,-4.554768,0.0400
8.164435,-3.031206,-0.004428,0.002618,2.722084,-0.330608,67.041405,-27.510237,-50.112404,14.653593,-4.551107,0.0400
8.164435,-3.031206,-0.004428,0.002618,2.703541,-0.329734,67.015915,-27.510237,-50.112404,14.637261,-4.547167,0.0400
8.164435,-3.031206,-0.004428,0.002618,2.670635,-0.319314,66.992104,-27.510237,-50.112404,14.621022,-4.543245,0.0400
8.164435,-3.031206,-0.004428,0.002618,2.429598,-0.351261,66.915886,-27.510237,-50.112404,14.603556,-4.539046,0.0400
8.164435,-3.031206,-0.004428,0.002618,2.592775,-0.918915,66.530975,-27.510237,-50.112404,14.589025,-4.535533,0.0400
8.164435,-3.031206,-0.004428,0.002618,2.948840,0.305283,65.403816,-27.510237,-50.112404,14.569893,-4.530907,0.0570
8.164435,-3.031206,-0.004428,0.002618,2.861542,-0.071205,65.217056,-27.510237,-50.112404,14.555003,-4.527251,0.0400
8.164435,-3.031206,-0.004428,0.002618,4.083755,0.666727,65.829620,-27.510237,-50.112404,14.538595,-4.523458,0.0400
8.164435,-3.031206,-0.004428,0.002618,5.226693,-0.475446,65.640007,-27.510237,-50.112404,14.522693,-4.519493,0.0400
8.164435,-3.031206,-0.004428,0.002618,3.379486,-1.122456,64.368393,-27.510237,-50.112404,14.506960,-4.515539,0.0400
7.404953,-3.031206,-0.061733,-0.000000,4.503598,0.273463,62.597412,-27.510242,-50.112403,14.488649,-4.511811,0.0400
7.404953,-3.031206,-0.061733,-0.000000,2.921958,0.463497,61.027992,-27.510242,-50.112403,14.463287,-4.507242,0.0400
7.404953,-3.031206,-0.061733,-0.000000,2.276911,0.885658,60.532574,-27.510242,-50.112403,14.443824,-4.503472,0.0400
7.404953,-3.031206,-0.061733,-0.000000,3.696994,1.548596,60.561497,-27.510242,-50.112403,14.423724,-4.499802,0.0400
7.404953,-3.031206,-0.061733,-0.000000,3.499831,1.488620,60.665371,-27.510242,-50.112403,14.404997,-4.496169,0.0400
7.404953,-3.031206,-0.061733,-0.000000,3.025078,1.371907,60.612118,-27.510242,-50.112403,14.383451,-4.492248,0.0400
7.404953,-3.031206,-0.061733,-0.000000,2.870089,2.022645,60.185299,-27.510242,-50.112403,14.361697,-4.488137,0.0400
7.404953,-3.031206,-0.061733,-0.000000,2.725920,2.322804,59.382961,-27.510242,-50.112403,14.341188,-4.484000,0.0400
7.404953,-3.031206,-0.061733,-0.000000,1.999185,2.281465,58.674564,-27.510242,-50.112403,14.321071,-4.480042,0.0400
7.404953,-3.031206,-0.061733,-0.000000,1.345556,2.115761,58.075779,-27.510242,-50.112403,14.302181,-4.476828,0.0400
7.404953,-3.031206,-0.061733,-0.000000,1.362942,1.456584,57.230122,-27.510242,-50.112403,14.283338,-4.472631,0.0400
7.404953,-3.031206,-0.061733,-0.000000,1.321953,1.320082,55.866592,-27.510242,-50.112403,14.262264,-4.468675,0.0400
7.404953,-3.031206,-0.061733,-0.000000,1.341054,0.553321,54.208687,-27.510242,-50.112403,14.242762,-4.464872,0.0400
7.404953,-3.031206,-0.061733,-0.000000,0.699649,-0.056162,52.574127,-27.510242,-50.112403,14.224330,-4.461008,0.0400
7.404953,-3.031206,-0.061733,-0.000000,0.180991,-1.474012,50.766640,-27.510242,-50.112403,14.203448,-4.457056,0.0400
7.404953,-3.031206,-0.061733,-0.000000,0.374091,-2.039697,48.052952,-27.510242,-50.112403,14.182633,-4.453099,0.0400
7.404953,-3.031206,-0.061733,-0.000000,2.207529,0.551117,41.670040,-27.510242,-50.112403,14.148213,-4.446655,0.0830
7.404953,-3.031206,-0.061733,-0.000000,2.190845,-0.380114,38.473232,-27.510242,-50.112403,14.130368,-4.443365,0.0410
7.404953,-3.031206,-0.061733,-0.000000,1.858910,-0.465129,35.260899,-27.510242,-50.112403,14.113600,-4.440345,0.0400
7.404953,-3.031206,-0.061733,-0.000000,1.846561,-0.255127,31.276447,-27.510242,-50.112403,14.096804,-4.437219,0.0400
6.835341,-4.041615,-0.485060,-0.860427,1.593672,-0.550933,26.365038,-27.510248,-50.112416,14.066490,-4.457176,0.0400
6.835341,-4.041615,-0.485060,-0.860427,1.620819,-0.420050,20.600767,-27.510248,-50.112416,14.026681,-4.496333,0.0400
6.835341,-4.041615,-0.485060,-0.860427,1.496911,0.076714,14.663533,-27.510248,-50.112416,13.989711,-4.533029,0.0400
6.835341,-4.041615,-0.485060,-0.860427,2.260721,0.334268,6.384798,-27.510248,-50.112416,13.938577,-4.582804,0.0400
6.835341,-4.041615,-0.485060,-0.860427,2.228629,0.074598,0.561899,-27.510248,-50.112416,13.900165,-4.620631,0.0400
6.835341,-4.041615,-0.485060,-0.860427,2.005811,-0.016603,-4.132877,-27.510248,-50.112416,13.864611,-4.655881,0.0400
6.835341,-4.041615,-0.485060,-0.860427,1.592206,-0.211797,-8.578380,-27.510248,-50.112416,13.823539,-4.696202,0.0400
6.835341,-4.041615,-0.485060,-0.860427,1.357024,-0.501433,-12.062520,-27.510248,-50.112416,13.784039,-4.735504,0.0400
6.835341,-4.041615,-0.485060,-0.860427,0.614748,-0.867248,-14.537603,-27.510248,-50.112416,13.740485,-4.778887,0.0400
6.835341,-4.041615,-0.485060,-0.860427,0.105327,-0.929551,-15.713160,-27.510248,-50.112416,13.702371,-4.816549,0.0400
6.835341,-4.041615,-0.485060,-0.860427,0.673656,-1.397043,-15.909855,-27.510248,-50.112416,13.661542,-4.857404,0.0410
6.835341,-4.041615,-0.485060,-0.860427,1.926079,-2.771142,-15.801322,-27.510248,-50.112416,13.623455,-4.894906,0.0400
6.835341,-4.041615,-0.485060,-0.860427,3.192832,-3.663231,-15.853808,-27.510248,-50.112416,13.584063,-4.934055,0.0400
6.835341,-4.041615,-0.485060,-0.860427,1.958506,-3.080364,-15.371320,-27.510248,-50.112416,13.547579,-4.970929,0.0400
6.835341,-4.041615,-0.485060,-0.860427,-0.219701,-2.404718,-14.536651,-27.510248,-50.112416,13.508542,-5.010190,0.0400
6.835341,-4.041615,-0.485060,-0.860427,-0.756029,-1.871724,-14.127705,-27.510248,-50.112416,13.473581,-5.045328,0.0400
6.835341,-4.041615,-0.485060,-0.860427,-0.544799,-1.255650,-14.376244,-27.510248,-50.112416,13.435993,-5.082726,0.0400
6.835341,-4.041615,-0.485060,-0.860427,-0.023312,-0.639413,-16.057674,-27.510248,-50.112416,13.385185,-5.132833,0.0610
6.835341,-4.041615,-0.485060,-0.860427,0.305812,-0.438836,-17.751307,-27.510248,-50.112416,13.344886,-5.173582,0.0400
6.835341,-4.041615,-0.485060,-0.860427,0.705501,-0.425184,-18.677494,-27.510248,-50.112416,13.303514,-5.214732,0.0400
6.265730,-4.715222,-0.574668,-0.679586,1.150450,-0.481769,-18.509758,-27.510255,-50.112423,13.261770,-5.254647,0.0400
6.265730,-4.715222,-0.574668,-0.679586,1.387563,-0.548614,-17.960642,-27.510255,-50.112423,13.215944,-5.287725,0.0400
6.265730,-4.715222,-0.574668,-0.679586,2.872132,-0.637832,-17.487963,-27.510255,-50.112423,13.171866,-5.319213,0.0410
6.265730,-4.715222,-0.574668,-0.679586,2.143281,-0.659399,-16.781874,-27.510255,-50.112423,13.133850,-5.346906,0.0400
6.265730,-4.715222,-0.574668,-0.679586,2.445767,-0.776642,-16.612560,-27.510255,-50.112423,13.090034,-5.378188,0.0400
6.265730,-4.715222,-0.574668,-0.679586,2.005487,-1.595519,-17.252348,-27.510255,-50.112423,13.041851,-5.412623,0.0400
6.265730,-4.715222,-0.574668,-0.679586,1.823505,-1.445018,-19.726528,-27.510255,-50.112423,13.004251,-5.440070,0.0400
6.265730,-4.715222,-0.574668,-0.679586,2.065250,-1.684917,-24.908232,-27.510255,-50.112423,12.954821,-5.475805,0.0400
6.265730,-4.715222,-0.574668,-0.679586,0.375748,-1.028447,-28.231907,-27.510255,-50.112423,12.905512,-5.511427,0.0400
6.265730,-4.715222,-0.574668,-0.679586,1.432472,-1.157241,-29.059822,-27.510255,-50.112423,12.857971,-5.544476,0.0400
6.265730,-4.715222,-0.574668,-0.679586,1.193751,0.237787,-28.626987,-27.510255,-50.112423,12.817838,-5.573522,0.0450
6.265730,-4.715222,-0.574668,-0.679586,1.619577,0.550171,-28.918468,-27.510255,-50.112423,12.776419,-5.602901,0.0400
6.265730,-4.715222,-0.574668,-0.679586,4.977026,-0.310858,-30.433321,-27.510255,-50.112423,12.726198,-5.638577,0.0400
6.265730,-4.715222,-0.574668,-0.679586,6.522007,0.246151,-31.875984,-27.510255,-50.112423,12.682021,-5.669615,0.0400
6.265730,-4.715222,-0.574668,-0.679586,8.204698,1.824870,-35.281178,-27.510255,-50.112423,12.642662,-5.698275,0.0400
6.265730,-4.715222,-0.574668,-0.679586,7.991290,0.837009,-43.374165,-27.510255,-50.112423,12.600118,-5.727874,0.0400
6.265730,-4.715222,-0.574668,-0.679586,6.125576,0.471053,-60.378593,-27.510255,-50.112423,12.545609,-5.767520,0.0400
6.265730,-4.715222,-0.574668,-0.679586,5.219320,-0.664325,-74.720665,-27.510255,-50.112423,12.503078,-5.798857,0.0400
6.265730,-4.715222,-0.574668,-0.679586,5.677327,-1.037565,-84.295425,-27.510255,-50.112423,12.462980,-5.827586,0.0400
6.265730,-4.715222,-0.574668,-0.679586,5.469418,-1.471754,-89.929176,-27.510255,-50.112423,12.426095,-5.854432,0.0400
6.265730,-4.715222,-0.574668,-0.679586,5.422642,-2.326798,-92.943611,-27.510255,-50.112423,12.385144,-5.884382,0.0400
5.696118,-4.715222,-0.277800,-0.000000,6.168890,-1.924766,-93.186874,-27.510257,-50.112422,12.356293,-5.883361,0.0400
5.696118,-4.715222,-0.277800,-0.000000,6.143975,-1.238721,-92.075500,-27.510257,-50.112422,12.328700,-5.881058,0.0400
5.696118,-4.715222,-0.277800,-0.000000,5.942350,-1.012317,-90.012321,-27.510257,-50.112422,12.302374,-5.879477,0.0410
5.696118,-4.715222,-0.277800,-0.000000,5.674193,-0.999174,-87.200615,-27.510257,-50.112422,12.272863,-5.876785,0.0400
5.696118,-4.715222,-0.277800,-0.000000,5.609406,-0.647823,-84.287407,-27.510257,-50.112422,12.245809,-5.874470,0.0400
5.696118,-4.715222,-0.277800,-0.000000,6.156186,-0.278225,-81.072372,-27.510257,-50.112422,12.216017,-5.871931,0.0400
5.696118,-4.715222,-0.277800,-0.000000,5.868388,-0.396845,-78.301636,-27.510257,-50.112422,12.186441,-5.869364,0.0400
5.696118,-4.715222,-0.277800,-0.000000,5.004352,-0.094004,-76.066925,-27.510257,-50.112422,12.159206,-5.867049,0.0400
5.696118,-4.715222,-0.277800,-0.000000,3.602926,0.483925,-74.073486,-27.510257,-50.112422,12.129751,-5.864429,0.0400
5.696118,-4.715222,-0.277800,-0.000000,2.401085,0.273843,-72.306892,-27.510257,-50.112422,12.098190,-5.861523,0.0400
5.696118,-4.715222,-0.277800,-0.000000,0.288036,0.722975,-70.643379,-27.510257,-50.112422,12.073329,-5.859311,0.0400
5.696118,-4.715222,-0.277800,-0.000000,1.713237,-1.918573,-68.598938,-27.510257,-50.112422,12.049594,-5.857062,0.0400
5.696118,-4.715222,-0.277800,-0.000000,5.068811,-1.448031,-66.137375,-27.510257,-50.112422,12.018815,-5.854104,0.0400
5.696118,-4.715222,-0.277800,-0.000000,3.549664,-2.845224,-65.106995,-27.510257,-50.112422,11.992438,-5.851625,0.0400
5.696118,-4.715222,-0.277800,-0.000000,2.718213,-1.012345,-64.674789,-27.510257,-50.112422,11.962758,-5.849068,0.0400
5.696118,-4.715222,-0.277800,-0.000000,3.688469,-0.498443,-65.088516,-27.510257,-50.112422,11.935726,-5.846396,0.0400
5.696118,-4.715222,-0.277800,-0.000000,3.919380,-1.279869,-66.139755,-27.510257,-50.112422,11.904085,-5.843592,0.0400
5.696118,-4.715222,-0.277800,-0.000000,4.589058,0.607182,-66.968742,-27.510257,-50.112422,11.878775,-5.841592,0.0400
5.696118,-4.715222,-0.277800,-0.000000,2.590219,-1.280307,-67.720833,-27.510257,-50.112422,11.843794,-5.838246,0.0590
5.696118,-4.715222,-0.277800,-0.000000,3.127537,-0.050930,-68.028915,-27.510257,-50.112422,11.814569,-5.835671,0.0400
5.506248,-4.715222,-0.205778,-0.000000,5.181865,0.879667,-67.758141,-27.510259,-50.112421,11.793260,-5.833590,0.0400
5.506248,-4.715222,-0.205778,-0.000000,4.115778,-1.291433,-67.257042,-27.510259,-50.112421,11.769254,-5.831097,0.0400
5.506248,-4.715222,-0.205778,-0.000000,3.530952,-1.331926,-67.172401,-27.510259,-50.112421,11.746364,-5.828685,0.0400
5.506248,-4.715222,-0.205778,-0.000000,3.633445,-0.119174,-67.537643,-27.510259,-50.112421,11.721138,-5.826087,0.0400
5.506248,-4.715222,-0.205778,-0.000000,3.315055,-0.413726,-67.580940,-27.510259,-50.112421,11.698371,-5.823714,0.0470
5.506248,-4.715222,-0.205778,-0.000000,3.591607,-0.580713,-67.593849,-27.510259,-50.112421,11.673781,-5.821117,0.0400
5.506248,-4.715222,-0.205778,-0.000000,3.654580,-0.577402,-67.551559,-27.510259,-50.112421,11.650292,-5.818573,0.0400
5.506248,-4.715222,-0.205778,-0.000000,3.544910,-0.481978,-67.551865,-27.510259,-50.112421,11.626862,-5.816194,0.0400
5.506248,-4.715222,-0.205778,-0.000000,3.822427,-0.534583,-67.514427,-27.510259,-50.112421,11.599279,-5.813354,0.0400
5.506248,-4.715222,-0.205778,-0.000000,2.646481,-0.581351,-67.521553,-27.510259,-50.112421,11.573763,-5.810606,0.0400
5.506248,-4.715222,-0.205778,-0.000000,3.568113,-0.221288,-67.830811,-27.510259,-50.112421,11.552831,-5.808478,0.0400
5.506248,-4.715222,-0.205778,-0.000000,3.270838,-0.268227,-67.844955,-27.510259,-50.112421,11.528804,-5.805944,0.0400
5.506248,-4.715222,-0.205778,-0.000000,3.306619,-0.998175,-68.160080,-27.510259,-50.112421,11.502052,-5.803141,0.0400
5.506248,-4.715222,-0.205778,-0.000000,3.652959,-0.501351,-69.366653,-27.510259,-50.112421,11.478181,-5.800630,0.0410
5.506248,-4.715222,-0.205778,-0.000000,3.252980,0.183460,-70.467514,-27.510259,-50.112421,11.456203,-5.798353,0.0400
5.506248,-4.715222,-0.205778,-0.000000,3.404653,-0.027984,-70.155563,-27.510259,-50.112421,11.432962,-5.795888,0.0400
5.506248,-4.715222,-0.205778,-0.000000,3.245615,-1.026131,-69.572968,-27.510259,-50.112421,11.412860,-5.793776,0.0400
5.506248,-4.715222,-0.205778,-0.000000,3.336062,-0.593530,-69.595207,-27.510259,-50.112421,11.388750,-5.791254,0.0400
5.506248,-4.715222,-0.205778,-0.000000,2.968494,-0.809923,-69.762489,-27.510259,-50.112421,11.367480,-5.789005,0.0400
5.506248,-4.715222,-0.205778,-0.000000,3.238101,-0.266995,-70.337852,-27.510259,-50.112421,11.345262,-5.786717,0.0400
5.316377,-4.715222,-0.190344,-0.000000,3.379457,-0.018042,-70.396523,-27.510261,-50.112422,11.323104,-5.784413,0.0400
5.316377,-4.715222,-0.190344,-0.000000,2.907592,-0.902083,-70.035187,-27.510261,-50.112422,11.299900,-5.781905,0.0400
5.316377,-4.715222,-0.190344,-0.000000,3.200441,-0.357941,-70.246445,-27.510261,-50.112422,11.278502,-5.779634,0.0400
5.316377,-4.715222,-0.190344,-0.000000,3.193925,-0.127140,-70.242844,-27.510261,-50.112422,11.258371,-5.777542,0.0400
5.316377,-4.715222,-0.190344,-0.000000,3.141396,-0.503439,-69.799141,-27.510261,-50.112422,11.235870,-5.775117,0.0400
5.316377,-4.715222,-0.190344,-0.000000,2.955929,-0.548571,-69.493408,-27.510261,-50.112422,11.215472,-5.773000,0.0400
