1.329094,0.673606,0.000000,0.000000,-0.046041,-0.153610,0.105936,-27.510306,-50.112384,1.254406,0.635666,0.1880
1.329094,0.673606,0.000000,0.000000,-0.038709,-0.133156,0.107384,-27.510306,-50.112384,1.268896,0.642733,0.0410
1.329094,0.673606,0.000000,0.000000,-0.030710,-0.098261,0.108087,-27.510306,-50.112384,1.278927,0.647559,0.0410
1.329094,0.673606,0.000000,0.000000,-0.022620,-0.071444,0.107657,-27.510306,-50.112384,1.287117,0.651468,0.0400
1.329094,0.673606,0.000000,0.000000,-0.012247,-0.028826,0.107805,-27.510306,-50.112384,1.292311,0.653814,0.0480
1.329094,0.673606,0.000000,0.000000,0.001053,0.000178,0.107922,-27.510306,-50.112384,1.296437,0.655618,0.0720
1.329094,0.673606,0.000000,0.000000,0.000352,-0.003378,0.108599,-27.510306,-50.112384,1.299035,0.656842,0.0410
1.329094,0.673606,0.000000,0.000000,0.000183,-0.000290,0.109916,-27.510306,-50.112384,1.301233,0.657855,0.0480
1.329094,0.673606,0.000000,0.000000,0.000042,-0.000007,0.110744,-27.510306,-50.112384,1.303072,0.658781,0.0400
1.329094,0.673606,0.000000,0.000000,0.000903,-0.000467,0.110764,-27.510306,-50.112384,1.303901,0.659195,0.0400
1.329094,0.673606,0.000000,0.000000,0.001024,-0.000642,0.111919,-27.510306,-50.112384,1.304160,0.658834,0.0400
1.329094,0.673606,0.000000,0.000000,0.000152,-0.000370,0.110990,-27.510306,-50.112384,1.305985,0.659982,0.0650
1.329094,0.673606,0.000000,0.000000,0.000295,-0.000955,0.109864,-27.510306,-50.112384,1.307615,0.660953,0.0600
1.518965,1.010409,0.060633,0.107553,0.000010,-0.000021,0.110404,-27.510304,-50.112382,1.310437,0.664678,0.0410
1.518965,1.010409,0.060633,0.107553,0.000028,-0.000776,0.111275,-27.510304,-50.112382,1.322341,0.684695,0.0550
1.518965,1.010409,0.060633,0.107553,-0.003015,0.004600,0.113165,-27.510304,-50.112382,1.331793,0.700663,0.0410
1.518965,1.010409,0.060633,0.107553,-0.000688,-0.000610,0.115499,-27.510304,-50.112382,1.346973,0.726241,0.0690
1.518965,1.010409,0.060633,0.107553,-0.000344,0.000358,0.117503,-27.510304,-50.112382,1.360525,0.749092,0.0650
1.518965,1.010409,0.060633,0.107553,0.000017,0.000354,0.118176,-27.510304,-50.112382,1.386579,0.793083,0.1280
1.518965,1.010409,0.060633,0.107553,0.000754,0.000176,0.117138,-27.510304,-50.112382,1.398601,0.813406,0.0880
1.518965,1.010409,0.060633,0.107553,0.000085,-0.000220,0.115319,-27.510304,-50.112382,1.406406,0.826603,0.0410
1.518965,1.010409,0.060633,0.107553,-0.003730,-0.000168,0.119253,-27.510304,-50.112382,1.448910,0.898731,0.3550
1.329094,1.010409,-0.087456,-0.000000,0.001202,-0.001040,0.124892,-27.510305,-50.112381,1.455583,0.919099,0.1570
1.329094,1.010409,-0.087456,-0.000000,-0.000251,0.000147,0.125821,-27.510305,-50.112381,1.449069,0.921669,0.0400
1.329094,1.010409,-0.087456,-0.000000,0.000095,0.001186,0.124904,-27.510305,-50.112381,1.441461,0.925653,0.0400
1.329094,1.010409,-0.087456,-0.000000,0.000738,-0.000188,0.126840,-27.510305,-50.112381,1.414177,0.935007,0.2170
1.329094,1.010409,-0.087456,-0.000000,-0.000239,0.000026,0.127069,-27.510305,-50.112381,1.407827,0.936904,0.0400
1.329094,1.010409,-0.087456,-0.000000,-0.000535,-0.001192,0.126212,-27.510305,-50.112381,1.402750,0.938392,0.0400
1.329094,1.010409,-0.087456,-0.000000,0.000369,0.000709,0.130381,-27.510305,-50.112381,1.357927,0.950005,0.3090
0.759482,1.010409,-0.226356,-0.000000,-0.003640,0.000227,0.128060,-27.510309,-50.112381,1.194825,0.959757,0.6290
0.759482,1.010409,-0.226356,-0.000000,0.000385,-0.001434,0.127394,-27.510309,-50.112381,1.172718,0.960736,0.0630
0.759482,1.010409,-0.226356,-0.000000,0.000216,0.000336,0.129914,-27.510309,-50.112381,1.080355,0.964670,0.2770
0.569612,1.010409,-0.159478,-0.000000,0.000267,-0.000883,0.129834,-27.510310,-50.112381,0.977161,0.968810,0.2890
0.569612,1.010409,-0.159478,-0.000000,0.001522,0.003462,0.130914,-27.510310,-50.112381,0.850661,0.973718,0.5110
0.569612,1.010409,-0.159478,-0.000000,-0.000261,-0.000857,0.131778,-27.510310,-50.112381,0.819536,0.974861,0.2070
0.949353,1.010409,0.077167,0.000000,0.000011,0.000019,0.133482,-27.510308,-50.112382,0.767907,0.976843,0.2630
0.949353,1.010409,0.077167,0.000000,0.000270,0.003902,0.134591,-27.510308,-50.112382,0.775257,0.977323,0.0720
0.949353,1.010409,0.077167,0.000000,-0.000084,-0.000971,0.135048,-27.510308,-50.112382,0.781693,0.977761,0.0400
0.949353,1.010409,0.077167,0.000000,-0.000689,-0.000210,0.134779,-27.510308,-50.112382,0.840965,0.981304,0.5950
0.569612,1.010409,-0.123467,-0.000000,0.000496,-0.000560,0.137416,-27.510311,-50.112382,0.859971,0.982812,0.3170
0.569612,1.010409,-0.123467,-0.000000,-0.000417,-0.000756,0.138354,-27.510311,-50.112382,0.848480,0.983140,0.0400
0.569612,1.010409,-0.123467,-0.000000,0.000047,0.000869,0.142462,-27.510311,-50.112382,0.807682,0.984268,0.2500
0.569612,1.010409,-0.123467,-0.000000,0.000009,-0.000785,0.143722,-27.510311,-50.112382,0.798398,0.984518,0.0690
0.569612,1.010409,-0.123467,-0.000000,-0.000222,-0.000921,0.143499,-27.510311,-50.112382,0.768676,0.985302,0.1410
0.569612,1.010409,-0.123467,-0.000000,-0.000409,-0.000355,0.142236,-27.510311,-50.112382,0.714440,0.986676,0.3890
-0.379741,1.010409,-0.493867,-0.000000,-0.002476,0.004717,0.140975,-27.510320,-50.112382,0.613989,0.987288,0.1620
-0.379741,1.010409,-0.493867,-0.000000,0.002292,-0.001070,0.139599,-27.510320,-50.112382,0.463903,0.988079,0.2780
-0.379741,1.010409,-0.493867,-0.000000,0.000198,0.001076,0.142379,-27.510320,-50.112382,0.406715,0.988385,0.0430
-0.379741,1.010409,-0.493867,-0.000000,0.000195,0.000019,0.142764,-27.510320,-50.112382,0.276972,0.989049,0.2620
-0.379741,1.010409,-0.493867,-0.000000,-0.003814,-0.003249,0.143249,-27.510320,-50.112382,0.229281,0.989293,0.0860
-0.379741,1.010409,-0.493867,-0.000000,0.003015,0.001405,0.142928,-27.510320,-50.112382,0.206019,0.989416,0.0410
-1.139224,1.010409,-0.540167,-0.000000,-0.000715,0.001001,0.147105,-27.510327,-50.112382,-0.002981,0.990298,0.2880
-1.139224,1.010409,-0.540167,-0.000000,-0.000620,-0.000333,0.145174,-27.510327,-50.112382,-0.304690,0.991424,0.4650
-1.139224,1.010409,-0.540167,-0.000000,-0.001072,0.003017,0.147080,-27.510327,-50.112382,-0.366095,0.991649,0.1320
-1.139224,1.010409,-0.540167,-0.000000,-0.001326,-0.000796,0.146465,-27.510327,-50.112382,-0.413998,0.991821,0.0770
-1.139224,1.010409,-0.540167,-0.000000,0.000388,0.000737,0.146694,-27.510327,-50.112382,-0.502331,0.992137,0.1420
-1.518965,1.010409,-0.468144,-0.000000,-0.000290,0.000064,0.148011,-27.510330,-50.112381,-0.565455,0.992360,0.1000
-1.518965,1.010409,-0.468144,-0.000000,-0.000482,0.000264,0.147731,-27.510330,-50.112381,-0.601457,0.992492,0.0650
-1.518965,1.010409,-0.468144,-0.000000,-0.000749,0.000428,0.146352,-27.510330,-50.112381,-0.690352,0.992809,0.1410
-1.518965,1.010409,-0.468144,-0.000000,-0.000597,0.000584,0.145918,-27.510330,-50.112381,-0.791664,0.993166,0.1970
-1.518965,1.010409,-0.468144,-0.000000,-0.000279,0.000177,0.146981,-27.510330,-50.112381,-0.869690,0.993440,0.1460
-1.518965,1.010409,-0.468144,-0.000000,-0.000088,-0.000378,0.147279,-27.510330,-50.112381,-0.890857,0.993517,0.0400
-1.518965,1.010409,-0.468144,-0.000000,0.000040,-0.000486,0.146909,-27.510330,-50.112381,-0.933700,0.993666,0.0770
-1.518965,1.010409,-0.468144,-0.000000,0.000450,0.000832,0.148102,-27.510330,-50.112381,-0.967722,0.993785,0.0570
-1.518965,1.010409,-0.468144,-0.000000,0.000952,0.000559,0.148189,-27.510330,-50.112381,-0.986281,0.993852,0.0440
-1.518965,1.010409,-0.468144,-0.000000,0.000090,-0.000103,0.147513,-27.510330,-50.112381,-1.021638,0.993980,0.0440
-1.518965,1.010409,-0.468144,-0.000000,0.001201,-0.006879,0.149129,-27.510330,-50.112381,-1.074565,0.994159,0.0980
-1.708835,1.010409,-0.344678,-0.000000,0.000560,0.000695,0.150343,-27.510332,-50.112380,-1.096884,0.994242,0.0500
-1.708835,1.010409,-0.344678,-0.000000,-0.000063,0.000001,0.150568,-27.510332,-50.112380,-1.111632,0.994313,0.0400
-1.708835,1.010409,-0.344678,-0.000000,-0.008267,-0.012747,0.152464,-27.510332,-50.112380,-1.138999,0.994335,0.0450
-1.708835,1.010409,-0.344678,-0.000000,-0.001032,0.000129,0.151632,-27.510332,-50.112380,-1.160638,0.994438,0.0620
-1.708835,1.010409,-0.344678,-0.000000,0.000302,0.000308,0.149777,-27.510332,-50.112380,-1.193580,0.994579,0.0800
-1.708835,1.010409,-0.344678,-0.000000,0.007748,-0.000604,0.148204,-27.510332,-50.112380,-1.231981,0.994745,0.1000
-1.708835,1.010409,-0.344678,-0.000000,0.123846,0.009390,0.155980,-27.510332,-50.112380,-1.297161,0.995012,0.1680
-1.708835,1.010409,-0.344678,-0.000000,-0.068530,0.046545,0.157599,-27.510332,-50.112380,-1.348629,0.995225,0.1170
-1.708835,1.010409,-0.344678,-0.000000,-0.331321,-0.029453,0.169809,-27.510332,-50.112380,-1.459644,0.995650,0.3090
-2.278447,1.010409,-0.406411,-0.000000,-0.100710,0.041296,0.169718,-27.510337,-50.112380,-1.552543,0.995911,0.1660
-2.278447,1.010409,-0.406411,-0.000000,-0.135838,0.131632,0.169604,-27.510337,-50.112380,-1.668460,0.996249,0.2900
-2.278447,1.010409,-0.406411,-0.000000,0.268615,0.091134,0.174750,-27.510337,-50.112380,-1.778544,0.996591,0.2390
-2.278447,1.010409,-0.406411,-0.000000,0.178850,0.044787,0.173860,-27.510337,-50.112380,-1.805664,0.996672,0.0520
-2.088577,1.010409,0.164622,0.000000,0.151507,0.134051,0.184475,-27.510336,-50.112380,-1.920963,0.997176,0.4180
-2.088577,1.010409,0.164622,0.000000,0.487415,0.322388,0.394409,-27.510336,-50.112380,-1.849314,0.997775,0.4490
-2.088577,1.010409,0.164622,0.000000,0.557871,0.653479,0.537538,-27.510336,-50.112380,-1.840776,0.997856,0.1280
-2.088577,1.010409,0.164622,0.000000,1.200010,1.042660,0.937878,-27.510336,-50.112380,-1.820659,0.998102,0.1010
-1.898706,1.010409,0.056589,0.000000,-0.725116,-0.028131,-0.596909,-27.510334,-50.112379,-1.788248,0.999349,0.2490
-1.898706,1.010409,0.056589,0.000000,1.694530,-1.103616,-21.980389,-27.510334,-50.112379,-1.766459,0.998175,0.7190
-1.898706,1.010409,0.056589,0.000000,1.924207,-1.197519,-22.895847,-27.510334,-50.112379,-1.764690,0.998012,0.0460
-1.898706,1.010409,0.056589,0.000000,1.529661,-0.806355,-24.112953,-27.510334,-50.112379,-1.762914,0.998666,0.0400
-1.898706,1.010409,0.056589,0.000000,1.464435,-0.876463,-25.670013,-27.510334,-50.112379,-1.756248,0.993844,0.0420
-1.898706,1.010409,0.056589,0.000000,1.519711,0.281258,-28.200916,-27.510334,-50.112379,-1.754205,0.994737,0.0750
-1.708835,1.684015,0.079554,0.282236,0.440837,0.496688,-34.710094,-27.510333,-50.112375,-1.735603,1.064775,0.1920
-1.708835,1.684015,0.079554,0.282236,2.845172,-0.356947,-35.552048,-27.510333,-50.112375,-1.708481,1.173674,0.3380
-1.708835,1.684015,0.079554,0.282236,1.616775,1.780586,-37.312328,-27.510333,-50.112375,-1.693217,1.229661,0.2130
-1.708835,1.684015,0.079554,0.282236,1.644507,2.218622,-38.572235,-27.510333,-50.112375,-1.691219,1.240910,0.0410
-1.708835,1.684015,0.079554,0.282236,0.288682,1.628553,-50.275272,-27.510333,-50.112375,-1.671544,1.314015,0.1850
-1.329094,2.357620,0.293057,0.519841,-0.279957,-0.039956,-62.135952,-27.510329,-50.112366,-1.572349,1.498960,0.3560
-1.329094,2.357620,0.293057,0.519841,-0.676891,0.501941,-62.633572,-27.510329,-50.112366,-1.559567,1.522792,0.0430
-1.329094,2.357620,0.293057,0.519841,0.195965,-0.412855,-63.713512,-27.510329,-50.112366,-1.498614,1.637809,0.1970
-1.329094,2.357620,0.293057,0.519841,0.548272,-0.596647,-63.898640,-27.510329,-50.112366,-1.479283,1.673791,0.0400
-1.329094,2.357620,0.293057,0.519841,1.421727,-1.643885,-64.799332,-27.510329,-50.112366,-1.375024,1.865530,0.3600
-2.088577,3.031226,-0.319446,0.283326,1.271527,-1.904515,-64.867111,-27.510335,-50.112363,-1.373659,1.905106,0.0920
-2.088577,3.031226,-0.319446,0.283326,1.426422,-1.585894,-64.672775,-27.510335,-50.112363,-1.440895,1.973309,0.1650
-2.088577,3.031226,-0.319446,0.283326,0.741021,0.386881,-63.356594,-27.510335,-50.112363,-1.568979,2.100911,0.4000
-2.088577,3.031226,-0.319446,0.283326,0.313412,1.128887,-63.261463,-27.510335,-50.112363,-1.591574,2.123262,0.0620
-2.088577,3.031226,-0.319446,0.283326,-0.240473,0.850477,-63.069721,-27.510335,-50.112363,-1.632614,2.163753,0.1210
-2.088577,3.031226,-0.319446,0.283326,-0.054216,0.475629,-62.930820,-27.510335,-50.112363,-1.654667,2.184987,0.0630
-2.088577,3.031226,-0.319446,0.283326,0.335895,0.360829,-62.843716,-27.510335,-50.112363,-1.668916,2.198662,0.0400
-2.088577,3.031226,-0.319446,0.283326,0.473216,-0.675250,-62.755203,-27.510335,-50.112363,-1.684221,2.213059,0.0400
-2.088577,3.031226,-0.319446,0.283326,0.476988,-0.687019,-62.747658,-27.510335,-50.112363,-1.685669,2.214434,0.0400
-2.088577,3.031226,-0.319446,0.283326,0.476988,-0.687019,-62.747658,-27.510327,-50.112356,-1.685669,2.214434,0.0400
-2.088577,3.031226,-0.319446,0.283326,0.476988,-0.687019,-62.747658,-27.510327,-50.112356,-1.685669,2.214434,0.0400
-2.088577,3.031226,-0.319446,0.283326,0.476988,-0.687019,-62.747658,-27.510327,-50.112356,-1.685669,2.214434,0.0400
-2.088577,3.031226,-0.319446,0.283326,0.476988,-0.687019,-62.747658,-27.510327,-50.112356,-1.685669,2.214434,0.0400
-1.139224,3.704832,0.583188,0.413797,0.331483,-0.241158,-62.524570,-27.510327,-50.112356,-1.630587,2.314250,0.0400
-1.139224,3.704832,0.583188,0.413797,0.639310,-1.026876,-62.499004,-27.510327,-50.112356,-1.588901,2.348224,0.0510
-1.139224,3.704832,0.583188,0.413797,0.332838,-0.412501,-62.483315,-27.510327,-50.112356,-1.558710,2.376638,0.0400
-1.139224,3.704832,0.583188,0.413797,-0.062855,-0.161060,-62.484154,-27.510327,-50.112356,-1.550332,2.384611,0.0400
-1.139224,3.704832,0.583188,0.413797,-0.062855,-0.161060,-62.484154,-27.510327,-50.112356,-1.550332,2.384611,0.0400
-1.139224,3.704832,0.583188,0.413797,-0.273408,-0.321183,-62.456623,-27.510327,-50.112356,-1.455698,2.456703,0.0800
-1.139224,3.704832,0.583188,0.413797,-0.000229,-0.640758,-62.451145,-27.510327,-50.112356,-1.426788,2.482294,0.0400
-1.139224,3.704832,0.583188,0.413797,0.020347,-0.880399,-62.447834,-27.510327,-50.112356,-1.393896,2.508715,0.0540
-1.139224,3.704832,0.583188,0.413797,-0.744890,-0.922656,-62.450230,-27.510327,-50.112356,-1.370317,2.529278,0.0410
-1.139224,3.704832,0.583188,0.413797,-0.745949,-0.602075,-62.450516,-27.510327,-50.112356,-1.342849,2.553250,0.0400
-1.139224,3.704832,0.583188,0.413797,-0.747739,-0.295948,-62.439083,-27.510327,-50.112356,-1.310682,2.579215,0.0530
-1.139224,3.704832,0.583188,0.413797,-0.434283,-0.489993,-62.423252,-27.510327,-50.112356,-1.281409,2.603971,0.0480
-1.139224,3.704832,0.583188,0.413797,-0.305578,-0.419542,-62.400364,-27.510327,-50.112356,-1.243856,2.635609,0.0420
-1.139224,3.704832,0.583188,0.413797,-0.251696,-0.278220,-62.398075,-27.510327,-50.112356,-1.217564,2.657563,0.0570
-1.139224,3.704832,0.583188,0.413797,-0.224385,0.001530,-62.385883,-27.510327,-50.112356,-1.192497,2.678703,0.0420
-1.139224,3.704832,0.583188,0.413797,-0.024096,0.012612,-62.327381,-27.510327,-50.112356,-1.159576,2.705981,0.0560
0.189870,4.715241,0.970603,0.737875,-0.157873,-0.120344,-62.279121,-27.510314,-50.112344,-1.110375,2.747163,0.0400
0.189870,4.715241,0.970603,0.737875,-0.125605,0.356427,-62.146553,-27.510314,-50.112344,-0.981232,2.852690,0.0930
0.189870,4.715241,0.970603,0.737875,0.224193,0.104745,-62.050232,-27.510314,-50.112344,-0.928342,2.896266,0.0780
0.189870,4.715241,0.970603,0.737875,-0.054809,0.739006,-61.912788,-27.510314,-50.112344,-0.739985,3.050963,0.1220
0.189870,4.715241,0.970603,0.737875,0.392388,1.808873,-61.945534,-27.510314,-50.112344,-0.344515,3.376171,0.4150
0.759482,4.378438,0.743948,-0.439885,0.334300,-0.869918,-62.130802,-27.510310,-50.112345,0.034750,3.474013,0.4020
0.759482,4.378438,0.743948,-0.439885,-0.319218,0.306160,-62.072262,-27.510310,-50.112345,0.131811,3.428211,0.1790
0.759482,4.378438,0.743948,-0.439885,0.409135,0.390316,-61.575138,-27.510310,-50.112345,0.254344,3.369418,0.1160
0.759482,4.378438,0.743948,-0.439885,0.996127,0.869783,-61.241722,-27.510310,-50.112345,0.306303,3.344573,0.1080
0.759482,4.378438,0.743948,-0.439885,0.032104,-0.315365,-60.516048,-27.510310,-50.112345,0.584435,3.212367,0.3240
3.037929,7.072863,1.338678,1.583081,-0.825113,-0.171782,-61.464394,-27.510290,-50.112319,1.212355,3.869298,0.3850
3.037929,7.072863,1.338678,1.583081,-0.600905,-0.519611,-61.894497,-27.510290,-50.112319,1.585661,4.326898,0.3810
3.037929,7.072863,1.338678,1.583081,-0.823729,0.795230,-61.954899,-27.510290,-50.112319,1.806543,4.598044,0.0700
3.037929,7.072863,1.338678,1.583081,0.621192,0.771779,-61.920883,-27.510290,-50.112319,1.903399,4.716995,0.1570
2.658188,7.746469,-0.755380,1.339935,0.951993,1.579527,-61.783508,-27.510292,-50.112312,1.961992,5.198106,0.2790
2.658188,7.746469,-0.755380,1.339935,-0.413808,0.493368,-61.670017,-27.510292,-50.112312,1.571596,6.032150,0.5250
2.658188,7.746469,-0.755380,1.339935,0.048711,0.244558,-61.372261,-27.510292,-50.112312,1.419654,6.350611,0.2840
3.607540,9.430484,0.750327,1.330972,0.165594,-0.261309,-61.338760,-27.510285,-50.112299,1.406022,6.415456,0.0400
3.607540,9.430484,0.750327,1.330972,0.115582,-0.974440,-61.454510,-27.510285,-50.112299,1.533438,6.639060,0.1510
3.607540,9.430484,0.750327,1.330972,-0.201865,-0.542500,-61.904648,-27.510285,-50.112299,1.622567,6.792509,0.0420
3.607540,9.430484,0.750327,1.330972,-2.253767,0.789677,-63.475197,-27.510285,-50.112299,1.844625,7.180758,0.3020
3.607540,9.430484,0.750327,1.330972,-1.586130,2.654705,-65.828224,-27.510285,-50.112299,2.216055,7.828159,0.3920
4.936635,11.114499,1.160121,1.469920,-0.415494,1.559667,-65.366554,-27.510273,-50.112276,2.625424,8.364639,0.3940
4.936635,11.114499,1.160121,1.469920,0.292171,1.283750,-65.679764,-27.510273,-50.112276,2.733496,8.500682,0.0620
4.936635,11.114499,1.160121,1.469920,-0.780296,0.257612,-66.467697,-27.510273,-50.112276,2.903263,8.715079,0.1550
4.936635,11.114499,1.160121,1.469920,-0.523925,-0.088364,-67.756996,-27.510273,-50.112276,3.198377,9.086808,0.1670
3.987282,12.124908,-0.905316,0.963540,-0.460264,0.084748,-69.158562,-27.510280,-50.112268,3.426453,9.562748,0.3580
3.987282,12.124908,-0.905316,0.963540,0.318968,-0.268042,-70.550880,-27.510280,-50.112268,3.044374,10.056052,0.4820
3.987282,12.124908,-0.905316,0.963540,0.344843,-0.315654,-70.035049,-27.510280,-50.112268,2.950062,10.175177,0.1140
3.987282,12.124908,-0.905316,0.963540,1.589755,-0.192304,-67.720482,-27.510280,-50.112268,2.707954,10.480611,0.2710
3.417670,12.798514,-0.564703,0.667801,0.823290,0.102178,-65.805351,-27.510286,-50.112263,2.513661,10.761322,0.2960
3.417670,12.798514,-0.564703,0.667801,0.322688,-0.321917,-64.000824,-27.510286,-50.112263,2.220504,11.202131,0.5860
0.569611,12.124908,-0.836056,-0.197739,0.164943,-0.459796,-63.327122,-27.510310,-50.112265,2.108207,11.306803,0.2190
0.569611,12.124908,-0.836056,-0.197739,0.147695,-0.254186,-63.036514,-27.510310,-50.112265,1.954530,11.283324,0.1870
0.569611,12.124908,-0.836056,-0.197739,0.248635,-0.768243,-61.423386,-27.510310,-50.112265,1.596068,11.223888,0.4000
-0.949354,13.135317,-0.950902,0.632536,1.294253,-1.278519,-58.743301,-27.510325,-50.112260,1.169334,11.218297,0.4450
-0.949354,13.135317,-0.950902,0.632536,1.508729,-1.484721,-58.702080,-27.510325,-50.112260,0.995012,11.337255,0.1940
-0.949354,13.135317,-0.950902,0.632536,1.614405,-1.729064,-58.931950,-27.510325,-50.112260,0.859803,11.429625,0.1310
-0.949354,13.135317,-0.950902,0.632536,0.842382,0.288451,-59.585068,-27.510325,-50.112260,0.666250,11.562467,0.1260
-0.949354,13.135317,-0.950902,0.632536,-0.709576,1.178328,-59.933659,-27.510325,-50.112260,0.225061,11.866683,0.4840
-1.898707,14.482529,-0.889002,1.261568,-0.164041,0.761511,-60.771027,-27.510334,-50.112242,-0.220955,12.485590,0.4150
-1.898707,14.482529,-0.889002,1.261568,0.189226,0.787867,-61.498108,-27.510334,-50.112242,-0.377900,12.705191,0.2110
-1.898707,14.482529,-0.889002,1.261568,0.270306,0.364288,-62.073360,-27.510334,-50.112242,-0.527833,12.915082,0.1400
-2.658190,16.166544,-0.590079,1.308393,-0.033456,0.070801,-63.388615,-27.510339,-50.112229,-0.859035,13.462878,0.3570
-2.658190,16.166544,-0.590079,1.308393,-0.149920,-0.260074,-64.387810,-27.510339,-50.112229,-1.156012,14.092840,0.4950
-2.658190,16.166544,-0.590079,1.308393,-0.157499,-0.374892,-64.398453,-27.510339,-50.112229,-1.200379,14.187144,0.0720
-2.658190,16.166544,-0.590079,1.308393,-0.169208,0.139519,-64.410202,-27.510339,-50.112229,-1.237448,14.265931,0.0400
-2.658190,16.166544,-0.590079,1.308393,0.147628,0.186533,-64.450401,-27.510339,-50.112229,-1.275046,14.345760,0.0570
-2.658190,16.166544,-0.590079,1.308393,0.339104,0.486663,-64.490311,-27.510339,-50.112229,-1.302066,14.403089,0.0410
-2.658190,16.166544,-0.590079,1.308393,0.236828,-0.090369,-64.546684,-27.510339,-50.112229,-1.340222,14.484004,0.0580
-2.658190,16.166544,-0.590079,1.308393,0.077708,-0.380277,-64.612671,-27.510339,-50.112229,-1.372520,14.552394,0.0410
-2.658190,16.166544,-0.590079,1.308393,-0.029734,-0.108959,-64.612671,-27.510339,-50.112229,-1.372520,14.552394,0.0400
-2.658190,16.840149,-0.000000,1.121489,0.170192,-0.377369,-64.731819,-27.510341,-50.112220,-1.404053,14.662123,0.0420
-2.658190,16.840149,-0.000000,1.121489,0.036315,-0.241214,-64.796906,-27.510341,-50.112220,-1.402052,14.732966,0.0590
-2.658190,16.840149,-0.000000,1.121489,0.140534,-0.165791,-64.868034,-27.510341,-50.112220,-1.403612,14.798714,0.0430
-2.658190,16.840149,-0.000000,1.121489,0.110717,0.396427,-64.990402,-27.510341,-50.112220,-1.408902,14.920258,0.1100
-2.658190,16.840149,-0.000000,1.121489,0.386929,0.188003,-64.974411,-27.510341,-50.112220,-1.433363,15.398531,0.3970
-3.987284,17.850557,-0.913268,0.694288,0.290714,0.026364,-65.138420,-27.510352,-50.112211,-1.532550,15.891646,0.4030
-3.987284,17.850557,-0.913268,0.694288,-0.173415,-0.077723,-65.221680,-27.510352,-50.112211,-1.745855,16.056979,0.2250
-3.987284,17.850557,-0.913268,0.694288,-0.224205,-0.545196,-65.238983,-27.510352,-50.112211,-1.793590,16.093673,0.0740
-3.987284,17.850557,-0.913268,0.694288,-0.341302,-0.037722,-65.259117,-27.510352,-50.112211,-1.836331,16.126370,0.0410
-3.987284,17.850557,-0.913268,0.694288,-0.500264,0.062586,-65.277657,-27.510352,-50.112211,-1.902711,16.176841,0.0620
-3.987284,17.850557,-0.913268,0.694288,-0.332720,-0.167036,-65.193367,-27.510352,-50.112211,-2.305850,16.485719,0.4030
-5.506249,17.513754,-0.959290,-0.212705,-0.235628,-0.415912,-66.325668,-27.510367,-50.112213,-2.727981,16.566046,0.3580
-5.506249,17.513754,-0.959290,-0.212705,-0.283248,-0.122285,-67.647064,-27.510367,-50.112213,-2.990166,16.526093,0.2870
-5.506249,17.513754,-0.959290,-0.212705,-0.019613,-0.150348,-67.873535,-27.510367,-50.112213,-3.035482,16.519097,0.0410
-5.506249,17.513754,-0.959290,-0.212705,0.164999,-0.017768,-68.058395,-27.510367,-50.112213,-3.083039,16.511805,0.0400
-5.506249,17.513754,-0.959290,-0.212705,0.506137,0.259922,-68.468262,-27.510367,-50.112213,-3.205534,16.492843,0.1140
-5.506249,17.513754,-0.959290,-0.212705,0.907425,1.781489,-68.061661,-27.510375,-50.112209,-3.531684,16.442563,0.2800
-6.455602,17.850557,-0.799981,0.283810,0.151809,1.133013,-67.137314,-27.510375,-50.112209,-3.826248,16.552249,0.3220
-6.455602,17.850557,-0.799981,0.283810,-1.211941,1.278729,-66.704094,-27.510375,-50.112209,-4.294450,16.727899,0.4400
-6.455602,17.850557,-0.799981,0.283810,-0.843442,0.504062,-66.505531,-27.510375,-50.112209,-4.350239,16.748792,0.1630
-6.455602,17.850557,-0.799981,0.283810,-0.784003,-0.019110,-66.073784,-27.510375,-50.112209,-4.443584,16.783826,0.1050
-7.025214,17.176952,-0.484980,-0.573523,-1.260645,0.246343,-65.382561,-27.510379,-50.112218,-4.549776,16.695054,0.1100
-7.025214,17.176952,-0.484980,-0.573523,-0.288898,-0.275186,-64.524162,-27.510379,-50.112218,-4.782249,16.486205,0.3970
-8.734050,14.145728,-0.965068,-1.711890,0.224294,-0.466205,-65.221329,-27.510396,-50.112247,-5.119802,16.124079,0.5440
-8.734050,14.145728,-0.965068,-1.711890,0.739432,-0.817222,-65.476761,-27.510396,-50.112247,-5.275004,15.877434,0.1580
-8.734050,14.145728,-0.965068,-1.711890,1.505406,-0.834771,-65.635109,-27.510396,-50.112247,-5.400038,15.678373,0.1090
-8.734050,14.145728,-0.965068,-1.711890,0.861304,-1.276580,-66.120750,-27.510396,-50.112247,-5.561733,15.419916,0.1420
-8.734050,14.145728,-0.965068,-1.711890,0.433978,-0.711616,-67.144707,-27.510396,-50.112247,-5.946756,14.803941,0.3510
-10.632756,11.788110,-1.535938,-1.907170,0.786067,-0.865322,-67.958199,-27.510411,-50.112271,-6.424327,14.156450,0.3070
-10.632756,11.788110,-1.535938,-1.907170,0.870805,-1.794242,-68.866219,-27.510411,-50.112271,-6.960280,13.524116,0.3530
-10.632756,11.788110,-1.535938,-1.907170,0.733865,-0.615631,-69.212219,-27.510411,-50.112271,-7.169788,13.278540,0.1240
-10.632756,11.788110,-1.535938,-1.907170,1.324444,-1.566142,-69.434113,-27.510411,-50.112271,-7.262145,13.172708,0.0590
-10.632756,11.788110,-1.535938,-1.907170,1.277030,-1.406627,-69.932655,-27.510411,-50.112271,-7.467757,12.927656,0.0430
-11.202369,10.104096,-0.697252,-2.061371,-1.353741,-0.850186,-70.743599,-27.510417,-50.112290,-7.884104,12.363316,0.3520
-11.202369,10.104096,-0.697252,-2.061371,0.792997,-1.030409,-65.669182,-27.510417,-50.112290,-8.213684,11.523290,0.3570
-11.202369,10.104096,-0.697252,-2.061371,-0.565561,0.646888,-64.786827,-27.510417,-50.112290,-8.493773,10.804175,0.3730
-11.202369,10.104096,-0.697252,-2.061371,-0.722321,0.965034,-64.872704,-27.510417,-50.112290,-8.521455,10.733043,0.0420
-11.202369,10.104096,-0.697252,-2.061371,-1.271438,1.657286,-65.183655,-27.510417,-50.112290,-8.633573,10.445716,0.1370
-11.392240,8.756886,-0.195281,-1.385596,-1.199462,1.485170,-65.307777,-27.510419,-50.112300,-8.682908,10.273338,0.0480
-11.392240,8.756886,-0.195281,-1.385596,-1.455254,0.286881,-63.731731,-27.510419,-50.112300,-8.791679,9.792043,0.3630
-11.392240,8.756886,-0.195281,-1.385596,0.120200,0.575798,-62.343407,-27.510419,-50.112300,-8.938953,9.112701,0.4710
-12.341593,8.083281,-1.023727,-0.726376,0.408340,0.198778,-62.022945,-27.510427,-50.112310,-9.252077,8.776071,0.3530
-12.341593,8.083281,-1.023727,-0.726376,0.697163,0.042778,-61.984600,-27.510427,-50.112310,-9.318709,8.732086,0.0780
-12.341593,8.083281,-1.023727,-0.726376,0.877558,-0.378602,-61.979492,-27.510427,-50.112310,-9.366056,8.701181,0.0440
-12.341593,8.083281,-1.023727,-0.726376,0.870371,-0.148117,-62.018478,-27.510427,-50.112310,-9.425641,8.664138,0.0400
-12.341593,8.083281,-1.023727,-0.726376,0.917016,-0.469491,-62.052933,-27.510427,-50.112310,-9.487557,8.622437,0.0560
-12.341593,8.083281,-1.023727,-0.726376,0.851744,-0.330044,-62.080429,-27.510427,-50.112310,-9.541683,8.587268,0.0400
-12.341593,8.083281,-1.023727,-0.726376,0.769392,-0.122502,-62.115398,-27.510427,-50.112310,-9.598865,8.550885,0.0420
-12.341593,8.083281,-1.023727,-0.726376,0.650394,-0.489864,-62.190914,-27.510427,-50.112310,-9.671457,8.502983,0.0650
-12.341593,8.083281,-1.023727,-0.726376,0.518866,-0.189466,-62.301720,-27.510427,-50.112310,-9.738368,8.460024,0.0400
-12.341593,8.083281,-1.023727,-0.726376,0.371306,0.007821,-62.487289,-27.510427,-50.112310,-9.805036,8.416087,0.0670
-12.341593,8.083281,-1.023727,-0.726376,0.305919,0.005851,-62.751564,-27.510427,-50.112310,-9.879225,8.368055,0.0400
-12.341593,8.083281,-1.023727,-0.726376,0.563258,-0.470502,-62.924011,-27.510427,-50.112310,-9.941755,8.326543,0.0600
-12.341593,8.083281,-1.023727,-0.726376,0.586621,-0.838714,-63.030762,-27.510427,-50.112310,-10.007709,8.283922,0.0420
-12.341593,8.083281,-1.023727,-0.726376,0.748307,-1.150450,-63.099617,-27.510427,-50.112310,-10.103392,8.220488,0.0890
-12.721334,7.072873,-0.437981,-1.165370,0.668389,-1.290207,-63.095299,-27.510431,-50.112320,-10.135473,8.165640,0.0490
-12.721334,7.072873,-0.437981,-1.165370,0.913100,-1.686392,-63.058758,-27.510431,-50.112320,-10.166758,8.096391,0.0420
-12.721334,7.072873,-0.437981,-1.165370,0.934843,-2.379658,-62.957897,-27.510431,-50.112320,-10.207835,8.007529,0.0790
-12.721334,7.072873,-0.437981,-1.165370,0.515203,-1.153125,-62.681164,-27.510431,-50.112320,-10.306885,7.786234,0.1650
-12.721334,7.072873,-0.437981,-1.165370,0.112308,-1.105134,-62.484695,-27.510431,-50.112320,-10.349035,7.690999,0.0960
-12.721334,7.072873,-0.437981,-1.165370,-0.303875,0.031241,-62.385056,-27.510431,-50.112320,-10.373442,7.637712,0.0410
-12.721334,7.072873,-0.437981,-1.165370,-0.444962,1.587733,-62.123001,-27.510431,-50.112320,-10.412353,7.552377,0.0430
-12.721334,7.072873,-0.437981,-1.165370,-0.143274,1.413085,-61.890427,-27.510431,-50.112320,-10.434785,7.502427,0.0670
-12.721334,7.072873,-0.437981,-1.165370,0.134333,1.196227,-61.628960,-27.510431,-50.112320,-10.462542,7.442139,0.0400
-12.721334,7.072873,-0.437981,-1.165370,0.275357,1.355421,-61.386559,-27.510431,-50.112320,-10.488602,7.380364,0.0410
-12.721334,7.072873,-0.437981,-1.165370,0.883642,1.480468,-61.108147,-27.510431,-50.112320,-10.546540,7.252756,0.1020
-12.531464,6.736070,0.318321,-0.564655,-0.151587,0.477718,-61.262959,-27.510429,-50.112323,-10.614991,6.946414,0.2780
-12.531464,6.736070,0.318321,-0.564655,-0.972830,0.248468,-61.478657,-27.510429,-50.112323,-10.554682,6.797413,0.3030
-12.531464,6.736070,0.318321,-0.564655,-1.096413,0.593893,-61.246094,-27.510429,-50.112323,-10.490957,6.642784,0.2920
-12.531464,6.736070,0.318321,-0.564655,-0.789895,0.238134,-60.916763,-27.510429,-50.112323,-10.448834,6.541536,0.1360
-12.151722,5.388860,0.251224,-0.891270,-0.501619,0.203178,-60.699429,-27.510425,-50.112333,-10.405670,6.405939,0.2370
-12.151722,5.388860,0.251224,-0.891270,-0.146283,1.041010,-60.445171,-27.510425,-50.112333,-10.354030,6.135697,0.2860
-12.151722,5.388860,0.251224,-0.891270,-0.338127,-0.414102,-60.460350,-27.510425,-50.112333,-10.311334,5.913586,0.2510
-12.151722,5.388860,0.251224,-0.891270,0.202117,-0.366701,-60.644363,-27.510425,-50.112333,-10.259994,5.645011,0.2870
-10.632757,5.052057,1.089874,-0.241660,-0.300088,0.511408,-60.913361,-27.510412,-50.112339,-10.167322,5.526479,0.2040
-10.632757,5.052057,1.089874,-0.241660,-0.124658,0.475402,-61.092327,-27.510412,-50.112339,-10.070375,5.503617,0.0840
-10.632757,5.052057,1.089874,-0.241660,-0.018290,-0.919297,-61.237843,-27.510412,-50.112339,-9.843427,5.447987,0.2030
-10.632757,5.052057,1.089874,-0.241660,-0.250642,-1.626485,-60.867599,-27.510412,-50.112339,-9.513209,5.366951,0.3200
-8.734052,4.378451,1.425421,-0.505698,-0.074880,0.005070,-61.358036,-27.510395,-50.112346,-9.155433,5.272571,0.3220
-8.734052,4.378451,1.425421,-0.505698,0.023739,-0.140726,-61.477848,-27.510395,-50.112346,-8.654912,5.083915,0.3720
-8.734052,4.378451,1.425421,-0.505698,0.014254,-0.000145,-61.398907,-27.510395,-50.112346,-8.484649,5.019639,0.1210
-8.734052,4.378451,1.425421,-0.505698,-0.081543,0.286224,-61.379330,-27.510395,-50.112346,-8.423566,4.996419,0.0410
-8.734052,4.378451,1.425421,-0.505698,-0.168047,0.342530,-61.348854,-27.510395,-50.112346,-8.296782,4.948549,0.0470
-7.404958,4.041648,1.466125,-0.371528,0.308810,0.217579,-60.943546,-27.510384,-50.112351,-7.493454,4.675842,0.5430
-7.404958,4.041648,1.466125,-0.371528,0.534693,-0.757276,-61.676064,-27.510384,-50.112351,-7.017597,4.546770,0.3770
-7.404958,4.041648,1.466125,-0.371528,0.295779,-0.549456,-62.024879,-27.510384,-50.112351,-6.755951,4.475510,0.1870
-7.404958,4.041648,1.466125,-0.371528,0.265066,-0.246729,-62.290104,-27.510384,-50.112351,-6.601409,4.433775,0.0850
-7.404958,4.041648,1.466125,-0.371528,-0.072518,-0.634956,-62.390690,-27.510384,-50.112351,-6.525599,4.413165,0.0790
-7.404958,4.041648,1.466125,-0.371528,0.131679,0.210379,-62.443359,-27.510384,-50.112351,-6.463063,4.396299,0.0400
-6.455605,3.704845,1.328454,-0.471297,0.127651,0.649658,-62.613060,-27.510375,-50.112354,-6.028196,4.246446,0.2930
-6.455605,3.704845,1.328454,-0.471297,0.128434,-0.050146,-62.672661,-27.510375,-50.112354,-5.582349,4.079350,0.3140
-6.455605,3.704845,1.328454,-0.471297,-0.085064,0.551426,-63.041561,-27.510375,-50.112354,-5.065329,3.884326,0.4270
-4.936640,3.704845,1.553622,0.000000,-0.243792,0.026445,-63.414898,-27.510361,-50.112356,-4.814807,3.871025,0.1950
-4.936640,3.704845,1.553622,0.000000,0.167916,0.282764,-63.676960,-27.510361,-50.112356,-4.565181,3.869295,0.1210
-4.936640,3.704845,1.553622,0.000000,-0.253055,-0.364672,-64.115875,-27.510361,-50.112356,-3.851454,3.865503,0.4760
-3.607546,3.031240,1.422513,-0.720952,-0.136406,-0.058204,-63.830372,-27.510349,-50.112362,-3.397634,3.805409,0.3500
-3.607546,3.031240,1.422513,-0.720952,-0.392005,0.734714,-63.522869,-27.510349,-50.112362,-3.055588,3.625464,0.2450
-3.607546,3.031240,1.422513,-0.720952,0.105149,0.071859,-63.054775,-27.510349,-50.112362,-2.845027,3.513761,0.1480
-3.607546,3.031240,1.422513,-0.720952,0.099002,-0.116017,-62.939659,-27.510349,-50.112362,-2.750704,3.463319,0.0650
-3.607546,3.031240,1.422513,-0.720952,-0.370442,0.405998,-62.716270,-27.510343,-50.112370,-2.121908,3.128431,0.4040
-3.037934,2.020831,0.727590,-1.290640,0.013417,-0.063584,-62.048622,-27.510343,-50.112370,-1.781430,2.477611,0.5510
-3.037934,2.020831,0.727590,-1.290640,0.164707,-0.466334,-61.683643,-27.510343,-50.112370,-1.653553,2.229837,0.1930
-3.037934,2.020831,0.727590,-1.290640,0.014357,0.200299,-61.461594,-27.510343,-50.112370,-1.561192,2.051027,0.1330
-3.037934,2.020831,0.727590,-1.290640,-0.081911,-0.136735,-61.388912,-27.510343,-50.112370,-1.530174,1.990400,0.0510
-2.278452,1.010423,0.877853,-1.167887,0.188125,-0.297711,-60.711880,-27.510337,-50.112380,-1.223747,1.508020,0.3730
-2.278452,1.010423,0.877853,-1.167887,0.188173,-0.602336,-60.691120,-27.510337,-50.112380,-1.192959,1.464175,0.0590
-2.278452,1.010423,0.877853,-1.167887,0.141927,0.002860,-60.673485,-27.510337,-50.112380,-1.137318,1.384733,0.0660
-2.278452,1.010423,0.877853,-1.167887,0.193099,-0.266956,-60.647762,-27.510337,-50.112380,-1.101750,1.333971,0.0410
-2.278452,1.010423,0.877853,-1.167887,0.043301,-0.114231,-60.612705,-27.510337,-50.112380,-1.062964,1.278580,0.0490
-2.278452,1.010423,0.877853,-1.167887,0.216819,-0.154737,-60.604801,-27.510337,-50.112380,-1.021745,1.219694,0.0500
-2.278452,1.010423,0.877853,-1.167887,0.228255,-0.000361,-60.678623,-27.510337,-50.112380,-0.958326,1.129083,0.0760
-2.278452,1.010423,0.877853,-1.167887,0.277940,0.169703,-60.745743,-27.510337,-50.112380,-0.921360,1.076301,0.0470
-2.278452,1.010423,0.877853,-1.167887,0.283659,-0.218939,-60.841114,-27.510337,-50.112380,-0.883971,1.022675,0.0400
-2.278452,1.010423,0.877853,-1.167887,0.019433,-0.045921,-60.884571,-27.510337,-50.112380,-0.868486,1.000506,0.0400
-2.278452,1.010423,0.877853,-1.167887,0.307237,-0.309571,-61.062382,-27.510337,-50.112380,-0.801221,0.907734,0.0430
-2.278452,1.010423,0.877853,-1.167887,0.155851,0.049257,-61.150890,-27.510337,-50.112380,-0.770388,0.863836,0.0410
-2.278452,1.010423,0.877853,-1.167887,0.079143,0.019972,-61.291672,-27.510337,-50.112380,-0.725471,0.799200,0.0400
-2.278452,1.010423,0.877853,-1.167887,0.052112,0.055119,-61.307861,-27.510337,-50.112380,-0.720660,0.792271,0.0400
-2.278452,1.010423,0.877853,-1.167887,0.052112,0.055119,-61.307861,-27.510337,-50.112380,-0.720660,0.792271,0.0410
-2.278452,1.010423,0.877853,-1.167887,0.052112,0.055119,-61.307861,-27.510329,-50.112385,-0.720660,0.792271,0.0400
-2.278452,1.010423,0.877853,-1.167887,0.052112,0.055119,-61.307861,-27.510329,-50.112385,-0.720660,0.792271,0.0400
-1.329099,0.673620,1.250880,-0.443776,0.073199,0.057611,-61.752613,-27.510329,-50.112385,-0.462205,0.588264,0.0420
-1.329099,0.673620,1.250880,-0.443776,-0.033184,0.195196,-61.825485,-27.510329,-50.112385,-0.404104,0.578632,0.0470
-1.329099,0.673620,1.250880,-0.443776,-0.014424,0.008199,-61.909878,-27.510329,-50.112385,-0.340227,0.558228,0.0400
-1.329099,0.673620,1.250880,-0.443776,0.302097,-0.362998,-61.925713,-27.510329,-50.112385,-0.329266,0.554431,0.0400
-1.329099,0.673620,1.250880,-0.443776,0.140780,-0.161902,-62.057446,-27.510329,-50.112385,-0.211858,0.511455,0.0400
-1.329099,0.673620,1.250880,-0.443776,-0.072924,0.011645,-62.140419,-27.510329,-50.112385,-0.131457,0.482506,0.0650
-1.329099,0.673620,1.250880,-0.443776,0.038082,0.173895,-62.175552,-27.510329,-50.112385,-0.057310,0.455457,0.0620
-1.329099,0.673620,1.250880,-0.443776,0.058913,0.104791,-62.215912,-27.510329,-50.112385,0.025983,0.425052,0.0700
-1.329099,0.673620,1.250880,-0.443776,-0.231645,0.206371,-62.277569,-27.510329,-50.112385,0.496253,0.253294,0.3950
0.379736,1.010423,1.519250,0.299437,-0.727841,-1.513177,-56.846943,-27.510312,-50.112379,0.956444,0.299856,0.2890
0.379736,1.010423,1.519250,0.299437,-0.244374,-1.112109,-50.068153,-27.510312,-50.112379,1.294009,0.374389,0.2630
0.379736,1.010423,1.519250,0.299437,-0.685448,0.867654,-41.729084,-27.510312,-50.112379,1.702719,0.463881,0.2470
1.518960,1.347226,1.327074,0.392340,-3.187118,1.805219,-40.680809,-27.510304,-50.112376,2.453270,0.671280,0.5310
1.518960,1.347226,1.327074,0.392340,0.347096,-0.217501,-40.600845,-27.510304,-50.112376,2.885121,0.814999,0.3840
1.518960,1.347226,1.327074,0.392340,0.427118,-0.551551,-40.995323,-27.510304,-50.112376,3.242650,0.932500,0.2740
0.759477,1.010423,-0.569034,-0.252346,0.135069,-0.071403,-41.161880,-27.510308,-50.112380,3.097462,0.873705,0.4470
0.759477,1.010423,-0.569034,-0.252346,0.203624,0.113846,-41.219242,-27.510308,-50.112380,2.953408,0.820144,0.2490
0.759477,1.010423,-0.569034,-0.252346,0.229647,-0.113733,-41.339104,-27.510308,-50.112380,2.899682,0.800659,0.0640
0.759477,1.010423,-0.569034,-0.252346,0.169747,-0.352368,-41.486984,-27.510308,-50.112380,2.838503,0.778094,0.1110
0.759477,1.010423,-0.569034,-0.252346,-0.323715,-0.224117,-41.570885,-27.510308,-50.112380,2.804499,0.765804,0.0520
0.759477,1.010423,-0.569034,-0.252346,-0.357365,-0.365957,-41.639732,-27.510308,-50.112380,2.774750,0.754970,0.0410
0.759477,1.010423,-0.569034,-0.252346,-0.085564,-0.484952,-41.707722,-27.510308,-50.112380,2.742401,0.742857,0.0490
0.759477,1.010423,-0.569034,-0.252346,-0.321221,-0.083294,-41.754280,-27.510308,-50.112380,2.712082,0.732291,0.0400
0.759477,1.347226,-0.000000,0.329244,0.182257,-0.038341,-41.799816,-27.510310,-50.112378,2.683814,0.727075,0.0710
0.759477,1.347226,-0.000000,0.329244,0.218484,-0.029603,-41.829311,-27.510310,-50.112378,2.682401,0.745580,0.0440
0.759477,1.347226,-0.000000,0.329244,-0.015824,0.185013,-41.889812,-27.510310,-50.112378,2.678713,0.770938,0.0430
0.759477,1.347226,-0.000000,0.329244,0.049726,0.525144,-41.979534,-27.510310,-50.112378,2.659097,0.860726,0.2290
0.759477,1.347226,-0.000000,0.329244,-0.280558,0.386274,-40.962646,-27.510310,-50.112378,2.625700,1.006581,0.4250
0.569607,1.347226,-0.231500,-0.000000,0.444542,-0.111280,-40.978951,-27.510310,-50.112377,2.542413,1.071655,0.4020
0.569607,1.347226,-0.231500,-0.000000,-0.127021,-0.275953,-41.409531,-27.510310,-50.112377,2.508265,1.072717,0.1330
0.569607,1.347226,-0.231500,-0.000000,-0.488340,0.200610,-41.488930,-27.510310,-50.112377,2.496577,1.073073,0.0470
0.569607,1.347226,-0.231500,-0.000000,-0.036338,-0.253340,-41.586643,-27.510310,-50.112377,2.475420,1.073735,0.0660
0.569607,1.347226,-0.231500,-0.000000,-0.220580,-0.170468,-41.577675,-27.510310,-50.112377,2.422868,1.075958,0.1700
0.569607,1.347226,-0.231500,-0.000000,0.051430,0.103571,-40.936905,-27.510310,-50.112377,2.354222,1.078670,0.2170
1.329089,1.684029,0.404438,0.179353,0.314999,-0.183200,-41.997974,-27.510306,-50.112375,2.315611,1.089603,0.2150
1.329089,1.684029,0.404438,0.179353,-0.175228,0.700874,-46.709381,-27.510306,-50.112375,2.410452,1.143572,0.2540
1.329089,1.684029,0.404438,0.179353,0.936199,0.759792,-59.154922,-27.510306,-50.112375,2.476788,1.181287,0.2090
1.329089,1.684029,0.404438,0.179353,-5.369877,-18.273604,-62.520424,-27.510306,-50.112375,2.491855,1.189739,0.0400
1.329089,1.684029,0.404438,0.179353,-6.766106,-8.918844,-64.829620,-27.510306,-50.112375,2.502425,1.196881,0.0400
1.329089,1.684029,0.404438,0.179353,-6.763072,-8.873890,-64.829620,-27.510306,-50.112375,2.502425,1.196881,0.0400
1.329089,1.684029,0.404438,0.179353,-6.763072,-8.873890,-64.829620,-27.510306,-50.112375,2.502425,1.196881,0.0400
1.329089,1.684029,0.404438,0.179353,0.247288,0.692022,-72.599319,-27.510306,-50.112375,2.554364,1.193301,0.0770
1.329089,1.684029,0.404438,0.179353,1.639161,1.259185,-73.851913,-27.510306,-50.112375,2.574842,1.204141,0.0430
1.329089,1.684029,0.404438,0.179353,0.208530,-0.645704,-74.863159,-27.510306,-50.112375,2.597709,1.216863,0.0810
1.329089,1.684029,0.404438,0.179353,0.208358,-2.113305,-75.479576,-27.510306,-50.112375,2.623081,1.231881,0.0750
1.708830,1.347226,0.388724,-0.344770,0.707372,-7.408483,-75.853577,-27.510301,-50.112377,2.636969,1.235025,0.0400
1.708830,1.347226,0.388724,-0.344770,0.457603,-18.303368,-76.486893,-27.510301,-50.112377,2.654193,1.218903,0.0410
1.708830,1.347226,0.388724,-0.344770,0.311483,-3.397714,-76.703049,-27.510301,-50.112377,2.669986,1.207496,0.0600
1.708830,1.347226,0.388724,-0.344770,-0.435502,-0.081572,-76.099037,-27.510301,-50.112377,2.686852,1.194956,0.0400
1.708830,1.347226,0.388724,-0.344770,-0.073644,-0.617379,-75.163811,-27.510301,-50.112377,2.703010,1.180543,0.0470
1.708830,1.347226,0.388724,-0.344770,-0.523408,-2.034641,-72.138504,-27.510301,-50.112377,2.734032,1.149953,0.0880
1.708830,1.347226,0.388724,-0.344770,-0.453641,-1.774581,-69.140587,-27.510301,-50.112377,2.754664,1.131523,0.0600
1.708830,1.347226,0.388724,-0.344770,-0.633147,-1.730443,-64.224136,-27.510301,-50.112377,2.781839,1.105652,0.0410
1.708830,1.347226,0.388724,-0.344770,-2.298456,-0.536994,-60.207413,-27.510301,-50.112377,2.800254,1.088923,0.0720
1.708830,1.347226,0.388724,-0.344770,-2.157955,0.163334,-53.941628,-27.510301,-50.112377,2.826145,1.066423,0.0440
1.708830,1.347226,0.388724,-0.344770,-4.846935,-0.127774,-44.541687,-27.510301,-50.112377,2.854584,1.037960,0.1030
1.708830,1.347226,0.388724,-0.344770,4.749320,-13.171704,-36.600998,-27.510301,-50.112377,2.871824,1.020957,0.0530
1.708830,1.347226,0.388724,-0.344770,-0.340507,-6.906882,-40.820091,-27.510301,-50.112377,2.897919,0.997128,0.0400
1.708830,1.347226,0.388724,-0.344770,0.894499,-3.961456,-47.052456,-27.510301,-50.112377,2.926293,0.969364,0.1030
1.708830,1.347226,0.388724,-0.344770,-1.337357,-1.982160,-57.802540,-27.510301,-50.112377,2.944096,0.952043,0.0560
1.708830,1.347226,0.388724,-0.344770,-1.472684,-1.431796,-68.077515,-27.510301,-50.112377,2.960599,0.940454,0.0410
1.708830,1.347226,0.388724,-0.344770,-1.434398,-0.781641,-69.276138,-27.510301,-50.112381,2.962024,0.939402,0.0400
1.708830,1.010423,0.000000,-0.426989,-1.805858,-0.926766,-127.049057,-27.510301,-50.112381,2.961495,0.851321,0.0400
1.708830,1.010423,0.000000,-0.426989,-2.705195,0.719790,-166.303528,-27.510301,-50.112381,2.964052,0.819198,0.1230
1.708830,1.010423,0.000000,-0.426989,-2.202890,2.930249,-176.160522,-27.510301,-50.112381,2.965621,0.799474,0.0500
1.708830,1.010423,0.000000,-0.426989,4.902371,-4.780096,172.808334,-27.510301,-50.112381,2.940210,0.657320,0.3210
1.708830,1.010423,0.000000,-0.426989,2.573622,-3.037450,173.943008,-27.510301,-50.112381,2.912359,0.499998,0.4130
0.189866,1.010423,-0.375544,-0.000000,2.748140,-2.383327,173.649292,-27.510315,-50.112380,2.799233,0.492046,0.2770
0.189866,1.010423,-0.375544,-0.000000,2.796177,-2.496624,173.628815,-27.510315,-50.112380,2.767931,0.495197,0.0590
0.189866,1.010423,-0.375544,-0.000000,2.739392,-2.579511,173.619415,-27.510315,-50.112380,2.743306,0.499738,0.0400
0.189866,1.010423,-0.375544,-0.000000,2.576566,-2.444523,173.548676,-27.510315,-50.112380,2.585939,0.498745,0.3070
-0.949358,1.347225,-0.621603,0.183772,2.389131,-2.250506,173.489182,-27.510325,-50.112377,2.383990,0.518287,0.4020
-0.949358,1.347225,-0.621603,0.183772,2.153055,-2.049407,173.446533,-27.510325,-50.112377,2.054830,0.609054,0.4640
-0.949358,1.347225,-0.621603,0.183772,2.138314,-2.028447,173.442703,-27.510325,-50.112377,2.018241,0.620323,0.0480
-0.949358,1.347225,-0.621603,0.183772,2.126068,-2.004163,173.438751,-27.510325,-50.112377,1.969281,0.634928,0.0410
-0.949358,1.347225,-0.621603,0.183772,2.084453,-1.970876,173.436005,-27.510325,-50.112377,1.935136,0.644213,0.0490
-0.949358,1.347225,-0.621603,0.183772,2.064975,-1.955629,173.433411,-27.510325,-50.112377,1.897664,0.656694,0.0410
-0.949358,1.347225,-0.621603,0.183772,0.746421,-1.593453,173.326416,-27.510325,-50.112377,1.714174,0.706398,0.2530
-0.569617,1.010422,0.277110,-0.245777,-0.519174,-1.577785,166.393005,-27.510322,-50.112381,1.782216,0.600114,0.4610
-0.569617,1.010422,0.277110,-0.245777,2.878486,-1.801136,97.008873,-27.510322,-50.112381,1.841649,0.522173,0.3590
-0.569617,1.010422,0.277110,-0.245777,2.891732,-3.417127,84.137947,-27.510322,-50.112381,1.848697,0.512719,0.0410
-0.569617,1.010422,0.277110,-0.245777,2.564990,-3.079404,71.423767,-27.510322,-50.112381,1.854619,0.504337,0.0400
-0.569617,1.010422,0.277110,-0.245777,2.579714,-3.060840,71.423767,-27.510322,-50.112381,1.854619,0.504337,0.0400
-0.569617,1.010422,0.277110,-0.245777,2.579714,-3.060840,71.423767,-27.510325,-50.112386,1.854619,0.504337,0.0400
-0.949358,0.673620,-0.411816,-0.365251,2.193361,-3.732282,19.658564,-27.510325,-50.112386,1.842924,0.429405,0.0610
-0.949358,0.673620,-0.411816,-0.365251,1.410729,-3.500764,0.019919,-27.510325,-50.112386,1.796220,0.419346,0.0620
-0.949358,0.673620,-0.411816,-0.365251,0.401111,-3.076766,-15.657369,-27.510325,-50.112386,1.776520,0.399746,0.0490
-0.949358,0.673620,-0.411816,-0.365251,1.169904,-2.021007,-29.418831,-27.510325,-50.112386,1.747040,0.389106,0.0480
-0.949358,0.673620,-0.411816,-0.365251,1.229544,-1.891729,-40.016628,-27.510325,-50.112386,1.713484,0.376109,0.0400
-0.949358,0.673620,-0.411816,-0.365251,1.066255,-1.833452,-40.149685,-27.510325,-50.112386,1.694659,0.343086,0.0400
-0.949358,0.673620,-0.411816,-0.365251,2.019087,-2.261215,-35.037983,-27.510325,-50.112386,1.660887,0.329460,0.0560
-0.949358,0.673620,-0.411816,-0.365251,2.792896,-3.003449,-29.253031,-27.510325,-50.112386,1.632149,0.318290,0.0400
-0.949358,0.673620,-0.411816,-0.365251,2.638801,-4.627967,-22.502232,-27.510325,-50.112386,1.599937,0.291865,0.0680
-0.949358,0.673620,-0.411816,-0.365251,1.911221,-4.685552,-18.926315,-27.510325,-50.112386,1.573659,0.283368,0.0410
-0.949358,0.673620,-0.411816,-0.365251,2.312262,-4.575353,-15.529084,-27.510325,-50.112386,1.548545,0.275822,0.0400
-0.949358,0.673620,-0.411816,-0.365251,2.455992,-4.586916,-15.529084,-27.510325,-50.112386,1.548545,0.275822,0.0400
-0.949358,0.673620,-0.411816,-0.365251,2.455992,-4.586916,-15.529084,-27.510325,-50.112386,1.548545,0.275822,0.0400
-0.949358,0.673620,-0.411816,-0.365251,2.455992,-4.586916,-15.529084,-27.510325,-50.112386,1.548545,0.275822,0.0400
-0.949358,0.673620,-0.411816,-0.365251,2.372952,-4.552710,-22.528345,-27.510325,-50.112386,1.504239,0.107867,0.0420
-0.949358,0.673620,-0.411816,-0.365251,-1.048193,-2.501094,-26.102903,-27.510325,-50.112386,1.470767,0.125100,0.0620
-0.949358,0.673620,-0.411816,-0.365251,-0.087102,-2.963444,-28.991861,-27.510325,-50.112386,1.449008,0.120723,0.0400
-0.949358,0.673620,-0.411816,-0.365251,-0.550784,-2.152725,-33.674080,-27.510325,-50.112386,1.423024,0.110341,0.0510
-0.949358,0.673620,-0.411816,-0.365251,-1.247924,-1.741959,-38.777363,-27.510332,-50.112383,1.401788,0.101413,0.0410
-1.708840,1.010422,-0.583143,0.258603,-1.368303,-1.053620,-43.157188,-27.510332,-50.112383,1.370151,0.128680,0.0400
-1.708840,1.010422,-0.583143,0.258603,-1.469996,-0.832168,-43.157188,-27.510332,-50.112383,1.370151,0.128680,0.0400
-1.708840,1.010422,-0.583143,0.258603,-1.469996,-0.832168,-43.157188,-27.510332,-50.112383,1.370151,0.128680,0.0400
-1.708840,1.010422,-0.583143,0.258603,-1.469996,-0.832168,-43.157188,-27.510332,-50.112383,1.370151,0.128680,0.0400
-1.708840,1.010422,-0.583143,0.258603,-1.469996,-0.832168,-43.157188,-27.510332,-50.112383,1.370151,0.128680,0.0410
-1.708840,1.010422,-0.583143,0.258603,-1.469996,-0.832168,-43.157188,-27.510332,-50.112383,1.370151,0.128680,0.0400
-1.708840,1.010422,-0.583143,0.258603,-1.469996,-0.832168,-43.157188,-27.510332,-50.112383,1.370151,0.128680,0.0400
-1.708840,1.010422,-0.583143,0.258603,-1.469996,-0.832168,-43.157188,-27.510332,-50.112383,1.370151,0.128680,0.0400
-1.708840,1.010422,-0.583143,0.258603,-1.469996,-0.832168,-43.157188,-27.510332,-50.112383,1.370151,0.128680,0.0400
-1.708840,1.010422,-0.583143,0.258603,-1.469996,-0.832168,-43.157188,-27.510332,-50.112383,1.370151,0.128680,0.0400
-1.708840,1.010422,-0.583143,0.258603,-1.469996,-0.832168,-43.157188,-27.510332,-50.112383,1.370151,0.128680,0.0400
-1.708840,1.010422,-0.583143,0.258603,-1.469996,-0.832168,-43.157188,-27.510332,-50.112383,1.370151,0.128680,0.0400
-1.708840,1.010422,-0.583143,0.258603,-1.469996,-0.832168,-43.157188,-27.510332,-50.112383,1.370151,0.128680,0.0400
-1.708840,1.010422,-0.583143,0.258603,-1.469996,-0.832168,-43.157188,-27.510332,-50.112383,1.370151,0.128680,0.0400
-1.708840,1.010422,-0.583143,0.258603,-1.469996,-0.832168,-43.157188,-27.510332,-50.112383,1.370151,0.128680,0.0400
-1.708840,1.010422,-0.583143,0.258603,-1.469996,-0.832168,-43.157188,-27.510332,-50.112383,1.370151,0.128680,0.0400
-1.708840,1.010422,-0.583143,0.258603,-1.469996,-0.832168,-43.157188,-27.510332,-50.112383,1.370151,0.128680,0.0400
-1.708840,1.010422,-0.583143,0.258603,-1.469996,-0.832168,-43.157188,-27.510332,-50.112383,1.370151,0.128680,0.0440
-1.708840,1.010422,-0.583143,0.258603,-1.469996,-0.832168,-43.157188,-27.510332,-50.112383,1.370151,0.128680,0.0400
-1.708840,1.010422,-0.583143,0.258603,-1.469996,-0.832168,-43.157188,-27.510332,-50.112383,1.370151,0.128680,0.0400
-1.708840,1.010422,-0.583143,0.258603,-1.469996,-0.832168,-43.157188,-27.510331,-50.112375,1.370151,0.128680,0.0400
-1.708840,1.010422,-0.583143,0.258603,-1.469996,-0.832168,-43.157188,-27.510331,-50.112375,1.370151,0.128680,0.0400
-1.708840,1.010422,-0.583143,0.258603,-1.469996,-0.832168,-43.157188,-27.510331,-50.112375,1.370151,0.128680,0.0400
-1.708840,1.010422,-0.583143,0.258603,-1.469996,-0.832168,-43.157188,-27.510331,-50.112375,1.370151,0.128680,0.0550
-1.708840,1.010422,-0.583143,0.258603,-1.469996,-0.832168,-43.157188,-27.510331,-50.112375,1.370151,0.128680,0.0400
-1.708840,1.010422,-0.583143,0.258603,-1.469996,-0.832168,-43.157188,-27.510331,-50.112375,1.370151,0.128680,0.0400
-1.708840,1.010422,-0.583143,0.258603,-1.469996,-0.832168,-43.157188,-27.510331,-50.112375,1.370151,0.128680,0.0400
-1.708840,1.010422,-0.583143,0.258603,-1.469996,-0.832168,-43.157188,-27.510331,-50.112375,1.370151,0.128680,0.0400
-1.708840,1.010422,-0.583143,0.258603,-1.469996,-0.832168,-43.157188,-27.510331,-50.112375,1.370151,0.128680,0.0400
-1.708840,1.010422,-0.583143,0.258603,-1.469996,-0.832168,-43.157188,-27.510331,-50.112375,1.370151,0.128680,0.0400
-1.708840,1.010422,-0.583143,0.258603,-1.469996,-0.832168,-43.157188,-27.510331,-50.112375,1.370151,0.128680,0.0400
-1.708840,1.010422,-0.583143,0.258603,-1.469996,-0.832168,-43.157188,-27.510331,-50.112375,1.370151,0.128680,0.0400
-1.708840,1.010422,-0.583143,0.258603,-1.469996,-0.832168,-43.157188,-27.510331,-50.112375,1.370151,0.128680,0.0400
-1.708840,1.010422,-0.583143,0.258603,-1.469996,-0.832168,-43.157188,-27.510331,-50.112375,1.370151,0.128680,0.0400
-1.708840,1.010422,-0.583143,0.258603,-1.469996,-0.832168,-43.157188,-27.510331,-50.112375,1.370151,0.128680,0.0400
-1.708840,1.010422,-0.583143,0.258603,-1.469996,-0.832168,-43.157188,-27.510331,-50.112375,1.370151,0.128680,0.0400
-1.708840,1.010422,-0.583143,0.258603,-1.469996,-0.832168,-43.157188,-27.510331,-50.112375,1.370151,0.128680,0.0400
-1.708840,1.010422,-0.583143,0.258603,-1.469996,-0.832168,-43.157188,-27.510331,-50.112375,1.370151,0.128680,0.0400
-1.708840,1.010422,-0.583143,0.258603,-1.469996,-0.832168,-43.157188,-27.510331,-50.112375,1.370151,0.128680,0.0400
-1.708840,1.010422,-0.583143,0.258603,-1.469996,-0.832168,-43.157188,-27.510331,-50.112375,1.370151,0.128680,0.0400
-1.708840,1.010422,-0.583143,0.258603,-1.469996,-0.832168,-43.157188,-27.510333,-50.112370,1.370151,0.128680,0.0400
-1.708840,1.010422,-0.583143,0.258603,-1.469996,-0.832168,-43.157188,-27.510333,-50.112370,1.370151,0.128680,0.0400
-1.708840,1.010422,-0.583143,0.258603,-1.469996,-0.832168,-43.157188,-27.510333,-50.112370,1.370151,0.128680,0.0400
-1.708840,1.010422,-0.583143,0.258603,-1.469996,-0.832168,-43.157188,-27.510333,-50.112370,1.370151,0.128680,0.0400
-1.708840,1.010422,-0.583143,0.258603,-1.469996,-0.832168,-43.157188,-27.510333,-50.112370,1.370151,0.128680,0.0400
-1.708840,1.010422,-0.583143,0.258603,-1.469996,-0.832168,-43.157188,-27.510333,-50.112370,1.370151,0.128680,0.0410
-1.708840,1.010422,-0.583143,0.258603,-1.469996,-0.832168,-43.157188,-27.510333,-50.112370,1.370151,0.128680,0.0400
-1.708840,1.010422,-0.583143,0.258603,-1.469996,-0.832168,-43.157188,-27.510333,-50.112370,1.370151,0.128680,0.0400
-1.708840,1.010422,-0.583143,0.258603,-1.469996,-0.832168,-43.157188,-27.510333,-50.112370,1.370151,0.128680,0.0400
-1.708840,1.010422,-0.583143,0.258603,-1.469996,-0.832168,-43.157188,-27.510333,-50.112370,1.370151,0.128680,0.0400
-1.708840,1.010422,-0.583143,0.258603,-1.469996,-0.832168,-43.157188,-27.510333,-50.112370,1.370151,0.128680,0.0400
-1.708840,1.010422,-0.583143,0.258603,-1.469996,-0.832168,-43.157188,-27.510333,-50.112370,1.370151,0.128680,0.0400
-1.708840,1.010422,-0.583143,0.258603,-1.469996,-0.832168,-43.157188,-27.510333,-50.112370,1.370151,0.128680,0.0460
-1.708840,1.010422,-0.583143,0.258603,-1.469996,-0.832168,-43.157188,-27.510333,-50.112370,1.370151,0.128680,0.0400
-1.708840,1.010422,-0.583143,0.258603,-1.469996,-0.832168,-43.157188,-27.510333,-50.112370,1.370151,0.128680,0.0400
-1.708840,1.010422,-0.583143,0.258603,-1.469996,-0.832168,-43.157188,-27.510333,-50.112370,1.370151,0.128680,0.0400
-1.708840,1.010422,-0.583143,0.258603,-1.469996,-0.832168,-43.157188,-27.510333,-50.112370,1.370151,0.128680,0.0400
-1.708840,1.010422,-0.583143,0.258603,-1.469996,-0.832168,-43.157188,-27.510333,-50.112370,1.370151,0.128680,0.0410
-1.708840,1.010422,-0.583143,0.258603,-1.469996,-0.832168,-43.157188,-27.510333,-50.112370,1.370151,0.128680,0.0610
-1.708840,1.010422,-0.583143,0.258603,-1.469996,-0.832168,-43.157188,-27.510333,-50.112370,1.370151,0.128680,0.0400
-1.708840,1.010422,-0.583143,0.258603,-1.469996,-0.832168,-43.157188,-27.510338,-50.112368,1.370151,0.128680,0.0400
-1.708840,1.010422,-0.583143,0.258603,-1.469996,-0.832168,-43.157188,-27.510338,-50.112368,1.370151,0.128680,0.0410
-1.708840,1.010422,-0.583143,0.258603,-1.469996,-0.832168,-43.157188,-27.510338,-50.112368,1.370151,0.128680,0.0400
-1.708840,1.010422,-0.583143,0.258603,-1.469996,-0.832168,-43.157188,-27.510338,-50.112368,1.370151,0.128680,0.0400
-1.708840,1.010422,-0.583143,0.258603,-1.469996,-0.832168,-43.157188,-27.510338,-50.112368,1.370151,0.128680,0.0400
-1.708840,1.010422,-0.583143,0.258603,-1.469996,-0.832168,-43.157188,-27.510338,-50.112368,1.370151,0.128680,0.0410
-1.708840,1.010422,-0.583143,0.258603,-1.469996,-0.832168,-43.157188,-27.510338,-50.112368,1.370151,0.128680,0.0400
-1.708840,1.010422,-0.583143,0.258603,-1.469996,-0.832168,-43.157188,-27.510338,-50.112368,1.370151,0.128680,0.0400
-1.708840,1.010422,-0.583143,0.258603,-1.469996,-0.832168,-43.157188,-27.510338,-50.112368,1.370151,0.128680,0.0400
-1.708840,1.010422,-0.583143,0.258603,-1.469996,-0.832168,-43.157188,-27.510338,-50.112368,1.370151,0.128680,0.0400
-1.708840,1.010422,-0.583143,0.258603,-1.469996,-0.832168,-43.157188,-27.510338,-50.112368,1.370151,0.128680,0.0410
-1.708840,1.010422,-0.583143,0.258603,-1.469996,-0.832168,-43.157188,-27.510338,-50.112368,1.370151,0.128680,0.0400
-1.708840,1.010422,-0.583143,0.258603,-1.469996,-0.832168,-43.157188,-27.510338,-50.112368,1.370151,0.128680,0.0400
-1.708840,1.010422,-0.583143,0.258603,-1.469996,-0.832168,-43.157188,-27.510338,-50.112368,1.370151,0.128680,0.0400
-1.708840,1.010422,-0.583143,0.258603,-1.469996,-0.832168,-43.157188,-27.510338,-50.112368,1.370151,0.128680,0.0410
-1.708840,1.010422,-0.583143,0.258603,-1.469996,-0.832168,-43.157188,-27.510338,-50.112368,1.370151,0.128680,0.0400
-1.708840,1.010422,-0.583143,0.258603,-1.469996,-0.832168,-43.157188,-27.510338,-50.112368,1.370151,0.128680,0.0400
-1.708840,1.010422,-0.583143,0.258603,-1.469996,-0.832168,-43.157188,-27.510338,-50.112368,1.370151,0.128680,0.0400
-1.708840,1.010422,-0.583143,0.258603,-1.469996,-0.832168,-43.157188,-27.510338,-50.112368,1.370151,0.128680,0.0410
-1.708840,1.010422,-0.583143,0.258603,-1.469996,-0.832168,-43.157188,-27.510341,-50.112367,1.370151,0.128680,0.0400
-1.708840,1.010422,-0.583143,0.258603,-1.469996,-0.832168,-43.157188,-27.510341,-50.112367,1.370151,0.128680,0.0400
