0.000000,0.000000,0.000000,0.000000,0.000000,0.000000,0.189000
0.000000,0.000000,0.000006,0.000025,-0.035110,-0.011791,0.040000
0.000000,0.000000,0.000024,0.000094,-0.060225,-0.020056,0.040000
0.000000,0.000000,0.000047,0.000183,-0.076084,-0.025166,0.040000
0.000000,0.000000,0.000070,0.000275,-0.087658,-0.028813,0.040000
0.000000,0.000000,0.000091,0.000357,-0.096791,-0.031664,0.040000
0.000000,0.000000,0.000111,0.000423,-0.104449,-0.034070,0.041000
0.000000,0.000000,0.000123,0.000463,-0.111393,-0.036250,0.040000
0.000000,0.000000,0.000131,0.000491,-0.116820,-0.037944,0.040000
0.000000,0.000000,0.000149,0.000553,-0.121446,-0.039401,0.055000
0.000000,0.000000,0.000151,0.000555,-0.125717,-0.040742,0.040000
0.000000,0.000000,0.000152,0.000553,-0.129095,-0.041803,0.040000
0.379741,0.000000,0.035291,0.000549,-0.104565,-0.042704,0.040000
0.379741,0.000000,0.067073,0.000542,-0.073877,-0.043519,0.040000
0.379741,0.000000,0.096112,0.000534,-0.045983,-0.044230,0.040000
0.379741,0.000000,0.123015,0.000527,-0.017530,-0.044925,0.041000
0.379741,0.000000,0.147882,0.000516,0.011339,-0.045600,0.040000
0.379741,0.000000,0.171121,0.000506,0.037586,-0.046195,0.040000
0.379741,0.000000,0.193165,0.000497,0.064477,-0.046772,0.041000
0.379741,0.000000,0.213794,0.000485,0.087600,-0.047250,0.040000
0.379741,0.000000,0.233358,0.000475,0.110291,-0.047707,0.040000
0.379741,0.000000,0.251983,0.000463,0.132307,-0.048129,0.040000
0.379741,0.000000,0.269777,0.000452,0.151724,-0.048494,0.040000
0.379741,0.000000,0.287096,0.000441,0.169317,-0.048810,0.041000
0.379741,0.000000,0.303473,0.000429,0.188858,-0.049153,0.040000
0.379741,0.000000,0.319248,0.000418,0.207739,-0.049472,0.040000
0.379741,0.000000,0.334476,0.000407,0.225362,-0.049761,0.040000
0.379741,0.000000,0.349208,0.000395,0.242788,-0.050031,0.040000
0.379741,0.000000,0.363487,0.000385,0.260046,-0.050294,0.040000
0.379741,0.000000,0.377351,0.000374,0.276834,-0.050541,0.040000
0.379741,-0.336803,0.381790,-0.015445,0.289161,-0.051365,0.042000
0.379741,-0.336803,0.385041,-0.030732,0.289560,-0.070076,0.040000
0.379741,-0.336803,0.387829,-0.045512,0.289763,-0.088287,0.040000
0.379741,-0.336803,0.390226,-0.059812,0.289377,-0.107736,0.040000
0.379741,-0.336803,0.392288,-0.073655,0.288902,-0.123112,0.040000
0.379741,-0.336803,0.394068,-0.087064,0.288267,-0.137513,0.040000
0.379741,-0.336803,0.397944,-0.101869,0.287255,-0.154813,0.057000
0.379741,-0.336803,0.398998,-0.114562,0.286337,-0.169520,0.040000
0.379741,-0.336803,0.399921,-0.126862,0.285467,-0.181705,0.040000
0.379741,-0.336803,0.400733,-0.138791,0.284457,-0.195189,0.040000
0.379741,-0.336803,0.401450,-0.150372,0.283303,-0.209875,0.040000
0.379741,-0.336803,0.402086,-0.161624,0.282183,-0.222522,0.040000
0.379741,-0.336803,0.402653,-0.172566,0.280954,-0.236322,0.040000
0.379741,-0.336803,0.403159,-0.183215,0.279883,-0.248502,0.040000
0.379741,-0.336803,0.403673,-0.193742,0.278632,-0.262103,0.041000
0.379741,-0.336803,0.404081,-0.203853,0.277579,-0.273712,0.040000
0.379741,-0.336803,0.404452,-0.213717,0.276443,-0.285795,0.040000
0.379741,-0.336803,0.404834,-0.223510,0.275406,-0.296732,0.041000
0.379741,-0.336803,0.405142,-0.232915,0.274298,-0.308905,0.040000
0.379741,-0.336803,0.405428,-0.242110,0.273382,-0.318542,0.040000
1.139223,-0.336803,0.429566,-0.245171,0.296391,-0.321630,0.040000
1.139223,-0.336803,0.453228,-0.247984,0.321964,-0.323775,0.040000
1.139223,-0.336803,0.476417,-0.250577,0.346179,-0.325637,0.040000
1.139223,-0.336803,0.499142,-0.252974,0.371826,-0.327477,0.040000
1.139223,-0.336803,0.521411,-0.255195,0.397909,-0.329218,0.040000
1.139223,-0.336803,0.543233,-0.257260,0.421530,-0.330629,0.040000
1.139223,-0.336803,0.564619,-0.259186,0.444016,-0.331954,0.040000
1.139223,-0.336803,0.585579,-0.260985,0.466104,-0.333191,0.040000
1.139223,-0.336803,0.606125,-0.262672,0.486957,-0.334305,0.040000
1.139223,-0.336803,0.626267,-0.264257,0.508050,-0.335367,0.040000
1.139223,-0.336803,0.649528,-0.266379,0.531210,-0.336503,0.055000
1.139223,-0.336803,0.668941,-0.267717,0.551508,-0.337464,0.040000
1.139223,-0.336803,0.687969,-0.268992,0.572235,-0.338420,0.040000
1.139223,-0.336803,0.710988,-0.270678,0.595692,-0.339475,0.057000
1.139223,-0.336803,0.729296,-0.271787,0.615142,-0.340327,0.040000
1.139223,-0.336803,0.747249,-0.272857,0.635242,-0.341183,0.040000
1.139223,-0.336803,0.764862,-0.273889,0.654516,-0.341989,0.040000
1.139223,-0.336803,0.782151,-0.274885,0.675646,-0.342853,0.040000
1.139223,-0.336803,0.799129,-0.275845,0.694534,-0.343607,0.040000
1.329094,-0.336803,0.815287,-0.276772,0.710719,-0.344286,0.040000
1.329094,-0.336803,0.831084,-0.277668,0.728148,-0.345036,0.040000
1.329094,-0.336803,0.846792,-0.278544,0.743010,-0.345666,0.041000
1.329094,-0.336803,0.861907,-0.279382,0.758788,-0.346326,0.040000
1.329094,-0.336803,0.876707,-0.280191,0.774259,-0.346967,0.040000
1.329094,-0.336803,0.891208,-0.280977,0.788865,-0.347567,0.040000
1.329094,-0.336803,0.905659,-0.281744,0.802652,-0.348128,0.041000
1.329094,-0.336803,0.921229,-0.282515,0.818098,-0.348742,0.047000
1.329094,-0.336803,0.934866,-0.283228,0.832507,-0.349315,0.040000
1.329094,-0.336803,0.948256,-0.283921,0.845625,-0.349867,0.040000
1.329094,-0.336803,0.961635,-0.284599,0.859290,-0.350428,0.041000
1.329094,-0.336803,0.974556,-0.285255,0.875641,-0.351024,0.040000
1.329094,-0.336803,0.995014,-0.285980,0.888730,-0.351472,0.075000
1.329094,-0.336803,1.007591,-0.286594,0.899717,-0.351851,0.041000
1.329094,-0.336803,1.019756,-0.287192,0.909973,-0.352222,0.040000
1.329094,-0.336803,1.031953,-0.287778,0.909973,-0.352222,0.041000
1.329094,-0.336803,1.043970,-0.288349,0.933114,-0.352459,0.041000
1.329094,-0.336803,1.059676,-0.288932,0.946324,-0.352840,0.059000
1.329094,-0.336803,1.071287,-0.289478,0.958424,-0.353243,0.041000
1.329094,-0.336803,1.075292,-0.290010,0.966597,-0.353533,0.041000
1.329094,-0.336803,1.079216,-0.290531,0.966560,-0.353870,0.041000
1.329094,-0.336803,1.087592,-0.291065,0.966937,-0.354202,0.072000
1.329094,-0.336803,1.090748,-0.291561,0.966937,-0.354202,0.040000
1.329094,-0.336803,1.093934,-0.292046,0.977073,-0.354363,0.040000
1.329094,-0.336803,1.099348,-0.292531,0.977039,-0.354732,0.063000
1.329094,-0.336803,1.102302,-0.292997,0.978327,-0.355098,0.040000
1.329094,-0.336803,1.105477,-0.293454,0.979557,-0.355338,0.043000
1.329094,-0.336803,1.110141,-0.293910,0.981235,-0.355733,0.067000
1.329094,-0.336803,1.114020,-0.294354,0.983095,-0.356148,0.060000
1.329094,-0.336803,1.116877,-0.294783,0.984461,-0.356451,0.044000
1.329094,-0.336803,1.119617,-0.295202,0.986223,-0.356836,0.042000
1.329094,-0.336803,1.123303,-0.295620,0.987970,-0.357214,0.066000
1.329094,-0.336803,1.125887,-0.296024,0.989483,-0.357542,0.041000
1.329094,-0.336803,1.128423,-0.296420,0.990684,-0.357795,0.040000
1.329094,-0.336803,1.131526,-0.296811,0.992093,-0.358100,0.059000
1.329094,-0.336803,1.134042,-0.297193,0.993231,-0.358346,0.042000
1.329094,-0.336803,1.136926,-0.297569,0.994791,-0.358682,0.057000
1.329094,-0.336803,1.139312,-0.297937,0.996260,-0.358999,0.040000
1.329094,-0.336803,1.141671,-0.298298,0.996443,-0.359038,0.040000
1.329094,-0.673606,1.144806,-0.303367,0.998331,-0.366167,0.076000
1.329094,-0.673606,1.147076,-0.308285,0.999621,-0.370844,0.040000
1.329094,-0.673606,1.149341,-0.313089,0.999971,-0.372106,0.041000
1.329094,-0.673606,1.152183,-0.318335,1.001606,-0.379197,0.072000
1.329094,-0.673606,1.154353,-0.322996,1.002788,-0.383443,0.040000
1.329094,-0.673606,1.156497,-0.327561,1.003745,-0.387283,0.040000
1.329094,-0.673606,1.158703,-0.332164,1.004796,-0.391149,0.045000
1.329094,-0.673606,1.160789,-0.336570,1.006051,-0.395624,0.040000
1.329094,-0.673606,1.162848,-0.340905,1.006484,-0.397163,0.040000
1.329094,-0.673606,1.164878,-0.345172,1.006484,-0.397163,0.040000
1.329094,-0.673606,1.167553,-0.350582,1.007198,-0.404318,0.080000
1.329094,-0.673606,1.169550,-0.354855,1.008165,-0.408037,0.042000
1.329094,-0.673606,1.171754,-0.359393,1.009588,-0.413209,0.056000
1.329094,-0.673606,1.173762,-0.363613,1.010367,-0.416771,0.046000
1.329094,-0.673606,1.176032,-0.368288,1.011601,-0.421278,0.064000
1.329094,-0.673606,1.178111,-0.372647,1.012964,-0.426232,0.054000
1.329094,-0.673606,1.180132,-0.376903,1.014007,-0.430006,0.052000
1.329094,-0.673606,1.181935,-0.380735,1.015085,-0.433836,0.040000
1.139223,-0.673606,1.178459,-0.382994,1.013175,-0.436098,0.041000
1.139223,-0.673606,1.174980,-0.385822,1.006469,-0.438105,0.065000
1.139223,-0.673606,1.171595,-0.387990,1.002362,-0.439739,0.040000
1.139223,-0.673606,1.168336,-0.390159,0.997713,-0.441166,0.040000
1.139223,-0.673606,1.164648,-0.392572,0.992780,-0.443118,0.057000
1.139223,-0.673606,1.161488,-0.394689,0.988461,-0.445065,0.040000
1.139223,-0.673606,1.158400,-0.396792,0.986530,-0.445953,0.040000
1.139223,-0.673606,1.155368,-0.398876,0.986530,-0.445953,0.040000
1.139223,-0.673606,1.152381,-0.400936,0.986530,-0.445953,0.040000
1.139223,-0.673606,1.149430,-0.402971,0.972054,-0.445988,0.040000
1.139223,-0.673606,1.146345,-0.405059,0.967848,-0.448367,0.043000
1.139223,-0.673606,1.143389,-0.407079,0.964165,-0.450377,0.041000
1.139223,-0.673606,1.140516,-0.409045,0.961311,-0.451900,0.040000
1.139223,-0.673606,1.137666,-0.410980,0.961311,-0.451900,0.040000
1.139223,-0.673606,1.134839,-0.412886,0.961311,-0.451900,0.040000
1.139223,-0.673606,1.132032,-0.414764,0.961311,-0.451900,0.040000
1.139223,-0.673606,1.129182,-0.416534,0.942613,-0.452516,0.041000
1.139223,-0.673606,1.125896,-0.418326,0.938612,-0.453961,0.048000
1.139223,-0.673606,1.123139,-0.420101,0.935079,-0.455583,0.040000
1.139223,-0.673606,1.115991,-0.422108,0.934099,-0.456058,0.107000
1.139223,-0.673606,1.117136,-0.423817,0.925492,-0.456533,0.040000
1.139223,-0.673606,1.117303,-0.425625,0.927934,-0.458463,0.059000
1.139223,-0.673606,1.118309,-0.427332,0.928713,-0.460441,0.040000
1.139223,-0.673606,1.119214,-0.429003,0.929017,-0.461565,0.040000
1.139223,-0.673606,1.120032,-0.430654,0.929017,-0.461565,0.041000
1.139223,-0.673606,1.120825,-0.432283,0.929017,-0.461565,0.040000
1.139223,-0.673606,1.121583,-0.433891,0.929017,-0.461565,0.040000
1.139223,-0.673606,1.122364,-0.435408,0.928389,-0.462319,0.041000
1.139223,-0.673606,1.123061,-0.436962,0.929146,-0.463760,0.049000
1.139223,-0.673606,1.123808,-0.438479,0.929645,-0.465420,0.040000
1.139223,-0.673606,1.124531,-0.439988,0.929723,-0.465715,0.040000
1.139223,-0.673606,1.125231,-0.441494,0.929695,-0.466616,0.040000
1.139223,-0.673606,1.125912,-0.442998,0.930005,-0.468070,0.041000
1.139223,-0.673606,1.126587,-0.444480,0.930403,-0.470245,0.040000
1.139223,-0.673606,1.127256,-0.445943,0.930431,-0.470400,0.040000
1.139223,-0.673606,1.127920,-0.447388,0.930431,-0.470400,0.040000
1.139223,-0.673606,1.128580,-0.448815,0.930431,-0.470400,0.040000
1.139223,-0.673606,1.129237,-0.450225,0.930431,-0.470400,0.040000
1.139223,-0.673606,1.129891,-0.451618,0.930431,-0.470400,0.040000
1.139223,-0.673606,1.130542,-0.452994,0.930431,-0.470400,0.040000
1.139223,-0.673606,1.131191,-0.454353,0.930431,-0.470400,0.040000
1.329094,-0.673606,1.135631,-0.455697,0.942413,-0.469068,0.040000
1.329094,-0.673606,1.140696,-0.457141,0.951735,-0.473883,0.062000
1.329094,-0.673606,1.145427,-0.458520,0.959062,-0.477288,0.044000
1.329094,-0.673606,1.150701,-0.459649,0.964583,-0.479624,0.061000
1.329094,-0.673606,1.155325,-0.461004,0.969632,-0.481853,0.040000
1.329094,-0.673606,1.160005,-0.462274,0.975869,-0.483412,0.043000
1.329094,-0.673606,1.165774,-0.463148,0.980716,-0.485256,0.067000
1.329094,-0.673606,1.170321,-0.464440,0.985136,-0.487002,0.040000
1.329094,-0.673606,1.174741,-0.465690,0.989626,-0.488226,0.040000
1.329094,-0.673606,1.180157,-0.466767,0.994711,-0.490020,0.055000
1.329094,-0.673606,1.184595,-0.467987,0.998969,-0.491562,0.040000
1.329094,-0.673606,1.188820,-0.469311,0.999940,-0.491931,0.040000
1.329094,-0.673606,1.197517,-0.469666,1.012126,-0.494734,0.103000
1.329094,-0.673606,1.203946,-0.470360,1.018372,-0.496540,0.072000
1.329094,-0.673606,1.208548,-0.471575,1.022753,-0.498006,0.047000
1.329094,-0.673606,1.212659,-0.472874,1.027046,-0.499526,0.040000
1.329094,-0.673606,1.216785,-0.474140,1.027405,-0.499658,0.040000
1.139223,-0.673606,1.206584,-0.475370,1.029369,-0.499598,0.040000
1.139223,-0.673606,1.197061,-0.476469,1.011335,-0.501044,0.049000
1.139223,-0.673606,1.187644,-0.477575,0.997227,-0.502679,0.040000
1.139223,-0.673606,1.178611,-0.478657,0.993207,-0.503184,0.040000
1.139223,-0.673606,1.169824,-0.479717,0.993207,-0.503184,0.040000
1.139223,-0.673606,1.161216,-0.480759,0.993207,-0.503184,0.040000
1.139223,-0.673606,1.152741,-0.481787,0.993207,-0.503184,0.040000
1.139223,-0.673606,1.141664,-0.482746,0.942615,-0.504764,0.061000
1.139223,-0.673606,1.133147,-0.483757,0.932752,-0.506016,0.041000
1.139223,-0.673606,1.124792,-0.484791,0.926488,-0.506870,0.040000
1.139223,-0.673606,1.114034,-0.485783,0.908318,-0.508082,0.057000
1.139223,-0.673606,1.105985,-0.486720,0.900519,-0.509222,0.040000
1.139223,-0.673606,1.097762,-0.487650,0.890871,-0.510609,0.040000
1.139223,-0.673606,1.089808,-0.488505,0.890871,-0.510609,0.040000
1.139223,-0.673606,1.081884,-0.489360,0.865682,-0.510809,0.040000
1.139223,-0.673606,1.069651,-0.490489,0.853817,-0.512370,0.059000
1.139223,-0.673606,1.061639,-0.491513,0.844904,-0.513585,0.040000
1.139223,-0.673606,1.053049,-0.492341,0.835350,-0.514264,0.043000
1.139223,-0.673606,1.042106,-0.493428,0.824446,-0.515546,0.055000
0.949353,-0.673606,1.041362,-0.494410,0.824696,-0.517396,0.040000
0.949353,-0.673606,1.034659,-0.495607,0.823397,-0.518706,0.069000
0.949353,-0.673606,1.033994,-0.496639,0.823021,-0.519974,0.040000
0.949353,-0.673606,1.032280,-0.497450,0.820304,-0.520812,0.046000
0.949353,-0.673606,1.029342,-0.498476,0.818659,-0.522135,0.054000
0.949353,-0.673606,1.022966,-0.498972,0.816215,-0.524103,0.082000
0.949353,-0.673606,1.019553,-0.499604,0.813805,-0.525716,0.067000
0.949353,-0.673606,1.016331,-0.500616,0.809675,-0.528369,0.065000
0.949353,-0.673606,0.993361,-0.500502,0.800915,-0.533143,0.248000
0.379741,-0.336803,0.927077,-0.468506,0.769154,-0.526509,0.284000
0.379741,-0.336803,0.882033,-0.441619,0.733564,-0.507308,0.127000
0.379741,-0.336803,0.861388,-0.430030,0.712491,-0.495884,0.040000
0.379741,-0.336803,0.842513,-0.420740,0.708879,-0.493938,0.040000
0.379741,-0.336803,0.824264,-0.412176,0.685331,-0.480081,0.041000
0.379741,-0.336803,0.798337,-0.397779,0.659254,-0.466492,0.070000
0.379741,-0.336803,0.781123,-0.389714,0.637542,-0.455164,0.040000
0.379741,-0.336803,0.763651,-0.381188,0.619703,-0.444232,0.043000
0.379741,-0.336803,0.735724,-0.365563,0.589883,-0.429325,0.078000
0.379741,-0.336803,0.700188,-0.342768,0.546318,-0.407182,0.104000
0.379741,-0.336803,0.677905,-0.330747,0.525151,-0.396358,0.061000
0.379741,-0.336803,0.661107,-0.323391,0.507818,-0.387657,0.041000
0.379741,-0.336803,0.645203,-0.315741,0.492051,-0.379408,0.041000
0.379741,-0.336803,0.630011,-0.308104,0.474879,-0.370352,0.040000
0.379741,-0.336803,0.615292,-0.300331,0.460332,-0.362790,0.040000
0.379741,-0.336803,0.590998,-0.285287,0.430660,-0.345294,0.072000
0.379741,-0.336803,0.576615,-0.277268,0.407608,-0.332995,0.041000
0.000000,-0.336803,0.552177,-0.276810,0.382213,-0.333220,0.051000
0.000000,-0.336803,0.532060,-0.278296,0.350515,-0.334185,0.040000
0.000000,-0.336803,0.475915,-0.268556,0.278181,-0.334840,0.137000
0.000000,-0.336803,0.390472,-0.274770,0.164265,-0.336729,0.249000
0.000000,-0.336803,0.345698,-0.264867,0.128767,-0.336924,0.072000
0.000000,-0.336803,0.310488,-0.254936,0.104674,-0.336852,0.051000
0.000000,-0.336803,0.258126,-0.262259,0.040636,-0.338618,0.139000
0.000000,-0.336803,0.228469,-0.251637,0.021546,-0.338414,0.040000
0.000000,-0.336803,0.202750,-0.244159,0.001078,-0.337320,0.040000
0.000000,-0.336803,0.177151,-0.238904,-0.015645,-0.347413,0.045000
-0.569612,0.000000,0.117000,-0.227421,-0.089476,-0.328246,0.144000
-0.569612,0.000000,0.079391,-0.203148,-0.126347,-0.305294,0.040000
-0.569612,0.000000,0.044971,-0.183430,-0.151402,-0.293308,0.040000
-0.569612,0.000000,0.010225,-0.166681,-0.177735,-0.278263,0.050000
-0.569612,0.000000,-0.021989,-0.153763,-0.211362,-0.259739,0.040000
-0.569612,0.000000,-0.054416,-0.138262,-0.243079,-0.239179,0.054000
-0.569612,0.000000,-0.092093,-0.108287,-0.292801,-0.211913,0.093000
-0.569612,0.000000,-0.180210,-0.018436,-0.444977,-0.124895,0.232000
-0.569612,0.000000,-0.276700,0.051555,-0.533904,-0.073588,0.193000
-0.569612,0.000000,-0.345013,0.093518,-0.606288,-0.031728,0.129000
-0.189871,0.336802,-0.288024,0.121280,-0.622654,-0.006173,0.074000
-0.189871,0.336802,-0.242519,0.141254,-0.599244,0.013485,0.054000
-0.189871,0.336802,-0.206339,0.161070,-0.577365,0.034176,0.055000
-0.189871,0.336802,-0.176816,0.175676,-0.557389,0.050282,0.040000
-0.189871,0.336802,-0.150354,0.192944,-0.537426,0.068211,0.048000
-0.189871,0.336802,-0.124311,0.212312,-0.514822,0.089011,0.056000
-0.189871,0.336802,-0.093836,0.240137,-0.483807,0.117911,0.079000
-0.189871,0.336802,-0.071294,0.254057,-0.455229,0.142399,0.043000
-0.189871,0.336802,-0.046570,0.279300,-0.434936,0.161129,0.068000
-0.189871,0.336802,-0.029024,0.293389,-0.420732,0.173487,0.040000
-0.189871,0.336802,0.014180,0.338558,-0.367831,0.221582,0.122000
-0.189871,0.336802,0.117300,0.414285,-0.271385,0.306438,0.239000
0.189870,1.684013,0.188631,0.538268,-0.200494,0.442211,0.206000
0.189870,1.684013,0.221478,0.646171,-0.172564,0.540841,0.136000
0.189870,1.684013,0.223796,0.703138,-0.157749,0.595781,0.051000
0.189870,1.684013,0.243561,0.777013,-0.141296,0.654901,0.089000
0.189870,1.684013,0.280001,0.881521,-0.102370,0.795593,0.137000
0.189870,1.684013,0.327093,1.028041,-0.064404,0.933588,0.192000
0.189870,1.684013,0.339024,1.072537,-0.055435,0.966760,0.047000
0.189870,1.684013,0.348638,1.110931,-0.044033,1.009212,0.041000
0.189870,1.684013,0.363253,1.164211,-0.030236,1.059758,0.064000
0.189870,1.684013,0.372330,1.200114,-0.020913,1.094426,0.040000
0.189870,1.684013,0.380917,1.234637,-0.016492,1.110683,0.040000
0.189870,1.684013,0.390949,1.273019,0.000708,1.167228,0.046000
1.329094,2.357619,0.488243,1.365361,0.159785,1.259668,0.124000
1.329094,2.357619,0.555295,1.398441,0.212863,1.291022,0.040000
1.329094,2.357619,0.626779,1.441452,0.285323,1.335152,0.055000
1.329094,2.357619,0.684703,1.474235,0.340554,1.368786,0.040000
1.329094,2.357619,0.739898,1.506711,0.415257,1.415183,0.040000
1.329094,2.357619,0.821105,1.558726,0.480148,1.455120,0.070000
1.329094,2.357619,0.890368,1.601877,0.551451,1.499198,0.057000
1.329094,2.357619,0.942811,1.633243,0.639101,1.552876,0.040000
1.329094,2.357619,1.006720,1.671881,0.692149,1.585361,0.052000
1.329094,2.357619,1.057717,1.702165,0.737733,1.613228,0.040000
1.329094,2.357619,1.108028,1.732213,0.737733,1.613228,0.040000
1.329094,2.357619,1.159997,1.763404,0.865257,1.695242,0.042000
1.329094,2.357619,1.221498,1.800508,0.927801,1.730020,0.051000
1.329094,2.357619,1.271200,1.829266,0.988010,1.764611,0.040000
1.329094,2.357619,1.320466,1.858052,0.997840,1.770244,0.040000
1.329094,2.357619,1.373263,1.890310,1.111384,1.843286,0.044000
1.329094,2.357619,1.423440,1.920922,1.149130,1.864612,0.042000
1.329094,2.357619,1.471286,1.949897,1.208002,1.898964,0.040000
1.329094,2.357619,1.518581,1.979144,1.219969,1.905997,0.040000
1.329094,2.357619,1.565594,2.008354,1.219969,1.905997,0.040000
2.658188,4.041632,1.625924,2.086486,1.389175,2.064209,0.040000
2.658188,4.041632,1.701741,2.178234,1.467405,2.178604,0.054000
2.658188,4.041632,1.761602,2.255510,1.530013,2.262385,0.040000
2.658188,4.041632,1.823279,2.334532,1.606838,2.360657,0.042000
2.658188,4.041632,1.919621,2.450685,1.700797,2.481787,0.070000
2.658188,4.041632,1.981106,2.529857,1.789934,2.596300,0.042000
2.658188,4.041632,2.071296,2.641837,1.865832,2.693542,0.064000
2.658188,4.041632,2.155661,2.747219,1.946013,2.795769,0.059000
2.658188,4.041632,2.245929,2.861872,2.042515,2.919938,0.064000
2.658188,4.041632,2.305182,2.935008,2.105622,2.998913,0.040000
2.658188,4.041632,2.363994,3.007810,2.144298,3.047300,0.040000
2.658188,4.041632,2.422404,3.080300,2.144298,3.047300,0.040000
2.658188,4.041632,2.482911,3.156342,2.290247,3.265017,0.042000
2.658188,4.041632,2.576413,3.283730,2.387231,3.375554,0.069000
2.658188,4.041632,2.644916,3.372534,2.468047,3.475554,0.049000
2.658188,4.041632,2.815244,3.617025,2.640954,3.694267,0.131000
2.088576,5.725646,2.892306,4.000966,2.468339,4.145355,0.196000
2.088576,5.725646,2.855333,4.335460,2.365005,4.440606,0.170000
2.088576,5.725646,2.790517,4.416944,2.332668,4.527231,0.041000
2.088576,5.725646,2.742194,4.500723,2.302158,4.615417,0.042000
2.088576,5.725646,2.697181,4.614392,2.260940,4.727423,0.057000
2.088576,5.725646,2.660592,4.694006,2.251817,4.753360,0.040000
2.088576,5.725646,2.626881,4.773387,2.251817,4.753360,0.040000
2.088576,5.725646,2.595014,4.852545,2.251817,4.753360,0.040000
2.088576,5.725646,2.550505,4.995052,2.141913,5.179050,0.072000
2.088576,5.725646,2.495996,5.176357,2.073048,5.374180,0.092000
2.088576,5.725646,2.437808,5.364432,2.011134,5.554792,0.096000
2.848058,7.409660,2.465219,5.543108,2.010072,5.755099,0.109000
2.848058,7.409660,2.508709,5.893545,2.172809,6.086108,0.217000
2.848058,7.409660,2.620102,6.285451,2.330671,6.433657,0.266000
2.848058,7.409660,2.765766,6.641282,2.485312,6.778901,0.254000
2.848058,7.409660,2.798145,6.700386,2.516206,6.847554,0.041000
2.848058,7.409660,2.826309,6.758117,2.550419,6.924465,0.040000
2.848058,7.409660,2.854539,6.819318,2.577790,6.985505,0.043000
2.848058,7.409660,2.880388,6.875720,2.600777,7.036779,0.040000
2.848058,7.409660,2.906403,6.933310,2.625557,7.092079,0.041000
2.848058,8.756871,2.893483,7.006278,2.633605,7.160571,0.042000
2.848058,8.756871,2.892039,7.101660,2.631582,7.253886,0.059000
2.848058,8.756871,2.884058,7.169838,2.629898,7.318323,0.040000
2.848058,8.756871,2.878283,7.237388,2.629898,7.318323,0.040000
2.848058,8.756871,2.874077,7.304340,2.629898,7.318323,0.040000
2.848058,8.756871,2.871000,7.370774,2.629898,7.318323,0.040000
2.848058,8.756871,2.868752,7.436746,2.629898,7.318323,0.040000
2.848058,8.756871,2.867126,7.502297,2.629898,7.318323,0.040000
2.848058,8.756871,2.865972,7.567457,2.629898,7.318323,0.040000
2.848058,8.756871,2.865182,7.632250,2.629898,7.318323,0.040000
2.848058,8.756871,2.864674,7.696695,2.629898,7.318323,0.040000
2.848058,8.756871,2.864389,7.760809,2.629898,7.318323,0.040000
2.848058,8.756871,2.864279,7.824603,2.629898,7.318323,0.040000
2.848058,8.756871,2.864308,7.888090,2.629898,7.318323,0.040000
2.848058,8.756871,2.864450,7.951280,2.629898,7.318323,0.040000
2.848058,8.756871,2.864681,8.014181,2.629898,7.318323,0.040000
2.848058,8.756871,2.864985,8.076802,2.629898,7.318323,0.040000
2.848058,8.756871,2.865638,8.142008,2.766400,8.433980,0.042000
2.848058,8.756871,2.873397,8.276769,2.764195,8.580853,0.091000
2.848058,10.440885,2.873697,8.353046,2.765039,8.658388,0.040000
2.848058,10.440885,2.874237,8.430106,2.765039,8.658388,0.041000
2.848058,10.440885,2.875135,8.510613,2.766299,8.842416,0.044000
2.848058,10.440885,2.875702,8.584756,2.767743,8.923892,0.040000
2.848058,10.440885,2.876553,8.658471,2.768873,9.011902,0.040000
2.848058,10.440885,2.877409,8.731869,2.768873,9.011902,0.040000
2.848058,10.440885,2.878262,8.804864,2.768873,9.011902,0.040000
2.848058,10.440885,2.879100,8.878956,2.765048,9.340768,0.041000
2.848058,10.440885,2.879393,8.999960,2.767466,9.431836,0.073000
2.848058,10.440885,2.879901,9.097344,2.769133,9.535086,0.057000
2.848058,10.440885,2.881036,9.185451,2.770483,9.621649,0.051000
2.848058,10.440885,2.879339,9.326995,2.772651,9.767222,0.086000
2.848058,10.440885,2.867981,9.574821,2.775891,10.025535,0.151000
2.848058,10.440885,2.870607,9.692802,2.777455,10.142600,0.070000
2.848058,10.440885,2.877003,9.760458,2.778835,10.217288,0.040000
2.848058,10.440885,2.881964,9.827675,2.779926,10.280124,0.040000
2.848058,10.440885,2.886092,9.894570,2.779926,10.280124,0.040000
2.848058,10.440885,2.889637,9.961228,2.779926,10.280124,0.040000
2.658187,12.461702,2.878850,10.099328,2.746145,10.604830,0.070000
2.658187,12.461702,2.874112,10.183910,2.739438,10.702252,0.040000
2.658187,12.461702,2.865053,10.299030,2.729305,10.830896,0.057000
2.658187,12.461702,2.857986,10.399434,2.722989,10.914928,0.049000
2.658187,12.461702,2.853967,10.482171,2.715759,11.002784,0.040000
2.658187,12.461702,2.843324,10.597293,2.707388,11.104280,0.057000
2.658187,12.461702,2.838881,10.679005,2.699806,11.205434,0.040000
2.658187,12.461702,2.825586,10.801808,2.689570,11.320277,0.061000
2.658187,12.461702,2.821084,10.882661,2.681414,11.420766,0.040000
2.658187,12.461702,2.815935,10.963489,2.678022,11.462057,0.040000
2.658187,12.461702,2.743857,11.392279,2.624292,11.962599,0.215000
0.949352,13.808913,2.466098,11.846388,2.397187,12.433722,0.268000
0.949352,13.808913,2.087136,12.220574,1.928537,12.802936,0.253000
0.949352,13.808913,1.519718,12.727175,1.287318,13.310396,0.366000
0.949352,13.808913,1.210037,12.975198,1.005648,13.533329,0.183000
-0.949354,15.492926,0.872315,13.274005,0.654084,13.830301,0.191000
-0.949354,15.492926,0.698918,13.427718,0.500263,13.966960,0.092000
-0.949354,15.492926,0.594227,13.519431,0.398344,14.057434,0.053000
-0.949354,15.492926,0.436909,13.658169,0.241669,14.196522,0.086000
-0.949354,15.492926,0.321629,13.759101,0.130037,14.295767,0.062000
-0.949354,15.492926,0.243086,13.827078,0.051343,14.365585,0.041000
-0.949354,15.492926,0.165519,13.895066,-0.051241,14.456381,0.041000
-0.949354,15.492926,0.041362,14.007193,-0.165338,14.557934,0.069000
-0.949354,15.492926,-0.053102,14.092020,-0.270338,14.651141,0.052000
-0.949354,15.492926,-0.172597,14.200937,-0.385518,14.753565,0.067000
-0.949354,15.492926,-0.329778,14.346098,-0.532434,14.884160,0.090000
-0.949354,15.492926,-0.527205,14.527055,-0.751213,15.078849,0.113000
-0.949354,15.492926,-0.687681,14.673832,-0.897950,15.209332,0.092000
-3.227802,16.166531,-0.854147,14.727192,-1.045435,15.294082,0.073000
-3.227802,16.166531,-0.979916,14.755256,-1.164670,15.331634,0.052000
-3.227802,16.166531,-1.085604,14.777709,-1.292209,15.368773,0.043000
-3.227802,16.166531,-1.232924,14.825973,-1.420233,15.408201,0.065000
-3.227802,16.166531,-1.329622,14.850322,-1.533432,15.440833,0.040000
-3.227802,16.166531,-1.427163,14.877633,-1.657879,15.485428,0.041000
-3.227802,16.166531,-1.568624,14.924803,-1.799203,15.526913,0.063000
-3.227802,16.166531,-1.662338,14.952211,-1.901541,15.556960,0.040000
-3.227802,16.166531,-1.798169,14.996898,-2.037073,15.597324,0.061000
-3.227802,16.166531,-1.890741,15.024801,-2.143561,15.628424,0.040000
-3.227802,16.166531,-1.990906,15.056378,-2.248000,15.660586,0.044000
-3.227802,16.166531,-2.101086,15.091908,-2.350964,15.691273,0.049000
-3.227802,16.166531,-2.193680,15.121176,-2.463278,15.724106,0.041000
-3.227802,16.166531,-2.289597,15.152410,-2.560425,15.755895,0.043000
-3.227802,16.166531,-2.393592,15.186615,-2.669158,15.788133,0.047000
-3.227802,16.166531,-2.482452,15.215822,-2.769064,15.817531,0.040000
-3.227802,16.166531,-2.570842,15.245368,-2.882839,15.851937,0.040000
-3.227802,16.166531,-2.686247,15.283181,-3.001316,15.887382,0.053000
-3.227802,16.166531,-2.773270,15.312420,-3.101733,15.917720,0.040000
-3.227802,16.166531,-2.859944,15.341598,-3.143111,15.930239,0.040000
-3.227802,16.166531,-2.946332,15.370650,-3.143111,15.930239,0.040000
-5.316378,16.166531,-3.121421,15.390794,-3.534516,15.969861,0.073000
-5.316378,16.166531,-3.221088,15.392940,-3.637042,15.968482,0.040000
-5.316378,16.166531,-3.320519,15.395862,-3.705137,15.968580,0.040000
-5.316378,16.166531,-3.419582,15.399138,-3.705137,15.968580,0.040000
-5.316378,16.166531,-3.530120,15.403515,-3.962014,15.967254,0.045000
-5.316378,16.166531,-3.739148,15.411038,-4.165641,15.972957,0.086000
-5.316378,16.166531,-3.835970,15.414841,-4.230021,15.974462,0.040000
-5.316378,16.166531,-3.932306,15.418705,-4.391089,15.971175,0.040000
-5.316378,16.166531,-4.060494,15.422115,-4.508682,15.974853,0.053000
-5.316378,16.166531,-4.158884,15.425988,-4.628973,15.978029,0.041000
-5.316378,16.166531,-4.254787,15.429684,-4.765547,15.975940,0.040000
-5.316378,16.166531,-4.355550,15.432708,-4.869002,15.977955,0.042000
-5.316378,16.166531,-4.451336,15.435675,-4.972476,15.979973,0.040000
-5.316378,16.166531,-4.573782,15.437429,-5.100313,15.979747,0.051000
-5.316378,16.166531,-4.741595,15.436823,-5.262736,15.981247,0.070000
-7.974567,16.503334,-5.228459,15.451552,-5.863313,16.020334,0.192000
-7.974567,16.503334,-6.046243,15.515790,-6.699219,16.128327,0.320000
-7.974567,16.503334,-6.761140,15.595092,-7.423699,16.222121,0.267000
-7.974567,16.503334,-6.961305,15.611590,-7.578006,16.242028,0.069000
-7.974567,16.503334,-7.080559,15.620498,-7.701800,16.257878,0.041000
-7.974567,16.503334,-7.267235,15.640968,-7.975597,16.293207,0.067000
-11.012497,16.503334,-7.820770,15.682683,-8.486992,16.343954,0.203000
-11.012497,16.503334,-8.473976,15.719719,-9.194412,16.347832,0.238000
-11.012497,16.503334,-9.127490,15.731911,-9.853074,16.350872,0.239000
-11.012497,16.503334,-9.731900,15.752645,-10.467080,16.353994,0.225000
-11.012497,16.503334,-10.343997,15.778613,-11.093116,16.356494,0.232000
-13.101073,15.829729,-10.539724,15.683004,-11.265458,16.316700,0.099000
-13.101073,15.829729,-10.667597,15.616080,-11.405633,16.267297,0.065000
-13.101073,15.829729,-10.745970,15.570965,-11.434096,16.257353,0.040000
-13.101073,15.829729,-10.884537,15.519902,-11.681946,16.204706,0.065000
-13.101073,15.829729,-10.997474,15.476634,-11.795827,16.163919,0.053000
-13.101073,15.829729,-11.111385,15.435256,-11.910409,16.124805,0.053000
-13.101073,15.829729,-11.196564,15.401456,-12.024799,16.085421,0.040000
-13.101073,15.829729,-11.283283,15.369727,-12.052857,16.075820,0.040000
-13.101073,15.829729,-11.740025,15.257151,-12.578679,15.910892,0.207000
-13.101073,15.829729,-12.348425,15.095580,-13.205915,15.706769,0.280000
-14.999778,13.808915,-12.775903,14.732335,-13.626227,15.327928,0.180000
-14.999778,13.808915,-13.329934,14.229303,-14.212603,14.705863,0.246000
-14.999778,13.808915,-13.689094,13.903370,-14.498730,14.402726,0.145000
-14.999778,13.808915,-13.826331,13.817314,-14.654202,14.240821,0.040000
-14.999778,13.808915,-14.265226,13.345561,-15.119136,13.742874,0.200000
-14.999778,13.808915,-14.707436,12.850265,-15.587331,13.237558,0.203000
-15.759262,11.114497,-15.021756,12.009632,-15.841255,12.390577,0.260000
-15.759262,11.114497,-15.210641,11.411965,-16.022189,11.740915,0.181000
-15.759262,11.114497,-15.501350,10.476165,-16.267745,10.857558,0.275000
-15.759262,11.114497,-15.612160,10.063201,-16.387025,10.427375,0.128000
-15.759262,11.114497,-15.639702,9.946522,-16.430348,10.271531,0.041000
-16.708614,8.420079,-15.756249,9.504849,-16.554271,9.824817,0.130000
-16.708614,8.420079,-15.973367,8.853689,-16.743725,9.279119,0.234000
-16.708614,8.420079,-16.150531,8.344526,-16.927598,8.753681,0.209000
-16.708614,8.420079,-16.386359,7.707585,-17.129838,8.175285,0.268000
-16.708614,8.420079,-16.571149,7.202968,-17.289531,7.718336,0.223000
-16.708614,6.399266,-16.600763,6.800267,-17.342601,7.324306,0.196000
-16.708614,6.399266,-16.572802,6.708302,-17.339898,7.202221,0.053000
-16.708614,6.399266,-16.566941,6.545897,-17.336908,7.034329,0.084000
-16.708614,6.399266,-16.572407,6.203052,-17.334332,6.665283,0.173000
-16.708614,6.399266,-16.578007,5.730210,-17.330237,6.186285,0.237000
-16.708614,6.399266,-16.590388,5.318590,-17.326416,5.784899,0.210000
-15.759262,5.052056,-16.441737,4.971644,-17.212727,5.431745,0.219000
-15.759262,5.052056,-16.267580,4.670737,-16.974408,5.104174,0.199000
-15.759262,5.052056,-16.110348,4.431502,-16.828331,4.905106,0.164000
-15.759262,5.052056,-16.042869,4.338869,-16.757078,4.808436,0.067000
-15.759262,5.052056,-15.996666,4.278451,-16.709320,4.743692,0.045000
-15.759262,5.052056,-15.799349,4.015304,-16.499220,4.458781,0.184000
-13.670685,3.704848,-15.489915,3.740280,-16.256799,4.135590,0.236000
-13.670685,3.704848,-15.188467,3.523421,-15.910347,3.919598,0.213000
-13.670685,3.704848,-14.999527,3.415916,-15.745269,3.817082,0.118000
-13.670685,3.704848,-14.765946,3.265710,-15.451494,3.636312,0.157000
-13.670685,3.704848,-14.457421,3.062686,-15.171092,3.463829,0.212000
-13.670685,3.704848,-14.371793,3.019609,-15.100326,3.420581,0.052000
-13.670685,3.704848,-14.282397,2.970141,-15.003720,3.361470,0.057000
-13.670685,3.704848,-14.210741,2.931284,-14.946917,3.326937,0.046000
-13.670685,3.704848,-14.147782,2.896644,-14.865779,3.277542,0.041000
-12.721331,2.694441,-13.937948,2.728533,-14.643930,3.112756,0.166000
-12.721331,2.694441,-13.649726,2.490094,-14.379003,2.850170,0.234000
-12.721331,2.694441,-13.385362,2.251383,-14.128099,2.599739,0.232000
-12.721331,2.694441,-13.159630,2.034517,-13.903563,2.374846,0.212000
-12.721331,2.694441,-12.961610,1.835020,-13.713412,2.184109,0.200000
-11.771978,1.684034,-12.786359,1.653981,-13.534290,2.003922,0.172000
-11.771978,1.684034,-12.682631,1.548996,-13.431359,1.900294,0.101000
-11.771978,1.684034,-12.626240,1.494516,-13.291162,1.759237,0.056000
-11.771978,1.684034,-12.286024,1.145533,-13.004645,1.470140,0.318000
-11.771978,1.684034,-12.010129,0.861817,-12.733025,1.195181,0.265000
-11.202367,0.336824,-11.871072,0.612967,-12.563475,0.976653,0.212000
-11.202367,0.336824,-11.768247,0.381934,-12.447358,0.724208,0.197000
-11.202367,0.336824,-11.691742,0.192182,-12.369926,0.555270,0.160000
-11.202367,0.336824,-11.584546,-0.037273,-12.248185,0.289215,0.204000
-11.202367,0.336824,-11.453749,-0.304214,-12.133530,0.039853,0.233000
-10.442884,0.000022,-11.282075,-0.426642,-11.980979,-0.145513,0.218000
-10.442884,0.000022,-11.058584,-0.566016,-11.737140,-0.247491,0.279000
-10.442884,0.000022,-10.882711,-0.646520,-11.558202,-0.321318,0.213000
-10.442884,0.000022,-10.766958,-0.701408,-11.437402,-0.370645,0.146000
-10.442884,0.000022,-10.705769,-0.730500,-11.363527,-0.400781,0.080000
-8.544178,0.336824,-10.438056,-0.743654,-11.096771,-0.450064,0.280000
-8.544178,0.336824,-10.185507,-0.707190,-10.849949,-0.404101,0.264000
-8.544178,0.336824,-9.990997,-0.664004,-10.647972,-0.366072,0.194000
-8.544178,0.336824,-9.780903,-0.638433,-10.417997,-0.322641,0.242000
-8.544178,0.336824,-9.619506,-0.609205,-10.238943,-0.288581,0.183000
-6.265731,0.673627,-9.521552,-0.594090,-10.158672,-0.275147,0.072000
-6.265731,0.673627,-9.328744,-0.561073,-9.973892,-0.245491,0.163000
-6.265731,0.673627,-9.231520,-0.542570,-9.888519,-0.231810,0.072000
-6.265731,0.673627,-9.145873,-0.526229,-9.807991,-0.218926,0.062000
-6.265731,0.673627,-9.049603,-0.508715,-9.718207,-0.204517,0.073000
-6.265731,0.673627,-8.792871,-0.464623,-9.440087,-0.159677,0.232000
-6.265731,0.673627,-8.486449,-0.409446,-9.083627,-0.102245,0.278000
-4.367025,1.684034,-8.212038,-0.289121,-8.805700,0.013158,0.229000
-4.367025,1.684034,-7.997780,-0.179410,-8.590639,0.122513,0.171000
-4.367025,1.684034,-7.939159,-0.141893,-8.509025,0.164362,0.041000
-4.367025,1.684034,-7.636158,0.004434,-8.205406,0.319146,0.235000
-4.367025,1.684034,-7.325746,0.164147,-7.894059,0.478585,0.242000
-2.468319,1.684034,-6.939791,0.234897,-7.502390,0.587541,0.260000
-2.468319,1.684034,-6.543629,0.273476,-7.052133,0.601804,0.262000
-2.468319,1.684034,-6.146237,0.302090,-6.651022,0.613059,0.264000
-2.468319,1.684034,-6.040281,0.302954,-6.575480,0.614868,0.041000
-2.468319,1.684034,-5.906668,0.310954,-6.464467,0.618116,0.069000
-2.468319,1.684034,-5.815523,0.319440,-6.279706,0.623444,0.042000
-2.658189,0.673626,-5.609370,0.257894,-6.016891,0.596286,0.278000
-2.658189,0.673626,-5.536684,0.137041,-5.995394,0.457785,0.301000
-2.658189,0.673626,-5.505863,0.016751,-5.979804,0.336457,0.256000
-2.658189,0.673626,-5.485338,-0.122930,-5.962630,0.191812,0.332000
-2.658189,0.673626,-5.471581,-0.171536,-5.959762,0.168601,0.053000
-1.898707,0.336824,-5.377227,-0.186237,-5.921811,0.151805,0.060000
-1.898707,0.336824,-5.305892,-0.197511,-5.891379,0.141877,0.041000
-1.898707,0.336824,-5.188408,-0.249707,-5.708077,0.081736,0.242000
-1.898707,0.336824,-5.057271,-0.277354,-5.528387,0.023462,0.243000
-1.898707,0.336824,-4.937698,-0.293893,-5.424898,-0.010625,0.164000
-1.898707,0.336824,-4.830775,-0.306306,-5.326940,-0.043154,0.136000
-2.278448,-1.347189,-4.828829,-0.576404,-5.274842,-0.290404,0.236000
-2.278448,-1.347189,-4.857486,-0.818457,-5.304815,-0.514422,0.170000
-2.278448,-1.347189,-4.876055,-0.889177,-5.313696,-0.577841,0.042000
-2.278448,-1.347189,-4.885177,-0.952162,-5.324309,-0.649099,0.040000
-2.278448,-1.347189,-4.889807,-1.012924,-5.329889,-0.687657,0.040000
-2.278448,-1.347189,-4.892185,-1.072478,-5.329889,-0.687657,0.040000
-2.278448,-1.347189,-4.893261,-1.131301,-5.329889,-0.687657,0.040000
-2.278448,-1.347189,-4.900790,-1.233901,-5.365242,-0.986844,0.069000
-2.278448,-1.347189,-4.922089,-1.449090,-5.400773,-1.201466,0.139000
-2.278448,-1.347189,-4.949187,-1.705675,-5.435804,-1.430261,0.165000
-2.278448,-1.347189,-4.967337,-1.843223,-5.457387,-1.576824,0.096000
-3.227802,-2.694400,-5.040400,-1.945555,-5.521822,-1.679689,0.074000
-3.227802,-2.694400,-5.093027,-1.993964,-5.562595,-1.737990,0.040000
-3.227802,-2.694400,-5.138243,-2.046745,-5.615624,-1.818463,0.041000
-3.227802,-2.694400,-5.226910,-2.233797,-5.738985,-2.015310,0.123000
-3.227802,-2.694400,-5.368647,-2.601552,-5.944544,-2.350651,0.228000
-3.227802,-2.694400,-5.483484,-2.788479,-6.042240,-2.507800,0.130000
-3.227802,-2.694400,-5.544731,-2.827652,-6.086198,-2.573315,0.040000
-3.227802,-2.694400,-5.593175,-2.874613,-6.125674,-2.643096,0.041000
-3.227802,-2.694400,-5.643086,-2.948502,-6.166282,-2.708230,0.056000
-3.227802,-2.694400,-5.679078,-2.998233,-6.211006,-2.776475,0.040000
-3.227802,-2.694400,-5.711002,-3.049596,-6.233717,-2.811223,0.040000
-3.227802,-2.694400,-5.740651,-3.101688,-6.233717,-2.811223,0.040000
-3.227802,-2.694400,-5.768799,-3.154162,-6.233717,-2.811223,0.040000
-3.607543,-3.368005,-5.782704,-3.203375,-6.329798,-3.072693,0.046000
-3.607543,-3.368005,-5.816948,-3.290889,-6.363106,-3.139320,0.073000
-3.607543,-3.368005,-5.826042,-3.331196,-6.380921,-3.180196,0.040000
-3.607543,-3.368005,-5.835730,-3.372486,-6.423250,-3.262052,0.040000
-3.607543,-3.368005,-5.846257,-3.414529,-6.443226,-3.307638,0.040000
-3.607543,-3.368005,-5.857159,-3.456870,-6.465830,-3.361060,0.040000
-3.607543,-3.368005,-5.868325,-3.499406,-6.468604,-3.367619,0.040000
-3.607543,-3.368005,-5.879687,-3.541993,-6.468604,-3.367619,0.040000
-3.607543,-3.368005,-5.891900,-3.585779,-6.468604,-3.367619,0.041000
-3.607543,-3.368005,-5.913322,-3.645362,-6.585276,-3.580450,0.054000
-3.607543,-3.368005,-5.925710,-3.688792,-6.604944,-3.625469,0.041000
-3.607543,-3.368005,-5.954203,-3.760286,-6.630413,-3.684731,0.065000
-3.607543,-3.368005,-5.965602,-3.802099,-6.630413,-3.684731,0.040000
-3.607543,-3.368005,-5.977283,-3.843671,-6.694557,-3.804940,0.040000
-3.607543,-3.368005,-5.988775,-3.885310,-6.714042,-3.849748,0.040000
-3.607543,-3.368005,-6.000293,-3.926632,-6.736490,-3.903163,0.040000
-3.607543,-3.368005,-6.011908,-3.967646,-6.738307,-3.907507,0.040000
-3.607543,-3.368005,-6.023551,-4.008465,-6.738307,-3.907507,0.040000
-3.607543,-3.368005,-6.035217,-4.049092,-6.738307,-3.907507,0.040000
-3.607543,-3.368005,-6.046901,-4.089526,-6.738307,-3.907507,0.040000
-3.607543,-3.368005,-6.058600,-4.129769,-6.738307,-3.907507,0.040000
-3.607543,-3.368005,-6.070311,-4.169824,-6.738307,-3.907507,0.040000
-3.607543,-3.368005,-6.082032,-4.209692,-6.738307,-3.907507,0.040000
-3.607543,-3.368005,-6.093761,-4.249376,-6.738307,-3.907507,0.040000
-3.607543,-3.368005,-6.105495,-4.288878,-6.738307,-3.907507,0.040000
-3.607543,-3.368005,-6.117235,-4.328202,-6.738307,-3.907507,0.040000
-3.607543,-3.368005,-6.128979,-4.367349,-6.738307,-3.907507,0.040000
-3.797413,-3.704807,-6.137351,-4.400046,-7.058408,-4.486025,0.040000
-3.797413,-3.704807,-6.146428,-4.431496,-7.082500,-4.501445,0.040000
-3.797413,-3.704807,-6.155526,-4.462761,-7.104293,-4.525847,0.040000
-3.797413,-3.704807,-6.169212,-4.504211,-7.120903,-4.544585,0.049000
-3.797413,-3.704807,-6.178151,-4.535171,-7.120903,-4.544585,0.040000
-3.797413,-3.704807,-6.186957,-4.566138,-7.120903,-4.544585,0.040000
-3.797413,-3.704807,-6.195634,-4.597105,-7.120903,-4.544585,0.040000
-3.797413,-3.704807,-6.204190,-4.628065,-7.120903,-4.544585,0.040000
-3.797413,-3.704807,-6.212631,-4.659010,-7.120903,-4.544585,0.040000
-3.797413,-3.704807,-6.220968,-4.689932,-7.120903,-4.544585,0.040000
-3.797413,-3.704807,-6.229209,-4.720823,-7.120903,-4.544585,0.040000
-3.797413,-3.704807,-6.237363,-4.751676,-7.120903,-4.544585,0.040000
-3.797413,-3.704807,-6.245439,-4.782483,-7.120903,-4.544585,0.040000
-3.797413,-3.704807,-6.253446,-4.813238,-7.120903,-4.544585,0.040000
-4.367025,-4.378412,-6.267965,-4.846362,-7.399619,-5.041488,0.045000
-4.367025,-4.378412,-6.287488,-4.917402,-7.461763,-5.034984,0.074000
-4.367025,-4.378412,-6.303405,-4.940706,-7.500042,-5.043204,0.041000
-4.367025,-4.378412,-6.322538,-5.009668,-7.543213,-5.059343,0.073000
-4.367025,-4.378412,-6.344393,-5.091310,-7.598041,-5.085116,0.084000
-4.367025,-4.378412,-6.362739,-5.107482,-7.626185,-5.098426,0.040000
-4.367025,-4.378412,-6.383508,-5.119203,-7.634977,-5.103433,0.040000
-4.367025,-4.378412,-6.403797,-5.131568,-7.634977,-5.103433,0.040000
-4.367025,-4.378412,-6.423609,-5.146263,-7.634977,-5.103433,0.041000
-4.367025,-4.378412,-6.442864,-5.160102,-7.634977,-5.103433,0.040000
-4.367025,-4.378412,-6.461513,-5.174859,-7.634977,-5.103433,0.040000
-4.367025,-4.378412,-6.479559,-5.190535,-7.634977,-5.103433,0.040000
-4.367025,-4.378412,-6.497015,-5.207109,-7.634977,-5.103433,0.040000
-4.367025,-4.378412,-6.513906,-5.224549,-7.634977,-5.103433,0.040000
-4.367025,-4.378412,-6.530258,-5.242807,-7.634977,-5.103433,0.040000
-4.367025,-4.378412,-6.546104,-5.261830,-7.634977,-5.103433,0.040000
-4.367025,-4.378412,-6.561477,-5.281562,-7.634977,-5.103433,0.040000
-4.367025,-4.378412,-6.576412,-5.301943,-7.634977,-5.103433,0.040000
-4.367025,-4.378412,-6.590943,-5.322914,-7.634977,-5.103433,0.040000
-4.367025,-4.378412,-6.605106,-5.344414,-7.634977,-5.103433,0.040000
-4.367025,-4.378412,-6.618932,-5.366389,-7.634977,-5.103433,0.040000
-4.367025,-4.378412,-6.632453,-5.388785,-7.634977,-5.103433,0.040000
-4.367025,-4.378412,-6.645699,-5.411550,-7.634977,-5.103433,0.040000
-4.367025,-4.378412,-6.658697,-5.434637,-7.634977,-5.103433,0.040000
-4.367025,-4.378412,-6.671472,-5.458004,-7.634977,-5.103433,0.040000
-4.367025,-4.378412,-6.684046,-5.481611,-7.634977,-5.103433,0.040000
-4.367025,-4.378412,-6.696442,-5.505421,-7.634977,-5.103433,0.040000
-4.367025,-4.378412,-6.708678,-5.529402,-7.634977,-5.103433,0.040000
-4.367025,-4.378412,-6.720772,-5.553524,-7.634977,-5.103433,0.040000
-4.367025,-4.378412,-6.732137,-5.580516,-7.634977,-5.103433,0.041000
-4.367025,-4.378412,-6.744119,-5.604612,-7.634977,-5.103433,0.040000
-4.367025,-4.378412,-6.755989,-5.628797,-7.634977,-5.103433,0.040000
-4.367025,-4.378412,-6.767759,-5.653054,-7.634977,-5.103433,0.040000
-4.367025,-4.378412,-6.779439,-5.677365,-7.634977,-5.103433,0.040000
-4.367025,-4.378412,-6.791039,-5.701713,-7.634977,-5.103433,0.040000
-4.367025,-4.378412,-6.802567,-5.726085,-7.634977,-5.103433,0.040000
-4.367025,-4.378412,-6.814032,-5.750468,-7.634977,-5.103433,0.040000
-4.367025,-4.378412,-6.813437,-5.826502,-7.634977,-5.103433,0.058000
-3.987283,-3.704807,-6.792785,-5.808220,-7.706774,-5.785308,0.040000
-3.987283,-3.704807,-6.770531,-5.794060,-7.726299,-5.686377,0.041000
-3.987283,-3.704807,-6.749150,-5.777186,-7.742466,-5.591122,0.040000
-3.987283,-3.704807,-6.727793,-5.760437,-7.749675,-5.540474,0.040000
-3.987283,-3.704807,-6.706474,-5.743739,-7.749675,-5.540474,0.040000
-3.987283,-3.704807,-6.685200,-5.727057,-7.749675,-5.540474,0.040000
-3.987283,-3.704807,-6.663980,-5.710368,-7.749675,-5.540474,0.040000
-3.987283,-3.704807,-6.642820,-5.693660,-7.749675,-5.540474,0.040000
-3.987283,-3.704807,-6.621724,-5.676927,-7.749675,-5.540474,0.040000
-3.987283,-3.704807,-6.600698,-5.660168,-7.749675,-5.540474,0.040000
-3.987283,-3.704807,-6.573660,-5.653266,-7.749675,-5.540474,0.048000
-3.987283,-3.704807,-6.553244,-5.635170,-7.749675,-5.540474,0.040000
-3.987283,-3.704807,-6.532863,-5.617231,-7.749675,-5.540474,0.040000
-3.987283,-3.704807,-6.512523,-5.599431,-7.749675,-5.540474,0.040000
-3.987283,-3.704807,-6.492137,-5.581942,-7.575623,-5.427347,0.040000
-3.987283,-3.704807,-6.471810,-5.564554,-7.568030,-5.376038,0.040000
-3.987283,-3.704807,-6.451545,-5.547258,-7.555336,-5.333398,0.040000
-3.987283,-3.704807,-6.431354,-5.530039,-7.551416,-5.321737,0.040000
-3.987283,-3.704807,-6.411244,-5.512888,-7.551416,-5.321737,0.040000
-3.987283,-3.704807,-6.391216,-5.495802,-7.551416,-5.321737,0.040000
-3.987283,-3.704807,-6.371273,-5.478782,-7.551416,-5.321737,0.040000
-3.987283,-3.704807,-6.351417,-5.461826,-7.551416,-5.321737,0.040000
-3.987283,-3.704807,-6.331648,-5.444935,-7.551416,-5.321737,0.040000
-3.987283,-3.704807,-6.311967,-5.428109,-7.551416,-5.321737,0.040000
-3.987283,-3.704807,-6.292376,-5.411347,-7.551416,-5.321737,0.040000
-3.987283,-3.704807,-6.272874,-5.394651,-7.551416,-5.321737,0.040000
-3.987283,-3.704807,-6.253462,-5.378021,-7.551416,-5.321737,0.040000
-3.987283,-3.704807,-6.234141,-5.361456,-7.551416,-5.321737,0.040000
-3.987283,-3.704807,-6.214910,-5.344958,-7.551416,-5.321737,0.040000
-3.987283,-3.704807,-6.195770,-5.328527,-7.551416,-5.321737,0.040000
-3.987283,-3.704807,-6.176720,-5.312162,-7.551416,-5.321737,0.040000
-3.987283,-3.704807,-6.157760,-5.295864,-7.551416,-5.321737,0.040000
-3.987283,-3.704807,-6.138890,-5.279633,-7.551416,-5.321737,0.040000
-3.987283,-3.704807,-6.112220,-5.270390,-7.551416,-5.321737,0.051000
-3.987283,-3.704807,-6.094101,-5.253171,-7.551416,-5.321737,0.040000
-3.987283,-3.704807,-6.076015,-5.236132,-7.551416,-5.321737,0.040000
-3.987283,-3.704807,-6.057966,-5.219264,-7.551416,-5.321737,0.040000
-3.987283,-3.704807,-6.039958,-5.202556,-7.551416,-5.321737,0.040000
-3.987283,-3.704807,-6.021994,-5.186002,-7.551416,-5.321737,0.040000
-3.987283,-3.704807,-6.004077,-5.169592,-7.551416,-5.321737,0.040000
-3.987283,-3.704807,-5.986211,-5.153318,-7.551416,-5.321737,0.040000
-3.987283,-3.704807,-5.968397,-5.137174,-7.551416,-5.321737,0.040000
-3.987283,-3.704807,-5.950639,-5.121153,-7.551416,-5.321737,0.040000
-3.987283,-3.704807,-5.932939,-5.105249,-7.551416,-5.321737,0.040000
-3.987283,-3.704807,-5.914592,-5.090039,-7.551416,-5.321737,0.041000
-3.987283,-3.704807,-5.897063,-5.074255,-7.551416,-5.321737,0.040000
-3.987283,-3.704807,-5.879592,-5.058579,-7.551416,-5.321737,0.040000
-3.987283,-3.704807,-5.861475,-5.043592,-7.551416,-5.321737,0.041000
-3.987283,-3.704807,-5.844176,-5.028024,-7.551416,-5.321737,0.040000
-3.987283,-3.704807,-5.826935,-5.012560,-7.551416,-5.321737,0.040000
-3.987283,-3.704807,-5.809753,-4.997196,-7.551416,-5.321737,0.040000
-3.987283,-3.704807,-5.792633,-4.981927,-7.551416,-5.321737,0.040000
-3.987283,-3.704807,-5.775574,-4.966749,-7.551416,-5.321737,0.040000
-3.987283,-3.704807,-5.758579,-4.951659,-7.551416,-5.321737,0.040000
-3.987283,-3.704807,-5.741647,-4.936653,-7.551416,-5.321737,0.040000
-3.987283,-3.704807,-5.724780,-4.921728,-7.551416,-5.321737,0.040000
-3.987283,-3.704807,-5.707977,-4.906881,-7.551416,-5.321737,0.040000
-3.987283,-3.704807,-5.691240,-4.892110,-7.551416,-5.321737,0.040000
-3.987283,-3.704807,-5.674569,-4.877411,-7.551416,-5.321737,0.040000
-3.987283,-3.704807,-5.657965,-4.862783,-7.551416,-5.321737,0.040000
-3.987283,-3.704807,-5.641426,-4.848224,-7.551416,-5.321737,0.040000
