15.000000,0.000000,15.000000,0.000000,15.000000,0.000000
15.000000,0.000000,14.999991,0.147674,14.999813,0.149998
15.000000,0.000000,14.999974,0.293130,14.999250,0.299980
15.000000,0.000000,14.999950,0.436466,14.998313,0.449933
15.000000,0.000000,14.999919,0.577777,14.997000,0.599840
15.000000,0.000000,14.999880,0.717149,14.995313,0.749688
15.000000,0.000000,14.999830,0.854664,14.993251,0.899460
15.000000,0.000000,14.999770,0.990401,14.990813,1.049143
15.000000,0.000000,14.999698,1.124432,14.988002,1.198720
15.000000,0.000000,14.999616,1.256826,14.984815,1.348178
15.000000,0.000000,14.999522,1.387648,14.981254,1.497501
15.000000,0.000000,14.999417,1.516962,14.977318,1.646675
15.000000,0.000000,14.999301,1.644824,14.973008,1.795683
15.000000,0.000000,14.999176,1.771291,14.968324,1.944512
15.000000,0.000000,14.999043,1.896416,14.963265,2.093147
15.000000,0.000000,14.998901,2.020248,14.957832,2.241572
15.000000,0.000000,14.998752,2.142835,14.952026,2.389773
15.000000,0.000000,14.998597,2.264224,14.945845,2.537735
15.000000,0.000000,14.998436,2.384457,14.939291,2.685444
15.000000,0.000000,14.998271,2.503575,14.932363,2.832883
15.000000,0.000000,14.998103,2.621617,14.925062,2.980040
15.000000,0.000000,14.997931,2.738622,14.917388,3.126898
15.000000,0.000000,14.997758,2.854625,14.909341,3.273444
15.000000,0.000000,14.997582,2.969660,14.900922,3.419663
15.000000,0.000000,14.997406,3.083759,14.892130,3.565539
14.882965,3.711059,14.987923,3.235074,14.882965,3.711059
14.882965,3.711059,14.978400,3.384547,14.873428,3.856208
14.882965,3.711059,14.968855,3.532244,14.863520,4.000972
14.882965,3.711059,14.959304,3.678232,14.853240,4.145335
14.882965,3.711059,14.949760,3.822570,14.842589,4.289283
14.882965,3.711059,14.940233,3.965317,14.831566,4.432803
14.882965,3.711059,14.930732,4.106528,14.820173,4.575880
14.882965,3.711059,14.921267,4.246253,14.808409,4.718498
14.882965,3.711059,14.911842,4.384544,14.796275,4.860645
14.882965,3.711059,14.902464,4.521446,14.783772,5.002306
14.882965,3.711059,14.893138,4.657004,14.770898,5.143467
14.882965,3.711059,14.883866,4.791261,14.757655,5.284113
14.882965,3.711059,14.874651,4.924257,14.744044,5.424231
14.882965,3.711059,14.865496,5.056031,14.730064,5.563807
14.882965,3.711059,14.856403,5.186621,14.715715,5.702826
14.882965,3.711059,14.847373,5.316060,14.700999,5.841275
14.882965,3.711059,14.838406,5.444384,14.685915,5.979140
14.882965,3.711059,14.829504,5.571624,14.670464,6.116407
14.882965,3.711059,14.820666,5.697812,14.654646,6.253062
14.882965,3.711059,14.811893,5.822978,14.638462,6.389092
14.882965,3.711059,14.803184,5.947150,14.621912,6.524483
14.882965,3.711059,14.794539,6.070355,14.604996,6.659222
14.882965,3.711059,14.785958,6.192621,14.587715,6.793294
14.882965,3.711059,14.777439,6.313972,14.570070,6.926688
14.882965,3.711059,14.768983,6.434433,14.552060,7.059388
14.533686,7.191383,14.749471,6.573033,14.533686,7.191383
14.533686,7.191383,14.730005,6.710152,14.514949,7.322659
14.533686,7.191383,14.710600,6.845853,14.495850,7.453202
14.533686,7.191383,14.691269,6.980189,14.476388,7.583000
14.533686,7.191383,14.672020,7.113212,14.456563,7.712040
14.533686,7.191383,14.652862,7.244971,14.436378,7.840308
14.533686,7.191383,14.633803,7.375509,14.415832,7.967793
14.533686,7.191383,14.614847,7.504868,14.394925,8.094481
14.533686,7.191383,14.595999,7.633087,14.373658,8.220359
14.533686,7.191383,14.577262,7.760202,14.352032,8.345415
14.533686,7.191383,14.558640,7.886247,14.330047,8.469637
14.533686,7.191383,14.540134,8.011254,14.307704,8.593012
14.533686,7.191383,14.521746,8.135255,14.285004,8.715527
14.533686,7.191383,14.503476,8.258277,14.261946,8.837171
14.533686,7.191383,14.485325,8.380347,14.238531,8.957932
14.533686,7.191383,14.467292,8.501493,14.214761,9.077796
14.533686,7.191383,14.449379,8.621737,14.190635,9.196753
14.533686,7.191383,14.431584,8.741105,14.166155,9.314790
14.533686,7.191383,14.413906,8.859617,14.141320,9.431895
14.533686,7.191383,14.396345,8.977296,14.116132,9.548058
14.533686,7.191383,14.378899,9.094161,14.090591,9.663265
14.533686,7.191383,14.361567,9.210234,14.064697,9.777507
14.533686,7.191383,14.344348,9.325531,14.038452,9.890770
14.533686,7.191383,14.327240,9.440073,14.011856,10.003045
14.533686,7.191383,14.310242,9.553875,13.984910,10.114319
13.957614,10.224581,14.281263,9.669851,13.957614,10.224581
13.957614,10.224581,14.252387,9.784650,13.929970,10.333822
13.957614,10.224581,14.223625,9.898329,13.901976,10.442029
13.957614,10.224581,14.194987,10.010942,13.873636,10.549191
13.957614,10.224581,14.166481,10.122536,13.844948,10.655299
13.957614,10.224581,14.138114,10.233154,13.815915,10.760341
13.957614,10.224581,14.109890,10.342835,13.786536,10.864308
13.957614,10.224581,14.081815,10.451615,13.756812,10.967187
13.957614,10.224581,14.053892,10.559529,13.726745,11.068971
13.957614,10.224581,14.026122,10.666606,13.696334,11.169647
13.957614,10.224581,13.998509,10.772875,13.665581,11.269206
13.957614,10.224581,13.971052,10.878361,13.634486,11.367638
13.957614,10.224581,13.943752,10.983090,13.603051,11.464934
13.957614,10.224581,13.916611,11.087083,13.571275,11.561083
13.957614,10.224581,13.889627,11.190362,13.539160,11.656076
13.957614,10.224581,13.862801,11.292946,13.506707,11.749904
13.957614,10.224581,13.836131,11.394854,13.473915,11.842556
13.957614,10.224581,13.809616,11.496103,13.440787,11.934024
13.957614,10.224581,13.783255,11.596711,13.407323,12.024299
13.957614,10.224581,13.757048,11.696692,13.373524,12.113372
13.957614,10.224581,13.730991,11.796061,13.339391,12.201233
13.957614,10.224581,13.705085,11.894832,13.304924,12.287874
13.957614,10.224581,13.679326,11.993018,13.270124,12.373286
13.957614,10.224581,13.653713,12.090633,13.234993,12.457461
13.957614,10.224581,13.628245,12.187688,13.199531,12.540390
13.163738,12.622065,13.590399,12.273581,13.163738,12.622065
13.163738,12.622065,13.552693,12.358555,13.127617,12.702478
13.163738,12.622065,13.515137,12.442669,13.091168,12.781620
13.163738,12.622065,13.477740,12.525974,13.054391,12.859485
13.163738,12.622065,13.440507,12.608515,13.017288,12.936063
13.163738,12.622065,13.403445,12.690334,12.979859,13.011348
13.163738,12.622065,13.366558,12.771468,12.942106,13.085332
13.163738,12.622065,13.329849,12.851949,12.904029,13.158008
13.163738,12.622065,13.293320,12.931808,12.865630,13.229367
13.163738,12.622065,13.256975,13.011072,12.826909,13.299404
13.163738,12.622065,13.220813,13.089765,12.787868,13.368110
13.163738,12.622065,13.184837,13.167911,12.748507,13.435480
13.163738,12.622065,13.149045,13.245528,12.708827,13.501507
13.163738,12.622065,13.113439,13.322636,12.668829,13.566183
13.163738,12.622065,13.078017,13.399252,12.628515,13.629502
13.163738,12.622065,13.042779,13.475391,12.587885,13.691459
13.163738,12.622065,13.007723,13.551068,12.546940,13.752047
13.163738,12.622065,12.972850,13.626296,12.505681,13.811259
13.163738,12.622065,12.938156,13.701088,12.464110,13.869090
13.163738,12.622065,12.903641,13.775455,12.422227,13.925535
13.163738,12.622065,12.869304,13.849408,12.380034,13.980586
13.163738,12.622065,12.835141,13.922956,12.337531,14.034240
13.163738,12.622065,12.801152,13.996109,12.294720,14.086490
13.163738,12.622065,12.767335,14.068877,12.251602,14.137332
13.163738,12.622065,12.733688,14.141267,12.208177,14.186760
12.164447,14.234769,12.687644,14.191802,12.164447,14.234769
12.164447,14.234769,12.641766,14.241649,12.120413,14.281355
12.164447,14.234769,12.596064,14.290863,12.076075,14.326513
12.164447,14.234769,12.550545,14.339495,12.031436,14.370238
12.164447,14.234769,12.505213,14.387590,11.986497,14.412526
12.164447,14.234769,12.460073,14.435187,11.941257,14.453373
12.164447,14.234769,12.415131,14.482322,11.895719,14.492774
12.164447,14.234769,12.370387,14.529024,11.849883,14.530727
12.164447,14.234769,12.325844,14.575323,11.803752,14.567226
12.164447,14.234769,12.281504,14.621242,11.757325,14.602268
12.164447,14.234769,12.237368,14.666804,11.710604,14.635850
12.164447,14.234769,12.193435,14.712028,11.663591,14.667969
12.164447,14.234769,12.149707,14.756931,11.616286,14.698621
12.164447,14.234769,12.106183,14.801531,11.568690,14.727803
12.164447,14.234769,12.062862,14.845840,11.520806,14.755512
12.164447,14.234769,12.019744,14.889871,11.472633,14.781746
12.164447,14.234769,11.976827,14.933637,11.424173,14.806502
12.164447,14.234769,11.934110,14.977147,11.375428,14.829776
12.164447,14.234769,11.891591,15.020411,11.326399,14.851568
12.164447,14.234769,11.849270,15.063437,11.277086,14.871875
12.164447,14.234769,11.807145,15.106233,11.227491,14.890695
12.164447,14.234769,11.765213,15.148807,11.177616,14.908025
12.164447,14.234769,11.723473,15.191165,11.127461,14.923865
12.164447,14.234769,11.681923,15.233312,11.077028,14.938213
12.164447,14.234769,11.640561,15.275255,11.026319,14.951066
10.975333,14.962425,11.587078,15.287438,10.975333,14.962425
10.975333,14.962425,11.533781,15.299139,10.924073,14.972287
10.975333,14.962425,11.480678,15.310413,10.872540,14.980652
10.975333,14.962425,11.427775,15.321308,10.820735,14.987519
10.975333,14.962425,11.375075,15.331867,10.768660,14.992887
10.975333,14.962425,11.322584,15.342128,10.716316,14.996756
10.975333,14.962425,11.270304,15.352123,10.663703,14.999126
10.975333,14.962425,11.218238,15.361882,10.610824,14.999995
10.975333,14.962425,11.166387,15.371430,10.557680,14.999365
10.975333,14.962425,11.114752,15.380789,10.504271,14.997234
10.975333,14.962425,11.063335,15.389979,10.450601,14.993604
10.975333,14.962425,11.012134,15.399018,10.396669,14.988475
10.975333,14.962425,10.961151,15.407920,10.342476,14.981846
10.975333,14.962425,10.910385,15.416700,10.288026,14.973720
10.975333,14.962425,10.859834,15.425369,10.233318,14.964096
10.975333,14.962425,10.809499,15.433938,10.178354,14.952975
10.975333,14.962425,10.759378,15.442415,10.123136,14.940360
10.975333,14.962425,10.709470,15.450810,10.067665,14.926250
10.975333,14.962425,10.659773,15.459129,10.011942,14.910648
10.975333,14.962425,10.610286,15.467379,9.955969,14.893555
10.975333,14.962425,10.561007,15.475565,9.899747,14.874972
10.975333,14.962425,10.511935,15.483692,9.843278,14.854902
10.975333,14.962425,10.463068,15.491765,9.786562,14.833346
10.975333,14.962425,10.414403,15.499788,9.729602,14.810308
10.975333,14.962425,10.365940,15.507764,9.672398,14.785788
9.614953,14.759789,10.305871,15.480979,9.614953,14.759789
9.614953,14.759789,10.246003,15.453901,9.557267,14.732315
9.614953,14.759789,10.186342,15.426582,9.499343,14.703367
9.614953,14.759789,10.126893,15.399066,9.441180,14.672949
9.614953,14.759789,10.067659,15.371393,9.382782,14.641064
9.614953,14.759789,10.008645,15.343598,9.324150,14.607714
9.614953,14.759789,9.949852,15.315711,9.265284,14.572904
9.614953,14.759789,9.891282,15.287758,9.206186,14.536637
9.614953,14.759789,9.832937,15.259762,9.146859,14.498916
9.614953,14.759789,9.774817,15.231744,9.087302,14.459745
9.614953,14.759789,9.716923,15.203721,9.027519,14.419128
9.614953,14.759789,9.659255,15.175707,8.967510,14.377069
9.614953,14.759789,9.601812,15.147717,8.907276,14.333573
9.614953,14.759789,9.544594,15.119762,8.846820,14.288643
9.614953,14.759789,9.487601,15.091850,8.786143,14.242284
9.614953,14.759789,9.430830,15.063992,8.725246,14.194501
9.614953,14.759789,9.374282,15.036194,8.664131,14.145299
9.614953,14.759789,9.317955,15.008463,8.602800,14.094682
9.614953,14.759789,9.261848,14.980804,8.541253,14.042656
9.614953,14.759789,9.205958,14.953222,8.479493,13.989225
9.614953,14.759789,9.150285,14.925720,8.417521,13.934396
9.614953,14.759789,9.094827,14.898302,8.355338,13.878173
9.614953,14.759789,9.039582,14.870971,8.292947,13.820562
9.614953,14.759789,8.984549,14.843729,8.230348,13.761569
9.614953,14.759789,8.929725,14.816578,8.167543,13.701200
8.104535,13.639461,8.864012,14.752598,8.104535,13.639461
8.104535,13.639461,8.798510,14.688496,8.041323,13.576358
8.104535,13.639461,8.733225,14.624320,7.977911,13.511898
8.104535,13.639461,8.668161,14.560109,7.914299,13.446086
8.104535,13.639461,8.603320,14.495900,7.850489,13.378930
8.104535,13.639461,8.538705,14.431721,7.786483,13.310436
8.104535,13.639461,8.474318,14.367600,7.722283,13.240610
8.104535,13.639461,8.410161,14.303561,7.657889,13.169461
8.104535,13.639461,8.346233,14.239622,7.593304,13.096995
8.104535,13.639461,8.282536,14.175801,7.528529,13.023219
8.104535,13.639461,8.219070,14.112114,7.463566,12.948140
8.104535,13.639461,8.155834,14.048572,7.398416,12.871767
8.104535,13.639461,8.092828,13.985188,7.333081,12.794107
8.104535,13.639461,8.030052,13.921969,7.267563,12.715168
8.104535,13.639461,7.967505,13.858925,7.201863,12.634956
8.104535,13.639461,7.905185,13.796061,7.135984,12.553482
8.104535,13.639461,7.843091,13.733384,7.069925,12.470752
8.104535,13.639461,7.781223,13.670898,7.003691,12.386775
8.104535,13.639461,7.719579,13.608607,6.937281,12.301559
8.104535,13.639461,7.658158,13.546514,6.870697,12.215113
8.104535,13.639461,7.596957,13.484622,6.803942,12.127446
8.104535,13.639461,7.535976,13.422932,6.737016,12.038566
8.104535,13.639461,7.475212,13.361446,6.669923,11.948482
8.104535,13.639461,7.414665,13.300165,6.602662,11.857203
8.104535,13.639461,7.354332,13.239090,6.535237,11.764739
6.467648,11.671098,7.283995,13.141954,6.467648,11.671098
6.467648,11.671098,7.213878,13.044852,6.399897,11.576290
6.467648,11.671098,7.143984,12.947823,6.331986,11.480324
6.467648,11.671098,7.074316,12.850901,6.263918,11.383211
6.467648,11.671098,7.004877,12.754115,6.195692,11.284959
6.467648,11.671098,6.935667,12.657492,6.127312,11.185578
6.467648,11.671098,6.866689,12.561052,6.058778,11.085079
6.467648,11.671098,6.797943,12.464816,5.990093,10.983472
6.467648,11.671098,6.729429,12.368799,5.921258,10.880766
6.467648,11.671098,6.661148,12.273015,5.852275,10.776972
6.467648,11.671098,6.593099,12.177477,5.783146,10.672100
6.467648,11.671098,6.525283,12.082194,5.713872,10.566161
6.467648,11.671098,6.457698,11.987176,5.644456,10.459166
6.467648,11.671098,6.390344,11.892428,5.574898,10.351125
6.467648,11.671098,6.323220,11.797958,5.505201,10.242048
6.467648,11.671098,6.256324,11.703770,5.435366,10.131948
6.467648,11.671098,6.189656,11.609867,5.365396,10.020834
6.467648,11.671098,6.123215,11.516254,5.295291,9.908718
6.467648,11.671098,6.056999,11.422932,5.225054,9.795611
6.467648,11.671098,5.991006,11.329904,5.154686,9.681525
6.467648,11.671098,5.925236,11.237170,5.084190,9.566471
6.467648,11.671098,5.859687,11.144732,5.013566,9.450459
6.467648,11.671098,5.794356,11.052589,4.942817,9.333503
6.467648,11.671098,5.729244,10.960742,4.871944,9.215614
6.467648,11.671098,5.664347,10.869191,4.800950,9.096803
4.729835,8.977082,5.590474,10.744955,4.729835,8.977082
4.729835,8.977082,5.516825,10.620890,4.658603,8.856464
4.729835,8.977082,5.443404,10.497025,4.587254,8.734960
4.729835,8.977082,5.370212,10.373387,4.515790,8.612582
4.729835,8.977082,5.297250,10.250000,4.444213,8.489343
4.729835,8.977082,5.224520,10.126881,4.372525,8.365256
4.729835,8.977082,5.152021,10.004048,4.300728,8.240332
4.729835,8.977082,5.079755,9.881516,4.228823,8.114583
4.729835,8.977082,5.007722,9.759295,4.156813,7.988024
4.729835,8.977082,4.935920,9.637398,4.084699,7.860665
4.729835,8.977082,4.864350,9.515831,4.012482,7.732521
4.729835,8.977082,4.793011,9.394603,3.940166,7.603603
4.729835,8.977082,4.721902,9.273719,3.867750,7.473925
4.729835,8.977082,4.651022,9.153184,3.795239,7.343499
4.729835,8.977082,4.580371,9.033002,3.722632,7.212339
4.729835,8.977082,4.509946,8.913177,3.649932,7.080458
4.729835,8.977082,4.439748,8.793709,3.577141,6.947869
4.729835,8.977082,4.369775,8.674602,3.504260,6.814585
4.729835,8.977082,4.300025,8.555855,3.431292,6.680620
4.729835,8.977082,4.230497,8.437470,3.358238,6.545986
4.729835,8.977082,4.161190,8.319447,3.285100,6.410698
4.729835,8.977082,4.092102,8.201786,3.211880,6.274769
4.729835,8.977082,4.023232,8.084486,3.138580,6.138213
4.729835,8.977082,3.954579,7.967546,3.065201,6.001042
4.729835,8.977082,3.886140,7.850965,2.991746,5.863272
2.918216,5.724915,3.809868,7.707329,2.918216,5.724915
2.918216,5.724915,3.733824,7.563980,2.844612,5.585986
2.918216,5.724915,3.658010,7.420938,2.770938,5.446498
2.918216,5.724915,3.582425,7.278221,2.697195,5.306465
2.918216,5.724915,3.507070,7.135843,2.623384,5.165902
2.918216,5.724915,3.431946,6.993818,2.549507,5.024822
2.918216,5.724915,3.357052,6.852155,2.475567,4.883240
2.918216,5.724915,3.282388,6.710865,2.401565,4.741169
2.918216,5.724915,3.207954,6.569953,2.327502,4.598625
2.918216,5.724915,3.133749,6.429427,2.253382,4.455620
2.918216,5.724915,3.059773,6.289291,2.179205,4.312170
2.918216,5.724915,2.986023,6.149550,2.104974,4.168289
2.918216,5.724915,2.912500,6.010207,2.030690,4.023991
2.918216,5.724915,2.839203,5.871264,1.956356,3.879290
2.918216,5.724915,2.766130,5.732722,1.881972,3.734202
2.918216,5.724915,2.693280,5.594583,1.807542,3.588740
2.918216,5.724915,2.620652,5.456848,1.733066,3.442919
2.918216,5.724915,2.548244,5.319517,1.658547,3.296754
2.918216,5.724915,2.476056,5.182589,1.583986,3.150259
2.918216,5.724915,2.404086,5.046065,1.509386,3.003450
2.918216,5.724915,2.332332,4.909942,1.434748,2.856340
2.918216,5.724915,2.260794,4.774221,1.360074,2.708944
2.918216,5.724915,2.189470,4.638899,1.285367,2.561277
2.918216,5.724915,2.118358,4.503976,1.210627,2.413355
2.918216,5.724915,2.047457,4.369450,1.135857,2.265191
1.061058,2.116800,1.969960,4.215285,1.061058,2.116800
1.061058,2.116800,1.892692,4.061502,0.986233,1.968198
1.061058,2.116800,1.815653,3.908110,0.911383,1.819399
1.061058,2.116800,1.738842,3.755116,0.836511,1.670418
1.061058,2.116800,1.662260,3.602528,0.761617,1.521270
1.061058,2.116800,1.585904,3.450351,0.686705,1.371970
1.061058,2.116800,1.509776,3.298588,0.611775,1.222532
1.061058,2.116800,1.433873,3.147243,0.536830,1.072973
1.061058,2.116800,1.358195,2.996319,0.461872,0.923306
1.061058,2.116800,1.282741,2.845817,0.386902,0.773547
1.061058,2.116800,1.207510,2.695739,0.311922,0.623710
1.061058,2.116800,1.132500,2.546085,0.236935,0.473811
1.061058,2.116800,1.057712,2.396857,0.161942,0.323865
1.061058,2.116800,0.983142,2.248053,0.086944,0.173886
1.061058,2.116800,0.908790,2.099673,0.011945,0.023890
1.061058,2.116800,0.834656,1.951717,-0.063055,-0.126109
1.061058,2.116800,0.760736,1.804183,-0.138053,-0.276095
1.061058,2.116800,0.687032,1.657071,-0.213048,-0.426053
1.061058,2.116800,0.613540,1.510379,-0.288037,-0.575969
1.061058,2.116800,0.540259,1.364105,-0.363020,-0.725827
1.061058,2.116800,0.467189,1.218248,-0.437993,-0.875612
1.061058,2.116800,0.394328,1.072805,-0.512955,-1.025310
1.061058,2.116800,0.321675,0.927775,-0.587904,-1.174906
1.061058,2.116800,0.249228,0.783156,-0.662839,-1.324383
1.061058,2.116800,0.176985,0.638946,-0.737757,-1.473729
-0.812657,-1.622927,0.099454,0.483753,-0.812657,-1.622927
-0.812657,-1.622927,0.022151,0.329012,-0.887536,-1.771963
-0.812657,-1.622927,-0.054925,0.174721,-0.962394,-1.920821
-0.812657,-1.622927,-0.131776,0.020879,-1.037227,-2.069488
-0.812657,-1.622927,-0.208404,-0.132517,-1.112034,-2.217948
-0.812657,-1.622927,-0.284809,-0.285469,-1.186813,-2.366185
-0.812657,-1.622927,-0.360993,-0.437979,-1.261563,-2.514187
-0.812657,-1.622927,-0.436957,-0.590049,-1.336281,-2.661936
-0.812657,-1.622927,-0.512704,-0.741683,-1.410966,-2.809420
-0.812657,-1.622927,-0.588233,-0.892882,-1.485616,-2.956623
-0.812657,-1.622927,-0.663548,-1.043648,-1.560228,-3.103530
-0.812657,-1.622927,-0.738648,-1.193986,-1.634801,-3.250126
-0.812657,-1.622927,-0.813535,-1.343896,-1.709334,-3.396398
-0.812657,-1.622927,-0.888212,-1.493381,-1.783824,-3.542330
-0.812657,-1.622927,-0.962678,-1.642444,-1.858269,-3.687908
-0.812657,-1.622927,-1.036936,-1.791088,-1.932667,-3.833117
-0.812657,-1.622927,-1.110987,-1.939315,-2.007018,-3.977942
-0.812657,-1.622927,-1.184831,-2.087128,-2.081318,-4.122370
-0.812657,-1.622927,-1.258472,-2.234528,-2.155566,-4.266386
-0.812657,-1.622927,-1.331909,-2.381520,-2.229761,-4.409975
-0.812657,-1.622927,-1.405144,-2.528105,-2.303899,-4.553123
-0.812657,-1.622927,-1.478178,-2.674285,-2.377980,-4.695815
-0.812657,-1.622927,-1.551013,-2.820064,-2.452002,-4.838039
-0.812657,-1.622927,-1.623650,-2.965443,-2.525962,-4.979778
-0.812657,-1.622927,-1.696091,-3.110426,-2.599859,-5.121019
-2.673691,-5.261748,-1.772465,-3.257103,-2.673691,-5.261748
-2.673691,-5.261748,-1.848614,-3.403282,-2.747456,-5.401951
-2.673691,-5.261748,-1.924541,-3.548977,-2.821153,-5.541614
-2.673691,-5.261748,-2.000248,-3.694198,-2.894779,-5.680723
-2.673691,-5.261748,-2.075737,-3.838957,-2.968332,-5.819264
-2.673691,-5.261748,-2.151010,-3.983262,-3.041812,-5.957223
-2.673691,-5.261748,-2.226070,-4.127122,-3.115215,-6.094586
-2.673691,-5.261748,-2.300919,-4.270545,-3.188541,-6.231339
-2.673691,-5.261748,-2.375557,-4.413538,-3.261786,-6.367470
-2.673691,-5.261748,-2.449988,-4.556108,-3.334951,-6.502963
-2.673691,-5.261748,-2.524213,-4.698260,-3.408031,-6.637807
-2.673691,-5.261748,-2.598233,-4.840000,-3.481027,-6.771986
-2.673691,-5.261748,-2.672050,-4.981333,-3.553936,-6.905489
-2.673691,-5.261748,-2.745666,-5.122265,-3.626756,-7.038301
-2.673691,-5.261748,-2.819082,-5.262800,-3.699485,-7.170409
-2.673691,-5.261748,-2.892299,-5.402941,-3.772121,-7.301800
-2.673691,-5.261748,-2.965319,-5.542694,-3.844664,-7.432461
-2.673691,-5.261748,-3.038144,-5.682061,-3.917110,-7.562378
-2.673691,-5.261748,-3.110775,-5.821046,-3.989458,-7.691540
-2.673691,-5.261748,-3.183212,-5.959653,-4.061707,-7.819932
-2.673691,-5.261748,-3.255458,-6.097885,-4.133854,-7.947542
-2.673691,-5.261748,-3.327513,-6.235745,-4.205897,-8.074358
-2.673691,-5.261748,-3.399379,-6.373236,-4.277836,-8.200366
-2.673691,-5.261748,-3.471057,-6.510360,-4.349667,-8.325554
-2.673691,-5.261748,-3.542549,-6.647122,-4.421390,-8.449909
-4.493003,-8.573420,-3.616594,-6.776278,-4.493003,-8.573420
-4.493003,-8.573420,-3.690419,-6.904919,-4.564503,-8.696073
-4.493003,-8.573420,-3.764027,-7.033066,-4.635888,-8.817857
-4.493003,-8.573420,-3.837422,-7.160739,-4.707158,-8.938758
-4.493003,-8.573420,-3.910607,-7.287956,-4.778311,-9.058766
-4.493003,-8.573420,-3.983585,-7.414733,-4.849344,-9.177868
-4.493003,-8.573420,-4.056359,-7.541085,-4.920255,-9.296053
-4.493003,-8.573420,-4.128930,-7.667023,-4.991044,-9.413307
-4.493003,-8.573420,-4.201303,-7.792560,-5.061707,-9.529621
-4.493003,-8.573420,-4.273478,-7.917706,-5.132245,-9.644981
-4.493003,-8.573420,-4.345457,-8.042470,-5.202654,-9.759377
-4.493003,-8.573420,-4.417243,-8.166860,-5.272933,-9.872797
-4.493003,-8.573420,-4.488838,-8.290884,-5.343080,-9.985230
-4.493003,-8.573420,-4.560242,-8.414549,-5.413093,-10.096664
-4.493003,-8.573420,-4.631459,-8.537861,-5.482971,-10.207089
-4.493003,-8.573420,-4.702489,-8.660826,-5.552712,-10.316492
-4.493003,-8.573420,-4.773333,-8.783448,-5.622315,-10.424865
-4.493003,-8.573420,-4.843994,-8.905734,-5.691776,-10.532194
-4.493003,-8.573420,-4.914472,-9.027686,-5.761096,-10.638471
-4.493003,-8.573420,-4.984769,-9.149310,-5.830271,-10.743684
-4.493003,-8.573420,-5.054887,-9.270609,-5.899301,-10.847822
-4.493003,-8.573420,-5.124825,-9.391587,-5.968183,-10.950875
-4.493003,-8.573420,-5.194586,-9.512246,-6.036916,-11.052834
-4.493003,-8.573420,-5.264171,-9.632591,-6.105498,-11.153687
-4.493003,-8.573420,-5.333581,-9.752623,-6.173927,-11.253425
-6.242203,-11.352037,-5.404161,-9.856351,-6.242203,-11.352037
-6.242203,-11.352037,-5.474527,-9.959570,-6.310322,-11.449515
-6.242203,-11.352037,-5.544684,-10.062311,-6.378283,-11.545847
-6.242203,-11.352037,-5.614636,-10.164601,-6.446085,-11.641025
-6.242203,-11.352037,-5.684388,-10.266464,-6.513725,-11.735039
-6.242203,-11.352037,-5.753942,-10.367922,-6.581203,-11.827879
-6.242203,-11.352037,-5.823303,-10.468993,-6.648516,-11.919536
-6.242203,-11.352037,-5.892473,-10.569696,-6.715663,-12.010002
-6.242203,-11.352037,-5.961455,-10.670044,-6.782642,-12.099266
-6.242203,-11.352037,-6.030252,-10.770051,-6.849452,-12.187321
-6.242203,-11.352037,-6.098866,-10.869729,-6.916090,-12.274157
-6.242203,-11.352037,-6.167299,-10.969089,-6.982556,-12.359765
-6.242203,-11.352037,-6.235554,-11.068140,-7.048847,-12.444138
-6.242203,-11.352037,-6.303631,-11.166890,-7.114961,-12.527266
-6.242203,-11.352037,-6.371534,-11.265349,-7.180898,-12.609141
-6.242203,-11.352037,-6.439263,-11.363521,-7.246655,-12.689756
-6.242203,-11.352037,-6.506820,-11.461414,-7.312232,-12.769101
-6.242203,-11.352037,-6.574206,-11.559033,-7.377625,-12.847170
-6.242203,-11.352037,-6.641424,-11.656383,-7.442834,-12.923954
-6.242203,-11.352037,-6.708473,-11.753469,-7.507856,-12.999445
-6.242203,-11.352037,-6.775356,-11.850295,-7.572692,-13.073637
-6.242203,-11.352037,-6.842074,-11.946865,-7.637337,-13.146521
-6.242203,-11.352037,-6.908628,-12.043182,-7.701792,-13.218090
-6.242203,-11.352037,-6.975019,-12.139250,-7.766054,-13.288338
-6.242203,-11.352037,-7.041247,-12.235071,-7.830123,-13.357257
-7.893995,-13.424840,-7.107279,-12.307043,-7.893995,-13.424840
-7.893995,-13.424840,-7.173105,-12.378537,-7.957670,-13.491081
-7.893995,-13.424840,-7.238731,-12.449592,-8.021146,-13.555973
-7.893995,-13.424840,-7.304162,-12.520240,-8.084422,-13.619509
-7.893995,-13.424840,-7.369403,-12.590510,-8.147495,-13.681683
-7.893995,-13.424840,-7.434460,-12.660428,-8.210365,-13.742489
-7.893995,-13.424840,-7.499334,-12.730017,-8.273030,-13.801921
-7.893995,-13.424840,-7.564031,-12.799296,-8.335487,-13.859972
-7.893995,-13.424840,-7.628552,-12.868284,-8.397737,-13.916638
-7.893995,-13.424840,-7.692902,-12.936995,-8.459776,-13.971912
-7.893995,-13.424840,-7.757083,-13.005445,-8.521604,-14.025789
-7.893995,-13.424840,-7.821096,-13.073646,-8.583219,-14.078263
-7.893995,-13.424840,-7.884945,-13.141607,-8.644619,-14.129329
-7.893995,-13.424840,-7.948632,-13.209340,-8.705803,-14.178983
-7.893995,-13.424840,-8.012157,-13.276853,-8.766769,-14.227218
-7.893995,-13.424840,-8.075524,-13.344153,-8.827517,-14.274031
-7.893995,-13.424840,-8.138733,-13.411247,-8.888043,-14.319417
-7.893995,-13.424840,-8.201787,-13.478142,-8.948348,-14.363370
-7.893995,-13.424840,-8.264686,-13.544843,-9.008429,-14.405887
-7.893995,-13.424840,-8.327432,-13.611355,-9.068284,-14.446964
-7.893995,-13.424840,-8.390026,-13.677683,-9.127913,-14.486596
-7.893995,-13.424840,-8.452469,-13.743829,-9.187313,-14.524779
-7.893995,-13.424840,-8.514763,-13.809799,-9.246484,-14.561510
-7.893995,-13.424840,-8.576908,-13.875595,-9.305424,-14.596785
-7.893995,-13.424840,-8.638906,-13.941220,-9.364131,-14.630600
-9.422604,-14.662952,-8.699377,-13.977077,-9.422604,-14.662952
-9.422604,-14.662952,-8.759652,-14.012511,-9.480842,-14.693837
-9.422604,-14.662952,-8.819737,-14.047565,-9.538842,-14.723254
-9.422604,-14.662952,-8.879640,-14.082274,-9.596604,-14.751198
-9.422604,-14.662952,-8.939365,-14.116672,-9.654126,-14.777667
-9.422604,-14.662952,-8.998917,-14.150785,-9.711407,-14.802658
-9.422604,-14.662952,-9.058302,-14.184640,-9.768445,-14.826169
-9.422604,-14.662952,-9.117522,-14.218259,-9.825239,-14.848197
-9.422604,-14.662952,-9.176582,-14.251660,-9.881787,-14.868741
-9.422604,-14.662952,-9.235484,-14.284861,-9.938088,-14.887797
-9.422604,-14.662952,-9.294232,-14.317878,-9.994140,-14.905365
-9.422604,-14.662952,-9.352829,-14.350722,-10.049943,-14.921442
-9.422604,-14.662952,-9.411276,-14.383407,-10.105495,-14.936028
-9.422604,-14.662952,-9.469576,-14.415943,-10.160793,-14.949119
-9.422604,-14.662952,-9.527730,-14.448339,-10.215838,-14.960716
-9.422604,-14.662952,-9.585742,-14.480602,-10.270628,-14.970817
-9.422604,-14.662952,-9.643612,-14.512741,-10.325160,-14.979420
-9.422604,-14.662952,-9.701341,-14.544761,-10.379435,-14.986526
-9.422604,-14.662952,-9.758932,-14.576668,-10.433450,-14.992133
-9.422604,-14.662952,-9.816386,-14.608468,-10.487204,-14.996241
-9.422604,-14.662952,-9.873703,-14.640165,-10.540696,-14.998849
-9.422604,-14.662952,-9.930886,-14.671762,-10.593925,-14.999957
-9.422604,-14.662952,-9.987935,-14.703263,-10.646888,-14.999566
-9.422604,-14.662952,-10.044851,-14.734671,-10.699586,-14.997674
-9.422604,-14.662952,-10.101635,-14.765990,-10.752016,-14.994283
-10.804177,-14.989392,-10.155618,-14.763610,-10.804177,-14.989392
-10.804177,-14.989392,-10.209417,-14.760882,-10.856068,-14.983002
-10.804177,-14.989392,-10.263038,-14.757850,-10.907688,-14.975114
-10.804177,-14.989392,-10.316489,-14.754551,-10.959035,-14.965729
-10.804177,-14.989392,-10.369777,-14.751019,-11.010108,-14.954847
-10.804177,-14.989392,-10.422906,-14.747284,-11.060906,-14.942469
-10.804177,-14.989392,-10.475881,-14.743370,-11.111427,-14.928597
-10.804177,-14.989392,-10.528708,-14.739301,-11.161670,-14.913233
-10.804177,-14.989392,-10.581390,-14.735097,-11.211635,-14.896377
-10.804177,-14.989392,-10.633929,-14.730775,-11.261319,-14.878031
-10.804177,-14.989392,-10.686331,-14.726351,-11.310722,-14.858198
-10.804177,-14.989392,-10.738597,-14.721839,-11.359842,-14.836879
-10.804177,-14.989392,-10.790730,-14.717249,-11.408677,-14.814076
-10.804177,-14.989392,-10.842732,-14.712594,-11.457228,-14.789792
-10.804177,-14.989392,-10.894605,-14.707882,-11.505492,-14.764029
-10.804177,-14.989392,-10.946352,-14.703121,-11.553469,-14.736789
-10.804177,-14.989392,-10.997974,-14.698318,-11.601157,-14.708076
-10.804177,-14.989392,-11.049472,-14.693480,-11.648554,-14.677892
-10.804177,-14.989392,-11.100849,-14.688612,-11.695661,-14.646240
-10.804177,-14.989392,-11.152105,-14.683719,-11.742475,-14.613124
-10.804177,-14.989392,-11.203241,-14.678806,-11.788995,-14.578546
-10.804177,-14.989392,-11.254259,-14.673875,-11.835221,-14.542510
-10.804177,-14.989392,-11.305161,-14.668932,-11.881151,-14.505021
-10.804177,-14.989392,-11.355945,-14.663977,-11.926784,-14.466080
-10.804177,-14.989392,-11.406615,-14.659014,-11.972119,-14.425694
-12.017154,-14.383864,-11.453284,-14.618641,-12.017154,-14.383864
-12.017154,-14.383864,-11.499781,-14.578012,-12.061889,-14.340596
-12.017154,-14.383864,-11.546115,-14.537167,-12.106323,-14.295894
-12.017154,-14.383864,-11.592292,-14.496144,-12.150454,-14.249763
-12.017154,-14.383864,-11.638321,-14.454976,-12.194281,-14.202207
-12.017154,-14.383864,-11.684206,-14.413691,-12.237803,-14.153230
-12.017154,-14.383864,-11.729954,-14.372315,-12.281019,-14.102838
-12.017154,-14.383864,-11.775569,-14.330869,-12.323928,-14.051036
-12.017154,-14.383864,-11.821055,-14.289373,-12.366529,-13.997829
-12.017154,-14.383864,-11.866416,-14.247843,-12.408821,-13.943222
-12.017154,-14.383864,-11.911656,-14.206296,-12.450803,-13.887220
-12.017154,-14.383864,-11.956777,-14.164743,-12.492473,-13.829830
-12.017154,-14.383864,-12.001782,-14.123196,-12.533832,-13.771057
-12.017154,-14.383864,-12.046673,-14.081666,-12.574876,-13.710907
-12.017154,-14.383864,-12.091454,-14.040161,-12.615607,-13.649386
-12.017154,-14.383864,-12.136125,-13.998689,-12.656022,-13.586500
-12.017154,-14.383864,-12.180688,-13.957256,-12.696121,-13.522255
-12.017154,-14.383864,-12.225146,-13.915868,-12.735902,-13.456658
-12.017154,-14.383864,-12.269499,-13.874531,-12.775365,-13.389715
-12.017154,-14.383864,-12.313749,-13.833249,-12.814508,-13.321434
-12.017154,-14.383864,-12.357897,-13.792026,-12.853331,-13.251820
-12.017154,-14.383864,-12.401944,-13.750865,-12.891833,-13.180881
-12.017154,-14.383864,-12.445892,-13.709769,-12.930013,-13.108624
-12.017154,-14.383864,-12.489740,-13.668741,-12.967869,-13.035056
-12.017154,-14.383864,-12.533491,-13.627782,-13.005401,-12.960185
-13.042608,-12.884017,-12.572132,-13.552011,-13.042608,-12.884017
-13.042608,-12.884017,-12.610615,-13.476083,-13.079489,-12.806562
-13.042608,-12.884017,-12.648950,-13.400039,-13.116042,-12.727825
-13.042608,-12.884017,-12.687144,-13.323911,-13.152268,-12.647816
-13.042608,-12.884017,-12.725205,-13.247730,-13.188165,-12.566542
-13.042608,-12.884017,-12.763139,-13.171522,-13.223733,-12.484012
-13.042608,-12.884017,-12.800952,-13.095310,-13.258970,-12.400233
-13.042608,-12.884017,-12.838649,-13.019114,-13.293875,-12.315214
-13.042608,-12.884017,-12.876235,-12.942952,-13.328448,-12.228963
-13.042608,-12.884017,-12.913713,-12.866839,-13.362688,-12.141490
-13.042608,-12.884017,-12.951087,-12.790789,-13.396594,-12.052802
-13.042608,-12.884017,-12.988360,-12.714813,-13.430165,-11.962910
-13.042608,-12.884017,-13.025535,-12.638921,-13.463400,-11.871820
-13.042608,-12.884017,-13.062614,-12.563124,-13.496298,-11.779544
-13.042608,-12.884017,-13.099600,-12.487427,-13.528859,-11.686090
-13.042608,-12.884017,-13.136495,-12.411840,-13.561082,-11.591467
-13.042608,-12.884017,-13.173300,-12.336366,-13.592966,-11.495685
-13.042608,-12.884017,-13.210017,-12.261012,-13.624510,-11.398754
-13.042608,-12.884017,-13.246648,-12.185782,-13.655713,-11.300683
-13.042608,-12.884017,-13.283194,-12.110680,-13.686575,-11.201481
-13.042608,-12.884017,-13.319656,-12.035708,-13.717095,-11.101160
-13.042608,-12.884017,-13.356035,-11.960871,-13.747272,-10.999728
-13.042608,-12.884017,-13.392333,-11.886170,-13.777105,-10.897196
-13.042608,-12.884017,-13.428549,-11.811607,-13.806594,-10.793575
-13.042608,-12.884017,-13.464685,-11.737184,-13.835738,-10.688874
-13.864536,-10.583105,-13.494709,-11.630794,-13.864536,-10.583105
-13.864536,-10.583105,-13.524591,-11.524355,-13.892987,-10.476277
-13.864536,-10.583105,-13.554339,-11.417900,-13.921091,-10.368402
-13.864536,-10.583105,-13.583964,-11.311458,-13.948846,-10.259489
-13.864536,-10.583105,-13.613472,-11.205055,-13.976254,-10.149551
-13.864536,-10.583105,-13.642870,-11.098713,-14.003311,-10.038598
-13.864536,-10.583105,-13.672165,-10.992451,-14.030019,-9.926641
-13.864536,-10.583105,-13.701361,-10.886286,-14.056376,-9.813691
-13.864536,-10.583105,-13.730464,-10.780233,-14.082381,-9.699760
-13.864536,-10.583105,-13.759477,-10.674305,-14.108034,-9.584859
-13.864536,-10.583105,-13.788404,-10.568514,-14.133335,-9.469000
-13.864536,-10.583105,-13.817248,-10.462868,-14.158282,-9.352193
-13.864536,-10.583105,-13.846013,-10.357377,-14.182876,-9.234452
-13.864536,-10.583105,-13.874700,-10.252049,-14.207115,-9.115787
-13.864536,-10.583105,-13.903313,-10.146889,-14.230998,-8.996210
-13.864536,-10.583105,-13.931852,-10.041904,-14.254526,-8.875734
-13.864536,-10.583105,-13.960321,-9.937097,-14.277698,-8.754370
-13.864536,-10.583105,-13.988720,-9.832474,-14.300512,-8.632131
-13.864536,-10.583105,-14.017051,-9.728037,-14.322969,-8.509028
-13.864536,-10.583105,-14.045316,-9.623791,-14.345068,-8.385075
-13.864536,-10.583105,-14.073515,-9.519736,-14.366809,-8.260283
-13.864536,-10.583105,-14.101649,-9.415876,-14.388190,-8.134665
-13.864536,-10.583105,-14.129720,-9.312213,-14.409211,-8.008234
-13.864536,-10.583105,-14.157729,-9.208747,-14.429872,-7.881002
-13.864536,-10.583105,-14.185675,-9.105480,-14.450173,-7.752982
-14.470112,-7.624186,-14.206625,-8.975142,-14.470112,-7.624186
-14.470112,-7.624186,-14.227449,-8.844862,-14.489690,-7.494628
-14.470112,-7.624186,-14.248158,-8.714665,-14.508905,-7.364321
-14.470112,-7.624186,-14.268759,-8.584574,-14.527757,-7.233277
-14.470112,-7.624186,-14.289262,-8.454609,-14.546247,-7.101510
-14.470112,-7.624186,-14.309673,-8.324785,-14.564372,-6.969033
-14.470112,-7.624186,-14.329998,-8.195119,-14.582134,-6.835859
-14.470112,-7.624186,-14.350242,-8.065622,-14.599531,-6.702001
-14.470112,-7.624186,-14.370412,-7.936307,-14.616563,-6.567473
-14.470112,-7.624186,-14.390510,-7.807182,-14.633230,-6.432288
-14.470112,-7.624186,-14.410541,-7.678256,-14.649531,-6.296460
-14.470112,-7.624186,-14.430507,-7.549537,-14.665465,-6.160003
-14.470112,-7.624186,-14.450413,-7.421032,-14.681033,-6.022929
-14.470112,-7.624186,-14.470260,-7.292744,-14.696234,-5.885253
-14.470112,-7.624186,-14.490050,-7.164680,-14.711067,-5.746989
-14.470112,-7.624186,-14.509787,-7.036843,-14.725533,-5.608150
-14.470112,-7.624186,-14.529471,-6.909237,-14.739631,-5.468750
-14.470112,-7.624186,-14.549104,-6.781864,-14.753360,-5.328803
-14.470112,-7.624186,-14.568688,-6.654727,-14.766720,-5.188324
-14.470112,-7.624186,-14.588223,-6.527828,-14.779711,-5.047325
-14.470112,-7.624186,-14.607712,-6.401169,-14.792333,-4.905822
-14.470112,-7.624186,-14.627155,-6.274752,-14.804584,-4.763828
-14.470112,-7.624186,-14.646553,-6.148576,-14.816466,-4.621358
-14.470112,-7.624186,-14.665907,-6.022644,-14.827977,-4.478426
-14.470112,-7.624186,-14.685217,-5.896955,-14.839118,-4.335046
-14.849887,-4.191232,-14.696777,-5.750815,-14.849887,-4.191232
-14.849887,-4.191232,-14.708229,-5.604834,-14.860286,-4.047000
-14.849887,-4.191232,-14.719583,-5.459029,-14.870313,-3.902362
-14.849887,-4.191232,-14.730848,-5.313414,-14.879968,-3.757335
-14.849887,-4.191232,-14.742032,-5.168002,-14.889251,-3.611931
-14.849887,-4.191232,-14.753143,-5.022802,-14.898162,-3.466167
-14.849887,-4.191232,-14.764187,-4.877825,-14.906700,-3.320056
-14.849887,-4.191232,-14.775168,-4.733078,-14.914866,-3.173612
-14.849887,-4.191232,-14.786093,-4.588569,-14.922659,-3.026852
-14.849887,-4.191232,-14.796966,-4.444303,-14.930078,-2.879789
-14.849887,-4.191232,-14.807789,-4.300286,-14.937125,-2.732438
-14.849887,-4.191232,-14.818567,-4.156521,-14.943798,-2.584813
-14.849887,-4.191232,-14.829303,-4.013013,-14.950097,-2.436930
-14.849887,-4.191232,-14.839999,-3.869765,-14.956023,-2.288804
-14.849887,-4.191232,-14.850657,-3.726780,-14.961575,-2.140448
-14.849887,-4.191232,-14.861279,-3.584059,-14.966753,-1.991879
-14.849887,-4.191232,-14.871868,-3.441605,-14.971557,-1.843110
-14.849887,-4.191232,-14.882425,-3.299420,-14.975986,-1.694157
-14.849887,-4.191232,-14.892951,-3.157504,-14.980041,-1.545034
-14.849887,-4.191232,-14.903448,-3.015858,-14.983721,-1.395758
-14.849887,-4.191232,-14.913916,-2.874484,-14.987027,-1.246341
-14.849887,-4.191232,-14.924356,-2.733381,-14.989958,-1.096800
-14.849887,-4.191232,-14.934771,-2.592551,-14.992515,-0.947149
-14.849887,-4.191232,-14.945159,-2.451993,-14.994697,-0.797404
-14.849887,-4.191232,-14.955522,-2.311707,-14.996503,-0.647578
-14.997935,-0.497688,-14.957522,-2.158881,-14.997935,-0.497688
-14.997935,-0.497688,-14.959432,-2.006305,-14.998992,-0.347748
-14.997935,-0.497688,-14.961262,-1.853985,-14.999674,-0.197774
-14.997935,-0.497688,-14.963022,-1.701927,-14.999981,-0.047780
-14.997935,-0.497688,-14.964720,-1.550135,-14.999913,0.102220
-14.997935,-0.497688,-14.966363,-1.398614,-14.999470,0.252209
-14.997935,-0.497688,-14.967957,-1.247365,-14.998652,0.402172
-14.997935,-0.497688,-14.969508,-1.096392,-14.997459,0.552096
-14.997935,-0.497688,-14.971021,-0.945698,-14.995891,0.701964
-14.997935,-0.497688,-14.972500,-0.795284,-14.993948,0.851762
-14.997935,-0.497688,-14.973949,-0.645151,-14.991630,1.001475
-14.997935,-0.497688,-14.975372,-0.495302,-14.988938,1.151088
-14.997935,-0.497688,-14.976770,-0.345736,-14.985871,1.300585
-14.997935,-0.497688,-14.978147,-0.196455,-14.982429,1.449953
-14.997935,-0.497688,-14.979505,-0.047460,-14.978612,1.599175
-14.997935,-0.497688,-14.980846,0.101250,-14.974422,1.748238
-14.997935,-0.497688,-14.982172,0.249674,-14.969856,1.897126
-14.997935,-0.497688,-14.983484,0.397813,-14.964917,2.045824
-14.997935,-0.497688,-14.984784,0.545665,-14.959603,2.194318
-14.997935,-0.497688,-14.986072,0.693232,-14.953916,2.342592
-14.997935,-0.497688,-14.987350,0.840513,-14.947854,2.490632
-14.997935,-0.497688,-14.988620,0.987509,-14.941419,2.638422
-14.997935,-0.497688,-14.989881,1.134221,-14.934611,2.785949
-14.997935,-0.497688,-14.991134,1.280648,-14.927429,2.933198
-14.997935,-0.497688,-14.992380,1.426791,-14.919873,3.080153
-14.911945,3.226800,-14.984797,1.576781,-14.911945,3.226800
-14.911945,3.226800,-14.977142,1.726446,-14.903644,3.373124
-14.911945,3.226800,-14.969427,1.875791,-14.894971,3.519111
-14.911945,3.226800,-14.961661,2.024818,-14.885925,3.664746
-14.911945,3.226800,-14.953851,2.173533,-14.876506,3.810015
-14.911945,3.226800,-14.946006,2.321937,-14.866716,3.954903
-14.911945,3.226800,-14.938130,2.470033,-14.856555,4.099395
-14.911945,3.226800,-14.930230,2.617826,-14.846022,4.243477
-14.911945,3.226800,-14.922310,2.765316,-14.835117,4.387135
-14.911945,3.226800,-14.914375,2.912507,-14.823842,4.530354
-14.911945,3.226800,-14.906428,3.059400,-14.812197,4.673120
-14.911945,3.226800,-14.898473,3.205997,-14.800181,4.815419
-14.911945,3.226800,-14.890512,3.352301,-14.787794,4.957237
-14.911945,3.226800,-14.882548,3.498313,-14.775039,5.098558
-14.911945,3.226800,-14.874584,3.644034,-14.761914,5.239370
-14.911945,3.226800,-14.866621,3.789467,-14.748420,5.379658
-14.911945,3.226800,-14.858660,3.934612,-14.734557,5.519408
-14.911945,3.226800,-14.850704,4.079471,-14.720325,5.658606
-14.911945,3.226800,-14.842753,4.224045,-14.705726,5.797238
-14.911945,3.226800,-14.834809,4.368336,-14.690759,5.935290
-14.911945,3.226800,-14.826873,4.512345,-14.675425,6.072749
-14.911945,3.226800,-14.818946,4.656072,-14.659724,6.209600
-14.911945,3.226800,-14.811028,4.799520,-14.643657,6.345831
-14.911945,3.226800,-14.803120,4.942689,-14.627223,6.481427
-14.911945,3.226800,-14.795222,5.085581,-14.610424,6.616375
-14.593259,6.750661,-14.778181,5.223398,-14.593259,6.750661
-14.593259,6.750661,-14.761089,5.360835,-14.575730,6.884272
-14.593259,6.750661,-14.743955,5.497907,-14.557836,7.017195
-14.593259,6.750661,-14.726789,5.634626,-14.539578,7.149416
-14.593259,6.750661,-14.709599,5.771003,-14.520957,7.280922
-14.593259,6.750661,-14.692391,5.907048,-14.501973,7.411700
-14.593259,6.750661,-14.675172,6.042771,-14.482626,7.541737
-14.593259,6.750661,-14.657946,6.178179,-14.462917,7.671020
-14.593259,6.750661,-14.640720,6.313279,-14.442847,7.799535
-14.593259,6.750661,-14.623496,6.448078,-14.422415,7.927271
-14.593259,6.750661,-14.606278,6.582581,-14.401623,8.054214
-14.593259,6.750661,-14.589071,6.716794,-14.380471,8.180352
-14.593259,6.750661,-14.571875,6.850720,-14.358960,8.305671
-14.593259,6.750661,-14.554694,6.984365,-14.337089,8.430160
-14.593259,6.750661,-14.537530,7.117731,-14.314860,8.553806
-14.593259,6.750661,-14.520385,7.250823,-14.292273,8.676596
-14.593259,6.750661,-14.503260,7.383642,-14.269329,8.798519
-14.593259,6.750661,-14.486157,7.516193,-14.246028,8.919562
-14.593259,6.750661,-14.469077,7.648477,-14.222371,9.039714
-14.593259,6.750661,-14.452021,7.780497,-14.198358,9.158961
-14.593259,6.750661,-14.434990,7.912254,-14.173991,9.277292
-14.593259,6.750661,-14.417985,8.043752,-14.149269,9.394695
-14.593259,6.750661,-14.401007,8.174991,-14.124193,9.511160
-14.593259,6.750661,-14.384055,8.305973,-14.098765,9.626672
-14.593259,6.750661,-14.367131,8.436700,-14.072983,9.741223
-14.046850,9.854799,-14.340905,8.553771,-14.046850,9.854799
-14.046850,9.854799,-14.314647,8.670430,-14.020366,9.967390
-14.046850,9.854799,-14.288367,8.786700,-13.993531,10.078984
-14.046850,9.854799,-14.262074,8.902602,-13.966347,10.189570
-14.046850,9.854799,-14.235775,9.018154,-13.938813,10.299137
-14.046850,9.854799,-14.209477,9.133373,-13.910931,10.407674
-14.046850,9.854799,-14.183186,9.248272,-13.882701,10.515171
-14.046850,9.854799,-14.156907,9.362865,-13.854124,10.621616
-14.046850,9.854799,-14.130644,9.477162,-13.825201,10.726998
-14.046850,9.854799,-14.104402,9.591174,-13.795931,10.831309
-14.046850,9.854799,-14.078184,9.704909,-13.766318,10.934536
-14.046850,9.854799,-14.051992,9.818376,-13.736360,11.036669
-14.046850,9.854799,-14.025830,9.931581,-13.706058,11.137699
-14.046850,9.854799,-13.999700,10.044530,-13.675414,11.237615
-14.046850,9.854799,-13.973604,10.157230,-13.644428,11.336408
-14.046850,9.854799,-13.947543,10.269685,-13.613101,11.434066
-14.046850,9.854799,-13.921520,10.381899,-13.581433,11.530582
-14.046850,9.854799,-13.895534,10.493876,-13.549426,11.625944
-14.046850,9.854799,-13.869589,10.605621,-13.517081,11.720144
-14.046850,9.854799,-13.843684,10.717135,-13.484397,11.813172
-14.046850,9.854799,-13.817820,10.828423,-13.451376,11.905018
-14.046850,9.854799,-13.791999,10.939487,-13.418019,11.995674
-14.046850,9.854799,-13.766220,11.050328,-13.384327,12.085130
-14.046850,9.854799,-13.740485,11.160950,-13.350300,12.173378
-14.046850,9.854799,-13.714793,11.271355,-13.315939,12.260409
-13.281245,12.346213,-13.679796,11.360401,-13.281245,12.346213
-13.281245,12.346213,-13.644787,11.449027,-13.246219,12.430783
-13.281245,12.346213,-13.609775,11.537264,-13.210862,12.514110
-13.281245,12.346213,-13.574769,11.625140,-13.175175,12.596185
-13.281245,12.346213,-13.539775,11.712677,-13.139159,12.677001
-13.281245,12.346213,-13.504801,11.799899,-13.102813,12.756549
-13.281245,12.346213,-13.469851,11.886823,-13.066141,12.834822
-13.281245,12.346213,-13.434930,11.973466,-13.029142,12.911811
-13.281245,12.346213,-13.400043,12.059844,-12.991817,12.987509
-13.281245,12.346213,-13.365193,12.145968,-12.954167,13.061908
-13.281245,12.346213,-13.330384,12.231850,-12.916193,13.135001
-13.281245,12.346213,-13.295618,12.317501,-12.877897,13.206780
-13.281245,12.346213,-13.260898,12.402930,-12.839278,13.277239
-13.281245,12.346213,-13.226226,12.488144,-12.800339,13.346370
-13.281245,12.346213,-13.191604,12.573150,-12.761079,13.414166
-13.281245,12.346213,-13.157033,12.657956,-12.721500,13.480621
-13.281245,12.346213,-13.122515,12.742565,-12.681604,13.545728
-13.281245,12.346213,-13.088052,12.826984,-12.641390,13.609481
-13.281245,12.346213,-13.053643,12.911217,-12.600861,13.671872
-13.281245,12.346213,-13.019291,12.995268,-12.560016,13.732897
-13.281245,12.346213,-12.984995,13.079139,-12.518857,13.792548
-13.281245,12.346213,-12.950757,13.162835,-12.477386,13.850819
-13.281245,12.346213,-12.916577,13.246358,-12.435602,13.907706
-13.281245,12.346213,-12.882456,13.329710,-12.393508,13.963202
-13.281245,12.346213,-12.848393,13.412895,-12.351103,14.017302
-12.308390,14.070000,-12.805176,13.468384,-12.308390,14.070000
-12.308390,14.070000,-12.761966,13.523469,-12.265370,14.121291
-12.308390,14.070000,-12.718772,13.578187,-12.222042,14.171169
-12.308390,14.070000,-12.675602,13.632571,-12.178409,14.219631
-12.308390,14.070000,-12.632463,13.686649,-12.134472,14.266671
-12.308390,14.070000,-12.589360,13.740446,-12.090231,14.312284
-12.308390,14.070000,-12.546298,13.793985,-12.045688,14.356466
-12.308390,14.070000,-12.503282,13.847284,-12.000844,14.399212
-12.308390,14.070000,-12.460316,13.900362,-11.955700,14.440518
-12.308390,14.070000,-12.417404,13.953233,-11.910257,14.480381
-12.308390,14.070000,-12.374548,14.005910,-11.864516,14.518795
-12.308390,14.070000,-12.331750,14.058407,-11.818478,14.555757
-12.308390,14.070000,-12.289014,14.110732,-11.772145,14.591264
-12.308390,14.070000,-12.246341,14.162896,-11.725518,14.625312
-12.308390,14.070000,-12.203733,14.214906,-11.678598,14.657897
-12.308390,14.070000,-12.161191,14.266770,-11.631385,14.689017
-12.308390,14.070000,-12.118716,14.318493,-11.583882,14.718667
-12.308390,14.070000,-12.076310,14.370082,-11.536090,14.746846
-12.308390,14.070000,-12.033974,14.421542,-11.488008,14.773550
-12.308390,14.070000,-11.991709,14.472877,-11.439640,14.798777
-12.308390,14.070000,-11.949514,14.524090,-11.390986,14.822524
-12.308390,14.070000,-11.907391,14.575186,-11.342047,14.844788
-12.308390,14.070000,-11.865340,14.626167,-11.292824,14.865568
-12.308390,14.070000,-11.823362,14.677037,-11.243319,14.884862
-12.308390,14.070000,-11.781456,14.727797,-11.193533,14.902667
-11.143467,14.918982,-11.730696,14.746283,-11.143467,14.918982
-11.143467,14.918982,-11.679963,14.764406,-11.093123,14.933805
-11.143467,14.918982,-11.629264,14.782205,-11.042501,14.947134
-11.143467,14.918982,-11.578606,14.799716,-10.991603,14.958969
-11.143467,14.918982,-11.527997,14.816970,-10.940431,14.969308
-11.143467,14.918982,-11.477440,14.833995,-10.888985,14.978150
-11.143467,14.918982,-11.426940,14.850815,-10.837266,14.985494
-11.143467,14.918982,-11.376502,14.867450,-10.785277,14.991340
-11.143467,14.918982,-11.326129,14.883920,-10.733018,14.995687
-11.143467,14.918982,-11.275824,14.900241,-10.680491,14.998534
-11.143467,14.918982,-11.225590,14.916428,-10.627696,14.999881
-11.143467,14.918982,-11.175430,14.932493,-10.574637,14.999728
-11.143467,14.918982,-11.125344,14.948448,-10.521312,14.998076
-11.143467,14.918982,-11.075336,14.964302,-10.467725,14.994923
-11.143467,14.918982,-11.025406,14.980065,-10.413876,14.990271
-11.143467,14.918982,-10.975556,14.995743,-10.359766,14.984120
-11.143467,14.918982,-10.925787,15.011345,-10.305398,14.976471
-11.143467,14.918982,-10.876099,15.026875,-10.250772,14.967324
-11.143467,14.918982,-10.826495,15.042339,-10.195890,14.956680
-11.143467,14.918982,-10.776973,15.057742,-10.140753,14.944541
-11.143467,14.918982,-10.727536,15.073087,-10.085362,14.930907
-11.143467,14.918982,-10.678183,15.088379,-10.029719,14.915780
-11.143467,14.918982,-10.628916,15.103620,-9.973825,14.899161
-11.143467,14.918982,-10.579733,15.118814,-9.917683,14.881053
-11.143467,14.918982,-10.530636,15.133963,-9.861292,14.861456
-9.804654,14.840374,-10.473128,15.114302,-9.804654,14.840374
-9.804654,14.840374,-10.415665,15.094339,-9.747772,14.817807
-9.804654,14.840374,-10.358255,15.074114,-9.690646,14.793759
-9.804654,14.840374,-10.300902,15.053664,-9.633277,14.768231
-9.804654,14.840374,-10.243613,15.033021,-9.575668,14.741226
-9.804654,14.840374,-10.186393,15.012212,-9.517819,14.712748
-9.804654,14.840374,-10.129245,14.991262,-9.459733,14.682798
-9.804654,14.840374,-10.072173,14.970193,-9.401409,14.651379
-9.804654,14.840374,-10.015179,14.949024,-9.342851,14.618496
-9.804654,14.840374,-9.958268,14.927772,-9.284059,14.584151
-9.804654,14.840374,-9.901441,14.906451,-9.225036,14.548347
-9.804654,14.840374,-9.844700,14.885074,-9.165781,14.511089
-9.804654,14.840374,-9.788047,14.863653,-9.106298,14.472379
-9.804654,14.840374,-9.731483,14.842198,-9.046586,14.432222
-9.804654,14.840374,-9.675011,14.820717,-8.986649,14.390623
-9.804654,14.840374,-9.618630,14.799218,-8.926487,14.347583
-9.804654,14.840374,-9.562342,14.777709,-8.866102,14.303110
-9.804654,14.840374,-9.506147,14.756194,-8.805495,14.257206
-9.804654,14.840374,-9.450047,14.734680,-8.744668,14.209876
-9.804654,14.840374,-9.394042,14.713170,-8.683622,14.161125
-9.804654,14.840374,-9.338133,14.691670,-8.622359,14.110958
-9.804654,14.840374,-9.282319,14.670181,-8.560881,14.059380
-9.804654,14.840374,-9.226601,14.648708,-8.499189,14.006397
-9.804654,14.840374,-9.170980,14.627254,-8.437284,13.952012
-9.804654,14.840374,-9.115455,14.605820,-8.375168,13.896232
-8.312843,13.839063,-9.052099,14.549238,-8.312843,13.839063
-8.312843,13.839063,-8.988805,14.492433,-8.250310,13.780510
-8.312843,13.839063,-8.925580,14.435443,-8.187571,13.720579
-8.312843,13.839063,-8.862429,14.378303,-8.124627,13.659276
-8.312843,13.839063,-8.799357,14.321044,-8.061480,13.596606
-8.312843,13.839063,-8.736367,14.263692,-7.998131,13.532578
-8.312843,13.839063,-8.673463,14.206271,-7.934583,13.467195
-8.312843,13.839063,-8.610648,14.148802,-7.870836,13.400467
-8.312843,13.839063,-8.547925,14.091303,-7.806892,13.332398
-8.312843,13.839063,-8.485295,14.033790,-7.742754,13.262996
-8.312843,13.839063,-8.422762,13.976277,-7.678421,13.192267
-8.312843,13.839063,-8.360326,13.918777,-7.613897,13.120220
-8.312843,13.839063,-8.297990,13.861300,-7.549182,13.046860
-8.312843,13.839063,-8.235754,13.803855,-7.484279,12.972196
-8.312843,13.839063,-8.173619,13.746452,-7.419188,12.896235
-8.312843,13.839063,-8.111587,13.689097,-7.353912,12.818984
-8.312843,13.839063,-8.049658,13.631797,-7.288452,12.740451
-8.312843,13.839063,-7.987833,13.574557,-7.222810,12.660644
-8.312843,13.839063,-7.926113,13.517382,-7.156988,12.579571
-8.312843,13.839063,-7.864497,13.460277,-7.090986,12.497240
-8.312843,13.839063,-7.802986,13.403245,-7.024807,12.413659
-8.312843,13.839063,-7.741581,13.346289,-6.958453,12.328837
-8.312843,13.839063,-7.680282,13.289413,-6.891925,12.242782
-8.312843,13.839063,-7.619089,13.232619,-6.825224,12.155503
-8.312843,13.839063,-7.558001,13.175908,-6.758353,12.067008
-6.691312,11.977307,-7.489787,13.085927,-6.691312,11.977307
-6.691312,11.977307,-7.421651,12.995812,-6.624105,11.886408
-6.691312,11.977307,-7.353600,12.905600,-6.556732,11.794320
-6.691312,11.977307,-7.285637,12.815321,-6.489195,11.701053
-6.691312,11.977307,-7.217765,12.725003,-6.421495,11.606615
-6.691312,11.977307,-7.149990,12.634670,-6.353635,11.511017
-6.691312,11.977307,-7.082312,12.544344,-6.285617,11.414268
-6.691312,11.977307,-7.014735,12.454042,-6.217441,11.316378
-6.691312,11.977307,-6.947261,12.363781,-6.149110,11.217356
-6.691312,11.977307,-6.879891,12.273575,-6.080625,11.117212
-6.691312,11.977307,-6.812628,12.183436,-6.011988,11.015956
-6.691312,11.977307,-6.745472,12.093377,-5.943200,10.913599
-6.691312,11.977307,-6.678425,12.003406,-5.874264,10.810151
-6.691312,11.977307,-6.611487,11.913531,-5.805182,10.705621
-6.691312,11.977307,-6.544661,11.823761,-5.735954,10.600021
-6.691312,11.977307,-6.477945,11.734101,-5.666582,10.493361
-6.691312,11.977307,-6.411342,11.644557,-5.597070,10.385652
-6.691312,11.977307,-6.344850,11.555134,-5.527417,10.276904
-6.691312,11.977307,-6.278472,11.465837,-5.457626,10.167129
-6.691312,11.977307,-6.212206,11.376668,-5.387698,10.056336
-6.691312,11.977307,-6.146054,11.287631,-5.317636,9.944538
-6.691312,11.977307,-6.080016,11.198730,-5.247441,9.831746
-6.691312,11.977307,-6.014091,11.109965,-5.177115,9.717971
-6.691312,11.977307,-5.948279,11.021341,-5.106659,9.603223
-6.691312,11.977307,-5.882582,10.932857,-5.036075,9.487516
-4.965366,9.370859,-5.810574,10.815070,-4.965366,9.370859
-4.965366,9.370859,-5.738661,10.697247,-4.894533,9.253266
-4.965366,9.370859,-5.666845,10.579420,-4.823577,9.134747
-4.965366,9.370859,-5.595131,10.461612,-4.752500,9.015315
-4.965366,9.370859,-5.523520,10.343847,-4.681305,8.894981
-4.965366,9.370859,-5.452017,10.226145,-4.609993,8.773758
-4.965366,9.370859,-5.380622,10.108523,-4.538566,8.651657
-4.965366,9.370859,-5.309338,9.990996,-4.467025,8.528692
-4.965366,9.370859,-5.238166,9.873577,-4.395372,8.404873
-4.965366,9.370859,-5.167107,9.756278,-4.323609,8.280214
-4.965366,9.370859,-5.096164,9.639110,-4.251739,8.154727
-4.965366,9.370859,-5.025336,9.522081,-4.179762,8.028424
-4.965366,9.370859,-4.954624,9.405199,-4.107681,7.901319
-4.965366,9.370859,-4.884030,9.288471,-4.035497,7.773423
-4.965366,9.370859,-4.813554,9.171903,-3.963212,7.644750
-4.965366,9.370859,-4.743196,9.055500,-3.890828,7.515313
-4.965366,9.370859,-4.672957,8.939266,-3.818346,7.385124
-4.965366,9.370859,-4.602837,8.823205,-3.745769,7.254197
-4.965366,9.370859,-4.532836,8.707322,-3.673099,7.122544
-4.965366,9.370859,-4.462955,8.591618,-3.600337,6.990179
-4.965366,9.370859,-4.393194,8.476096,-3.527485,6.857115
-4.965366,9.370859,-4.323552,8.360758,-3.454544,6.723365
-4.965366,9.370859,-4.254029,8.245607,-3.381517,6.588943
-4.965366,9.370859,-4.184627,8.130643,-3.308406,6.453862
-4.965366,9.370859,-4.115344,8.015869,-3.235212,6.318135
-3.161937,6.181777,-4.040667,7.877596,-3.161937,6.181777
-3.161937,6.181777,-3.966098,7.739389,-3.088583,6.044801
-3.161937,6.181777,-3.891639,7.601267,-3.015152,5.907220
-3.161937,6.181777,-3.817293,7.463251,-2.941645,5.769049
-3.161937,6.181777,-3.743061,7.325356,-2.868065,5.630300
-3.161937,6.181777,-3.668946,7.187596,-2.794413,5.490989
-3.161937,6.181777,-3.594948,7.049985,-2.720692,5.351128
-3.161937,6.181777,-3.521069,6.912532,-2.646902,5.210732
-3.161937,6.181777,-3.447310,6.775248,-2.573046,5.069816
-3.161937,6.181777,-3.373672,6.638142,-2.499126,4.928392
-3.161937,6.181777,-3.300155,6.501219,-2.425143,4.786475
-3.161937,6.181777,-3.226760,6.364487,-2.351100,4.644080
-3.161937,6.181777,-3.153488,6.227952,-2.276998,4.501221
-3.161937,6.181777,-3.080339,6.091617,-2.202839,4.357911
-3.161937,6.181777,-3.007313,5.955488,-2.128625,4.214165
-3.161937,6.181777,-2.934411,5.819567,-2.054358,4.069999
-3.161937,6.181777,-2.861633,5.683858,-1.980039,3.925425
-3.161937,6.181777,-2.788978,5.548364,-1.905671,3.780458
-3.161937,6.181777,-2.716448,5.413086,-1.831255,3.635114
-3.161937,6.181777,-2.644041,5.278027,-1.756793,3.489406
-3.161937,6.181777,-2.571758,5.143189,-1.682288,3.343349
-3.161937,6.181777,-2.499600,5.008572,-1.607740,3.196957
-3.161937,6.181777,-2.427565,4.874178,-1.533153,3.050246
-3.161937,6.181777,-2.355654,4.740009,-1.458527,2.903230
-3.161937,6.181777,-2.283867,4.606063,-1.383864,2.755924
-1.309167,2.608342,-2.207686,4.455897,-1.309167,2.608342
-1.309167,2.608342,-2.131625,4.305892,-1.234437,2.460500
-1.309167,2.608342,-2.055685,4.156058,-1.159676,2.312411
-1.309167,2.608342,-1.979867,4.006408,-1.084887,2.164091
-1.309167,2.608342,-1.904173,3.856949,-1.010070,2.015554
-1.309167,2.608342,-1.828602,3.707690,-0.935228,1.866816
-1.309167,2.608342,-1.753156,3.558637,-0.860362,1.717892
-1.309167,2.608342,-1.677835,3.409798,-0.785475,1.568795
-1.309167,2.608342,-1.602640,3.261176,-0.710569,1.419542
-1.309167,2.608342,-1.527571,3.112777,-0.635644,1.270147
-1.309167,2.608342,-1.452628,2.964605,-0.560704,1.120624
-1.309167,2.608342,-1.377812,2.816662,-0.485750,0.970990
-1.309167,2.608342,-1.303123,2.668953,-0.410783,0.821259
-1.309167,2.608342,-1.228560,2.521478,-0.335807,0.671445
-1.309167,2.608342,-1.154124,2.374241,-0.260822,0.521564
-1.309167,2.608342,-1.079816,2.227244,-0.185830,0.371631
-1.309167,2.608342,-1.005634,2.080487,-0.110834,0.221661
-1.309167,2.608342,-0.931578,1.933972,-0.035835,0.071669
-1.309167,2.608342,-0.857650,1.787701,0.039165,-0.078330
-1.309167,2.608342,-0.783848,1.641673,0.114164,-0.228322
-1.309167,2.608342,-0.710173,1.495890,0.189160,-0.378290
-1.309167,2.608342,-0.636624,1.350353,0.264152,-0.528221
-1.309167,2.608342,-0.563202,1.205061,0.339136,-0.678099
-1.309167,2.608342,-0.489905,1.060015,0.414113,-0.827910
-1.309167,2.608342,-0.416734,0.915215,0.489079,-0.977637
0.564032,-1.127267,-0.340238,0.762485,0.564032,-1.127267
0.564032,-1.127267,-0.263871,0.610000,0.638972,-1.276784
0.564032,-1.127267,-0.187634,0.457762,0.713896,-1.426173
0.564032,-1.127267,-0.111527,0.305773,0.788801,-1.575420
0.564032,-1.127267,-0.035550,0.154034,0.863687,-1.724509
0.564032,-1.127267,0.040296,0.002547,0.938552,-1.873426
0.564032,-1.127267,0.116014,-0.148687,1.013393,-2.022155
0.564032,-1.127267,0.191601,-0.299668,1.088208,-2.170682
0.564032,-1.127267,0.267059,-0.450396,1.162997,-2.318992
0.564032,-1.127267,0.342387,-0.600869,1.237756,-2.467070
0.564032,-1.127267,0.417586,-0.751088,1.312485,-2.614902
0.564032,-1.127267,0.492657,-0.901051,1.387180,-2.762472
0.564032,-1.127267,0.567598,-1.050760,1.461841,-2.909765
0.564032,-1.127267,0.642410,-1.200214,1.536466,-3.056768
0.564032,-1.127267,0.717094,-1.349413,1.611052,-3.203465
0.564032,-1.127267,0.791650,-1.498357,1.685597,-3.349842
0.564032,-1.127267,0.866077,-1.647046,1.760101,-3.495884
0.564032,-1.127267,0.940377,-1.795480,1.834561,-3.641576
0.564032,-1.127267,1.014549,-1.943660,1.908974,-3.786904
0.564032,-1.127267,1.088594,-2.091586,1.983340,-3.931853
0.564032,-1.127267,1.162512,-2.239259,2.057657,-4.076409
0.564032,-1.127267,1.236303,-2.386677,2.131922,-4.220558
0.564032,-1.127267,1.309967,-2.533843,2.206133,-4.364284
0.564032,-1.127267,1.383505,-2.680756,2.280290,-4.507574
0.564032,-1.127267,1.456917,-2.827417,2.354389,-4.650414
2.428430,-4.792788,1.532536,-2.973225,2.428430,-4.792788
2.428430,-4.792788,1.608018,-3.118719,2.502410,-4.934683
2.428430,-4.792788,1.683362,-3.263906,2.576327,-5.076084
2.428430,-4.792788,1.758571,-3.408792,2.650180,-5.216978
2.428430,-4.792788,1.833645,-3.553385,2.723967,-5.357350
2.428430,-4.792788,1.908585,-3.697691,2.797686,-5.497187
2.428430,-4.792788,1.983392,-3.841714,2.871334,-5.636474
2.428430,-4.792788,2.058067,-3.985459,2.944911,-5.775197
2.428430,-4.792788,2.132610,-4.128930,3.018414,-5.913342
2.428430,-4.792788,2.207023,-4.272131,3.091842,-6.050897
2.428430,-4.792788,2.281305,-4.415065,3.165193,-6.187846
2.428430,-4.792788,2.355457,-4.557734,3.238464,-6.324176
2.428430,-4.792788,2.429481,-4.700143,3.311654,-6.459874
2.428430,-4.792788,2.503375,-4.842292,3.384762,-6.594926
2.428430,-4.792788,2.577142,-4.984184,3.457785,-6.729319
2.428430,-4.792788,2.650781,-5.125822,3.530722,-6.863038
2.428430,-4.792788,2.724292,-5.267206,3.603570,-6.996072
2.428430,-4.792788,2.797677,-5.408339,3.676328,-7.128405
2.428430,-4.792788,2.870935,-5.549222,3.748994,-7.260026
2.428430,-4.792788,2.944067,-5.689857,3.821567,-7.390921
2.428430,-4.792788,3.017073,-5.830244,3.894044,-7.521077
2.428430,-4.792788,3.089954,-5.970385,3.966424,-7.650481
2.428430,-4.792788,3.162710,-6.110281,4.038704,-7.779119
2.428430,-4.792788,3.235341,-6.249933,4.110884,-7.906980
2.428430,-4.792788,3.307847,-6.389342,4.182961,-8.034050
4.254933,-8.160317,3.381410,-6.519176,4.254933,-8.160317
4.254933,-8.160317,3.454829,-6.648643,4.326799,-8.285767
4.254933,-8.160317,3.528106,-6.777762,4.398556,-8.410389
4.254933,-8.160317,3.601244,-6.906549,4.470204,-8.534170
4.254933,-8.160317,3.674244,-7.035018,4.541740,-8.657098
4.254933,-8.160317,3.747108,-7.163180,4.613162,-8.779160
4.254933,-8.160317,3.819838,-7.291047,4.684469,-8.900344
4.254933,-8.160317,3.892436,-7.418628,4.755659,-9.020638
4.254933,-8.160317,3.964902,-7.545931,4.826730,-9.140030
4.254933,-8.160317,4.037237,-7.672965,4.897681,-9.258508
4.254933,-8.160317,4.109443,-7.799736,4.968509,-9.376060
4.254933,-8.160317,4.181521,-7.926249,5.039213,-9.492674
4.254933,-8.160317,4.253472,-8.052511,5.109790,-9.608339
4.254933,-8.160317,4.325295,-8.178525,5.180240,-9.723044
4.254933,-8.160317,4.396993,-8.304297,5.250561,-9.836776
4.254933,-8.160317,4.468566,-8.429829,5.320750,-9.949524
4.254933,-8.160317,4.540014,-8.555125,5.390806,-10.061278
4.254933,-8.160317,4.611337,-8.680187,5.460728,-10.172025
4.254933,-8.160317,4.682538,-8.805020,5.530513,-10.281755
4.254933,-8.160317,4.753615,-8.929625,5.600159,-10.390457
4.254933,-8.160317,4.824570,-9.054004,5.669666,-10.498120
4.254933,-8.160317,4.895402,-9.178159,5.739031,-10.604733
4.254933,-8.160317,4.966113,-9.302093,5.808253,-10.710286
4.254933,-8.160317,5.036703,-9.425806,5.877329,-10.814768
4.254933,-8.160317,5.107172,-9.549300,5.946258,-10.918168
6.015039,-11.020476,5.177531,-9.655098,6.015039,-11.020476
6.015039,-11.020476,5.247743,-9.760501,6.083669,-11.121683
6.015039,-11.020476,5.317810,-9.865538,6.152147,-11.221777
6.015039,-11.020476,5.387736,-9.970229,6.220472,-11.320749
6.015039,-11.020476,5.457524,-10.074596,6.288641,-11.418589
6.015039,-11.020476,5.527176,-10.178657,6.356652,-11.515287
6.015039,-11.020476,5.596695,-10.282428,6.424505,-11.610834
6.015039,-11.020476,5.666083,-10.385923,6.492197,-11.705219
6.015039,-11.020476,5.735340,-10.489153,6.559727,-11.798434
6.015039,-11.020476,5.804470,-10.592131,6.627093,-11.890469
6.015039,-11.020476,5.873474,-10.694865,6.694293,-11.981316
6.015039,-11.020476,5.942353,-10.797364,6.761326,-12.070964
6.015039,-11.020476,6.011107,-10.899637,6.828190,-12.159405
6.015039,-11.020476,6.079739,-11.001688,6.894883,-12.246630
6.015039,-11.020476,6.148249,-11.103526,6.961403,-12.332630
6.015039,-11.020476,6.216638,-11.205153,7.027750,-12.417397
6.015039,-11.020476,6.284907,-11.306577,7.093921,-12.500922
6.015039,-11.020476,6.353056,-11.407799,7.159915,-12.583198
6.015039,-11.020476,6.421087,-11.508825,7.225729,-12.664215
6.015039,-11.020476,6.489000,-11.609658,7.291363,-12.743965
6.015039,-11.020476,6.556795,-11.710300,7.356815,-12.822441
6.015039,-11.020476,6.624473,-11.810754,7.422083,-12.899635
6.015039,-11.020476,6.692035,-11.911022,7.487165,-12.975539
6.015039,-11.020476,6.759481,-12.011107,7.552060,-13.050146
6.015039,-11.020476,6.826811,-12.111011,7.616766,-13.123447
7.681282,-13.195436,6.892871,-12.186209,7.681282,-13.195436
7.681282,-13.195436,6.958781,-12.261008,7.745606,-13.266106
7.681282,-13.195436,7.024546,-12.335443,7.809736,-13.335449
7.681282,-13.195436,7.090170,-12.409542,7.873671,-13.403458
7.681282,-13.195436,7.155658,-12.483330,7.937409,-13.470128
7.681282,-13.195436,7.221011,-12.556831,8.000949,-13.535450
7.681282,-13.195436,7.286234,-12.630064,8.064288,-13.599418
7.681282,-13.195436,7.351330,-12.703047,8.127426,-13.662027
7.681282,-13.195436,7.416299,-12.775796,8.190361,-13.723269
7.681282,-13.195436,7.481145,-12.848323,8.253091,-13.783139
7.681282,-13.195436,7.545870,-12.920642,8.315615,-13.841631
7.681282,-13.195436,7.610474,-12.992762,8.377931,-13.898739
7.681282,-13.195436,7.674960,-13.064694,8.440037,-13.954457
7.681282,-13.195436,7.739329,-13.136444,8.501933,-14.008779
7.681282,-13.195436,7.803581,-13.208022,8.563616,-14.061701
7.681282,-13.195436,7.867719,-13.279433,8.625084,-14.113216
7.681282,-13.195436,7.931743,-13.350683,8.686337,-14.163320
7.681282,-13.195436,7.995655,-13.421777,8.747373,-14.212008
7.681282,-13.195436,8.059454,-13.492719,8.808191,-14.259274
7.681282,-13.195436,8.123141,-13.563514,8.868788,-14.305115
7.681282,-13.195436,8.186718,-13.634164,8.929163,-14.349525
7.681282,-13.195436,8.250185,-13.704674,8.989315,-14.392500
7.681282,-13.195436,8.313542,-13.775046,9.049243,-14.434036
7.681282,-13.195436,8.376790,-13.845283,9.108944,-14.474129
7.681282,-13.195436,8.439930,-13.915386,9.168417,-14.512774
9.227662,-14.549968,8.500660,-13.955322,9.227662,-14.549968
9.227662,-14.549968,8.561241,-13.994880,9.286675,-14.585707
9.227662,-14.549968,8.621679,-14.034097,9.345457,-14.619987
9.227662,-14.549968,8.681978,-14.073008,9.404004,-14.652806
9.227662,-14.549968,8.742144,-14.111641,9.462317,-14.684159
9.227662,-14.549968,8.802180,-14.150023,9.520393,-14.714043
9.227662,-14.549968,8.862091,-14.188175,9.578231,-14.742457
9.227662,-14.549968,8.921878,-14.226119,9.635830,-14.769396
9.227662,-14.549968,8.981546,-14.263871,9.693188,-14.794858
9.227662,-14.549968,9.041096,-14.301448,9.750303,-14.818841
9.227662,-14.549968,9.100532,-14.338863,9.807175,-14.841341
9.227662,-14.549968,9.159854,-14.376128,9.863801,-14.862358
9.227662,-14.549968,9.219065,-14.413253,9.920181,-14.881889
9.227662,-14.549968,9.278166,-14.450248,9.976313,-14.899931
9.227662,-14.549968,9.337158,-14.487122,10.032195,-14.916483
9.227662,-14.549968,9.396044,-14.523882,10.087827,-14.931544
9.227662,-14.549968,9.454824,-14.560533,10.143207,-14.945111
9.227662,-14.549968,9.513499,-14.597082,10.198332,-14.957184
9.227662,-14.549968,9.572070,-14.633534,10.253203,-14.967762
9.227662,-14.549968,9.630538,-14.669893,10.307818,-14.976842
9.227662,-14.549968,9.688903,-14.706163,10.362175,-14.984425
9.227662,-14.549968,9.747167,-14.742347,10.416273,-14.990510
9.227662,-14.549968,9.805330,-14.778449,10.470110,-14.995095
9.227662,-14.549968,9.863393,-14.814471,10.523686,-14.998181
9.227662,-14.549968,9.921355,-14.850416,10.576998,-14.999767
10.630047,-14.999853,9.975810,-14.852621,10.630047,-14.999853
10.630047,-14.999853,10.030118,-14.854490,10.682829,-14.998439
10.630047,-14.999853,10.084286,-14.856064,10.735344,-14.995526
10.630047,-14.999853,10.138320,-14.857379,10.787591,-14.991112
10.630047,-14.999853,10.192226,-14.858466,10.839569,-14.985200
10.630047,-14.999853,10.246009,-14.859353,10.891275,-14.977789
10.630047,-14.999853,10.299672,-14.860063,10.942709,-14.968881
10.630047,-14.999853,10.353220,-14.860617,10.993869,-14.958475
10.630047,-14.999853,10.406655,-14.861035,11.044755,-14.946574
10.630047,-14.999853,10.459981,-14.861333,11.095365,-14.933178
10.630047,-14.999853,10.513200,-14.861525,11.145697,-14.918289
10.630047,-14.999853,10.566314,-14.861625,11.195750,-14.901908
10.630047,-14.999853,10.619326,-14.861643,11.245524,-14.884037
10.630047,-14.999853,10.672237,-14.861589,11.295016,-14.864677
10.630047,-14.999853,10.725049,-14.861472,11.344226,-14.843831
10.630047,-14.999853,10.777763,-14.861299,11.393153,-14.821500
10.630047,-14.999853,10.830381,-14.861078,11.441794,-14.797688
10.630047,-14.999853,10.882903,-14.860814,11.490150,-14.772395
10.630047,-14.999853,10.935332,-14.860513,11.538218,-14.745626
10.630047,-14.999853,10.987667,-14.860179,11.585998,-14.717382
10.630047,-14.999853,11.039909,-14.859815,11.633488,-14.687666
10.630047,-14.999853,11.092060,-14.859427,11.680688,-14.656481
10.630047,-14.999853,11.144120,-14.859016,11.727595,-14.623831
10.630047,-14.999853,11.196089,-14.858586,11.774209,-14.589718
10.630047,-14.999853,11.247969,-14.858138,11.820529,-14.554147
11.866553,-14.517120,11.295299,-14.822487,11.866553,-14.517120
11.866553,-14.517120,11.342488,-14.786563,11.912281,-14.478641
11.866553,-14.517120,11.389542,-14.750408,11.957711,-14.438715
11.866553,-14.517120,11.436470,-14.714057,12.002842,-14.397344
11.866553,-14.517120,11.483276,-14.677541,12.047672,-14.354534
11.866553,-14.517120,11.529967,-14.640887,12.092202,-14.310289
11.866553,-14.517120,11.576546,-14.604119,12.136429,-14.264612
11.866553,-14.517120,11.623019,-14.567259,12.180353,-14.217509
11.866553,-14.517120,11.669388,-14.530325,12.223973,-14.168984
11.866553,-14.517120,11.715657,-14.493334,12.267287,-14.119043
11.866553,-14.517120,11.761830,-14.456299,12.310294,-14.067689
11.866553,-14.517120,11.807907,-14.419234,12.352993,-14.014929
11.866553,-14.517120,11.853893,-14.382150,12.395384,-13.960767
11.866553,-14.517120,11.899788,-14.345056,12.437464,-13.905209
11.866553,-14.517120,11.945594,-14.307961,12.479234,-13.848261
11.866553,-14.517120,11.991314,-14.270873,12.520692,-13.789928
11.866553,-14.517120,12.036948,-14.233797,12.561837,-13.730216
11.866553,-14.517120,12.082498,-14.196741,12.602667,-13.669131
11.866553,-14.517120,12.127965,-14.159709,12.643183,-13.606679
11.866553,-14.517120,12.173349,-14.122705,12.683382,-13.542866
11.866553,-14.517120,12.218653,-14.085734,12.723265,-13.477699
11.866553,-14.517120,12.263876,-14.048799,12.762829,-13.411184
11.866553,-14.517120,12.309019,-14.011903,12.802075,-13.343328
11.866553,-14.517120,12.354084,-13.975049,12.841000,-13.274138
11.866553,-14.517120,12.399070,-13.938238,12.879604,-13.203621
12.917886,-13.131783,12.438539,-13.866958,12.917886,-13.131783
12.917886,-13.131783,12.477872,-13.795487,12.955846,-13.058632
12.917886,-13.131783,12.517080,-13.723861,12.993481,-12.984175
12.917886,-13.131783,12.556169,-13.652114,13.030792,-12.908419
12.917886,-13.131783,12.595146,-13.580274,13.067776,-12.831373
12.917886,-13.131783,12.634017,-13.508368,13.104434,-12.753044
12.917886,-13.131783,12.672786,-13.436418,13.140765,-12.673439
12.917886,-13.131783,12.711459,-13.364443,13.176767,-12.592567
12.917886,-13.131783,12.750039,-13.292462,13.212439,-12.510436
12.917886,-13.131783,12.788530,-13.220489,13.247782,-12.427054
12.917886,-13.131783,12.826935,-13.148537,13.282793,-12.342429
12.917886,-13.131783,12.865257,-13.076619,13.317472,-12.256570
12.917886,-13.131783,12.903499,-13.004744,13.351818,-12.169485
12.917886,-13.131783,12.941662,-12.932922,13.385830,-12.081183
12.917886,-13.131783,12.979748,-12.861161,13.419508,-11.991673
12.917886,-13.131783,13.017759,-12.789468,13.452850,-11.900964
12.917886,-13.131783,13.055697,-12.717849,13.485856,-11.809065
12.917886,-13.131783,13.093563,-12.646308,13.518524,-11.715985
12.917886,-13.131783,13.131358,-12.574852,13.550855,-11.621734
12.917886,-13.131783,13.169084,-12.503483,13.582847,-11.526320
12.917886,-13.131783,13.206740,-12.432206,13.614499,-11.429754
12.917886,-13.131783,13.244329,-12.361023,13.645811,-11.332044
12.917886,-13.131783,13.281850,-12.289938,13.676782,-11.233202
12.917886,-13.131783,13.319305,-12.218953,13.707411,-11.133236
12.917886,-13.131783,13.356695,-12.148069,13.737697,-11.032157
13.767640,-10.929975,13.387687,-12.045604,13.767640,-10.929975
13.767640,-10.929975,13.418554,-11.943038,13.797239,-10.826699
13.767640,-10.929975,13.449304,-11.840405,13.826492,-10.722341
13.767640,-10.929975,13.479945,-11.737732,13.855400,-10.616911
13.767640,-10.929975,13.510485,-11.635044,13.883962,-10.510419
13.767640,-10.929975,13.540930,-11.532366,13.912176,-10.402876
13.767640,-10.929975,13.571285,-11.429714,13.940043,-10.294293
13.767640,-10.929975,13.601555,-11.327108,13.967561,-10.184680
13.767640,-10.929975,13.631744,-11.224562,13.994730,-10.074049
13.767640,-10.929975,13.661857,-11.122089,14.021550,-9.962411
13.767640,-10.929975,13.691896,-11.019700,14.048018,-9.849776
13.767640,-10.929975,13.721864,-10.917406,14.074136,-9.736156
13.767640,-10.929975,13.751765,-10.815217,14.099901,-9.621563
13.767640,-10.929975,13.781600,-10.713138,14.125314,-9.506008
13.767640,-10.929975,13.811371,-10.611178,14.150374,-9.389502
13.767640,-10.929975,13.841081,-10.509343,14.175081,-9.272057
13.767640,-10.929975,13.870730,-10.407636,14.199432,-9.153685
13.767640,-10.929975,13.900321,-10.306064,14.223429,-9.034397
13.767640,-10.929975,13.929854,-10.204630,14.247070,-8.914206
13.767640,-10.929975,13.959331,-10.103338,14.270356,-8.793124
13.767640,-10.929975,13.988752,-10.002190,14.293284,-8.671162
13.767640,-10.929975,14.018119,-9.901189,14.315855,-8.548333
13.767640,-10.929975,14.047432,-9.800337,14.338068,-8.424649
13.767640,-10.929975,14.076692,-9.699637,14.359923,-8.300123
13.767640,-10.929975,14.105899,-9.599090,14.381418,-8.174767
14.402554,-8.048594,14.127933,-9.471819,14.402554,-8.048594
14.402554,-8.048594,14.149852,-9.344545,14.423330,-7.921615
14.402554,-8.048594,14.171665,-9.217293,14.443746,-7.793845
14.402554,-8.048594,14.193382,-9.090086,14.463800,-7.665295
14.402554,-8.048594,14.215009,-8.962944,14.483493,-7.535978
14.402554,-8.048594,14.236553,-8.835884,14.502824,-7.405908
14.402554,-8.048594,14.258021,-8.708921,14.521792,-7.275098
14.402554,-8.048594,14.279416,-8.582070,14.540397,-7.143560
14.402554,-8.048594,14.300744,-8.455342,14.558638,-7.011307
14.402554,-8.048594,14.322008,-8.328746,14.576516,-6.878353
14.402554,-8.048594,14.343213,-8.202293,14.594029,-6.744712
14.402554,-8.048594,14.364360,-8.075990,14.611178,-6.610396
14.402554,-8.048594,14.385454,-7.949845,14.627961,-6.475419
14.402554,-8.048594,14.406495,-7.823862,14.644378,-6.339795
14.402554,-8.048594,14.427487,-7.698048,14.660429,-6.203536
14.402554,-8.048594,14.448431,-7.572406,14.676114,-6.066657
14.402554,-8.048594,14.469328,-7.446942,14.691432,-5.929172
14.402554,-8.048594,14.490181,-7.321658,14.706382,-5.791093
14.402554,-8.048594,14.510991,-7.196557,14.720965,-5.652436
14.402554,-8.048594,14.531758,-7.071643,14.735180,-5.513213
14.402554,-8.048594,14.552484,-6.946916,14.749027,-5.373439
14.402554,-8.048594,14.573170,-6.822380,14.762504,-5.233128
14.402554,-8.048594,14.593816,-6.698036,14.775613,-5.092293
14.402554,-8.048594,14.614423,-6.573886,14.788352,-4.950949
14.402554,-8.048594,14.634993,-6.449929,14.800722,-4.809110
14.812722,-4.666790,14.647725,-6.305774,14.812722,-4.666790
14.812722,-4.666790,14.660355,-6.161713,14.824351,-4.524004
14.812722,-4.666790,14.672892,-6.017762,14.835610,-4.380765
14.812722,-4.666790,14.685346,-5.873937,14.846497,-4.237088
14.812722,-4.666790,14.697724,-5.730252,14.857014,-4.092987
14.812722,-4.666790,14.710032,-5.586718,14.867159,-3.948477
14.812722,-4.666790,14.722278,-5.443344,14.876933,-3.803572
14.812722,-4.666790,14.734465,-5.300141,14.886334,-3.658287
14.812722,-4.666790,14.746599,-5.157116,14.895364,-3.512636
14.812722,-4.666790,14.758683,-5.014276,14.904021,-3.366633
14.812722,-4.666790,14.770722,-4.871627,14.912305,-3.220294
14.812722,-4.666790,14.782719,-4.729173,14.920217,-3.073633
14.812722,-4.666790,14.794675,-4.586920,14.927755,-2.926665
14.812722,-4.666790,14.806595,-4.444871,14.934921,-2.779404
14.812722,-4.666790,14.818479,-4.303030,14.941713,-2.631865
14.812722,-4.666790,14.830330,-4.161400,14.948131,-2.484063
14.812722,-4.666790,14.842150,-4.019983,14.954176,-2.336012
14.812722,-4.666790,14.853939,-3.878782,14.959847,-2.187728
14.812722,-4.666790,14.865700,-3.737797,14.965144,-2.039225
14.812722,-4.666790,14.877433,-3.597032,14.970067,-1.890518
14.812722,-4.666790,14.889140,-3.456487,14.974616,-1.741622
14.812722,-4.666790,14.900821,-3.316163,14.978790,-1.592552
14.812722,-4.666790,14.912477,-3.176062,14.982590,-1.443323
14.812722,-4.666790,14.924110,-3.036183,14.986015,-1.293949
14.812722,-4.666790,14.935718,-2.896529,14.989065,-1.144446
14.991741,-0.994828,14.938951,-2.744459,14.991741,-0.994828
14.991741,-0.994828,14.942096,-2.592573,14.994042,-0.845111
14.991741,-0.994828,14.945163,-2.440880,14.995968,-0.695310
14.991741,-0.994828,14.948160,-2.289386,14.997520,-0.545439
14.991741,-0.994828,14.951096,-2.138097,14.998696,-0.395513
14.991741,-0.994828,14.953977,-1.987019,14.999498,-0.245548
14.991741,-0.994828,14.956810,-1.836155,14.999924,-0.095559
