0.189871,0.673606,-0.557961,-0.329914,0.000320,0.001128,-0.035141,-27.510336,-50.112363,0.624716,0.956182,-0.274771,-0.097168,1.5250
0.189871,0.673606,-0.557961,-0.329914,0.000275,0.000507,-0.036244,-27.510336,-50.112363,0.475116,0.866376,-0.412424,-0.210304,0.2140
0.189871,0.673606,-0.557961,-0.329914,-0.000206,0.001133,-0.032424,-27.510336,-50.112363,0.239650,0.723931,-0.515193,-0.294760,0.3390
-0.949353,0.000000,-0.761661,-0.450358,0.004323,0.005369,-0.030066,-27.510346,-50.112366,-0.210836,0.453420,-0.667989,-0.393431,0.5730
-0.949353,0.000000,-0.761661,-0.450358,-0.001194,0.000042,-0.029026,-27.510346,-50.112366,-0.441823,0.315500,-0.718648,-0.424192,0.2730
-0.949353,0.000000,-0.761661,-0.450358,0.001423,-0.000711,-0.029542,-27.510346,-50.112366,-0.576280,0.235245,-0.735273,-0.434279,0.1480
-0.949353,0.000000,-0.761661,-0.450358,-0.003173,-0.000064,-0.032401,-27.510346,-50.112366,-0.794387,0.105152,-0.750226,-0.443362,0.2450
-3.417671,-0.336802,-1.615816,-0.220479,-0.010398,0.145100,-0.034625,-27.510368,-50.112369,-1.775038,-0.075821,-1.397583,-0.278450,0.4610
-3.417671,-0.336802,-1.615816,-0.220479,-0.052610,-0.013276,-0.038644,-27.510368,-50.112369,-2.349578,-0.158061,-1.533486,-0.240958,0.3580
-3.417671,-0.336802,-1.615816,-0.220479,0.043879,0.015808,-0.033347,-27.510368,-50.112369,-2.513737,-0.181259,-1.554254,-0.235197,0.0710
-3.417671,-0.336802,-1.615816,-0.220479,-0.042757,-0.099577,-0.054292,-27.510368,-50.112369,-2.748926,-0.214546,-1.574294,-0.228438,0.1530
-7.025212,-0.336803,-2.392167,-0.000000,-0.325740,-0.092537,-0.054709,-27.510400,-50.112368,-2.974427,-0.231438,-1.678596,-0.202302,0.0950
-7.025212,-0.336803,-2.392167,-0.000000,-0.085061,0.100055,-0.055794,-27.510400,-50.112368,-3.465763,-0.236906,-1.955279,-0.124262,0.1360
-7.025212,-0.336803,-2.392167,-0.000000,-0.162375,-0.050994,-0.052768,-27.510400,-50.112368,-3.839312,-0.240417,-2.103645,-0.088967,0.1420
-7.025212,-0.336803,-2.392167,-0.000000,-0.282309,0.027612,-0.069236,-27.510400,-50.112368,-4.178167,-0.243308,-2.191913,-0.055712,0.0990
-7.025212,-0.336803,-2.392167,-0.000000,-0.138606,-0.131519,-0.123716,-27.510400,-50.112368,-4.415426,-0.245031,-2.240871,-0.046521,0.0840
-7.025212,-0.336803,-2.392167,-0.000000,-0.227912,0.003006,-2.256753,-27.510400,-50.112368,-4.824595,-0.247947,-2.318691,-0.025588,0.1270
-8.164436,0.673606,-1.424039,1.263018,-0.608951,0.950857,-28.888552,-27.510409,-50.112362,-5.956547,-0.137879,-2.237130,0.372554,0.4670
-8.164436,0.673606,-1.424039,1.263018,0.630643,-0.352608,-38.580235,-27.510409,-50.112362,-6.256941,0.082269,-1.890638,0.758208,0.1640
-8.164436,0.673606,-1.424039,1.263018,1.023005,-0.559156,-40.882904,-27.510409,-50.112362,-6.331447,0.139993,-1.797452,0.810819,0.0410
-8.164436,0.673606,-1.424039,1.263018,1.193275,-0.177798,-42.761398,-27.510409,-50.112362,-6.393156,0.187927,-1.721959,0.853060,0.0400
-8.164436,0.673606,-1.424039,1.263018,1.211395,-0.183389,-42.761398,-27.510409,-50.112362,-6.393156,0.187927,-1.721959,0.853060,0.0400
-8.164436,0.673606,-1.424039,1.263018,1.211395,-0.183389,-47.171902,-27.510409,-50.112362,-6.564928,0.288523,-1.516820,0.967680,0.0400
-8.164436,0.673606,-1.424039,1.263018,1.374116,-0.729533,-49.547218,-27.510409,-50.112362,-6.663412,0.375702,-1.404199,1.135415,0.0730
-8.164436,0.673606,-1.424039,1.263018,1.543313,-0.670076,-51.240643,-27.510409,-50.112362,-6.738993,0.435965,-1.357370,1.156343,0.0400
-8.164436,0.673606,-1.424039,1.263018,1.653283,-1.032668,-53.555702,-27.510409,-50.112362,-6.835419,0.514415,-1.283520,1.136761,0.0590
-8.164436,0.673606,-1.424039,1.263018,0.895302,-0.410367,-57.347729,-27.510409,-50.112362,-7.012904,0.653293,-1.247780,1.136483,0.1100
-8.164436,0.673606,-1.424039,1.263018,0.340764,-0.112295,-60.817467,-27.510409,-50.112362,-7.177036,0.781671,-1.263589,1.158656,0.0970
-8.164436,0.673606,-1.424039,1.263018,0.065943,0.094517,-62.618046,-27.510409,-50.112362,-7.262356,0.847992,-1.284306,1.179032,0.0540
-8.164436,0.673606,-1.424039,1.263018,-0.221757,0.623902,-64.710526,-27.510409,-50.112362,-7.361117,0.925490,-1.319434,1.216674,0.0650
-8.164436,0.673606,-1.424039,1.263018,-0.540518,1.036228,-65.994980,-27.510409,-50.112362,-7.444280,0.989823,-1.362544,1.268883,0.0530
-8.164436,0.673606,-1.424039,1.263018,-0.545010,1.040834,-66.033478,-27.510405,-50.112358,-7.447401,0.992229,-1.364093,1.270904,0.0400
-8.164436,0.673606,-1.424039,1.263018,-0.545010,1.040834,-66.033478,-27.510405,-50.112358,-7.447401,0.992229,-1.364093,1.270904,0.0400
-8.164436,0.673606,-1.424039,1.263018,-0.545010,1.040834,-66.033478,-27.510405,-50.112358,-7.447401,0.992229,-1.364093,1.270904,0.0400
-8.164436,0.673606,-1.424039,1.263018,-0.545010,1.040834,-66.033478,-27.510405,-50.112358,-7.447401,0.992229,-1.364093,1.270904,0.0400
-8.164436,0.673606,-1.424039,1.263018,-0.545010,1.040834,-66.033478,-27.510405,-50.112358,-7.447401,0.992229,-1.364093,1.270904,0.0410
-8.164436,0.673606,-1.424039,1.263018,-0.545010,1.040834,-66.033478,-27.510405,-50.112358,-7.447401,0.992229,-1.364093,1.270904,0.0400
-7.594824,1.010408,0.996359,0.589131,0.121622,-0.466254,-67.499077,-27.510405,-50.112358,-7.426446,1.296970,0.917221,0.588428,0.0880
-7.594824,1.010408,0.996359,0.589131,-0.044114,-0.495477,-67.707336,-27.510405,-50.112358,-7.380170,1.321181,0.943621,0.572643,0.0440
-7.594824,1.010408,0.996359,0.589131,-0.044114,-0.495477,-67.707336,-27.510405,-50.112358,-7.380170,1.321181,0.943621,0.572643,0.0420
-7.594824,1.010408,0.996359,0.589131,0.040791,-0.914172,-68.280228,-27.510405,-50.112358,-7.243037,1.401538,0.977202,0.540178,0.0970
-7.594824,1.010408,0.996359,0.589131,-0.148974,-0.577372,-68.489639,-27.510405,-50.112358,-7.166910,1.445907,0.985450,0.523304,0.0820
-7.594824,1.010408,0.996359,0.589131,-0.225416,-0.392736,-68.573647,-27.510405,-50.112358,-7.127112,1.469095,0.979534,0.521062,0.0400
-7.594824,1.010408,0.996359,0.589131,-0.142079,-0.625310,-68.593163,-27.510405,-50.112358,-7.113249,1.477097,0.978671,0.516570,0.0400
-7.594824,1.010408,0.996359,0.589131,-0.142079,-0.625310,-68.593163,-27.510405,-50.112358,-7.113249,1.477097,0.978671,0.516570,0.0410
-7.594824,1.010408,0.996359,0.589131,-0.142079,-0.625310,-68.593163,-27.510405,-50.112358,-7.113249,1.477097,0.978671,0.516570,0.0400
-7.594824,1.010408,0.996359,0.589131,-0.142079,-0.625310,-68.593163,-27.510405,-50.112358,-7.113249,1.477097,0.978671,0.516570,0.0400
-7.594824,1.010408,0.996359,0.589131,-0.142079,-0.625310,-68.593163,-27.510405,-50.112358,-7.113249,1.477097,0.978671,0.516570,0.0410
-7.594824,1.010408,0.996359,0.589131,-0.142079,-0.625310,-68.593163,-27.510405,-50.112358,-7.113249,1.477097,0.978671,0.516570,0.0400
-7.594824,1.010408,0.996359,0.589131,0.103903,-0.099838,-71.033409,-27.510405,-50.112358,-6.814406,1.642084,0.999992,0.571509,0.0500
-7.594824,1.347211,-0.000000,0.848833,0.170081,0.351821,-71.546181,-27.510405,-50.112356,-6.839879,1.698344,0.644265,0.684135,0.0700
-7.594824,1.347211,-0.000000,0.848833,0.224217,0.236703,-71.879570,-27.510405,-50.112356,-6.877209,1.737855,0.426085,0.748615,0.0400
-7.594824,1.347211,-0.000000,0.848833,0.218774,0.239031,-71.947342,-27.510405,-50.112356,-6.882496,1.745101,0.397539,0.757531,0.0400
-7.594824,1.347211,-0.000000,0.848833,0.353486,0.144269,-72.873405,-27.510405,-50.112356,-6.896091,1.837878,0.198717,0.818795,0.0830
-7.594824,1.347211,-0.000000,0.848833,0.201475,0.205500,-73.074547,-27.510405,-50.112356,-6.906724,1.875287,0.148285,0.836652,0.0410
-7.594824,1.347211,-0.000000,0.848833,0.197195,0.202176,-73.081360,-27.510405,-50.112356,-6.907131,1.876820,0.146770,0.837204,0.0400
-7.594824,1.347211,-0.000000,0.848833,0.018220,-0.092825,-73.303642,-27.510405,-50.112356,-6.903339,1.970836,0.075173,0.846427,0.0680
-7.594824,1.347211,-0.000000,0.848833,0.048329,-0.500183,-73.495056,-27.510405,-50.112356,-6.919131,2.065834,0.031856,0.818551,0.1300
-7.594824,1.347211,-0.000000,0.848833,0.066657,-0.791325,-73.608551,-27.510405,-50.112356,-6.929884,2.142081,0.027693,0.779576,0.0960
-7.594824,1.347211,-0.000000,0.848833,0.245903,-0.727364,-73.376854,-27.510405,-50.112356,-6.944056,2.249673,0.031407,0.730906,0.1520
-7.594824,1.347211,-0.000000,0.848833,0.027610,-0.605474,-69.950035,-27.510405,-50.112356,-6.965284,2.414741,0.044221,0.691976,0.2290
-7.594824,2.020816,-0.000000,0.771667,0.436599,-0.460666,-66.841110,-27.510404,-50.112348,-6.980527,2.545901,0.065045,0.650141,0.1890
-7.594824,2.020816,-0.000000,0.771667,0.180275,-0.619163,-65.856339,-27.510404,-50.112348,-6.986998,2.599549,0.072212,0.644606,0.0770
-7.594824,2.020816,-0.000000,0.771667,0.270597,-0.720075,-64.954491,-27.510404,-50.112348,-6.990558,2.627279,0.071792,0.634310,0.0400
-7.594824,2.020816,-0.000000,0.771667,0.685453,-0.249224,-64.108513,-27.510404,-50.112348,-6.993626,2.649388,0.079199,0.635399,0.0680
-7.594824,2.020816,-0.000000,0.771667,0.685453,-0.249224,-64.108513,-27.510404,-50.112348,-6.993626,2.649388,0.079199,0.635399,0.0400
-7.594824,2.020816,-0.000000,0.771667,0.685453,-0.249224,-64.108513,-27.510404,-50.112348,-6.993626,2.649388,0.079199,0.635399,0.0400
-7.594824,2.020816,-0.000000,0.771667,1.878059,0.457366,-62.668221,-27.510404,-50.112348,-6.980989,2.779286,0.131308,0.748733,0.0560
-7.594824,2.020816,-0.000000,0.771667,2.173729,0.884802,-62.191189,-27.510404,-50.112348,-6.999252,2.824991,0.126047,0.787181,0.0690
-7.594824,2.020816,-0.000000,0.771667,1.862805,1.355056,-61.583691,-27.510404,-50.112348,-7.013649,2.878552,0.190512,0.848979,0.0830
-7.594824,2.020816,-0.000000,0.771667,1.993992,1.765254,-60.529381,-27.510404,-50.112348,-7.036130,2.978315,0.353856,0.993965,0.1580
-6.645471,3.031224,0.651687,0.693599,-0.644474,1.768170,-59.595688,-27.510398,-50.112336,-7.010458,3.142372,0.244835,1.174209,0.2660
-6.645471,3.031224,0.651687,0.693599,-0.924624,1.827177,-59.500278,-27.510398,-50.112336,-6.885326,3.261655,0.289244,1.227307,0.1800
-6.645471,3.031224,0.651687,0.693599,-0.828523,1.596376,-59.532188,-27.510398,-50.112336,-6.854475,3.287763,0.307685,1.213550,0.0400
-6.645471,3.031224,0.651687,0.693599,-0.139569,0.004769,-59.904083,-27.510398,-50.112336,-6.674918,3.472772,0.451947,0.983299,0.2580
-6.645471,3.031224,0.651687,0.693599,0.006974,-0.790161,-60.011604,-27.510398,-50.112336,-6.485913,3.660511,0.570534,0.697008,0.3160
-6.645471,3.031224,0.651687,0.693599,-0.104825,-0.631865,-60.039978,-27.510398,-50.112336,-6.457892,3.687507,0.579796,0.669782,0.0450
-6.645471,3.031224,0.651687,0.693599,0.012547,-0.588289,-60.064095,-27.510398,-50.112336,-6.439607,3.705311,0.585020,0.655096,0.0400
-6.645471,3.031224,0.651687,0.693599,0.012547,-0.588289,-60.064095,-27.510398,-50.112336,-6.439607,3.705311,0.585020,0.655096,0.0400
-6.645471,3.031224,0.651687,0.693599,0.012547,-0.588289,-60.064095,-27.510387,-50.112332,-6.439607,3.705311,0.585020,0.655096,0.0400
-6.645471,3.031224,0.651687,0.693599,0.012547,-0.588289,-60.064095,-27.510387,-50.112332,-6.439607,3.705311,0.585020,0.655096,0.0400
-5.506248,3.368027,0.715337,0.211484,-0.134258,-0.166465,-60.202366,-27.510387,-50.112332,-6.282301,3.787893,0.696390,0.237601,0.0810
-5.506248,3.368027,0.715337,0.211484,-0.417626,-0.444298,-60.160046,-27.510387,-50.112332,-6.244440,3.794759,0.694217,0.213606,0.0460
-5.506248,3.368027,0.715337,0.211484,-0.134327,-0.148937,-60.018265,-27.510387,-50.112332,-6.162314,3.811816,0.686620,0.193699,0.1010
-5.506248,3.368027,0.715337,0.211484,-0.107777,-0.121365,-60.005295,-27.510387,-50.112332,-6.102831,3.824215,0.686271,0.190875,0.0760
-5.506248,3.368027,0.715337,0.211484,-0.124408,-0.002546,-59.994884,-27.510387,-50.112332,-6.068718,3.831116,0.683970,0.195459,0.0400
-5.506248,3.368027,0.715337,0.211484,-0.325166,0.202881,-59.975910,-27.510387,-50.112332,-6.052895,3.834276,0.685472,0.196918,0.0440
-5.506248,3.368027,0.715337,0.211484,0.197615,-0.121871,-59.732059,-27.510387,-50.112332,-5.967273,3.854233,0.706947,0.199418,0.0930
-5.506248,3.368027,0.715337,0.211484,0.521577,-0.233536,-59.604172,-27.510387,-50.112332,-5.935769,3.860608,0.723362,0.200839,0.0400
-5.506248,3.368027,0.715337,0.211484,0.155800,-0.027646,-59.561592,-27.510387,-50.112332,-5.925065,3.862762,0.724804,0.201254,0.0410
-5.506248,3.368027,0.715337,0.211484,0.133764,0.428036,-59.317398,-27.510387,-50.112332,-5.833582,3.884699,0.732148,0.220112,0.0830
-5.506248,3.368027,0.715337,0.211484,0.499470,0.318698,-59.252617,-27.510387,-50.112332,-5.794791,3.892180,0.737828,0.225956,0.0550
-5.506248,3.368027,0.715337,0.211484,0.500809,0.320786,-59.244404,-27.510387,-50.112332,-5.789600,3.893266,0.740350,0.227557,0.0400
-5.506248,3.368027,0.715337,0.211484,0.500809,0.320786,-59.244404,-27.510387,-50.112332,-5.789600,3.893266,0.740350,0.227557,0.0410
-5.506248,3.368027,0.715337,0.211484,0.500809,0.320786,-59.244404,-27.510387,-50.112332,-5.789600,3.893266,0.740350,0.227557,0.0410
-5.506248,3.368027,0.715337,0.211484,0.360246,0.190088,-59.156261,-27.510387,-50.112332,-5.651744,3.934111,0.742216,0.225486,0.0400
-4.746765,4.715239,0.512850,0.909722,0.230882,0.024619,-59.128647,-27.510380,-50.112320,-5.622985,4.016402,0.618343,0.605918,0.0670
-4.746765,4.715239,0.512850,0.909722,0.151511,-0.106954,-59.121033,-27.510380,-50.112320,-5.601255,4.066605,0.582511,0.719317,0.0400
-4.746765,4.715239,0.512850,0.909722,0.146540,-0.105275,-59.120007,-27.510380,-50.112320,-5.597896,4.073424,0.579785,0.728541,0.0430
-4.746765,4.715239,0.512850,0.909722,0.146572,-0.104943,-59.158756,-27.510380,-50.112320,-5.543773,4.149787,0.564380,0.793874,0.0420
-4.746765,4.715239,0.512850,0.909722,0.030956,-0.187909,-59.295002,-27.510380,-50.112320,-5.506536,4.218171,0.534677,0.866893,0.0780
-4.746765,4.715239,0.512850,0.909722,0.316196,-0.076870,-59.463123,-27.510380,-50.112320,-5.481867,4.259436,0.532370,0.881131,0.0400
-4.746765,4.715239,0.512850,0.909722,-0.182567,0.280645,-59.488476,-27.510380,-50.112320,-5.477145,4.267251,0.530730,0.884349,0.0400
-4.746765,4.715239,0.512850,0.909722,-0.182567,0.280645,-59.488476,-27.510380,-50.112320,-5.477145,4.267251,0.530730,0.884349,0.0410
-4.746765,4.715239,0.512850,0.909722,-0.182567,0.280645,-59.488476,-27.510380,-50.112320,-5.477145,4.267251,0.530730,0.884349,0.0400
-4.746765,4.715239,0.512850,0.909722,-0.182567,0.280645,-59.488476,-27.510380,-50.112320,-5.477145,4.267251,0.530730,0.884349,0.0410
-4.746765,4.715239,0.512850,0.909722,-0.182567,0.280645,-59.488476,-27.510380,-50.112320,-5.477145,4.267251,0.530730,0.884349,0.0400
-4.746765,4.715239,0.512850,0.909722,-0.277499,0.035968,-59.918579,-27.510380,-50.112320,-5.319634,4.534525,0.501226,0.910241,0.0770
-4.746765,4.715239,0.512850,0.909722,-0.104262,-0.029092,-59.941788,-27.510380,-50.112320,-5.294635,4.573307,0.506504,0.911706,0.0460
-4.746765,4.715239,0.512850,0.909722,-0.004422,-0.033551,-59.982162,-27.510380,-50.112320,-5.267354,4.617476,0.506565,0.910037,0.0480
-4.746765,4.715239,0.512850,0.909722,-0.073385,-0.120677,-60.046490,-27.510380,-50.112320,-5.224577,4.686372,0.508344,0.903022,0.0770
-4.746765,4.715239,0.512850,0.909722,-0.211122,0.361452,-60.086132,-27.510380,-50.112320,-5.200059,4.725712,0.503320,0.905177,0.0430
-4.746765,4.715239,0.512850,0.909722,-0.059317,0.083372,-60.156933,-27.510380,-50.112320,-5.138650,4.825779,0.499669,0.916573,0.1100
-4.746765,4.715239,0.512850,0.909722,-0.015832,0.196405,-60.186234,-27.510380,-50.112320,-5.117918,4.858791,0.500643,0.920189,0.0400
-4.746765,4.715239,0.512850,0.909722,-0.015965,0.196598,-60.186234,-27.510368,-50.112304,-5.117918,4.858791,0.500643,0.920189,0.0400
-4.746765,4.715239,0.512850,0.909722,-0.015965,0.196598,-60.186234,-27.510368,-50.112304,-5.117918,4.858791,0.500643,0.920189,0.0410
-4.746765,4.715239,0.512850,0.909722,-0.015965,0.196598,-60.186234,-27.510368,-50.112304,-5.117918,4.858791,0.500643,0.920189,0.0410
-4.746765,4.715239,0.512850,0.909722,-0.015965,0.196598,-60.186234,-27.510368,-50.112304,-5.117918,4.858791,0.500643,0.920189,0.0410
-4.746765,4.715239,0.512850,0.909722,-0.015965,0.196598,-60.186234,-27.510368,-50.112304,-5.117918,4.858791,0.500643,0.920189,0.0400
-4.746765,4.715239,0.512850,0.909722,-0.015965,0.196598,-60.186234,-27.510368,-50.112304,-5.117918,4.858791,0.500643,0.920189,0.0400
-3.417671,6.062450,0.975500,0.988797,-0.043420,0.333342,-59.983971,-27.510368,-50.112304,-4.821002,5.213819,0.953413,1.006473,0.0840
-3.417671,6.062450,0.975500,0.988797,-0.026643,0.276220,-59.821064,-27.510368,-50.112304,-4.688734,5.335193,0.962008,1.015962,0.1190
-3.417671,6.062450,0.975500,0.988797,0.151037,-0.132606,-59.736897,-27.510368,-50.112304,-4.599991,5.418625,0.963869,1.017453,0.0770
-3.417671,6.062450,0.975500,0.988797,0.365325,-0.402288,-59.681408,-27.510368,-50.112304,-4.280992,5.724811,1.002668,0.962077,0.2960
-3.417671,6.062450,0.975500,0.988797,0.077225,0.016744,-59.703743,-27.510368,-50.112304,-4.241759,5.762961,1.005685,0.952483,0.0410
-3.417671,6.062450,0.975500,0.988797,0.041624,-0.360308,-59.721092,-27.510368,-50.112304,-4.201553,5.802045,1.006897,0.944339,0.0410
-3.417671,6.062450,0.975500,0.988797,0.041624,-0.360308,-59.721092,-27.510368,-50.112304,-4.201553,5.802045,1.006897,0.944339,0.0410
-3.417671,6.062450,0.975500,0.988797,0.041624,-0.360308,-59.721092,-27.510368,-50.112304,-4.201553,5.802045,1.006897,0.944339,0.0410
-3.417671,6.062450,0.975500,0.988797,0.041624,-0.360308,-59.721092,-27.510359,-50.112289,-4.201553,5.802045,1.006897,0.944339,0.0400
-3.417671,6.062450,0.975500,0.988797,0.041624,-0.360308,-59.721092,-27.510359,-50.112289,-4.201553,5.802045,1.006897,0.944339,0.0400
-3.417671,6.062450,0.975500,0.988797,0.041624,-0.360308,-59.721092,-27.510359,-50.112289,-4.201553,5.802045,1.006897,0.944339,0.0410
-3.417671,6.062450,0.975500,0.988797,0.041624,-0.360308,-59.721092,-27.510359,-50.112289,-4.201553,5.802045,1.006897,0.944339,0.0400
-3.417671,6.062450,0.975500,0.988797,0.041624,-0.360308,-59.721092,-27.510359,-50.112289,-4.201553,5.802045,1.006897,0.944339,0.0400
-3.417671,6.062450,0.975500,0.988797,0.041624,-0.360308,-59.721092,-27.510359,-50.112289,-4.201553,5.802045,1.006897,0.944339,0.0400
-3.417671,6.062450,0.975500,0.988797,0.041624,-0.360308,-59.721092,-27.510359,-50.112289,-4.201553,5.802045,1.006897,0.944339,0.0400
-3.417671,6.062450,0.975500,0.988797,0.041624,-0.360308,-59.721092,-27.510359,-50.112289,-4.201553,5.802045,1.006897,0.944339,0.0400
-3.417671,6.062450,0.975500,0.988797,0.041624,-0.360308,-59.721092,-27.510359,-50.112289,-4.201553,5.802045,1.006897,0.944339,0.0400
-3.417671,6.062450,0.975500,0.988797,0.041624,-0.360308,-59.721092,-27.510359,-50.112289,-4.201553,5.802045,1.006897,0.944339,0.0400
-3.417671,6.062450,0.975500,0.988797,0.041624,-0.360308,-59.721092,-27.510359,-50.112289,-4.201553,5.802045,1.006897,0.944339,0.0400
-2.468318,7.746464,0.712432,1.263751,0.042480,-0.357941,-59.618896,-27.510359,-50.112289,-3.670565,6.466173,0.747498,1.241491,0.0400
-2.468318,7.746464,0.712432,1.263751,0.102544,0.287107,-59.628986,-27.510359,-50.112289,-3.633241,6.555560,0.725401,1.265750,0.0630
-2.468318,7.746464,0.712432,1.263751,0.097220,0.547062,-59.701420,-27.510359,-50.112289,-3.597780,6.617656,0.726881,1.274592,0.0400
-2.468318,7.746464,0.712432,1.263751,0.222975,-0.069392,-59.725529,-27.510359,-50.112289,-3.588195,6.634045,0.728187,1.272414,0.0400
-2.468318,7.746464,0.712432,1.263751,0.222975,-0.069392,-59.725529,-27.510359,-50.112289,-3.588195,6.634045,0.728187,1.272414,0.0400
-2.468318,7.746464,0.712432,1.263751,0.222975,-0.069392,-59.725529,-27.510359,-50.112289,-3.588195,6.634045,0.728187,1.272414,0.0400
-2.468318,7.746464,0.712432,1.263751,0.222975,-0.069392,-59.725529,-27.510359,-50.112289,-3.588195,6.634045,0.728187,1.272414,0.0400
-2.468318,7.746464,0.712432,1.263751,0.222975,-0.069392,-59.725529,-27.510359,-50.112289,-3.588195,6.634045,0.728187,1.272414,0.0400
-2.468318,7.746464,0.712432,1.263751,0.222975,-0.069392,-59.725529,-27.510359,-50.112289,-3.588195,6.634045,0.728187,1.272414,0.0400
-2.468318,7.746464,0.712432,1.263751,0.222975,-0.069392,-59.725529,-27.510359,-50.112289,-3.588195,6.634045,0.728187,1.272414,0.0400
-2.468318,7.746464,0.712432,1.263751,0.222975,-0.069392,-59.725529,-27.510359,-50.112289,-3.588195,6.634045,0.728187,1.272414,0.0400
-2.468318,7.746464,0.712432,1.263751,0.222975,-0.069392,-59.725529,-27.510359,-50.112289,-3.588195,6.634045,0.728187,1.272414,0.0400
-2.468318,7.746464,0.712432,1.263751,0.222975,-0.069392,-59.725529,-27.510348,-50.112268,-3.588195,6.634045,0.728187,1.272414,0.0400
-2.468318,7.746464,0.712432,1.263751,0.222975,-0.069392,-59.725529,-27.510348,-50.112268,-3.588195,6.634045,0.728187,1.272414,0.0540
-2.468318,7.746464,0.712432,1.263751,0.222975,-0.069392,-59.725529,-27.510348,-50.112268,-3.588195,6.634045,0.728187,1.272414,0.0410
-2.468318,7.746464,0.712432,1.263751,0.222975,-0.069392,-59.725529,-27.510348,-50.112268,-3.588195,6.634045,0.728187,1.272414,0.0400
-1.139224,9.430479,1.121876,1.421461,-1.308256,-0.458569,-59.844452,-27.510348,-50.112268,-2.971274,7.506653,1.081553,1.405925,0.0840
-1.139224,9.430479,1.121876,1.421461,-1.032612,-0.438593,-59.876991,-27.510348,-50.112268,-2.898135,7.588854,1.057041,1.395932,0.0470
-1.139224,9.430479,1.121876,1.421461,-1.132554,-0.120061,-59.922146,-27.510348,-50.112268,-2.769137,7.736784,1.022400,1.385165,0.0900
-1.139224,9.430479,1.121876,1.421461,-0.859298,-0.342766,-59.918224,-27.510348,-50.112268,-2.705833,7.809618,1.009187,1.378960,0.0410
-1.139224,9.430479,1.121876,1.421461,-0.889250,-0.287748,-59.917095,-27.510348,-50.112268,-2.700062,7.816268,1.008078,1.378743,0.0720
-1.139224,9.430479,1.121876,1.421461,-1.249597,-0.052037,-59.889843,-27.510348,-50.112268,-2.544818,8.013559,1.027848,1.399623,0.0670
-1.139224,9.430479,1.121876,1.421461,-0.903852,0.051774,-59.873745,-27.510348,-50.112268,-2.487847,8.080420,1.033179,1.404700,0.0420
-1.139224,9.430479,1.121876,1.421461,-0.722877,-0.135105,-59.857750,-27.510348,-50.112268,-2.441382,8.135701,1.030869,1.407778,0.0400
-1.139224,9.430479,1.121876,1.421461,-0.722781,-0.135040,-59.857750,-27.510348,-50.112268,-2.441382,8.135701,1.030869,1.407778,0.0400
-1.139224,9.430479,1.121876,1.421461,-0.722781,-0.135040,-59.857750,-27.510348,-50.112268,-2.441382,8.135701,1.030869,1.407778,0.0410
-1.139224,9.430479,1.121876,1.421461,-0.280178,-0.178299,-59.598579,-27.510348,-50.112268,-2.238039,8.396184,1.073948,1.427716,0.0910
-1.139224,9.430479,1.121876,1.421461,-0.030193,0.012198,-59.505257,-27.510348,-50.112268,-2.170696,8.477210,1.085345,1.420405,0.0480
-1.139224,9.430479,1.121876,1.421461,0.299967,0.342090,-59.196888,-27.510348,-50.112268,-2.033039,8.646051,1.111953,1.443102,0.1170
-0.569612,12.461705,0.435140,2.315626,0.528447,0.597120,-58.567097,-27.510342,-50.112240,-1.887545,9.350458,0.754866,2.090185,0.2670
-0.569612,12.461705,0.435140,2.315626,0.169113,1.206237,-58.239403,-27.510342,-50.112240,-1.778473,9.866795,0.659381,2.355400,0.1910
-0.569612,12.461705,0.435140,2.315626,0.327390,0.778058,-58.122684,-27.510342,-50.112240,-1.738674,10.053734,0.626119,2.405007,0.0790
-0.569612,12.461705,0.435140,2.315626,-0.294334,1.145743,-57.955338,-27.510342,-50.112240,-1.678825,10.332735,0.561413,2.476171,0.1120
-0.569612,12.461705,0.435140,2.315626,-0.545776,1.123024,-57.897343,-27.510342,-50.112240,-1.626316,10.576205,0.477107,2.528255,0.0880
-0.569612,12.461705,0.435140,2.315626,-1.024854,1.441306,-57.895313,-27.510342,-50.112240,-1.596545,10.713169,0.425328,2.553094,0.0590
-0.569612,12.461705,0.435140,2.315626,-1.013083,1.060604,-57.801800,-27.510342,-50.112240,-1.533193,11.007353,0.322683,2.593220,0.1130
-0.569613,15.492931,-0.000000,2.597944,-0.987588,0.891138,-57.699978,-27.510341,-50.112211,-1.456458,12.318385,-0.187403,2.813272,0.4540
-0.569613,15.492931,-0.000000,2.597944,-0.588262,0.494291,-57.107685,-27.510341,-50.112211,-1.440576,12.910679,-0.217495,2.795733,0.2300
-0.569613,15.492931,-0.000000,2.597944,-0.009335,0.628136,-56.830044,-27.510341,-50.112211,-1.432720,13.198307,-0.178326,2.802012,0.1030
-0.569613,15.492931,-0.000000,2.597944,-0.467504,1.081793,-56.549175,-27.510341,-50.112211,-1.425913,13.452718,-0.133518,2.812615,0.0920
-0.569613,15.492931,-0.000000,2.597944,0.155581,1.043922,-56.261940,-27.510341,-50.112211,-1.419660,13.696830,-0.100350,2.819894,0.0820
-0.569613,15.492931,-0.000000,2.597944,0.451336,0.548802,-56.111839,-27.510341,-50.112211,-1.416186,13.812477,-0.074948,2.818574,0.0470
-0.569613,15.492931,-0.000000,2.597944,0.303981,0.739290,-55.788185,-27.510341,-50.112211,-1.409528,14.061957,-0.035119,2.823424,0.0930
-1.518966,17.850552,-0.943504,2.343093,0.468979,0.852294,-55.543583,-27.510350,-50.112186,-1.470452,14.235983,-0.187250,2.769235,0.0710
-1.518966,17.850552,-0.943504,2.343093,0.325201,0.973824,-55.276970,-27.510350,-50.112186,-1.542555,14.467838,-0.348708,2.719786,0.0800
-1.518966,17.850552,-0.943504,2.343093,0.450780,0.928498,-55.167511,-27.510350,-50.112186,-1.584785,14.580874,-0.428829,2.692954,0.0400
-1.518966,17.850552,-0.943504,2.343093,0.463770,0.943761,-55.143749,-27.510350,-50.112186,-1.595063,14.609807,-0.443893,2.689537,0.0410
-1.518966,17.850552,-0.943504,2.343093,0.463770,0.943761,-55.143749,-27.510350,-50.112186,-1.595063,14.609807,-0.443893,2.689537,0.0410
-1.518966,17.850552,-0.943504,2.343093,0.309953,0.701035,-54.704258,-27.510350,-50.112186,-1.724794,15.052763,-0.812876,2.444313,0.0890
-1.518966,17.850552,-0.943504,2.343093,0.678473,0.205775,-54.452766,-27.510350,-50.112186,-1.813290,15.282935,-0.855188,2.419726,0.0920
-1.518966,17.850552,-0.943504,2.343093,0.885182,0.007254,-54.278828,-27.510350,-50.112186,-1.881116,15.465817,-0.846385,2.403475,0.0720
-1.518966,17.850552,-0.943504,2.343093,0.615010,0.235555,-54.140869,-27.510350,-50.112186,-1.945322,15.640704,-0.837213,2.388212,0.0700
-1.518966,17.850552,-0.943504,2.343093,0.567635,-0.144524,-53.427155,-27.510350,-50.112186,-2.220421,16.398510,-0.755932,2.332557,0.2700
-3.037931,19.197763,-1.635720,1.450765,0.573226,-0.970775,-53.356358,-27.510364,-50.112170,-2.827654,17.130587,-1.211794,1.589803,0.4370
-3.037931,19.197763,-1.635720,1.450765,0.095349,-0.972575,-53.573559,-27.510364,-50.112170,-3.358276,17.650173,-1.420682,1.291504,0.2750
-4.556896,20.544975,-1.497165,1.327876,-0.337558,0.111858,-56.042507,-27.510379,-50.112160,-4.169029,18.439844,-1.628460,1.320806,0.5240
-4.556896,20.544975,-1.497165,1.327876,-0.184613,0.035612,-57.087563,-27.510379,-50.112160,-4.855833,19.107404,-1.570118,1.376776,0.4990
-4.556896,20.544975,-1.497165,1.327876,-0.049924,-0.155443,-57.175949,-27.510379,-50.112160,-5.077192,19.323177,-1.538039,1.352550,0.1520
-4.556896,20.544975,-1.497165,1.327876,0.032127,-0.197118,-57.269775,-27.510379,-50.112160,-5.171568,19.415395,-1.540958,1.340795,0.0660
-4.556896,20.544975,-1.497165,1.327876,-0.287590,-0.235162,-57.626339,-27.510398,-50.112153,-5.405515,19.642733,-1.542270,1.314842,0.1420
-6.835343,21.218580,-2.027612,0.599448,0.492537,0.509639,-58.001762,-27.510398,-50.112153,-6.054316,19.866954,-1.825720,0.897362,0.2860
-6.835343,21.218580,-2.027612,0.599448,0.392192,1.336260,-57.790653,-27.510398,-50.112153,-6.934572,20.164305,-1.886829,0.933346,0.4460
-6.835343,21.218580,-2.027612,0.599448,0.495548,1.446805,-56.985920,-27.510398,-50.112153,-7.418891,20.326936,-1.886870,0.926817,0.2670
-8.923920,21.218580,-2.114367,-0.000000,0.581823,1.420179,-56.727974,-27.510419,-50.112152,-7.516121,20.342068,-1.886109,0.894117,0.0420
-8.923920,21.218580,-2.114367,-0.000000,0.460662,1.813668,-56.118732,-27.510419,-50.112152,-7.782419,20.351031,-1.888178,0.767848,0.1230
-8.923920,21.218580,-2.114367,-0.000000,0.769557,1.709165,-55.855083,-27.510419,-50.112152,-7.892194,20.353801,-1.881307,0.724763,0.0510
-8.923920,21.218580,-2.114367,-0.000000,1.098949,1.508163,-55.630291,-27.510419,-50.112152,-7.982552,20.354770,-1.877247,0.693494,0.0410
-8.923920,21.218580,-2.114367,-0.000000,0.625609,1.673401,-55.160080,-27.510419,-50.112152,-8.160426,20.373675,-1.886449,0.621128,0.0850
-8.923920,21.218580,-2.114367,-0.000000,1.472414,1.828314,-54.022461,-27.510419,-50.112152,-8.679112,20.385282,-1.903805,0.505171,0.2370
-8.923920,21.218580,-2.114367,-0.000000,1.215694,2.130992,-54.348362,-27.510419,-50.112152,-9.587154,20.411523,-1.769679,0.566831,0.4400
-11.202367,20.208172,-1.815267,-0.805004,2.398630,0.057506,-57.240623,-27.510438,-50.112164,-10.102307,20.207257,-1.473712,-0.080461,0.2680
-11.202367,20.208172,-1.815267,-0.805004,2.193779,-0.706017,-58.520794,-27.510438,-50.112164,-10.345420,20.104692,-1.365947,-0.369516,0.1070
-11.202367,20.208172,-1.815267,-0.805004,1.352056,-1.180186,-60.170368,-27.510438,-50.112164,-10.723763,19.943817,-1.289697,-0.728255,0.1890
-12.531461,18.860962,-1.304281,-1.322058,1.899163,-2.413068,-62.286659,-27.510451,-50.112175,-11.491212,19.578799,-1.471512,-1.406943,0.4650
-12.531461,18.860962,-1.304281,-1.322058,2.826567,-2.195780,-63.389885,-27.510451,-50.112175,-11.890340,19.177976,-0.874116,-1.809605,0.2960
-12.531461,18.860962,-1.304281,-1.322058,0.294171,-2.313451,-63.927277,-27.510451,-50.112175,-12.175022,18.892223,-0.904093,-1.888505,0.2220
-12.531461,18.860962,-1.304281,-1.322058,-0.006944,-2.348296,-64.046127,-27.510451,-50.112175,-12.230727,18.840157,-0.954893,-1.900158,0.0400
-12.531461,18.860962,-1.304281,-1.322058,-0.111010,-2.315508,-64.108864,-27.510451,-50.112175,-12.260233,18.811884,-0.981936,-1.906545,0.0410
-12.531461,18.860962,-1.304281,-1.322058,-0.931315,-2.306987,-64.570763,-27.510451,-50.112175,-12.510986,18.539369,-1.244621,-1.798838,0.1770
-12.531461,18.860962,-1.304281,-1.322058,-0.259888,-1.898171,-64.320023,-27.510451,-50.112175,-12.704628,18.350084,-1.333826,-1.804277,0.1200
-13.670685,17.850554,-1.258543,-1.116235,1.226262,-1.914544,-63.434555,-27.510461,-50.112186,-13.181342,17.927296,-1.104005,-1.683251,0.3720
-13.670685,17.850554,-1.258543,-1.116235,1.501116,-1.709342,-63.319473,-27.510461,-50.112186,-13.636371,17.527886,-0.880896,-1.714899,0.3480
-13.670685,17.850554,-1.258543,-1.116235,-1.432346,-1.391404,-63.671097,-27.510461,-50.112186,-13.948308,17.254635,-1.159407,-1.642684,0.2840
-13.670685,17.850554,-1.258543,-1.116235,-1.658234,-1.229766,-63.923161,-27.510461,-50.112186,-14.017616,17.194611,-1.261182,-1.609515,0.0560
-14.240296,15.829739,-0.420103,-1.490402,-1.977819,-0.946468,-64.763489,-27.510466,-50.112206,-14.088903,16.972458,-1.163986,-1.661720,0.1440
-14.240296,15.829739,-0.420103,-1.490402,-2.283728,-0.900328,-65.049568,-27.510466,-50.112206,-14.108108,16.896530,-1.149728,-1.664591,0.0480
-14.240296,15.829739,-0.420103,-1.490402,-2.169949,-0.063208,-65.556305,-27.510466,-50.112206,-14.222761,16.501061,-1.164089,-1.629971,0.2440
-14.240296,15.829739,-0.420103,-1.490402,-0.564094,0.482639,-65.152550,-27.510466,-50.112206,-14.394837,15.898936,-0.861324,-1.458149,0.3830
-12.721332,10.777700,0.719885,-2.394319,-0.454930,0.332173,-64.584961,-27.510452,-50.112258,-14.337038,15.232797,-0.232051,-1.816398,0.3510
-12.721332,10.777700,0.719885,-2.394319,0.160295,0.228520,-64.096954,-27.510452,-50.112258,-14.223930,14.860067,0.123302,-2.005407,0.1450
-12.721332,10.777700,0.719885,-2.394319,0.391148,0.402679,-63.928288,-27.510452,-50.112258,-14.185073,14.739525,0.228829,-2.052532,0.0410
-12.721332,10.777700,0.719885,-2.394319,0.969470,0.459875,-63.590256,-27.510452,-50.112258,-14.104347,14.460271,0.449869,-2.119690,0.1080
-12.721332,10.777700,0.719885,-2.394319,0.880205,0.444939,-63.493084,-27.510452,-50.112258,-14.052018,14.290611,0.562941,-2.151946,0.0660
-12.721332,10.777700,0.719885,-2.394319,0.840407,0.445601,-63.809589,-27.510452,-50.112258,-13.884691,13.744968,0.782222,-2.188018,0.1920
-10.442885,7.409674,1.651699,-2.441561,0.365858,0.679844,-64.449974,-27.510431,-50.112294,-13.653225,13.030763,0.906041,-2.210581,0.2950
-10.442885,7.409674,1.651699,-2.441561,-1.133783,-0.337321,-65.247665,-27.510431,-50.112294,-12.941303,11.955240,1.218227,-2.394180,0.3670
-10.442885,7.409674,1.651699,-2.441561,0.534952,-1.687393,-66.079460,-27.510431,-50.112294,-12.498824,11.288807,1.494068,-2.655351,0.2830
-10.442885,7.409674,1.651699,-2.441561,0.993500,-2.056153,-66.243309,-27.510431,-50.112294,-12.418554,11.169701,1.558991,-2.708371,0.0410
-10.442885,7.409674,1.651699,-2.441561,0.836331,-1.697731,-66.458900,-27.510431,-50.112294,-12.289740,10.973938,1.641934,-2.768995,0.0730
-10.442885,7.409674,1.651699,-2.441561,1.427544,-1.816050,-66.544044,-27.510431,-50.112294,-12.217702,10.866582,1.679750,-2.790647,0.0420
-10.442885,7.409674,1.651699,-2.441561,1.400295,-1.680478,-66.597641,-27.510431,-50.112294,-12.142463,10.754102,1.731892,-2.809868,0.0400
-10.442885,7.409674,1.651699,-2.441561,1.423854,-1.583565,-66.597641,-27.510431,-50.112294,-12.142463,10.754102,1.731892,-2.809868,0.0400
-9.113791,5.052056,1.364233,-2.419949,-0.265645,-1.884445,-66.870155,-27.510420,-50.112318,-11.768481,10.139408,1.512968,-2.685355,0.1850
-9.113791,5.052056,1.364233,-2.419949,-0.590352,-1.800020,-66.941719,-27.510420,-50.112318,-11.644790,9.920009,1.427175,-2.715533,0.0850
-9.113791,5.052056,1.364233,-2.419949,-0.877884,-1.327470,-67.068924,-27.510420,-50.112318,-11.429228,9.538835,1.296132,-2.759431,0.1250
-9.113791,5.052056,1.364233,-2.419949,-0.956962,-1.872674,-67.165611,-27.510420,-50.112318,-11.097823,8.951873,1.168661,-2.834088,0.2410
-9.113791,5.052056,1.364233,-2.419949,-1.494654,-1.765777,-67.103600,-27.510420,-50.112318,-10.949880,8.690653,1.109987,-2.872302,0.1010
-9.113791,5.052056,1.364233,-2.419949,-1.722790,-0.914995,-66.897995,-27.510420,-50.112318,-10.789040,8.407368,1.049794,-2.872636,0.1070
-9.113791,5.052056,1.364233,-2.419949,-1.488256,-1.348054,-66.756111,-27.510420,-50.112318,-10.702965,8.254170,1.033526,-2.858094,0.0620
-9.113791,5.052056,1.364233,-2.419949,-1.368273,-0.793638,-66.578445,-27.510420,-50.112318,-10.581239,8.036552,1.004478,-2.819270,0.0820
-9.113791,5.052056,1.364233,-2.419949,-1.214901,-0.993681,-66.506721,-27.510420,-50.112318,-10.519176,7.928787,1.004827,-2.794914,0.0410
-9.113791,5.052056,1.364233,-2.419949,-1.521604,-0.641311,-66.442268,-27.510420,-50.112318,-10.470414,7.844232,1.000615,-2.777365,0.0400
-9.113791,5.052056,1.364233,-2.419949,-1.521604,-0.641311,-66.442268,-27.510403,-50.112340,-10.470414,7.844232,1.000615,-2.777365,0.0400
-9.113791,5.052056,1.364233,-2.419949,-1.521604,-0.641311,-66.442268,-27.510403,-50.112340,-10.470414,7.844232,1.000615,-2.777365,0.0410
-7.215086,2.694437,1.652101,-2.051411,-1.521604,-0.641311,-66.232620,-27.510403,-50.112340,-10.317042,7.456044,1.054229,-2.606807,0.0420
-7.215086,2.694437,1.652101,-2.051411,-1.281357,-0.961412,-66.139923,-27.510403,-50.112340,-10.144420,7.319916,1.494597,-2.180746,0.0780
-7.215086,2.694437,1.652101,-2.051411,-2.067778,-1.018729,-66.085136,-27.510403,-50.112340,-10.051899,7.212912,1.493084,-2.174357,0.0480
-7.215086,2.694437,1.652101,-2.051411,-1.297215,-1.446447,-65.899292,-27.510403,-50.112340,-9.807226,6.918017,1.440865,-2.223330,0.1320
-7.215086,2.694437,1.652101,-2.051411,-0.848876,-0.236532,-65.538185,-27.510403,-50.112340,-9.409331,6.427076,1.435469,-2.208717,0.2190
-7.215086,2.694437,1.652101,-2.051411,-0.309603,0.019499,-65.460732,-27.510403,-50.112340,-9.182213,6.142539,1.450050,-2.148005,0.1280
-7.215086,2.694437,1.652101,-2.051411,-0.379947,-0.513512,-65.463097,-27.510403,-50.112340,-9.044207,5.968407,1.465332,-2.151617,0.0790
-7.215086,2.694437,1.652101,-2.051411,0.005844,-0.130991,-65.472191,-27.510403,-50.112340,-8.967540,5.872381,1.486318,-2.152251,0.0420
-7.215086,2.694437,1.652101,-2.051411,0.033970,-0.114354,-65.444084,-27.510403,-50.112340,-8.872525,5.742454,1.543459,-2.135812,0.0400
-7.215086,2.694437,1.652101,-2.051411,0.950974,0.332968,-65.426888,-27.510403,-50.112340,-8.775914,5.621226,1.627585,-2.095774,0.0750
-2.658193,-1.347198,2.597907,-2.304156,1.381634,0.230295,-65.399681,-27.510361,-50.112379,-8.682567,5.512719,1.732975,-2.080846,0.0400
-2.658193,-1.347198,2.597907,-2.304156,1.503550,0.050661,-65.397331,-27.510361,-50.112379,-8.650941,5.484937,1.798581,-2.093803,0.0400
-2.658193,-1.347198,2.597907,-2.304156,1.503550,0.050661,-65.397331,-27.510361,-50.112379,-8.650941,5.484937,1.798581,-2.093803,0.0400
-2.658193,-1.347198,2.597907,-2.304156,1.503550,0.050661,-65.397331,-27.510361,-50.112379,-8.650941,5.484937,1.798581,-2.093803,0.0410
-2.658193,-1.347198,2.597907,-2.304156,1.503550,0.050661,-65.397331,-27.510361,-50.112379,-8.650941,5.484937,1.798581,-2.093803,0.0410
-2.658193,-1.347198,2.597907,-2.304156,1.469685,0.412748,-65.291916,-27.510361,-50.112379,-8.161948,4.993668,2.493917,-2.231741,0.0580
-2.658193,-1.347198,2.597907,-2.304156,1.004308,0.811061,-65.278267,-27.510361,-50.112379,-7.977219,4.820489,2.616643,-2.254061,0.0630
-2.658193,-1.347198,2.597907,-2.304156,1.159151,0.719840,-65.269608,-27.510361,-50.112379,-7.851053,4.700498,2.653617,-2.249756,0.0410
-2.658193,-1.347198,2.597907,-2.304156,1.334547,0.238758,-65.280960,-27.510361,-50.112379,-7.567885,4.437614,2.706386,-2.226162,0.1030
-2.658193,-1.347198,2.597907,-2.304156,1.309788,0.425930,-65.245201,-27.510361,-50.112379,-7.073257,3.972149,2.801429,-2.198915,0.1340
-2.658193,-1.347198,2.597907,-2.304156,0.742138,0.259970,-65.227699,-27.510361,-50.112379,-6.670434,3.597270,2.820987,-2.205706,0.1860
-2.658193,-1.347198,2.597907,-2.304156,0.985040,0.044461,-65.188148,-27.510361,-50.112379,-6.539138,3.474222,2.820074,-2.221523,0.0400
-2.658193,-1.347198,2.597907,-2.304156,0.753624,-0.089714,-65.181099,-27.510361,-50.112379,-6.516801,3.453278,2.820602,-2.223993,0.0400
-2.658193,-1.347198,2.597907,-2.304156,0.753624,-0.089714,-65.181099,-27.510361,-50.112379,-6.516801,3.453278,2.820602,-2.223993,0.0400
-2.658193,-1.347198,2.597907,-2.304156,0.753624,-0.089714,-65.181099,-27.510361,-50.112379,-6.516801,3.453278,2.820602,-2.223993,0.0410
-2.658193,-1.347198,2.597907,-2.304156,0.753624,-0.089714,-65.181099,-27.510361,-50.112379,-6.516801,3.453278,2.820602,-2.223993,0.0400
-0.000005,0.673619,1.887966,1.435276,-0.814436,0.077395,-64.806854,-27.510339,-50.112363,-5.910273,3.448497,1.925538,1.148154,0.0800
-0.000005,0.673619,1.887966,1.435276,-1.032256,-0.258304,-64.731918,-27.510339,-50.112363,-5.794803,3.525959,1.865526,1.256111,0.0530
-0.000005,0.673619,1.887966,1.435276,-1.563634,-0.325522,-64.585258,-27.510339,-50.112363,-5.610882,3.636360,1.790152,1.321456,0.0820
-0.000005,0.673619,1.887966,1.435276,-1.860954,-0.501085,-64.472069,-27.510339,-50.112363,-5.422299,3.745444,1.695439,1.338969,0.0840
-0.000005,0.673619,1.887966,1.435276,-1.989747,-0.369269,-64.404556,-27.510339,-50.112363,-5.322275,3.801785,1.657383,1.341117,0.0410
-0.000005,0.673619,1.887966,1.435276,-1.457758,-0.425102,-64.262398,-27.510339,-50.112363,-5.145492,3.903882,1.586296,1.335209,0.0790
-0.000005,0.673619,1.887966,1.435276,-1.667492,-0.528066,-64.192200,-27.510339,-50.112363,-5.029454,3.969732,1.562676,1.325331,0.0510
-0.000005,0.673619,1.887966,1.435276,-1.760120,-0.507079,-64.092285,-27.510339,-50.112363,-4.834029,4.081839,1.515300,1.331408,0.0900
-0.000005,0.673619,1.887966,1.435276,-1.875959,-0.637886,-64.025635,-27.510339,-50.112363,-4.724309,4.142876,1.499252,1.318719,0.0490
-0.000005,0.673619,1.887966,1.435276,-1.434715,0.040434,-64.079254,-27.510339,-50.112363,-4.563943,4.241162,1.472469,1.321010,0.0750
-0.000005,0.673619,1.887966,1.435276,-1.635793,0.030601,-64.218781,-27.510339,-50.112363,-4.448922,4.305406,1.478646,1.348740,0.0540
-0.000005,0.673619,1.887966,1.435276,-1.610889,0.129389,-64.305534,-27.510339,-50.112363,-4.399966,4.332331,1.477516,1.357679,0.0400
-0.000005,0.673619,1.887966,1.435276,-1.923724,0.788204,-64.740654,-27.510339,-50.112363,-4.238807,4.445630,1.489137,1.436786,0.0700
-0.000005,0.673619,1.887966,1.435276,-2.043259,0.718167,-64.927513,-27.510339,-50.112363,-4.151084,4.492488,1.528138,1.465719,0.0410
-0.000005,0.673619,1.887966,1.435276,-1.949226,0.965938,-65.109337,-27.510339,-50.112363,-4.060368,4.541443,1.535013,1.494366,0.0400
-0.000005,0.673619,1.887966,1.435276,-1.953778,0.975846,-65.109337,-27.510339,-50.112363,-4.060368,4.541443,1.535013,1.494366,0.0410
-0.000005,0.673619,1.887966,1.435276,-1.953778,0.975846,-65.109337,-27.510320,-50.112345,-4.060368,4.541443,1.535013,1.494366,0.0400
-0.000005,0.673619,1.887966,1.435276,-1.953778,0.975846,-65.109337,-27.510320,-50.112345,-4.060368,4.541443,1.535013,1.494366,0.0410
-0.000005,0.673619,1.887966,1.435276,-1.953778,0.975846,-65.109337,-27.510320,-50.112345,-4.060368,4.541443,1.535013,1.494366,0.0400
1.898701,2.020831,1.590132,1.128266,-1.902253,1.751968,-65.122246,-27.510320,-50.112345,-3.650905,4.852291,1.505301,1.239639,0.0710
1.898701,2.020831,1.590132,1.128266,-1.395352,1.086178,-65.006447,-27.510320,-50.112345,-3.566143,4.884543,1.490715,1.236246,0.0410
1.898701,2.020831,1.590132,1.128266,-1.585513,1.385221,-64.907356,-27.510320,-50.112345,-3.502001,4.912060,1.475889,1.242169,0.0400
1.898701,2.020831,1.590132,1.128266,-1.585513,1.385221,-64.907356,-27.510320,-50.112345,-3.502001,4.912060,1.475889,1.242169,0.0610
1.898701,2.020831,1.590132,1.128266,-1.585513,1.385221,-64.907356,-27.510320,-50.112345,-3.502001,4.912060,1.475889,1.242169,0.0420
1.898701,2.020831,1.590132,1.128266,-1.585513,1.385221,-64.907356,-27.510320,-50.112345,-3.502001,4.912060,1.475889,1.242169,0.0400
1.898701,2.020831,1.590132,1.128266,-1.585513,1.385221,-64.907356,-27.510320,-50.112345,-3.502001,4.912060,1.475889,1.242169,0.0400
1.898701,2.020831,1.590132,1.128266,-0.744922,0.299972,-64.692497,-27.510320,-50.112345,-3.123833,5.198699,1.539350,1.161565,0.0480
1.898701,2.020831,1.590132,1.128266,-0.085692,0.169297,-64.683243,-27.510320,-50.112345,-3.005478,5.250296,1.561647,1.157794,0.0600
1.898701,2.020831,1.590132,1.128266,-0.120243,0.699854,-64.695999,-27.510320,-50.112345,-2.919067,5.290460,1.569695,1.161744,0.0400
1.898701,2.020831,1.590132,1.128266,-0.256168,0.621247,-64.695999,-27.510320,-50.112345,-2.919067,5.290460,1.569695,1.161744,0.0400
1.898701,2.020831,1.590132,1.128266,-0.256168,0.621247,-64.695999,-27.510320,-50.112345,-2.919067,5.290460,1.569695,1.161744,0.0400
1.898701,2.020831,1.590132,1.128266,-0.256168,0.621247,-64.695999,-27.510320,-50.112345,-2.919067,5.290460,1.569695,1.161744,0.0400
1.898701,2.020831,1.590132,1.128266,-0.256168,0.621247,-64.695999,-27.510320,-50.112345,-2.919067,5.290460,1.569695,1.161744,0.0400
1.898701,2.020831,1.590132,1.128266,-0.256168,0.621247,-64.695999,-27.510320,-50.112345,-2.919067,5.290460,1.569695,1.161744,0.0410
1.898701,2.020831,1.590132,1.128266,1.073720,-0.526555,-63.702744,-27.510320,-50.112345,-2.426525,5.620369,1.640536,1.114393,0.0840
1.898701,2.020831,1.590132,1.128266,0.841606,-0.799050,-63.555485,-27.510320,-50.112345,-2.344259,5.662797,1.653704,1.098778,0.0400
1.898701,2.020831,1.590132,1.128266,0.797912,-0.860848,-63.548744,-27.510320,-50.112345,-2.340668,5.664649,1.654185,1.097580,0.0400
1.898701,2.020831,1.590132,1.128266,0.797912,-0.860848,-63.548744,-27.510317,-50.112341,-2.340668,5.664649,1.654185,1.097580,0.0400
1.898701,2.020831,1.590132,1.128266,0.797912,-0.860848,-63.548744,-27.510317,-50.112341,-2.340668,5.664649,1.654185,1.097580,0.0400
1.898701,2.020831,1.590132,1.128266,0.797912,-0.860848,-63.548744,-27.510317,-50.112341,-2.340668,5.664649,1.654185,1.097580,0.0420
2.278442,2.357634,0.977583,0.867045,-1.181792,-0.040298,-63.903229,-27.510317,-50.112341,-2.028719,5.885176,0.997248,0.889737,0.0690
2.278442,2.357634,0.977583,0.867045,-1.519771,0.203356,-64.073959,-27.510317,-50.112341,-1.951694,5.923282,0.923377,0.882711,0.0620
2.278442,2.357634,0.977583,0.867045,-1.802765,0.315291,-64.324234,-27.510317,-50.112341,-1.843893,5.977529,0.842930,0.891367,0.0810
2.278442,2.357634,0.977583,0.867045,-1.652321,0.134847,-64.457932,-27.510317,-50.112341,-1.793918,6.001445,0.813564,0.889744,0.0410
2.278442,2.357634,0.977583,0.867045,-1.443241,0.282710,-64.565659,-27.510317,-50.112341,-1.755694,6.019594,0.791696,0.891429,0.0400
2.278442,2.357634,0.977583,0.867045,-1.472935,0.625860,-64.962639,-27.510317,-50.112341,-1.656383,6.093735,0.776573,0.908821,0.0770
2.278442,2.357634,0.977583,0.867045,-1.542441,0.219969,-65.175110,-27.510317,-50.112341,-1.595008,6.122848,0.790558,0.905217,0.0480
2.278442,2.357634,0.977583,0.867045,-1.617631,0.355219,-65.333916,-27.510317,-50.112341,-1.549730,6.144329,0.782138,0.906001,0.0420
2.278442,2.357634,0.977583,0.867045,-1.477564,0.484896,-65.778496,-27.510317,-50.112341,-1.440350,6.210181,0.754913,0.913094,0.0870
2.278442,2.357634,0.977583,0.867045,-1.383022,0.643236,-66.044296,-27.510317,-50.112341,-1.369217,6.244361,0.741410,0.929211,0.0690
2.278442,2.357634,0.977583,0.867045,-0.804967,-0.965049,-66.430763,-27.510317,-50.112341,-1.173872,6.356711,0.725116,0.876015,0.1560
2.278442,2.357634,0.000000,0.000000,-0.127360,-1.584861,-66.834877,-27.510317,-50.112343,-1.047515,6.409185,0.661065,0.607679,0.1320
2.278442,2.357634,0.000000,0.000000,0.177579,-1.205152,-67.398315,-27.510317,-50.112343,-1.029400,6.384353,0.460433,0.290989,0.1150
2.278442,2.357634,0.000000,0.000000,-0.477330,-0.498378,-67.919052,-27.510317,-50.112343,-1.014358,6.362731,0.315055,0.158568,0.0870
2.278442,2.357634,0.000000,0.000000,-0.536559,-0.948526,-68.121475,-27.510317,-50.112343,-1.005585,6.349856,0.236630,0.099000,0.0400
2.278442,2.357634,0.000000,0.000000,-0.177280,-1.226603,-68.179176,-27.510317,-50.112343,-1.002026,6.345210,0.215322,0.074182,0.0410
2.278442,2.357634,0.000000,0.000000,-0.177280,-1.226603,-68.179176,-27.510317,-50.112343,-1.002026,6.345210,0.215322,0.074182,0.0400
2.278442,2.357634,0.000000,0.000000,-0.177280,-1.226603,-68.179176,-27.510317,-50.112343,-1.002026,6.345210,0.215322,0.074182,0.0440
2.278442,2.357634,0.000000,0.000000,1.056281,-1.431397,-68.540016,-27.510317,-50.112343,-0.975436,6.340789,0.088975,-0.071720,0.0740
2.278442,2.357634,0.000000,0.000000,1.328602,-1.284461,-68.635353,-27.510317,-50.112343,-0.970510,6.333178,0.093821,-0.086918,0.0540
2.278442,2.357634,0.000000,0.000000,1.319089,-0.705081,-68.698151,-27.510317,-50.112343,-0.962916,6.322450,0.125041,-0.092141,0.0580
2.278442,2.357634,0.000000,0.000000,1.682871,-0.800774,-68.696846,-27.510317,-50.112343,-0.955025,6.310984,0.168027,-0.105326,0.0600
2.278442,2.357634,0.000000,0.000000,1.939862,-0.563307,-68.643494,-27.510317,-50.112343,-0.949360,6.302116,0.205108,-0.110067,0.0400
2.278442,2.357634,0.000000,0.000000,2.827310,-0.068598,-68.440994,-27.510317,-50.112343,-0.938302,6.293603,0.273676,-0.100926,0.0620
2.278442,2.357634,0.000000,0.000000,2.882653,0.171497,-68.228233,-27.510317,-50.112343,-0.932205,6.278894,0.319091,-0.054913,0.0720
2.278442,2.357634,0.000000,0.000000,1.294362,0.189067,-68.074745,-27.510317,-50.112343,-0.922807,6.262569,0.336908,-0.040657,0.0750
2.278442,2.357634,0.000000,0.000000,0.156379,0.215177,-67.966644,-27.510317,-50.112343,-0.911592,6.245475,0.277331,-0.013529,0.0710
2.278442,2.357634,0.000000,0.000000,-0.471448,0.525463,-67.892738,-27.510317,-50.112345,-0.901115,6.231137,0.200464,0.011174,0.0680
2.278442,2.357634,0.000000,0.000000,-1.291315,0.898565,-67.794113,-27.510317,-50.112345,-0.883975,6.209337,0.064608,0.067959,0.0970
2.278442,2.357634,0.000000,0.000000,-1.080575,0.869950,-67.717323,-27.510317,-50.112345,-0.868421,6.190150,-0.037950,0.113846,0.0890
2.278442,2.357634,0.000000,0.000000,-1.267068,0.833399,-67.642296,-27.510317,-50.112345,-0.854655,6.173233,-0.110061,0.145016,0.0670
2.278442,2.357634,0.000000,0.000000,0.097610,0.845697,-67.576195,-27.510317,-50.112345,-0.825874,6.138163,-0.129755,0.190656,0.1720
2.278442,2.357634,0.000000,0.000000,0.109918,0.651692,-67.657585,-27.510317,-50.112345,-0.812125,6.121282,-0.083968,0.175628,0.0770
2.278442,2.357634,0.000000,0.000000,-0.135734,0.287194,-67.820496,-27.510317,-50.112345,-0.798493,6.104525,-0.067194,0.149668,0.0770
2.278442,2.357634,0.000000,0.000000,-0.176561,0.111882,-67.923218,-27.510317,-50.112345,-0.791054,6.095319,-0.063461,0.137391,0.0410
2.278442,2.357634,0.000000,0.000000,-0.176561,0.111882,-67.923218,-27.510317,-50.112345,-0.791054,6.095319,-0.063461,0.137391,0.0400
2.278442,2.357634,0.000000,0.000000,-0.176561,0.111882,-67.923218,-27.510317,-50.112345,-0.791054,6.095319,-0.063461,0.137391,0.0450
2.278442,2.357634,0.000000,0.000000,-0.458208,-0.174163,-68.699989,-27.510317,-50.112345,-0.768982,6.074352,-0.053063,0.015899,0.1740
2.278442,1.684028,0.000000,-0.262367,-0.290882,-0.526460,-69.297012,-27.510317,-50.112351,-0.699835,5.899439,-0.083316,-0.232221,0.3960
2.278442,1.684028,0.000000,-0.262367,0.605350,-0.089890,-69.080727,-27.510317,-50.112351,-0.639574,5.717225,-0.029105,-0.313668,0.3790
2.278442,1.684028,0.000000,-0.262367,1.412736,0.215972,-68.844200,-27.510317,-50.112351,-0.628597,5.684242,0.038347,-0.302104,0.0670
2.278442,1.684028,0.000000,-0.262367,1.856805,0.403919,-68.751183,-27.510317,-50.112351,-0.622479,5.665855,0.092002,-0.291825,0.0400
2.278442,1.684028,0.000000,-0.262367,1.875978,0.410988,-68.733719,-27.510317,-50.112351,-0.621168,5.661829,0.104117,-0.287836,0.0400
2.278442,1.684028,0.000000,-0.262367,1.875978,0.410988,-68.733719,-27.510317,-50.112351,-0.621168,5.661829,0.104117,-0.287836,0.0410
2.278442,1.684028,0.000000,-0.262367,1.875978,0.410988,-68.733719,-27.510317,-50.112351,-0.621168,5.661829,0.104117,-0.287836,0.0550
2.278442,1.684028,0.000000,-0.262367,1.875978,0.410988,-68.733719,-27.510325,-50.112363,-0.621168,5.661829,0.104117,-0.287836,0.0400
1.329089,0.673620,-0.528395,-0.562377,0.449723,-0.115072,-68.077957,-27.510325,-50.112363,-0.674612,5.543311,-0.432925,-0.546826,0.0590
1.329089,0.673620,-0.528395,-0.562377,0.567087,-0.216336,-67.966545,-27.510325,-50.112363,-0.697860,5.506611,-0.464470,-0.564428,0.0460
1.329089,0.673620,-0.528395,-0.562377,0.194091,-0.404659,-67.878593,-27.510325,-50.112363,-0.717499,5.471334,-0.476468,-0.574479,0.0410
1.329089,0.673620,-0.528395,-0.562377,0.182834,-0.420261,-67.878593,-27.510325,-50.112363,-0.717499,5.471334,-0.476468,-0.574479,0.0400
1.329089,0.673620,-0.528395,-0.562377,0.182834,-0.420261,-67.878593,-27.510325,-50.112363,-0.717499,5.471334,-0.476468,-0.574479,0.0410
1.329089,0.673620,-0.528395,-0.562377,0.182834,-0.420261,-67.878593,-27.510325,-50.112363,-0.717499,5.471334,-0.476468,-0.574479,0.0400
1.329089,0.673620,-0.528395,-0.562377,0.182834,-0.420261,-67.878593,-27.510325,-50.112363,-0.717499,5.471334,-0.476468,-0.574479,0.0400
1.329089,0.673620,-0.528395,-0.562377,0.182834,-0.420261,-67.878593,-27.510325,-50.112363,-0.717499,5.471334,-0.476468,-0.574479,0.0410
1.329089,0.673620,-0.528395,-0.562377,0.182834,-0.420261,-67.878593,-27.510325,-50.112363,-0.717499,5.471334,-0.476468,-0.574479,0.0400
1.329089,0.673620,-0.528395,-0.562377,0.182834,-0.420261,-67.878593,-27.510325,-50.112363,-0.717499,5.471334,-0.476468,-0.574479,0.0410
1.329089,0.673620,-0.528395,-0.562377,-0.041695,-0.324607,-67.020157,-27.510325,-50.112363,-0.915795,5.216014,-0.531756,-0.574176,0.1050
1.329089,0.673620,-0.528395,-0.562377,-0.090647,-0.274478,-66.891281,-27.510325,-50.112363,-0.937080,5.172844,-0.533805,-0.580101,0.0410
1.329089,0.673620,-0.528395,-0.562377,-0.181858,-0.308616,-66.683594,-27.510325,-50.112363,-0.969079,5.108282,-0.535329,-0.588221,0.0930
1.329089,0.673620,-0.528395,-0.562377,-0.199666,-0.319389,-66.396042,-27.510325,-50.112363,-1.008375,5.027246,-0.540817,-0.591519,0.1020
1.329089,0.673620,-0.528395,-0.562377,0.176804,-0.353304,-66.287888,-27.510325,-50.112363,-1.051608,4.938804,-0.535126,-0.599361,0.0980
1.329089,0.673620,0.000000,0.000000,-0.021245,-0.022550,-66.318405,-27.510325,-50.112363,-1.074611,4.882365,-0.507696,-0.565518,0.0950
1.329089,0.673620,0.000000,0.000000,0.206502,0.007085,-66.395966,-27.510325,-50.112363,-1.055307,4.866638,-0.364419,-0.407764,0.0980
1.329089,0.673620,0.000000,0.000000,-0.230309,0.129325,-66.443726,-27.510325,-50.112363,-1.046330,4.858577,-0.314227,-0.345929,0.0400
1.329089,0.673620,0.000000,0.000000,-0.355294,-0.013297,-66.486633,-27.510325,-50.112363,-1.035936,4.842608,-0.280738,-0.274831,0.0760
1.329089,0.673620,0.000000,0.000000,0.114863,0.159008,-66.469696,-27.510325,-50.112363,-1.028485,4.833593,-0.249814,-0.230274,0.0400
1.329089,0.673620,0.000000,0.000000,0.400324,0.153881,-66.461220,-27.510325,-50.112363,-1.024717,4.829146,-0.226523,-0.211440,0.0400
1.329089,0.673620,0.000000,0.000000,0.400324,0.153881,-66.461220,-27.510325,-50.112363,-1.024717,4.829146,-0.226523,-0.211440,0.0400
1.329089,0.673620,0.000000,0.000000,0.400324,0.153881,-66.461220,-27.510325,-50.112363,-1.024717,4.829146,-0.226523,-0.211440,0.0400
1.329089,0.673620,0.000000,0.000000,0.400324,0.153881,-66.461220,-27.510325,-50.112363,-1.024717,4.829146,-0.226523,-0.211440,0.0410
1.329089,0.673620,0.000000,0.000000,0.400324,0.153881,-66.461220,-27.510325,-50.112363,-1.024717,4.829146,-0.226523,-0.211440,0.0400
1.329089,0.673620,0.000000,0.000000,0.400324,0.153881,-66.461220,-27.510325,-50.112363,-1.024717,4.829146,-0.226523,-0.211440,0.0400
1.329089,0.673620,0.000000,0.000000,0.400324,0.153881,-66.461220,-27.510325,-50.112363,-1.024717,4.829146,-0.226523,-0.211440,0.0410
1.329089,0.673620,0.000000,0.000000,-0.990231,-0.574125,-66.217880,-27.510325,-50.112363,-1.045938,4.783616,-0.039248,-0.045182,0.0790
1.329089,0.673620,0.000000,0.000000,-1.221536,-0.781607,-66.161888,-27.510325,-50.112363,-1.033398,4.774007,-0.073046,-0.053141,0.0520
1.329089,0.673620,0.000000,0.000000,-1.229849,-0.782592,-66.159142,-27.510325,-50.112363,-1.032909,4.773620,-0.074186,-0.053792,0.0400
1.329089,0.673620,0.000000,0.000000,-1.229849,-0.782592,-66.159142,-27.510325,-50.112363,-1.032909,4.773620,-0.074186,-0.053792,0.0410
1.329089,0.673620,0.000000,0.000000,-1.229849,-0.782592,-66.159142,-27.510325,-50.112363,-1.032909,4.773620,-0.074186,-0.053792,0.0400
1.329089,0.673620,0.000000,0.000000,-1.229849,-0.782592,-66.159142,-27.510325,-50.112363,-1.032909,4.773620,-0.074186,-0.053792,0.0400
1.329089,0.673620,0.000000,0.000000,-1.539208,-0.448707,-65.818451,-27.510325,-50.112363,-1.044592,4.762462,-0.104610,-0.027132,0.0480
1.329089,0.673620,0.000000,0.000000,-1.751298,-0.709321,-65.506241,-27.510325,-50.112363,-1.023156,4.751698,-0.085501,-0.025009,0.0600
1.329089,0.673620,0.000000,0.000000,-1.603222,-1.269546,-65.064301,-27.510325,-50.112363,-1.011439,4.742386,-0.113043,-0.045945,0.0430
1.329089,0.673620,0.000000,0.000000,-1.239291,-1.488220,-64.206093,-27.510325,-50.112363,-1.008911,4.735743,-0.156034,-0.111904,0.0630
1.329089,0.673620,0.000000,0.000000,-0.837294,-2.060701,-63.205627,-27.510325,-50.112363,-0.991600,4.725248,-0.135087,-0.159523,0.0730
1.329089,0.673620,0.000000,0.000000,-0.392127,-3.059379,-61.946754,-27.510325,-50.112363,-0.968308,4.704682,-0.110353,-0.373180,0.1350
1.329089,0.673620,0.000000,0.000000,-1.240843,-1.944252,-61.771069,-27.510325,-50.112363,-0.949470,4.685842,-0.144326,-0.473617,0.1140
1.329089,0.673620,0.000000,0.000000,-1.555537,-0.903644,-61.830978,-27.510325,-50.112363,-0.928599,4.660252,-0.249554,-0.418647,0.1520
1.329089,0.673620,0.000000,0.000000,-1.761999,-0.200813,-61.821892,-27.510325,-50.112363,-0.913735,4.641540,-0.315012,-0.346582,0.0940
1.329089,0.673620,0.000000,0.000000,-1.674422,-0.234631,-61.794701,-27.510325,-50.112363,-0.904611,4.629066,-0.346783,-0.298791,0.0590
1.329089,0.673620,0.000000,0.000000,-1.664677,-0.415296,-61.709286,-27.510325,-50.112363,-0.890054,4.606976,-0.395466,-0.238977,0.0960
0.759477,-1.010395,-0.164835,-0.487322,-1.579716,-0.618443,-62.050514,-27.510329,-50.112378,-0.896089,4.302137,-0.609499,-0.476477,0.4990
0.759477,-1.010395,-0.164835,-0.487322,-1.213735,-1.985515,-62.589970,-27.510329,-50.112378,-0.909843,4.164546,-0.603938,-0.701004,0.2050
0.759477,-1.010395,-0.164835,-0.487322,-0.966400,-1.642475,-63.004719,-27.510329,-50.112378,-0.916077,4.091043,-0.563442,-0.791174,0.0960
0.759477,-1.010395,-0.164835,-0.487322,-0.653803,-1.037734,-63.375835,-27.510329,-50.112378,-0.920742,4.032379,-0.534885,-0.812807,0.0750
0.759477,-1.010395,-0.164835,-0.487322,-0.527079,-0.398760,-63.962425,-27.510329,-50.112378,-0.927293,3.965404,-0.504736,-0.784204,0.0680
0.759477,-1.010395,-0.164835,-0.487322,-1.342113,0.117896,-64.408943,-27.510329,-50.112378,-0.932452,3.910961,-0.508965,-0.726918,0.0880
0.759477,-1.010395,-0.164835,-0.487322,-1.403752,-0.044746,-64.675468,-27.510329,-50.112378,-0.938678,3.842237,-0.531342,-0.661619,0.0920
0.759477,-1.010395,-0.164835,-0.487322,-1.234340,-0.196655,-64.652428,-27.510329,-50.112378,-0.939932,3.808269,-0.531692,-0.644553,0.0410
0.759477,-1.010395,0.000000,0.000000,-0.623838,0.021896,-64.534225,-27.510329,-50.112378,-0.952637,3.784283,-0.518298,-0.584978,0.0560
0.759477,-1.010395,0.000000,0.000000,-0.105401,-0.344017,-64.408623,-27.510329,-50.112378,-0.943590,3.769663,-0.357701,-0.410695,0.0650
0.759477,-1.010395,0.000000,0.000000,0.462102,-0.696733,-64.314552,-27.510329,-50.112378,-0.937931,3.759684,-0.275922,-0.349899,0.0400
0.759477,-1.010395,0.000000,0.000000,0.630344,-0.518610,-64.295914,-27.510329,-50.112378,-0.936781,3.757754,-0.260203,-0.340119,0.0400
0.759477,-1.010395,0.000000,0.000000,0.630344,-0.518610,-64.295914,-27.510329,-50.112378,-0.936781,3.757754,-0.260203,-0.340119,0.0400
0.759477,-1.010395,0.000000,0.000000,0.630344,-0.518610,-64.295914,-27.510329,-50.112378,-0.936781,3.757754,-0.260203,-0.340119,0.0400
0.759477,-1.010395,0.000000,0.000000,-0.083342,-0.715063,-63.447880,-27.510329,-50.112378,-0.953109,3.711570,-0.004663,-0.076175,0.1040
0.759477,-1.010395,0.000000,0.000000,-0.654561,-0.434454,-63.351055,-27.510329,-50.112378,-0.948485,3.702642,-0.017367,-0.065553,0.0410
0.759477,-1.010395,0.000000,0.000000,-0.911371,-0.608724,-63.271881,-27.510329,-50.112378,-0.945379,3.693822,-0.062183,-0.068736,0.0410
0.759477,-1.010395,0.000000,0.000000,-1.726855,-0.008921,-63.182186,-27.510329,-50.112378,-0.930345,3.669180,-0.166254,-0.049638,0.1180
0.759477,-1.010395,0.000000,0.000000,-1.867252,-0.155072,-63.015224,-27.510329,-50.112378,-0.921285,3.654858,-0.228643,-0.036973,0.0530
0.759477,-1.010395,0.000000,0.000000,-2.330670,0.011573,-62.867882,-27.510329,-50.112378,-0.914752,3.644845,-0.269186,-0.028082,0.0400
0.759477,-1.010395,0.000000,0.000000,-2.030984,0.126347,-62.559956,-27.510329,-50.112378,-0.919942,3.637232,-0.323158,-0.019747,0.0570
0.759477,-1.010395,0.000000,0.000000,-1.792052,0.150857,-62.287434,-27.510329,-50.112378,-0.908616,3.621396,-0.311040,-0.006153,0.0650
0.759477,-1.010395,0.000000,0.000000,-1.684243,0.390276,-62.131054,-27.510329,-50.112378,-0.900967,3.610014,-0.306218,0.002635,0.0410
0.759477,-1.010395,0.000000,0.000000,-1.676213,0.395010,-62.124805,-27.510329,-50.112378,-0.900594,3.609442,-0.306143,0.003369,0.0410
0.759477,-1.010395,0.000000,0.000000,-1.676213,0.395010,-62.124805,-27.510329,-50.112378,-0.900594,3.609442,-0.306143,0.003369,0.0410
0.759477,-1.010395,0.000000,0.000000,-1.600123,0.295914,-61.978832,-27.510329,-50.112378,-0.908485,3.589773,-0.162355,0.019338,0.0900
0.759477,-1.010395,0.000000,0.000000,-1.366292,0.631813,-61.982723,-27.510329,-50.112378,-0.896109,3.569711,-0.170381,0.032765,0.0720
0.759477,-1.010395,0.000000,0.000000,-1.019382,0.411017,-62.028812,-27.510329,-50.112378,-0.888490,3.556044,-0.175217,0.041167,0.0520
0.759477,-1.010395,0.000000,0.000000,-1.013248,0.511040,-62.213776,-27.510329,-50.112378,-0.878867,3.535744,-0.187659,0.055543,0.0780
0.759477,-1.010395,0.000000,0.000000,-0.735124,0.090184,-62.420773,-27.510329,-50.112378,-0.872029,3.521759,-0.192139,0.054860,0.0490
0.759477,-1.010395,0.000000,0.000000,-0.834080,0.278884,-62.570641,-27.510329,-50.112378,-0.868039,3.513639,-0.191501,0.054156,0.0420
0.759477,-1.010395,0.000000,0.000000,-0.541554,-0.376048,-63.083389,-27.510329,-50.112378,-0.874349,3.510227,-0.172535,0.028431,0.0610
0.759477,-1.010395,0.000000,0.000000,-1.108082,-0.030079,-63.480282,-27.510329,-50.112378,-0.866615,3.496474,-0.143616,0.020800,0.0520
0.759477,-1.010395,0.000000,0.000000,-1.160700,3.105466,-63.808945,-27.510329,-50.112378,-0.859942,3.483490,-0.140448,0.036827,0.0400
0.759477,-1.010395,0.000000,0.000000,-1.123112,3.116321,-63.833691,-27.510329,-50.112378,-0.859667,3.482910,-0.140833,0.042481,0.0400
0.759477,-1.010395,0.000000,0.000000,-1.123112,3.116321,-63.833691,-27.510329,-50.112378,-0.859667,3.482910,-0.140833,0.042481,0.0400
0.759477,-1.010395,0.000000,0.000000,-1.123112,3.116321,-63.833691,-27.510329,-50.112378,-0.859667,3.482910,-0.140833,0.042481,0.0400
0.759477,-1.010395,0.000000,0.000000,-1.123112,3.116321,-63.833691,-27.510329,-50.112378,-0.859667,3.482910,-0.140833,0.042481,0.0400
0.759477,-1.010395,0.000000,0.000000,-1.123112,3.116321,-63.833691,-27.510329,-50.112378,-0.859667,3.482910,-0.140833,0.042481,0.0400
0.759477,-1.010395,0.000000,0.000000,-1.123112,3.116321,-63.833691,-27.510329,-50.112378,-0.859667,3.482910,-0.140833,0.042481,0.0400
0.759477,-1.010395,0.000000,0.000000,-1.123112,3.116321,-63.833691,-27.510329,-50.112378,-0.859667,3.482910,-0.140833,0.042481,0.0410
0.759477,-1.010395,0.000000,0.000000,-1.123112,3.116321,-63.833691,-27.510329,-50.112378,-0.859667,3.482910,-0.140833,0.042481,0.0400
0.759477,-1.010395,0.000000,0.000000,-1.123112,3.116321,-63.833691,-27.510329,-50.112378,-0.859667,3.482910,-0.140833,0.042481,0.0410
0.759477,-1.010395,0.000000,0.000000,-1.123112,3.116321,-63.833691,-27.510329,-50.112378,-0.859667,3.482910,-0.140833,0.042481,0.0400
0.759477,-1.010395,0.000000,0.000000,-1.123112,3.116321,-63.833691,-27.510329,-50.112378,-0.859667,3.482910,-0.140833,0.042481,0.0550
0.759477,-1.010395,0.000000,0.000000,-1.123112,3.116321,-63.833691,-27.510329,-50.112378,-0.859667,3.482910,-0.140833,0.042481,0.0400
0.759477,-1.010395,0.000000,0.000000,-1.123112,3.116321,-63.833691,-27.510329,-50.112378,-0.859667,3.482910,-0.140833,0.042481,0.0400
0.759477,-1.010395,0.000000,0.000000,-1.123112,3.116321,-63.833691,-27.510329,-50.112378,-0.859667,3.482910,-0.140833,0.042481,0.0410
0.759477,-1.010395,0.000000,0.000000,-1.123112,3.116321,-63.833691,-27.510329,-50.112378,-0.859667,3.482910,-0.140833,0.042481,0.0410
0.759477,-1.010395,0.000000,0.000000,-1.123112,3.116321,-63.833691,-27.510329,-50.112378,-0.859667,3.482910,-0.140833,0.042481,0.0410
0.759477,-1.010395,0.000000,0.000000,-1.123112,3.116321,-63.833691,-27.510329,-50.112378,-0.859667,3.482910,-0.140833,0.042481,0.0400
0.759477,-1.010395,0.000000,0.000000,-1.123112,3.116321,-63.833691,-27.510329,-50.112378,-0.859667,3.482910,-0.140833,0.042481,0.0400
0.759477,-1.010395,0.000000,0.000000,-1.123112,3.116321,-63.833691,-27.510329,-50.112378,-0.859667,3.482910,-0.140833,0.042481,0.0400
0.759477,-1.010395,0.000000,0.000000,-1.123112,3.116321,-63.833691,-27.510329,-50.112378,-0.859667,3.482910,-0.140833,0.042481,0.0400
0.759477,-1.010395,0.000000,0.000000,-1.123112,3.116321,-63.833691,-27.510329,-50.112378,-0.859667,3.482910,-0.140833,0.042481,0.0400
0.759477,-1.010395,0.000000,0.000000,-1.123112,3.116321,-63.833691,-27.510329,-50.112378,-0.859667,3.482910,-0.140833,0.042481,0.0410
0.759477,-1.010395,0.000000,0.000000,-1.123112,3.116321,-63.833691,-27.510329,-50.112378,-0.859667,3.482910,-0.140833,0.042481,0.0410
0.759477,-1.010395,0.000000,0.000000,-1.123112,3.116321,-63.833691,-27.510329,-50.112378,-0.859667,3.482910,-0.140833,0.042481,0.0400
0.759477,-1.010395,0.000000,0.000000,-1.123112,3.116321,-63.833691,-27.510329,-50.112378,-0.859667,3.482910,-0.140833,0.042481,0.0400
0.759477,-1.010395,0.000000,0.000000,-1.123112,3.116321,-63.833691,-27.510329,-50.112378,-0.859667,3.482910,-0.140833,0.042481,0.0400
0.759477,-1.010395,0.000000,0.000000,-1.123112,3.116321,-63.833691,-27.510329,-50.112378,-0.859667,3.482910,-0.140833,0.042481,0.0410
0.759477,-1.010395,0.000000,0.000000,-1.123112,3.116321,-63.833691,-27.510329,-50.112378,-0.859667,3.482910,-0.140833,0.042481,0.0660
0.759477,-1.010395,0.000000,0.000000,-1.123112,3.116321,-63.833691,-27.510329,-50.112378,-0.859667,3.482910,-0.140833,0.042481,0.0400
0.759477,-1.010395,0.000000,0.000000,-1.123112,3.116321,-63.833691,-27.510329,-50.112378,-0.859667,3.482910,-0.140833,0.042481,0.0400
0.759477,-1.010395,0.000000,0.000000,-1.123112,3.116321,-63.833691,-27.510329,-50.112378,-0.859667,3.482910,-0.140833,0.042481,0.0410
0.759477,-1.010395,0.000000,0.000000,-1.123112,3.116321,-63.833691,-27.510329,-50.112378,-0.859667,3.482910,-0.140833,0.042481,0.0410
0.759477,-1.010395,0.000000,0.000000,-1.123112,3.116321,-63.833691,-27.510329,-50.112378,-0.859667,3.482910,-0.140833,0.042481,0.0410
0.759477,-1.010395,0.000000,0.000000,-1.123112,3.116321,-63.833691,-27.510329,-50.112378,-0.859667,3.482910,-0.140833,0.042481,0.0400
0.759477,-1.010395,0.000000,0.000000,-1.123112,3.116321,-63.833691,-27.510339,-50.112389,-0.859667,3.482910,-0.140833,0.042481,0.0410
0.759477,-1.010395,0.000000,0.000000,-1.123112,3.116321,-63.833691,-27.510339,-50.112389,-0.859667,3.482910,-0.140833,0.042481,0.0410
0.759477,-1.010395,0.000000,0.000000,-1.123112,3.116321,-63.833691,-27.510339,-50.112389,-0.859667,3.482910,-0.140833,0.042481,0.0400
0.759477,-1.010395,0.000000,0.000000,-1.123112,3.116321,-63.833691,-27.510339,-50.112389,-0.859667,3.482910,-0.140833,0.042481,0.0400
0.759477,-1.010395,0.000000,0.000000,-1.123112,3.116321,-63.833691,-27.510339,-50.112389,-0.859667,3.482910,-0.140833,0.042481,0.0410
0.759477,-1.010395,0.000000,0.000000,-1.123112,3.116321,-63.833691,-27.510339,-50.112389,-0.859667,3.482910,-0.140833,0.042481,0.0410
0.759477,-1.010395,0.000000,0.000000,-1.123112,3.116321,-63.833691,-27.510339,-50.112389,-0.859667,3.482910,-0.140833,0.042481,0.0520
0.759477,-1.010395,0.000000,0.000000,-1.123112,3.116321,-63.833691,-27.510339,-50.112389,-0.859667,3.482910,-0.140833,0.042481,0.0400
0.759477,-1.010395,0.000000,0.000000,-1.123112,3.116321,-63.833691,-27.510339,-50.112389,-0.859667,3.482910,-0.140833,0.042481,0.0410
0.759477,-1.010395,0.000000,0.000000,-1.123112,3.116321,-63.833691,-27.510339,-50.112389,-0.859667,3.482910,-0.140833,0.042481,0.0410
0.759477,-1.010395,0.000000,0.000000,-1.123112,3.116321,-63.833691,-27.510339,-50.112389,-0.859667,3.482910,-0.140833,0.042481,0.0410
0.759477,-1.010395,0.000000,0.000000,-1.123112,3.116321,-63.833691,-27.510339,-50.112389,-0.859667,3.482910,-0.140833,0.042481,0.0410
0.759477,-1.010395,0.000000,0.000000,-1.123112,3.116321,-63.833691,-27.510339,-50.112389,-0.859667,3.482910,-0.140833,0.042481,0.0410
0.759477,-1.010395,0.000000,0.000000,-1.123112,3.116321,-63.833691,-27.510339,-50.112389,-0.859667,3.482910,-0.140833,0.042481,0.0410
0.759477,-1.010395,0.000000,0.000000,-1.123112,3.116321,-63.833691,-27.510339,-50.112389,-0.859667,3.482910,-0.140833,0.042481,0.0400
0.759477,-1.010395,0.000000,0.000000,-1.123112,3.116321,-63.833691,-27.510339,-50.112389,-0.859667,3.482910,-0.140833,0.042481,0.0400
0.759477,-1.010395,0.000000,0.000000,-1.123112,3.116321,-63.833691,-27.510339,-50.112389,-0.859667,3.482910,-0.140833,0.042481,0.0410
0.759477,-1.010395,0.000000,0.000000,-1.123112,3.116321,-63.833691,-27.510339,-50.112389,-0.859667,3.482910,-0.140833,0.042481,0.0410
0.759477,-1.010395,0.000000,0.000000,-1.123112,3.116321,-63.833691,-27.510339,-50.112389,-0.859667,3.482910,-0.140833,0.042481,0.0400
0.759477,-1.010395,0.000000,0.000000,-1.123112,3.116321,-63.833691,-27.510339,-50.112389,-0.859667,3.482910,-0.140833,0.042481,0.0410
0.759477,-1.010395,0.000000,0.000000,-1.123112,3.116321,-63.833691,-27.510339,-50.112389,-0.859667,3.482910,-0.140833,0.042481,0.0400
0.759477,-1.010395,0.000000,0.000000,-1.123112,3.116321,-63.833691,-27.510344,-50.112380,-0.859667,3.482910,-0.140833,0.042481,0.0410
0.759477,-1.010395,0.000000,0.000000,-1.123112,3.116321,-63.833691,-27.510344,-50.112380,-0.859667,3.482910,-0.140833,0.042481,0.0400
0.759477,-1.010395,0.000000,0.000000,-1.123112,3.116321,-63.833691,-27.510344,-50.112380,-0.859667,3.482910,-0.140833,0.042481,0.0410
0.759477,-1.010395,0.000000,0.000000,-1.123112,3.116321,-63.833691,-27.510344,-50.112380,-0.859667,3.482910,-0.140833,0.042481,0.0410
0.759477,-1.010395,0.000000,0.000000,-1.123112,3.116321,-63.833691,-27.510344,-50.112380,-0.859667,3.482910,-0.140833,0.042481,0.0400
0.759477,-1.010395,0.000000,0.000000,-1.123112,3.116321,-63.833691,-27.510344,-50.112380,-0.859667,3.482910,-0.140833,0.042481,0.0410
0.759477,-1.010395,0.000000,0.000000,-1.123112,3.116321,-63.833691,-27.510344,-50.112380,-0.859667,3.482910,-0.140833,0.042481,0.0400
0.759477,-1.010395,0.000000,0.000000,-1.123112,3.116321,-63.833691,-27.510344,-50.112380,-0.859667,3.482910,-0.140833,0.042481,0.0410
0.759477,-1.010395,0.000000,0.000000,-1.123112,3.116321,-63.833691,-27.510344,-50.112380,-0.859667,3.482910,-0.140833,0.042481,0.0400
0.759477,-1.010395,0.000000,0.000000,-1.123112,3.116321,-63.833691,-27.510344,-50.112380,-0.859667,3.482910,-0.140833,0.042481,0.0410
0.759477,-1.010395,0.000000,0.000000,-1.123112,3.116321,-63.833691,-27.510344,-50.112380,-0.859667,3.482910,-0.140833,0.042481,0.0410
0.759477,-1.010395,0.000000,0.000000,-1.123112,3.116321,-63.833691,-27.510344,-50.112380,-0.859667,3.482910,-0.140833,0.042481,0.0410
0.759477,-1.010395,0.000000,0.000000,-1.123112,3.116321,-63.833691,-27.510344,-50.112380,-0.859667,3.482910,-0.140833,0.042481,0.0400
0.759477,-1.010395,0.000000,0.000000,-1.123112,3.116321,-63.833691,-27.510344,-50.112380,-0.859667,3.482910,-0.140833,0.042481,0.0400
0.759477,-1.010395,0.000000,0.000000,-1.123112,3.116321,-63.833691,-27.510344,-50.112380,-0.859667,3.482910,-0.140833,0.042481,0.0400
0.759477,-1.010395,0.000000,0.000000,-1.123112,3.116321,-63.833691,-27.510344,-50.112380,-0.859667,3.482910,-0.140833,0.042481,0.0410
0.759477,-1.010395,0.000000,0.000000,-1.123112,3.116321,-63.833691,-27.510344,-50.112380,-0.859667,3.482910,-0.140833,0.042481,0.0500
0.759477,-1.010395,0.000000,0.000000,-1.123112,3.116321,-63.833691,-27.510344,-50.112380,-0.859667,3.482910,-0.140833,0.042481,0.0400
0.759477,-1.010395,0.000000,0.000000,-1.123112,3.116321,-63.833691,-27.510344,-50.112380,-0.859667,3.482910,-0.140833,0.042481,0.0410
0.759477,-1.010395,0.000000,0.000000,-1.123112,3.116321,-63.833691,-27.510344,-50.112380,-0.859667,3.482910,-0.140833,0.042481,0.0680
0.759477,-1.010395,0.000000,0.000000,-1.123112,3.116321,-63.833691,-27.510344,-50.112380,-0.859667,3.482910,-0.140833,0.042481,0.0410
0.759477,-1.010395,0.000000,0.000000,-1.123112,3.116321,-63.833691,-27.510344,-50.112380,-0.859667,3.482910,-0.140833,0.042481,0.0400
0.759477,-1.010395,0.000000,0.000000,-1.123112,3.116321,-63.833691,-27.510345,-50.112378,-0.859667,3.482910,-0.140833,0.042481,0.0410
0.759477,-1.010395,0.000000,0.000000,-1.123112,3.116321,-63.833691,-27.510345,-50.112378,-0.859667,3.482910,-0.140833,0.042481,0.0400
0.759477,-1.010395,0.000000,0.000000,-1.123112,3.116321,-63.833691,-27.510345,-50.112378,-0.859667,3.482910,-0.140833,0.042481,0.0410
0.759477,-1.010395,0.000000,0.000000,-1.123112,3.116321,-63.833691,-27.510345,-50.112378,-0.859667,3.482910,-0.140833,0.042481,0.0410
0.759477,-1.010395,0.000000,0.000000,-1.123112,3.116321,-63.833691,-27.510345,-50.112378,-0.859667,3.482910,-0.140833,0.042481,0.0410
0.759477,-1.010395,0.000000,0.000000,-1.123112,3.116321,-63.833691,-27.510345,-50.112378,-0.859667,3.482910,-0.140833,0.042481,0.0400
0.759477,-1.010395,0.000000,0.000000,-1.123112,3.116321,-63.833691,-27.510345,-50.112378,-0.859667,3.482910,-0.140833,0.042481,0.0410
0.759477,-1.010395,0.000000,0.000000,-1.123112,3.116321,-63.833691,-27.510345,-50.112378,-0.859667,3.482910,-0.140833,0.042481,0.0400
0.759477,-1.010395,0.000000,0.000000,-1.123112,3.116321,-63.833691,-27.510345,-50.112378,-0.859667,3.482910,-0.140833,0.042481,0.0400
0.759477,-1.010395,0.000000,0.000000,-1.123112,3.116321,-63.833691,-27.510345,-50.112378,-0.859667,3.482910,-0.140833,0.042481,0.0410
0.759477,-1.010395,0.000000,0.000000,-1.123112,3.116321,-63.833691,-27.510345,-50.112378,-0.859667,3.482910,-0.140833,0.042481,0.0410
0.759477,-1.010395,0.000000,0.000000,-1.123112,3.116321,-63.833691,-27.510345,-50.112378,-0.859667,3.482910,-0.140833,0.042481,0.0410
0.759477,-1.010395,0.000000,0.000000,-1.123112,3.116321,-63.833691,-27.510345,-50.112378,-0.859667,3.482910,-0.140833,0.042481,0.0410
0.759477,-1.010395,0.000000,0.000000,-1.123112,3.116321,-63.833691,-27.510345,-50.112378,-0.859667,3.482910,-0.140833,0.042481,0.0400
0.759477,-1.010395,0.000000,0.000000,-1.123112,3.116321,-63.833691,-27.510345,-50.112378,-0.859667,3.482910,-0.140833,0.042481,0.0400
0.759477,-1.010395,0.000000,0.000000,-1.123112,3.116321,-63.833691,-27.510345,-50.112378,-0.859667,3.482910,-0.140833,0.042481,0.0400
0.759477,-1.010395,0.000000,0.000000,-1.123112,3.116321,-63.833691,-27.510345,-50.112378,-0.859667,3.482910,-0.140833,0.042481,0.0400
0.759477,-1.010395,0.000000,0.000000,-1.123112,3.116321,-63.833691,-27.510345,-50.112378,-0.859667,3.482910,-0.140833,0.042481,0.0400
0.759477,-1.010395,0.000000,0.000000,-1.123112,3.116321,-63.833691,-27.510345,-50.112378,-0.859667,3.482910,-0.140833,0.042481,0.0410
0.759477,-1.010395,0.000000,0.000000,-1.123112,3.116321,-63.833691,-27.510345,-50.112378,-0.859667,3.482910,-0.140833,0.042481,0.0400
0.759477,-1.010395,0.000000,0.000000,-1.123112,3.116321,-63.833691,-27.510345,-50.112378,-0.859667,3.482910,-0.140833,0.042481,0.0400
0.759477,-1.010395,0.000000,0.000000,-1.123112,3.116321,-63.833691,-27.510345,-50.112378,-0.859667,3.482910,-0.140833,0.042481,0.0400
0.759477,-1.010395,0.000000,0.000000,-1.123112,3.116321,-63.833691,-27.510345,-50.112378,-0.859667,3.482910,-0.140833,0.042481,0.0410
0.759477,-1.010395,0.000000,0.000000,-1.123112,3.116321,-63.833691,-27.510345,-50.112378,-0.859667,3.482910,-0.140833,0.042481,0.0400
0.759477,-1.010395,0.000000,0.000000,-1.123112,3.116321,-63.833691,-27.510345,-50.112378,-0.859667,3.482910,-0.140833,0.042481,0.0600
0.759477,-1.010395,0.000000,0.000000,-1.123112,3.116321,-63.833691,-27.510345,-50.112378,-0.859667,3.482910,-0.140833,0.042481,0.0410
0.759477,-1.010395,0.000000,0.000000,-1.123112,3.116321,-63.833691,-27.510345,-50.112378,-0.859667,3.482910,-0.140833,0.042481,0.0410
0.759477,-1.010395,0.000000,0.000000,-1.123112,3.116321,-63.833691,-27.510345,-50.112378,-0.859667,3.482910,-0.140833,0.042481,0.0400
0.759477,-1.010395,0.000000,0.000000,-1.123112,3.116321,-63.833691,-27.510345,-50.112378,-0.859667,3.482910,-0.140833,0.042481,0.0410
0.759477,-1.010395,0.000000,0.000000,-1.123112,3.116321,-63.833691,-27.510345,-50.112378,-0.859667,3.482910,-0.140833,0.042481,0.0400
0.759477,-1.010395,0.000000,0.000000,-1.123112,3.116321,-63.833691,-27.510345,-50.112378,-0.859667,3.482910,-0.140833,0.042481,0.0400
0.759477,-1.010395,0.000000,0.000000,-1.123112,3.116321,-63.833691,-27.510345,-50.112378,-0.859667,3.482910,-0.140833,0.042481,0.0400
0.759477,-1.010395,0.000000,0.000000,-1.123112,3.116321,-63.833691,-27.510345,-50.112378,-0.859667,3.482910,-0.140833,0.042481,0.0410
0.759477,-1.010395,0.000000,0.000000,-1.123112,3.116321,-63.833691,-27.510345,-50.112378,-0.859667,3.482910,-0.140833,0.042481,0.0400
0.759477,-1.010395,0.000000,0.000000,-1.123112,3.116321,-63.833691,-27.510345,-50.112378,-0.859667,3.482910,-0.140833,0.042481,0.0400
0.759477,-1.010395,0.000000,0.000000,-1.123112,3.116321,-63.833691,-27.510345,-50.112378,-0.859667,3.482910,-0.140833,0.042481,0.0400
0.759477,-1.010395,0.000000,0.000000,-1.123112,3.116321,-63.833691,-27.510345,-50.112378,-0.859667,3.482910,-0.140833,0.042481,0.0400
0.759477,-1.010395,0.000000,0.000000,-1.123112,3.116321,-63.833691,-27.510345,-50.112378,-0.859667,3.482910,-0.140833,0.042481,0.0400
0.759477,-1.010395,0.000000,0.000000,-1.123112,3.116321,-63.833691,-27.510345,-50.112378,-0.859667,3.482910,-0.140833,0.042481,0.0400
0.759477,-1.010395,0.000000,0.000000,-1.123112,3.116321,-63.833691,-27.510345,-50.112378,-0.859667,3.482910,-0.140833,0.042481,0.0410
0.759477,-1.010395,0.000000,0.000000,-1.123112,3.116321,-63.833691,-27.510345,-50.112378,-0.859667,3.482910,-0.140833,0.042481,0.0400
0.759477,-1.010395,0.000000,0.000000,-1.123112,3.116321,-63.833691,-27.510345,-50.112378,-0.859667,3.482910,-0.140833,0.042481,0.0400
0.759477,-1.010395,0.000000,0.000000,-1.123112,3.116321,-63.833691,-27.510345,-50.112378,-0.859667,3.482910,-0.140833,0.042481,0.0400
0.759477,-1.010395,0.000000,0.000000,-1.123112,3.116321,-63.833691,-27.510345,-50.112378,-0.859667,3.482910,-0.140833,0.042481,0.0410
0.759477,-1.010395,0.000000,0.000000,-1.123112,3.116321,-63.833691,-27.510345,-50.112378,-0.859667,3.482910,-0.140833,0.042481,0.0400
0.759477,-1.010395,0.000000,0.000000,-1.123112,3.116321,-63.833691,-27.510345,-50.112378,-0.859667,3.482910,-0.140833,0.042481,0.0400
0.759477,-1.010395,0.000000,0.000000,-1.123112,3.116321,-63.833691,-27.510345,-50.112378,-0.859667,3.482910,-0.140833,0.042481,0.0620
0.759477,-1.010395,0.000000,0.000000,-1.123112,3.116321,-63.833691,-27.510345,-50.112378,-0.859667,3.482910,-0.140833,0.042481,0.0410
0.759477,-1.010395,0.000000,0.000000,-1.123112,3.116321,-63.833691,-27.510345,-50.112378,-0.859667,3.482910,-0.140833,0.042481,0.0400
0.759477,-1.010395,0.000000,0.000000,-1.123112,3.116321,-63.833691,-27.510345,-50.112378,-0.859667,3.482910,-0.140833,0.042481,0.0400
0.759477,-1.010395,0.000000,0.000000,-1.123112,3.116321,-63.833691,-27.510345,-50.112378,-0.859667,3.482910,-0.140833,0.042481,0.0410
0.759477,-1.010395,0.000000,0.000000,-1.123112,3.116321,-63.833691,-27.510345,-50.112378,-0.859667,3.482910,-0.140833,0.042481,0.0400
0.759477,-1.010395,0.000000,0.000000,-1.123112,3.116321,-63.833691,-27.510345,-50.112378,-0.859667,3.482910,-0.140833,0.042481,0.0400
0.759477,-1.010395,0.000000,0.000000,-1.123112,3.116321,-63.833691,-27.510345,-50.112378,-0.859667,3.482910,-0.140833,0.042481,0.0400
0.759477,-1.010395,0.000000,0.000000,-1.123112,3.116321,-63.833691,-27.510345,-50.112378,-0.859667,3.482910,-0.140833,0.042481,0.0430
0.759477,-1.010395,0.000000,0.000000,-1.123112,3.116321,-63.833691,-27.510345,-50.112378,-0.859667,3.482910,-0.140833,0.042481,0.0400
0.759477,-1.010395,0.000000,0.000000,-1.123112,3.116321,-63.833691,-27.510345,-50.112378,-0.859667,3.482910,-0.140833,0.042481,0.0400
0.759477,-1.010395,0.000000,0.000000,-1.123112,3.116321,-63.833691,-27.510345,-50.112378,-0.859667,3.482910,-0.140833,0.042481,0.0400
0.759477,-1.010395,0.000000,0.000000,-1.123112,3.116321,-63.833691,-27.510345,-50.112378,-0.859667,3.482910,-0.140833,0.042481,0.0410
0.759477,-1.010395,0.000000,0.000000,-1.123112,3.116321,-63.833691,-27.510345,-50.112378,-0.859667,3.482910,-0.140833,0.042481,0.0400
0.759477,-1.010395,0.000000,0.000000,-1.123112,3.116321,-63.833691,-27.510345,-50.112378,-0.859667,3.482910,-0.140833,0.042481,0.0410
0.759477,-1.010395,0.000000,0.000000,-1.123112,3.116321,-63.833691,-27.510345,-50.112378,-0.859667,3.482910,-0.140833,0.042481,0.0410
0.759477,-1.010395,0.000000,0.000000,-1.123112,3.116321,-63.833691,-27.510345,-50.112378,-0.859667,3.482910,-0.140833,0.042481,0.0400
0.759477,-1.010395,0.000000,0.000000,-1.123112,3.116321,-63.833691,-27.510345,-50.112378,-0.859667,3.482910,-0.140833,0.042481,0.0400
0.759477,-1.010395,0.000000,0.000000,-1.123112,3.116321,-63.833691,-27.510345,-50.112378,-0.859667,3.482910,-0.140833,0.042481,0.0400
0.759477,-1.010395,0.000000,0.000000,-1.123112,3.116321,-63.833691,-27.510345,-50.112378,-0.859667,3.482910,-0.140833,0.042481,0.0400
0.759477,-1.010395,0.000000,0.000000,-1.123112,3.116321,-63.833691,-27.510354,-50.112391,-0.859667,3.482910,-0.140833,0.042481,0.0410
0.759477,-1.010395,0.000000,0.000000,-1.123112,3.116321,-63.833691,-27.510354,-50.112391,-0.859667,3.482910,-0.140833,0.042481,0.0400
0.759477,-1.010395,0.000000,0.000000,-1.123112,3.116321,-63.833691,-27.510354,-50.112391,-0.859667,3.482910,-0.140833,0.042481,0.0400
0.759477,-1.010395,0.000000,0.000000,-1.123112,3.116321,-63.833691,-27.510354,-50.112391,-0.859667,3.482910,-0.140833,0.042481,0.0400
0.759477,-1.010395,0.000000,0.000000,-1.123112,3.116321,-63.833691,-27.510354,-50.112391,-0.859667,3.482910,-0.140833,0.042481,0.0400
0.759477,-1.010395,0.000000,0.000000,-1.123112,3.116321,-63.833691,-27.510354,-50.112391,-0.859667,3.482910,-0.140833,0.042481,0.0410
0.759477,-1.010395,0.000000,0.000000,-1.123112,3.116321,-63.833691,-27.510354,-50.112391,-0.859667,3.482910,-0.140833,0.042481,0.0400
0.759477,-1.010395,0.000000,0.000000,-1.123112,3.116321,-63.833691,-27.510354,-50.112391,-0.859667,3.482910,-0.140833,0.042481,0.0410
0.759477,-1.010395,0.000000,0.000000,-1.123112,3.116321,-63.833691,-27.510354,-50.112391,-0.859667,3.482910,-0.140833,0.042481,0.0400
0.759477,-1.010395,0.000000,0.000000,-1.123112,3.116321,-63.833691,-27.510354,-50.112391,-0.859667,3.482910,-0.140833,0.042481,0.0400
0.759477,-1.010395,0.000000,0.000000,-1.123112,3.116321,-63.833691,-27.510354,-50.112391,-0.859667,3.482910,-0.140833,0.042481,0.0410
0.759477,-1.010395,0.000000,0.000000,-1.123112,3.116321,-63.833691,-27.510354,-50.112391,-0.859667,3.482910,-0.140833,0.042481,0.0410
0.759477,-1.010395,0.000000,0.000000,-1.123112,3.116321,-63.833691,-27.510354,-50.112391,-0.859667,3.482910,-0.140833,0.042481,0.0400
0.759477,-1.010395,0.000000,0.000000,-1.123112,3.116321,-63.833691,-27.510354,-50.112391,-0.859667,3.482910,-0.140833,0.042481,0.0410
0.759477,-1.010395,0.000000,0.000000,-1.123112,3.116321,-63.833691,-27.510354,-50.112391,-0.859667,3.482910,-0.140833,0.042481,0.0400
0.759477,-1.010395,0.000000,0.000000,-1.123112,3.116321,-63.833691,-27.510354,-50.112391,-0.859667,3.482910,-0.140833,0.042481,0.0410
0.759477,-1.010395,0.000000,0.000000,-1.123112,3.116321,-63.833691,-27.510354,-50.112391,-0.859667,3.482910,-0.140833,0.042481,0.0400
0.759477,-1.010395,0.000000,0.000000,-1.123112,3.116321,-63.833691,-27.510354,-50.112391,-0.859667,3.482910,-0.140833,0.042481,0.0400
0.759477,-1.010395,0.000000,0.000000,-1.123112,3.116321,-63.833691,-27.510354,-50.112391,-0.859667,3.482910,-0.140833,0.042481,0.0410
0.759477,-1.010395,0.000000,0.000000,-1.123112,3.116321,-63.833691,-27.510354,-50.112391,-0.859667,3.482910,-0.140833,0.042481,0.0960
0.759477,-1.010395,0.000000,0.000000,-1.123112,3.116321,-63.833691,-27.510354,-50.112391,-0.859667,3.482910,-0.140833,0.042481,0.0410
0.759477,-1.010395,0.000000,0.000000,-1.123112,3.116321,-63.833691,-27.510351,-50.112384,-0.859667,3.482910,-0.140833,0.042481,0.0410
0.759477,-1.010395,0.000000,0.000000,-1.123112,3.116321,-63.833691,-27.510351,-50.112384,-0.859667,3.482910,-0.140833,0.042481,0.0430
0.759477,-1.010395,0.000000,0.000000,-1.123112,3.116321,-63.833691,-27.510351,-50.112384,-0.859667,3.482910,-0.140833,0.042481,0.0410
0.759477,-1.010395,0.000000,0.000000,-1.123112,3.116321,-63.833691,-27.510351,-50.112384,-0.859667,3.482910,-0.140833,0.042481,0.0410
0.759477,-1.010395,0.000000,0.000000,-1.123112,3.116321,-63.833691,-27.510351,-50.112384,-0.859667,3.482910,-0.140833,0.042481,0.0410
0.759477,-1.010395,0.000000,0.000000,-1.123112,3.116321,-63.833691,-27.510351,-50.112384,-0.859667,3.482910,-0.140833,0.042481,0.0430
0.759477,-1.010395,0.000000,0.000000,-1.123112,3.116321,-63.833691,-27.510351,-50.112384,-0.859667,3.482910,-0.140833,0.042481,0.0410
0.759477,-1.010395,0.000000,0.000000,-1.123112,3.116321,-63.833691,-27.510351,-50.112384,-0.859667,3.482910,-0.140833,0.042481,0.0410
0.759477,-1.010395,0.000000,0.000000,-1.123112,3.116321,-63.833691,-27.510351,-50.112384,-0.859667,3.482910,-0.140833,0.042481,0.0410
0.759477,-1.010395,0.000000,0.000000,-1.123112,3.116321,-63.833691,-27.510351,-50.112384,-0.859667,3.482910,-0.140833,0.042481,0.0460
0.759477,-1.010395,0.000000,0.000000,-1.123112,3.116321,-63.833691,-27.510351,-50.112384,-0.859667,3.482910,-0.140833,0.042481,0.0410
0.759477,-1.010395,0.000000,0.000000,-1.123112,3.116321,-63.833691,-27.510351,-50.112384,-0.859667,3.482910,-0.140833,0.042481,0.0410
0.759477,-1.010395,0.000000,0.000000,-1.123112,3.116321,-63.833691,-27.510351,-50.112384,-0.859667,3.482910,-0.140833,0.042481,0.0410
0.759477,-1.010395,0.000000,0.000000,-1.123112,3.116321,-63.833691,-27.510351,-50.112384,-0.859667,3.482910,-0.140833,0.042481,0.0440
0.759477,-1.010395,0.000000,0.000000,-1.123112,3.116321,-63.833691,-27.510351,-50.112384,-0.859667,3.482910,-0.140833,0.042481,0.0410
0.759477,-1.010395,0.000000,0.000000,-1.123112,3.116321,-63.833691,-27.510351,-50.112384,-0.859667,3.482910,-0.140833,0.042481,0.0410
0.759477,-1.010395,0.000000,0.000000,-1.123112,3.116321,-63.833691,-27.510351,-50.112384,-0.859667,3.482910,-0.140833,0.042481,0.0410
0.759477,-1.010395,0.000000,0.000000,-1.123112,3.116321,-63.833691,-27.510351,-50.112384,-0.859667,3.482910,-0.140833,0.042481,0.0430
0.759477,-1.010395,0.000000,0.000000,-1.123112,3.116321,-63.833691,-27.510351,-50.112384,-0.859667,3.482910,-0.140833,0.042481,0.0410
0.759477,-1.010395,0.000000,0.000000,-1.123112,3.116321,-63.833691,-27.510351,-50.112384,-0.859667,3.482910,-0.140833,0.042481,0.0410
0.759477,-1.010395,0.000000,0.000000,-1.123112,3.116321,-63.833691,-27.510351,-50.112384,-0.859667,3.482910,-0.140833,0.042481,0.0460
0.759477,-1.010395,0.000000,0.000000,-1.123112,3.116321,-63.833691,-27.510351,-50.112384,-0.859667,3.482910,-0.140833,0.042481,0.0410
0.759477,-1.010395,0.000000,0.000000,-1.123112,3.116321,-63.833691,-27.510351,-50.112384,-0.859667,3.482910,-0.140833,0.042481,0.0410
0.759477,-1.010395,0.000000,0.000000,-1.123112,3.116321,-63.833691,-27.510351,-50.112384,-0.859667,3.482910,-0.140833,0.042481,0.0400
0.759477,-1.010395,0.000000,0.000000,-1.123112,3.116321,-63.833691,-27.510351,-50.112384,-0.859667,3.482910,-0.140833,0.042481,0.0420
0.759477,-1.010395,0.000000,0.000000,-1.123112,3.116321,-63.833691,-27.510351,-50.112384,-0.859667,3.482910,-0.140833,0.042481,0.0410
0.759477,-1.010395,0.000000,0.000000,-1.123112,3.116321,-63.833691,-27.510351,-50.112384,-0.859667,3.482910,-0.140833,0.042481,0.0410
0.759477,-1.010395,0.000000,0.000000,-1.123112,3.116321,-63.833691,-27.510351,-50.112384,-0.859667,3.482910,-0.140833,0.042481,0.0410
0.759477,-1.010395,0.000000,0.000000,-1.123112,3.116321,-63.833691,-27.510351,-50.112384,-0.859667,3.482910,-0.140833,0.042481,0.0580
0.759477,-1.010395,0.000000,0.000000,-1.123112,3.116321,-63.833691,-27.510351,-50.112384,-0.859667,3.482910,-0.140833,0.042481,0.0420
0.759477,-1.010395,0.000000,0.000000,-1.123112,3.116321,-63.833691,-27.510351,-50.112384,-0.859667,3.482910,-0.140833,0.042481,0.0410
0.759477,-1.010395,0.000000,0.000000,-1.123112,3.116321,-63.833691,-27.510351,-50.112384,-0.859667,3.482910,-0.140833,0.042481,0.0430
0.759477,-1.010395,0.000000,0.000000,-1.123112,3.116321,-63.833691,-27.510351,-50.112384,-0.859667,3.482910,-0.140833,0.042481,0.0450
0.759477,-1.010395,0.000000,0.000000,-1.123112,3.116321,-63.833691,-27.510351,-50.112384,-0.859667,3.482910,-0.140833,0.042481,0.0420
