1.139224,1.347211,0.199582,0.354030,0.000157,0.000070,-0.199756,-27.510342,-50.112373,1.059918,1.083896,0.196333,0.139823,1.3030
1.139224,1.347211,0.199582,0.354030,-0.000913,0.000282,-0.201102,-27.510342,-50.112373,1.077008,1.117701,0.196992,0.183337,0.0890
1.139224,1.347211,0.199582,0.354030,-0.000065,0.000123,-0.200812,-27.510342,-50.112373,1.086962,1.138085,0.197344,0.206124,0.0420
1.139224,1.347211,0.199582,0.354030,-0.001229,0.000026,-0.204457,-27.510342,-50.112373,1.144698,1.253710,0.198639,0.291836,0.2390
1.329094,2.694423,0.101230,0.718268,-0.000174,0.000839,-0.211787,-27.510340,-50.112363,1.227470,1.420699,0.199394,0.340704,0.5040
1.329094,2.694423,0.101230,0.718268,-0.002860,0.003239,-0.212342,-27.510340,-50.112363,1.245161,1.560850,0.169094,0.457456,0.0950
1.329094,2.694423,0.101230,0.718268,-0.000293,-0.001625,-0.210443,-27.510340,-50.112363,1.295119,1.973108,0.120520,0.644446,0.4050
1.329094,2.694423,0.101230,0.718268,0.000287,0.000300,-0.210610,-27.510340,-50.112363,1.300048,2.016000,0.117812,0.654863,0.0400
1.329094,2.694423,0.101230,0.718268,0.001353,0.001584,-0.211411,-27.510340,-50.112363,1.307450,2.079316,0.114569,0.667317,0.0590
1.329094,2.694423,0.101230,0.718268,0.000194,-0.006658,-0.214751,-27.510340,-50.112363,1.346427,2.407272,0.105200,0.703272,0.3520
1.329094,2.694423,0.000000,0.000000,0.000526,-0.000489,-0.218246,-27.510339,-50.112361,1.347336,2.452650,0.035404,0.237208,0.3730
1.329094,2.694423,0.000000,0.000000,-0.001491,-0.000869,-0.221214,-27.510339,-50.112361,1.346670,2.470853,0.016629,0.111655,0.1830
1.329094,2.694423,0.000000,0.000000,-0.000180,0.000982,-0.223357,-27.510339,-50.112361,1.345593,2.489550,0.006157,0.041160,0.3570
1.329094,2.694423,0.000000,0.000000,-0.000132,0.000040,-0.223114,-27.510339,-50.112361,1.345383,2.492288,0.005207,0.034671,0.0410
1.708835,2.020817,0.030316,-0.053777,-0.000145,-0.000251,-0.222967,-27.510338,-50.112365,1.364879,2.468755,0.015491,-0.008377,0.2400
1.708835,2.020817,0.030316,-0.053777,-0.601886,0.101973,-0.222670,-27.510338,-50.112365,1.408942,2.405829,0.019539,-0.038721,0.4070
1.708835,2.020817,0.030316,-0.053777,0.053735,0.109477,-0.218783,-27.510338,-50.112365,1.416639,2.394745,0.021558,-0.042230,0.1380
1.708835,2.020817,0.000000,0.000000,0.329217,0.001376,-0.214884,-27.510338,-50.112364,1.446737,2.351898,0.030945,-0.034701,0.3520
1.708835,2.020817,0.000000,0.000000,-0.261388,0.241278,-0.219023,-27.510338,-50.112364,1.452400,2.344767,0.017361,-0.018085,0.1420
1.708835,2.020817,0.000000,0.000000,-0.236008,0.049024,-0.216333,-27.510338,-50.112364,1.454752,2.341802,0.004413,-0.011004,0.0410
1.708835,2.020817,0.000000,0.000000,0.319839,-0.004548,-0.206525,-27.510338,-50.112364,1.457267,2.338519,0.016587,-0.007837,0.0750
1.708835,2.020817,0.000000,0.000000,0.256045,-0.125472,-0.186319,-27.510338,-50.112364,1.465831,2.327710,0.005437,-0.004603,0.1860
1.708835,2.020817,0.000000,0.000000,-0.345965,0.113462,-0.227287,-27.510338,-50.112364,1.468987,2.323733,0.007110,-0.011914,0.0780
1.708835,2.020817,0.000000,0.000000,-0.003687,0.566072,-0.507335,-27.510338,-50.112364,1.471247,2.320904,-0.003214,0.004829,0.0410
1.708835,2.020817,0.000000,0.000000,-0.259153,0.775348,-1.419979,-27.510338,-50.112364,1.472727,2.319110,-0.026083,0.048084,0.0640
1.708835,2.020817,0.000000,0.000000,-0.294644,1.099805,-2.275822,-27.510338,-50.112364,1.475128,2.315847,-0.024778,0.077105,0.0550
1.708835,2.020817,0.000000,0.000000,0.039980,0.750498,-5.910546,-27.510338,-50.112364,1.481172,2.308209,-0.014556,0.147101,0.1520
1.708835,2.020817,0.000000,0.000000,0.002691,1.360378,-9.152675,-27.510338,-50.112364,1.484482,2.303787,-0.017336,0.188981,0.0890
1.708835,2.020817,0.000000,0.000000,0.944735,0.650578,-10.872346,-27.510339,-50.112366,1.486016,2.301511,0.009992,0.199975,0.0400
1.708835,2.020817,0.000000,0.000000,0.852986,-0.774178,-19.867523,-27.510339,-50.112366,1.493206,2.294623,0.071953,0.086443,0.1830
1.708835,2.020817,0.000000,0.000000,1.644354,-2.711789,-31.723476,-27.510339,-50.112366,1.503608,2.283505,0.265331,-0.248904,0.2800
1.708835,2.020817,0.000000,0.000000,1.729715,-2.305277,-35.374542,-27.510339,-50.112366,1.505616,2.280851,0.312157,-0.327729,0.0750
1.708835,2.020817,0.000000,0.000000,1.643407,-2.492644,-37.004612,-27.510339,-50.112366,1.506303,2.279899,0.324105,-0.360215,0.0400
1.708835,2.020817,0.000000,0.000000,1.643407,-2.492644,-37.004612,-27.510339,-50.112366,1.506303,2.279899,0.324105,-0.360215,0.0400
1.708835,2.020817,0.000000,0.000000,1.140540,-1.478220,-43.549450,-27.510339,-50.112366,1.523587,2.259736,0.218538,-0.285123,0.0730
1.708835,2.020817,0.000000,0.000000,1.059571,-1.042210,-45.232735,-27.510339,-50.112366,1.521506,2.262398,0.184173,-0.231022,0.0400
1.708835,2.020817,0.000000,0.000000,0.957762,-0.638462,-45.956924,-27.510339,-50.112366,1.520886,2.263099,0.175050,-0.209061,0.0410
1.708835,2.020817,0.000000,0.000000,0.957762,-0.638462,-45.956924,-27.510339,-50.112366,1.520886,2.263099,0.175050,-0.209061,0.0400
1.708835,2.020817,0.000000,0.000000,0.957762,-0.638462,-45.956924,-27.510339,-50.112366,1.520886,2.263099,0.175050,-0.209061,0.0420
1.708835,2.020817,0.000000,0.000000,0.957762,-0.638462,-45.956924,-27.510339,-50.112366,1.520886,2.263099,0.175050,-0.209061,0.0410
1.329094,2.694423,-0.113686,0.201662,0.080701,0.685558,-47.681278,-27.510339,-50.112361,1.528662,2.260283,-0.054660,0.124805,0.0700
1.329094,2.694423,-0.113686,0.201662,0.488464,1.176244,-48.246849,-27.510339,-50.112361,1.516477,2.278548,-0.081552,0.205009,0.0620
1.329094,2.694423,-0.113686,0.201662,0.369209,1.269570,-48.868263,-27.510339,-50.112361,1.507505,2.290850,-0.075397,0.262163,0.0420
1.329094,2.694423,-0.113686,0.201662,-1.053848,0.637447,-50.996723,-27.510339,-50.112361,1.481393,2.330763,-0.151311,0.328467,0.1920
1.329094,2.694423,-0.113686,0.201662,-0.950580,0.416583,-51.252518,-27.510339,-50.112361,1.476379,2.339962,-0.186284,0.329946,0.0410
1.329094,2.694423,-0.113686,0.201662,-1.055122,-0.246953,-51.406197,-27.510339,-50.112361,1.472410,2.347793,-0.209581,0.314274,0.0450
1.329094,2.694423,-0.113686,0.201662,1.041991,-0.596839,-49.473637,-27.510339,-50.112361,1.427999,2.435922,-0.180517,0.209559,0.3610
1.329094,2.694423,-0.113686,0.201662,0.958927,-0.626412,-49.012093,-27.510339,-50.112361,1.418957,2.452772,-0.097771,0.171616,0.0710
1.329094,2.694423,-0.113686,0.201662,0.591973,-1.027768,-48.749794,-27.510339,-50.112361,1.410905,2.467716,-0.062732,0.129103,0.0680
1.329094,2.694423,-0.113686,0.201662,0.439793,-1.199012,-48.527023,-27.510339,-50.112361,1.400247,2.487760,-0.036059,0.066641,0.0880
1.329094,3.031226,-0.000000,0.226356,-0.156207,-1.328394,-48.301960,-27.510340,-50.112360,1.398068,2.517479,-0.013717,0.023108,0.1010
1.329094,3.031226,-0.000000,0.226356,1.378466,-0.377106,-47.504929,-27.510340,-50.112360,1.395734,2.611534,0.177605,0.051966,0.3190
1.329094,3.031226,-0.000000,0.226356,1.286678,0.171434,-47.055862,-27.510340,-50.112360,1.394813,2.685190,0.334674,0.173747,0.2910
1.329094,3.031226,-0.000000,0.226356,0.824029,0.170439,-47.062149,-27.510340,-50.112360,1.393963,2.696822,0.328591,0.188577,0.0420
1.329094,3.031226,-0.000000,0.226356,0.466581,0.103127,-47.079830,-27.510340,-50.112360,1.393100,2.709996,0.305602,0.200284,0.0570
1.329094,3.031226,-0.000000,0.226356,0.466581,0.103127,-47.149864,-27.510340,-50.112360,1.406892,2.724167,0.260835,0.194448,0.0410
1.329094,3.031226,-0.000000,0.226356,-0.139977,-0.644353,-47.255318,-27.510340,-50.112360,1.403084,2.740387,0.155813,0.198119,0.0750
1.329094,3.031226,-0.000000,0.226356,-0.402654,-0.808582,-47.367474,-27.510340,-50.112360,1.401255,2.752672,0.100665,0.184918,0.0410
1.329094,3.031226,-0.000000,0.226356,-0.404749,-0.800260,-47.380333,-27.510353,-50.112354,1.401067,2.754318,0.094497,0.181796,0.0410
1.329094,3.031226,-0.000000,0.226356,-0.404749,-0.800260,-47.380333,-27.510353,-50.112354,1.401067,2.754318,0.094497,0.181796,0.0400
-0.000000,3.368029,-0.767970,0.194610,0.452126,-0.002204,-47.510529,-27.510353,-50.112354,1.364633,2.779634,-0.355219,0.182070,0.0490
-0.000000,3.368029,-0.767970,0.194610,0.505935,-0.079067,-47.529804,-27.510353,-50.112354,1.293745,2.795983,-0.596920,0.180984,0.0620
-0.000000,3.368029,-0.767970,0.194610,0.737161,0.634341,-47.581078,-27.510353,-50.112354,1.248445,2.808081,-0.635895,0.195780,0.0540
-0.000000,3.368029,-0.767970,0.194610,0.737161,0.634341,-47.581078,-27.510353,-50.112354,1.248445,2.808081,-0.635895,0.195780,0.0410
-0.000000,3.368029,-0.767970,0.194610,0.737161,0.634341,-47.581078,-27.510353,-50.112354,1.248445,2.808081,-0.635895,0.195780,0.0400
-0.000000,3.368029,-0.767970,0.194610,0.737161,0.634341,-47.581078,-27.510353,-50.112354,1.248445,2.808081,-0.635895,0.195780,0.0400
-0.000000,3.368029,-0.767970,0.194610,2.084740,1.249092,-50.135830,-27.510353,-50.112354,1.104409,2.850613,-0.651425,0.278273,0.0650
-0.000000,3.368029,-0.767970,0.194610,2.324668,0.959508,-51.257290,-27.510353,-50.112354,1.049450,2.857218,-0.651911,0.274945,0.0530
-0.000000,3.368029,-0.767970,0.194610,2.387431,1.216322,-52.598503,-27.510353,-50.112354,1.003062,2.865335,-0.608997,0.285501,0.0410
-0.000000,3.368029,-0.767970,0.194610,2.391240,1.257398,-52.726349,-27.510353,-50.112354,0.998948,2.866084,-0.605003,0.287381,0.0400
-0.000000,3.368029,-0.767970,0.194610,1.005428,0.298340,-58.235325,-27.510353,-50.112354,0.910817,2.895653,-0.616437,0.249278,0.0780
-0.000000,3.368029,-0.767970,0.194610,-0.231580,0.101398,-60.880474,-27.510353,-50.112354,0.863005,2.906185,-0.680806,0.230998,0.0480
-0.000000,3.368029,-0.767970,0.194610,-1.008429,-0.120665,-64.440048,-27.510353,-50.112354,0.810605,2.920046,-0.743627,0.216645,0.0510
-0.000000,3.368029,-0.767970,0.194610,-1.347451,-0.426529,-68.025284,-27.510353,-50.112354,0.755192,2.935931,-0.817110,0.185400,0.0710
-0.000000,3.368029,-0.767970,0.194610,-1.495338,-0.682869,-70.181358,-27.510353,-50.112354,0.719248,2.946964,-0.869825,0.156133,0.0410
-0.000000,3.368029,-0.767970,0.194610,-1.439426,-0.562027,-70.604347,-27.510353,-50.112354,0.711750,2.949203,-0.878466,0.152731,0.0470
-0.000000,3.368029,-0.767970,0.194610,-1.851248,-0.494683,-74.780197,-27.510353,-50.112354,0.615176,2.975182,-0.964086,0.113283,0.0820
0.189871,3.704832,0.214740,0.380918,-1.651775,-0.689908,-75.531235,-27.510351,-50.112352,0.591007,2.989107,-0.934708,0.113128,0.0400
0.189871,3.704832,0.214740,0.380918,-1.388465,-0.842143,-75.650803,-27.510351,-50.112352,0.595803,2.994567,-0.881128,0.121407,0.0410
0.189871,3.704832,0.214740,0.380918,-1.388465,-0.842143,-75.650803,-27.510351,-50.112352,0.595803,2.994567,-0.881128,0.121407,0.0400
0.189871,3.704832,0.214740,0.380918,-1.388465,-0.842143,-75.650803,-27.510351,-50.112352,0.595803,2.994567,-0.881128,0.121407,0.0400
0.189871,3.704832,0.214740,0.380918,-1.388465,-0.842143,-75.650803,-27.510351,-50.112352,0.595803,2.994567,-0.881128,0.121407,0.0400
0.189871,3.704832,0.214740,0.380918,-1.388465,-0.842143,-75.650803,-27.510351,-50.112352,0.595803,2.994567,-0.881128,0.121407,0.0400
0.189871,3.704832,0.214740,0.380918,-1.388465,-0.842143,-75.650803,-27.510351,-50.112352,0.595803,2.994567,-0.881128,0.121407,0.0400
0.189871,3.704832,0.214740,0.380918,-1.388465,-0.842143,-61.964352,-27.510351,-50.112352,0.475129,3.066259,0.026847,0.338795,0.0410
0.189871,3.704832,0.214740,0.380918,0.587845,0.837083,-57.358795,-27.510351,-50.112352,0.510728,3.102496,0.203442,0.413142,0.0910
0.189871,3.704832,0.214740,0.380918,0.332573,0.763981,-55.298183,-27.510351,-50.112352,0.517562,3.117872,0.221985,0.431132,0.0410
0.189871,3.704832,0.214740,0.380918,0.299371,0.701596,-55.298183,-27.510351,-50.112352,0.517562,3.117872,0.221985,0.431132,0.0410
0.189871,3.704832,0.214740,0.380918,0.299371,0.701596,-55.298183,-27.510351,-50.112352,0.517562,3.117872,0.221985,0.431132,0.0410
0.189871,3.704832,0.214740,0.380918,0.680644,0.857103,-54.140110,-27.510351,-50.112352,0.561069,3.202319,0.238029,0.427361,0.0930
0.189871,3.704832,0.214740,0.380918,0.166052,0.301699,-53.880733,-27.510351,-50.112352,0.569724,3.227280,0.237444,0.414689,0.0720
0.189871,3.704832,0.214740,0.380918,-0.516637,-0.156291,-53.770252,-27.510351,-50.112352,0.585344,3.266864,0.210460,0.403021,0.0960
0.189871,3.704832,0.214740,0.380918,-0.392408,0.043986,-53.764294,-27.510351,-50.112352,0.602701,3.307901,0.173712,0.383676,0.0970
0.569612,4.041635,0.323295,0.286739,-0.128455,-0.150578,-53.865993,-27.510348,-50.112347,0.640946,3.369992,0.189552,0.360213,0.1530
0.569612,4.041635,0.323295,0.286739,0.080538,-0.019575,-53.908947,-27.510348,-50.112347,0.706560,3.442121,0.262911,0.334058,0.2110
0.569612,4.041635,0.323295,0.286739,0.252111,0.306303,-53.977421,-27.510348,-50.112347,0.741699,3.481601,0.292565,0.326637,0.1140
0.569612,4.041635,0.323295,0.286739,0.092949,-0.059594,-54.035011,-27.510348,-50.112347,0.756633,3.498525,0.305826,0.317517,0.0490
0.569612,4.041635,0.323295,0.286739,0.098806,0.003689,-54.122307,-27.510348,-50.112347,0.783525,3.528964,0.311452,0.315540,0.0870
0.569612,4.041635,0.323295,0.286739,0.344070,-0.045292,-54.142551,-27.510348,-50.112347,0.795180,3.542288,0.316431,0.320328,0.0410
0.569612,4.041635,0.323295,0.286739,0.554107,0.061263,-54.173801,-27.510348,-50.112347,0.819539,3.569340,0.346810,0.338084,0.0810
0.569612,4.041635,0.323295,0.286739,0.574118,0.265869,-54.175671,-27.510348,-50.112347,0.833528,3.585382,0.367565,0.338520,0.0480
0.569612,4.041635,0.323295,0.286739,0.592483,0.319457,-54.145309,-27.510348,-50.112347,0.864379,3.619219,0.401250,0.339124,0.1010
0.569612,4.041635,0.323295,0.286739,0.676281,0.374384,-54.105202,-27.510348,-50.112347,0.875309,3.631998,0.413759,0.338031,0.0400
0.569612,4.041635,0.323295,0.286739,0.866106,0.396080,-54.049114,-27.510348,-50.112347,0.899271,3.658804,0.460723,0.346294,0.0820
0.569612,4.041635,0.323295,0.286739,0.332739,0.107483,-54.025105,-27.510348,-50.112347,0.909950,3.671417,0.467146,0.343722,0.0410
0.569612,4.041635,0.323295,0.286739,0.518442,0.152043,-54.020351,-27.510348,-50.112347,0.914733,3.676920,0.466566,0.342798,0.0400
0.759482,4.715240,0.173065,0.613986,-0.047174,-0.282938,-54.112091,-27.510346,-50.112338,0.944540,3.719551,0.370691,0.424542,0.0550
0.759482,4.715240,0.173065,0.613986,-0.098289,-0.721257,-54.279869,-27.510346,-50.112338,0.951238,3.768610,0.261750,0.496914,0.0720
0.759482,4.715240,0.173065,0.613986,-0.592872,-0.453624,-54.546436,-27.510346,-50.112338,0.964151,3.833699,0.192937,0.514421,0.0870
0.759482,4.715240,0.173065,0.613986,-0.705862,-0.290803,-54.715450,-27.510346,-50.112338,0.971134,3.867044,0.158741,0.518237,0.0490
0.759482,4.715240,0.173065,0.613986,-1.094776,-0.484814,-55.044796,-27.510346,-50.112338,0.985230,3.930590,0.093714,0.525258,0.0900
0.759482,4.715240,0.173065,0.613986,-1.188581,-0.518688,-55.368011,-27.510346,-50.112338,1.000399,3.998119,0.023171,0.518442,0.0990
0.759482,4.715240,0.173065,0.613986,-0.933428,-0.280281,-55.622841,-27.510346,-50.112338,1.014541,4.060436,-0.015940,0.516559,0.0890
0.759482,4.715240,0.173065,0.613986,-0.747499,-0.319502,-55.808247,-27.510346,-50.112338,1.027288,4.116807,-0.027037,0.514567,0.0820
0.759482,4.715240,0.173065,0.613986,-0.890703,-0.171054,-55.905750,-27.510346,-50.112338,1.035215,4.151375,-0.032863,0.509873,0.0520
0.759482,4.715240,0.173065,0.613986,0.291276,0.402870,-55.907871,-27.510346,-50.112338,1.064629,4.289951,0.050826,0.581827,0.2120
0.759482,4.715240,0.173065,0.613986,0.437208,0.666486,-55.857403,-27.510346,-50.112338,1.071152,4.319386,0.083150,0.608180,0.0450
0.949353,6.399255,0.118734,1.053083,0.647209,0.704396,-55.761509,-27.510343,-50.112325,1.082196,4.373288,0.144458,0.660337,0.0770
0.949353,6.399255,0.118734,1.053083,0.783249,0.569576,-55.706177,-27.510343,-50.112325,1.086312,4.423810,0.167439,0.734264,0.0420
0.949353,6.399255,0.118734,1.053083,0.699586,0.429722,-55.670864,-27.510343,-50.112325,1.089484,4.464723,0.182530,0.791979,0.0410
0.949353,6.399255,0.118734,1.053083,0.704580,0.398025,-55.670864,-27.510343,-50.112325,1.089484,4.464723,0.182530,0.791979,0.0430
0.949353,6.399255,0.118734,1.053083,0.704580,0.398025,-55.570885,-27.510343,-50.112325,1.111192,4.577666,0.194209,0.961026,0.0410
0.949353,6.399255,0.118734,1.053083,0.476271,0.706814,-55.511513,-27.510343,-50.112325,1.114151,4.659402,0.165478,1.053381,0.0820
0.949353,6.399255,0.118734,1.053083,0.514832,0.508270,-55.474716,-27.510343,-50.112325,1.117174,4.709347,0.166831,1.075997,0.0400
0.949353,6.399255,0.118734,1.053083,0.508428,0.507924,-55.467716,-27.510343,-50.112325,1.117631,4.716635,0.167451,1.077857,0.0500
0.949353,6.399255,0.118734,1.053083,0.508428,0.507924,-55.467716,-27.510343,-50.112325,1.117631,4.716635,0.167451,1.077857,0.0400
0.949353,6.399255,0.118734,1.053083,0.508428,0.507924,-55.467716,-27.510343,-50.112325,1.117631,4.716635,0.167451,1.077857,0.0410
0.949353,6.399255,0.118734,1.053083,0.508428,0.507924,-55.467716,-27.510343,-50.112325,1.117631,4.716635,0.167451,1.077857,0.0400
0.949353,6.399255,0.118734,1.053083,0.508428,0.507924,-55.467716,-27.510343,-50.112325,1.117631,4.716635,0.167451,1.077857,0.0400
0.949353,6.399255,0.118734,1.053083,0.508428,0.507924,-55.467716,-27.510343,-50.112325,1.117631,4.716635,0.167451,1.077857,0.0410
0.949353,6.399255,0.118734,1.053083,0.508428,0.507924,-55.467716,-27.510343,-50.112325,1.117631,4.716635,0.167451,1.077857,0.0410
0.949353,6.399255,0.118734,1.053083,0.508428,0.507924,-55.467716,-27.510343,-50.112325,1.117631,4.716635,0.167451,1.077857,0.0400
0.949353,6.399255,0.118734,1.053083,-1.636476,-0.558425,-54.976372,-27.510343,-50.112325,1.173013,5.168585,0.061434,1.030850,0.0600
0.949353,6.399255,0.118734,1.053083,-2.197796,-0.693493,-55.069359,-27.510343,-50.112325,1.200569,5.259036,0.021811,1.018640,0.0700
0.949353,6.399255,0.118734,1.053083,-2.772056,-1.043361,-55.108299,-27.510343,-50.112325,1.213861,5.308921,-0.030505,1.001305,0.0410
0.949353,6.399255,0.118734,1.053083,-2.101714,-0.635661,-55.101048,-27.510343,-50.112325,1.240057,5.413196,-0.121686,0.963305,0.0850
0.949353,6.399255,0.118734,1.053083,-2.256230,-0.775192,-55.029842,-27.510343,-50.112325,1.256160,5.474889,-0.167901,0.948956,0.0410
2.088577,7.409664,0.969885,0.860218,-2.371658,-0.918858,-54.958462,-27.510333,-50.112312,1.279692,5.530929,-0.093864,0.905587,0.0580
2.088577,7.409664,0.969885,0.860218,-1.795121,-0.685940,-54.773388,-27.510333,-50.112312,1.425664,5.632669,0.351732,0.830790,0.1030
2.088577,7.409664,0.969885,0.860218,-1.375059,-0.698457,-54.640503,-27.510333,-50.112312,1.510781,5.705373,0.463212,0.808333,0.0680
2.088577,7.409664,0.969885,0.860218,-0.676094,-0.103490,-54.581612,-27.510333,-50.112312,1.560236,5.749851,0.511368,0.809645,0.0400
2.088577,7.409664,0.969885,0.860218,-1.126821,-0.357509,-54.516033,-27.510333,-50.112312,1.601494,5.798593,0.540517,0.797461,0.0550
2.088577,7.409664,0.969885,0.860218,-0.628391,-0.451489,-54.494686,-27.510333,-50.112312,1.666508,5.857849,0.649792,0.805290,0.0580
2.088577,7.409664,0.969885,0.860218,-0.587613,-0.175279,-54.492718,-27.510333,-50.112312,1.713709,5.902060,0.697950,0.809111,0.0410
2.088577,7.409664,0.969885,0.860218,-0.546193,-0.187553,-54.490589,-27.510333,-50.112312,1.722375,5.910275,0.705602,0.810072,0.0410
2.088577,7.409664,0.969885,0.860218,-0.546193,-0.187553,-54.490589,-27.510333,-50.112312,1.722375,5.910275,0.705602,0.810072,0.0410
2.088577,7.409664,0.969885,0.860218,-0.546193,-0.187553,-54.490589,-27.510333,-50.112312,1.722375,5.910275,0.705602,0.810072,0.0410
2.088577,7.409664,0.969885,0.860218,-0.546193,-0.187553,-54.490589,-27.510333,-50.112312,1.722375,5.910275,0.705602,0.810072,0.0400
2.088577,7.409664,0.969885,0.860218,-0.546193,-0.187553,-54.490589,-27.510333,-50.112312,1.722375,5.910275,0.705602,0.810072,0.0400
2.088577,7.409664,0.969885,0.860218,-0.546193,-0.187553,-54.490589,-27.510333,-50.112312,1.722375,5.910275,0.705602,0.810072,0.0410
2.088577,7.409664,0.969885,0.860218,-0.546193,-0.187553,-54.490589,-27.510333,-50.112312,1.722375,5.910275,0.705602,0.810072,0.0400
2.088577,7.409664,0.969885,0.860218,-0.546193,-0.187553,-54.490589,-27.510333,-50.112312,1.722375,5.910275,0.705602,0.810072,0.0400
2.088577,7.409664,0.969885,0.860218,-0.546193,-0.187553,-54.490589,-27.510333,-50.112312,1.722375,5.910275,0.705602,0.810072,0.0410
2.088577,7.409664,0.969885,0.860218,-0.546193,-0.187553,-54.490589,-27.510333,-50.112312,1.722375,5.910275,0.705602,0.810072,0.0400
2.088577,7.409664,0.969885,0.860218,-0.546193,-0.187553,-54.490589,-27.510333,-50.112312,1.722375,5.910275,0.705602,0.810072,0.0400
2.088577,7.409664,0.969885,0.860218,-0.546193,-0.187553,-54.490589,-27.510324,-50.112303,1.722375,5.910275,0.705602,0.810072,0.0440
2.088577,7.409664,0.969885,0.860218,-0.546193,-0.187553,-54.490589,-27.510324,-50.112303,1.722375,5.910275,0.705602,0.810072,0.0400
2.088577,7.409664,0.969885,0.860218,-0.546193,-0.187553,-54.490589,-27.510324,-50.112303,1.722375,5.910275,0.705602,0.810072,0.0400
2.088577,7.409664,0.969885,0.860218,-0.546193,-0.187553,-54.490589,-27.510324,-50.112303,1.722375,5.910275,0.705602,0.810072,0.0400
2.088577,7.409664,0.969885,0.860218,-0.546193,-0.187553,-54.490589,-27.510324,-50.112303,1.722375,5.910275,0.705602,0.810072,0.0410
2.088577,7.409664,0.969885,0.860218,-0.546193,-0.187553,-54.490589,-27.510324,-50.112303,1.722375,5.910275,0.705602,0.810072,0.0400
2.088577,7.409664,0.969885,0.860218,-0.546193,-0.187553,-54.490589,-27.510324,-50.112303,1.722375,5.910275,0.705602,0.810072,0.0410
2.088577,7.409664,0.969885,0.860218,-0.546193,-0.187553,-54.490589,-27.510324,-50.112303,1.722375,5.910275,0.705602,0.810072,0.0400
2.088577,7.409664,0.969885,0.860218,-0.546193,-0.187553,-54.490589,-27.510324,-50.112303,1.722375,5.910275,0.705602,0.810072,0.0410
2.088577,7.409664,0.969885,0.860218,-0.546193,-0.187553,-54.490589,-27.510324,-50.112303,1.722375,5.910275,0.705602,0.810072,0.0400
2.088577,7.409664,0.969885,0.860218,-0.546193,-0.187553,-54.490589,-27.510324,-50.112303,1.722375,5.910275,0.705602,0.810072,0.0400
2.088577,7.409664,0.969885,0.860218,-0.546193,-0.187553,-54.490589,-27.510324,-50.112303,1.722375,5.910275,0.705602,0.810072,0.0410
2.088577,7.409664,0.969885,0.860218,-0.546193,-0.187553,-54.490589,-27.510324,-50.112303,1.722375,5.910275,0.705602,0.810072,0.0410
3.037930,8.083269,1.036313,0.735308,-0.545929,-0.187981,-55.903362,-27.510324,-50.112303,2.760970,6.830640,1.027771,0.725575,0.0400
3.037930,8.083269,1.036313,0.735308,-0.220224,-0.278727,-56.032505,-27.510324,-50.112303,2.846591,6.906878,1.027503,0.717499,0.0880
3.037930,8.083269,1.036313,0.735308,-0.561584,-0.592135,-56.067863,-27.510324,-50.112303,2.887327,6.942515,1.017809,0.710233,0.0790
3.037930,8.083269,1.036313,0.735308,-0.561584,-0.592135,-56.067863,-27.510324,-50.112303,2.887327,6.942515,1.017809,0.710233,0.0400
3.037930,8.083269,1.036313,0.735308,0.739398,0.128826,-55.918373,-27.510324,-50.112303,3.018357,7.035243,1.082501,0.730229,0.0400
3.037930,8.083269,1.036313,0.735308,1.124890,0.287568,-55.808418,-27.510324,-50.112303,3.092857,7.102272,1.092923,0.742409,0.0850
2.848059,9.767283,-0.149858,1.329134,1.318925,0.391878,-55.656429,-27.510326,-50.112289,3.153070,7.184078,1.066941,0.802245,0.0850
2.848059,9.767283,-0.149858,1.329134,1.453140,0.345282,-55.562962,-27.510326,-50.112289,3.113799,7.266177,0.843015,0.936998,0.0400
2.848059,9.767283,-0.149858,1.329134,1.484481,0.636613,-55.531082,-27.510326,-50.112289,3.103245,7.291750,0.789386,0.974453,0.0410
2.848059,9.767283,-0.149858,1.329134,1.484481,0.636613,-55.531082,-27.510326,-50.112289,3.103245,7.291750,0.789386,0.974453,0.0400
2.848059,9.767283,-0.149858,1.329134,1.675240,0.517258,-55.388237,-27.510326,-50.112289,3.159415,7.431670,0.447496,1.178514,0.0490
2.848059,9.767283,-0.149858,1.329134,1.997642,0.487258,-55.328911,-27.510326,-50.112289,3.125448,7.518653,0.147544,1.298685,0.0520
2.848059,9.767283,-0.149858,1.329134,1.803169,0.523865,-55.282761,-27.510326,-50.112289,3.109220,7.586423,0.104143,1.335532,0.0410
2.848059,9.767283,-0.149858,1.329134,1.867851,0.361437,-55.271412,-27.510326,-50.112289,3.104743,7.609641,0.101124,1.340923,0.0410
2.848059,9.767283,-0.149858,1.329134,1.867851,0.361437,-55.271412,-27.510326,-50.112289,3.104743,7.609641,0.101124,1.340923,0.0410
2.848059,9.767283,-0.149858,1.329134,1.867851,0.361437,-55.271412,-27.510326,-50.112289,3.104743,7.609641,0.101124,1.340923,0.0400
2.848059,9.767283,-0.149858,1.329134,1.867851,0.361437,-55.271412,-27.510326,-50.112289,3.104743,7.609641,0.101124,1.340923,0.0400
2.848059,9.767283,-0.149858,1.329134,1.867851,0.361437,-55.271412,-27.510326,-50.112289,3.104743,7.609641,0.101124,1.340923,0.0470
2.848059,9.767283,-0.149858,1.329134,1.867851,0.361437,-55.271412,-27.510326,-50.112289,3.104743,7.609641,0.101124,1.340923,0.0400
2.848059,9.767283,-0.149858,1.329134,1.867851,0.361437,-55.271412,-27.510326,-50.112289,3.104743,7.609641,0.101124,1.340923,0.0400
2.848059,9.767283,-0.149858,1.329134,1.867851,0.361437,-55.271412,-27.510326,-50.112289,3.104743,7.609641,0.101124,1.340923,0.0410
2.848059,9.767283,-0.149858,1.329134,1.867851,0.361437,-55.271412,-27.510326,-50.112289,3.104743,7.609641,0.101124,1.340923,0.0400
2.848059,9.767283,-0.149858,1.329134,1.867851,0.361437,-55.271412,-27.510326,-50.112289,3.104743,7.609641,0.101124,1.340923,0.0420
2.848059,9.767283,-0.149858,1.329134,1.867851,0.361437,-55.271412,-27.510326,-50.112289,3.104743,7.609641,0.101124,1.340923,0.0400
2.848059,9.767283,-0.149858,1.329134,1.867851,0.361437,-55.271412,-27.510326,-50.112289,3.104743,7.609641,0.101124,1.340923,0.0410
2.848059,9.767283,-0.149858,1.329134,1.867851,0.361437,-55.271412,-27.510326,-50.112289,3.104743,7.609641,0.101124,1.340923,0.0410
2.848059,9.767283,-0.149858,1.329134,1.867851,0.361437,-55.271412,-27.510326,-50.112289,3.104743,7.609641,0.101124,1.340923,0.0400
2.848059,9.767283,-0.149858,1.329134,1.867851,0.361437,-55.271412,-27.510326,-50.112289,3.104743,7.609641,0.101124,1.340923,0.0400
2.278447,11.788101,-0.485700,1.723122,3.788092,1.943921,-53.831841,-27.510331,-50.112268,2.920962,8.734642,-0.263308,1.712565,0.0800
2.278447,11.788101,-0.485700,1.723122,3.818518,2.058129,-53.724770,-27.510331,-50.112268,2.843784,8.834005,-0.204185,1.792125,0.0510
2.278447,11.788101,-0.485700,1.723122,3.820112,2.059573,-53.719509,-27.510331,-50.112268,2.841010,8.837707,-0.201757,1.794965,0.0410
2.278447,11.788101,-0.485700,1.723122,3.820112,2.059573,-53.719509,-27.510331,-50.112268,2.841010,8.837707,-0.201757,1.794965,0.0400
2.278447,11.788101,-0.485700,1.723122,3.820112,2.059573,-53.719509,-27.510331,-50.112268,2.841010,8.837707,-0.201757,1.794965,0.0400
2.278447,11.788101,-0.485700,1.723122,3.820112,2.059573,-53.319054,-27.510331,-50.112268,2.784314,9.185632,-0.159140,1.863019,0.0450
2.278447,11.788101,-0.485700,1.723122,3.005782,1.331644,-53.205261,-27.510331,-50.112268,2.716984,9.289357,-0.284835,1.812879,0.0730
2.278447,11.788101,-0.485700,1.723122,3.003415,1.166690,-53.120441,-27.510331,-50.112268,2.679471,9.377937,-0.253756,1.823177,0.0410
2.278447,11.788101,-0.485700,1.723122,2.954721,1.132337,-53.108452,-27.510331,-50.112268,2.674885,9.389345,-0.248636,1.824621,0.0400
2.278447,11.788101,-0.485700,1.723122,2.484722,0.790086,-52.888245,-27.510331,-50.112268,2.637184,9.575479,-0.194499,1.823302,0.0630
2.278447,11.788101,-0.485700,1.723122,2.413896,1.058806,-52.791992,-27.510331,-50.112268,2.595463,9.677953,-0.260106,1.810500,0.0540
2.278447,11.788101,-0.485700,1.723122,2.263837,0.598544,-52.705490,-27.510331,-50.112268,2.567833,9.757596,-0.249655,1.810319,0.0410
2.278447,11.788101,-0.485700,1.723122,2.132816,0.815269,-52.694382,-27.510331,-50.112268,2.563919,9.769033,-0.247831,1.810675,0.0410
2.278447,11.788101,-0.485700,1.723122,1.980675,0.334903,-52.545494,-27.510331,-50.112268,2.513059,9.979387,-0.253416,1.804098,0.0790
2.278447,11.788101,-0.485700,1.723122,1.856698,0.575644,-52.486420,-27.510331,-50.112268,2.487488,10.054174,-0.267090,1.799228,0.0410
2.278447,11.788101,-0.485700,1.723122,1.824672,0.691739,-52.433853,-27.510331,-50.112268,2.466021,10.121681,-0.260482,1.800385,0.0410
2.278447,11.788101,-0.485700,1.723122,1.823450,0.690748,-52.433853,-27.510331,-50.112268,2.466021,10.121681,-0.260482,1.800385,0.0410
2.278447,11.788101,-0.485700,1.723122,1.830097,0.672004,-52.273247,-27.510331,-50.112268,2.434282,10.312221,-0.212596,1.784172,0.0420
2.278447,11.788101,-0.485700,1.723122,2.022592,0.487746,-52.174755,-27.510331,-50.112268,2.385338,10.441627,-0.305729,1.764944,0.0770
2.278447,13.135313,-0.000000,1.553622,2.084892,0.141076,-52.115501,-27.510332,-50.112253,2.380020,10.510872,-0.193994,1.728223,0.0410
2.278447,13.135313,-0.000000,1.553622,1.830728,0.464978,-51.942707,-27.510332,-50.112253,2.378130,10.675161,0.024812,1.688085,0.0940
2.278447,13.135313,-0.000000,1.553622,1.886270,0.811441,-51.872440,-27.510332,-50.112253,2.376302,10.769281,0.101803,1.676675,0.0760
2.278447,13.135313,-0.000000,1.553622,1.886270,0.811441,-51.872440,-27.510332,-50.112253,2.376302,10.769281,0.101803,1.676675,0.0400
2.278447,13.135313,-0.000000,1.553622,1.886270,0.811441,-51.872440,-27.510332,-50.112253,2.376302,10.769281,0.101803,1.676675,0.0430
2.278447,13.135313,-0.000000,1.553622,2.046290,0.729183,-51.500298,-27.510332,-50.112253,2.375266,11.161973,0.154303,1.605025,0.1240
2.278447,13.135313,-0.000000,1.553622,1.831401,0.796370,-51.417480,-27.510332,-50.112253,2.369304,11.278982,0.196449,1.621284,0.0690
2.278447,13.135313,-0.000000,1.553622,1.726843,0.686593,-51.134117,-27.510332,-50.112253,2.360902,11.519776,0.289196,1.654251,0.1420
1.708835,15.829737,-0.468178,2.214609,1.431523,1.068057,-50.497131,-27.510338,-50.112227,2.345808,12.194369,0.386378,1.766513,0.3910
1.708835,15.829737,-0.468178,2.214609,0.027354,2.367241,-50.205761,-27.510338,-50.112227,2.129913,13.252881,-0.157203,2.522171,0.4230
1.708835,15.829737,-0.468178,2.214609,-0.063527,2.179607,-50.156860,-27.510338,-50.112227,2.098681,13.403840,-0.207565,2.588267,0.0690
1.708835,15.829737,-0.468178,2.214609,-0.187044,2.419160,-50.103016,-27.510338,-50.112227,2.072441,13.524415,-0.260424,2.625959,0.0490
1.708835,15.829737,-0.468178,2.214609,-0.524106,2.349741,-49.970127,-27.510338,-50.112227,2.027526,13.747049,-0.360827,2.671380,0.0920
1.708835,15.829737,-0.468178,2.214609,0.254806,2.634256,-49.761784,-27.510338,-50.112227,1.988454,13.936319,-0.399467,2.747417,0.0790
1.708835,15.829737,-0.468178,2.214609,0.498171,2.984314,-49.619492,-27.510338,-50.112227,1.965092,14.047243,-0.389336,2.790929,0.0470
1.708835,15.829737,-0.468178,2.214609,1.024404,3.014398,-49.530968,-27.510338,-50.112227,1.948627,14.124534,-0.369898,2.815916,0.0400
1.708835,15.829737,-0.468178,2.214609,1.024404,3.014398,-49.530968,-27.510338,-50.112227,1.948627,14.124534,-0.369898,2.815916,0.0420
1.708835,15.829737,-0.468178,2.214609,1.438677,2.769011,-48.986565,-27.510338,-50.112227,1.888823,14.472367,-0.378496,2.608883,0.0850
1.708835,15.829737,-0.468178,2.214609,1.054608,3.134782,-48.768600,-27.510338,-50.112227,1.863594,14.572802,-0.368957,2.565023,0.0470
-0.189871,18.187357,-1.655327,2.055417,1.516252,2.958718,-48.536629,-27.510354,-50.112201,1.763693,14.704938,-0.641079,2.563541,0.0590
-0.189871,18.187357,-1.655327,2.055417,1.571239,2.825998,-48.339157,-27.510354,-50.112201,1.624270,14.862407,-0.877516,2.580272,0.0700
-0.189871,18.187357,-1.655327,2.055417,1.471302,2.919510,-48.235756,-27.510354,-50.112201,1.546134,14.949740,-0.967372,2.590048,0.0400
-0.189871,18.187357,-1.655327,2.055417,1.471979,2.921614,-48.090073,-27.510354,-50.112201,1.481353,15.088930,-0.981713,2.672228,0.0430
-0.189871,18.187357,-1.655327,2.055417,1.395058,2.879020,-47.942551,-27.510354,-50.112201,1.349233,15.232431,-1.211861,2.554943,0.0780
-0.189871,18.187357,-1.655327,2.055417,1.169204,2.859307,-47.894894,-27.510354,-50.112201,1.269117,15.324520,-1.264320,2.539577,0.0400
-0.189871,18.187357,-1.655327,2.055417,1.141365,2.821331,-47.847271,-27.510354,-50.112201,1.186051,15.460608,-1.266339,2.597712,0.0430
-0.189871,18.187357,-1.655327,2.055417,0.972426,1.267322,-47.783863,-27.510354,-50.112201,1.047978,15.619515,-1.383929,2.439893,0.0870
-0.189871,18.187357,-1.655327,2.055417,0.604745,2.192634,-47.750954,-27.510354,-50.112201,0.896562,15.804979,-1.425299,2.411546,0.0790
-0.189871,18.187357,-1.655327,2.055417,0.844335,1.038826,-47.866943,-27.510354,-50.112201,0.498645,16.309573,-1.435759,2.408165,0.2060
-0.189871,18.187357,-1.655327,2.055417,1.230702,1.595158,-47.910576,-27.510354,-50.112201,0.317144,16.542075,-1.419507,2.408362,0.1320
-1.898707,19.534569,-1.753332,1.382291,0.966158,0.854130,-47.928799,-27.510371,-50.112190,-0.038577,16.943385,-1.423508,2.225358,0.2030
-1.898707,19.534569,-1.753332,1.382291,0.420979,0.292449,-48.065388,-27.510371,-50.112190,-0.483377,17.317387,-1.520563,1.823197,0.2230
-1.898707,19.534569,-1.753332,1.382291,1.290926,1.679161,-47.479198,-27.510371,-50.112190,-1.356380,18.052143,-1.405535,1.719583,0.4590
-5.316378,19.534569,-2.232689,-0.000000,0.928218,2.247449,-47.680798,-27.510401,-50.112190,-2.117663,18.393769,-1.658530,1.363812,0.4030
-5.316378,19.534569,-2.232689,-0.000000,0.179262,1.719715,-47.697651,-27.510401,-50.112190,-2.275369,18.396562,-1.743425,1.208954,0.0630
-5.316378,19.534569,-2.232689,-0.000000,0.858847,2.063816,-47.726223,-27.510401,-50.112190,-2.821523,18.422940,-1.947314,0.915415,0.2250
-5.316378,19.534569,-2.232689,-0.000000,0.970759,0.938824,-47.725140,-27.510401,-50.112190,-2.927445,18.423642,-1.953324,0.850895,0.0410
-5.316378,19.534569,-2.232689,-0.000000,1.154410,1.474202,-47.699749,-27.510401,-50.112190,-3.073086,18.431344,-1.944689,0.774527,0.0610
-5.316378,19.534569,-2.232689,-0.000000,1.287190,0.738361,-47.649101,-27.510401,-50.112190,-3.210321,18.435763,-1.931602,0.690019,0.0570
-5.316378,19.534569,-2.232689,-0.000000,1.766887,0.526449,-47.605247,-27.510401,-50.112190,-3.295199,18.437438,-1.914851,0.630619,0.0410
-5.316378,19.534569,-2.232689,-0.000000,1.766887,0.526449,-47.605247,-27.510401,-50.112190,-3.295199,18.437438,-1.914851,0.630619,0.0400
-5.316378,19.534569,-2.232689,-0.000000,1.766887,0.526449,-47.605247,-27.510401,-50.112190,-3.295199,18.437438,-1.914851,0.630619,0.0400
-5.316378,19.534569,-2.232689,-0.000000,1.246712,0.052073,-47.372410,-27.510401,-50.112190,-4.079366,18.488266,-2.003234,0.063934,0.2550
-8.164437,17.176950,-1.676281,-1.387622,1.536819,-0.434956,-47.146313,-27.510426,-50.112211,-4.563939,18.138057,-1.657892,-0.836594,0.2460
-8.164437,17.176950,-1.676281,-1.387622,1.907118,-0.464840,-46.871483,-27.510426,-50.112211,-4.956453,17.841359,-1.433816,-1.210169,0.2020
-8.164437,17.176950,-1.676281,-1.387622,1.557733,-0.657705,-46.736256,-27.510426,-50.112211,-5.204330,17.655560,-1.329731,-1.361237,0.1120
-8.164437,17.176950,-1.676281,-1.387622,-0.361314,0.036884,-46.386082,-27.510426,-50.112211,-5.883282,17.143400,-1.457589,-1.366917,0.3790
-9.493531,15.492937,-1.376848,-1.744520,-0.509821,0.225353,-46.444969,-27.510437,-50.112234,-6.108690,16.940935,-1.536378,-1.406457,0.1320
-9.493531,15.492937,-1.376848,-1.744520,0.322183,-0.183984,-47.275784,-27.510437,-50.112234,-6.948418,15.983484,-1.394933,-1.678488,0.5000
-10.063144,12.798516,-0.505419,-2.390771,-0.264667,-0.421059,-49.393959,-27.510443,-50.112260,-7.589386,15.231037,-1.327238,-1.859091,0.4520
-10.063144,12.798516,-0.505419,-2.390771,1.108008,0.525385,-50.882648,-27.510443,-50.112260,-7.920723,13.995035,-0.572355,-2.239082,0.4770
-10.063144,12.798516,-0.505419,-2.390771,1.535322,0.577799,-51.783405,-27.510443,-50.112260,-8.178376,13.000651,-0.147306,-2.250192,0.4260
-10.822626,9.767293,-0.667665,-2.664764,1.447399,-0.231819,-52.166862,-27.510450,-50.112290,-8.315792,12.499787,-0.152912,-2.378646,0.1950
-10.822626,9.767293,-0.667665,-2.664764,1.492079,-0.289574,-52.626884,-27.510450,-50.112290,-8.468625,11.972725,-0.179676,-2.530733,0.1420
-10.822626,9.767293,-0.667665,-2.664764,1.450571,0.035829,-52.692543,-27.510450,-50.112290,-8.672633,11.259257,-0.202348,-2.617541,0.2860
-10.822626,9.767293,-0.667665,-2.664764,-0.657538,-0.027708,-52.673622,-27.510450,-50.112290,-8.995223,10.137943,-0.539152,-2.741056,0.4060
-10.822626,6.062465,0.000000,-3.081522,0.115210,-2.146665,-50.264153,-27.510450,-50.112326,-9.063095,8.825945,-0.275608,-3.303373,0.4040
-10.822626,6.062465,0.000000,-3.081522,-0.410054,-1.084125,-50.331207,-27.510450,-50.112326,-9.086303,8.122246,-0.145906,-3.487094,0.2420
-10.822626,6.062465,0.000000,-3.081522,-0.943026,0.110318,-50.912064,-27.510450,-50.112326,-9.105173,7.541668,-0.240557,-3.399644,0.1670
-10.253015,3.704846,0.622202,-2.575291,-1.978608,-3.002729,-50.262165,-27.510444,-50.112349,-9.109954,6.744212,-0.357118,-3.502060,0.2780
-10.253015,3.704846,0.622202,-2.575291,-1.654176,-3.108898,-52.202816,-27.510444,-50.112349,-8.994900,6.148776,-0.153315,-3.520484,0.2060
-10.253015,3.704846,0.622202,-2.575291,0.072738,-0.657621,-53.293209,-27.510444,-50.112349,-8.740260,4.861130,0.424319,-3.115570,0.4890
-10.253015,3.704846,0.622202,-2.575291,0.386158,-0.709994,-53.278961,-27.510444,-50.112349,-8.671636,4.521898,0.510242,-3.000875,0.1210
-10.253015,3.704846,0.622202,-2.575291,0.575197,-1.124207,-53.252464,-27.510444,-50.112349,-8.628376,4.307582,0.559356,-2.951419,0.0890
-10.253015,3.704846,0.622202,-2.575291,0.415296,-0.775721,-53.203865,-27.510423,-50.112367,-8.585025,4.130141,0.614945,-2.916265,0.0530
-7.974567,2.020834,1.948569,-1.440198,2.337237,0.569341,-52.880943,-27.510423,-50.112367,-7.762280,3.472982,2.018137,-1.746970,0.4000
-7.974567,2.020834,1.948569,-1.440198,1.077055,1.088420,-52.334675,-27.510423,-50.112367,-7.017851,2.888096,2.267136,-1.230722,0.4230
-7.974567,2.020834,1.948569,-1.440198,0.860029,1.703340,-52.125492,-27.510423,-50.112367,-6.809226,2.722378,2.257330,-1.154535,0.1160
-4.936638,1.347228,2.124501,-0.471069,0.879350,1.281316,-51.948891,-27.510397,-50.112373,-6.634614,2.610076,2.276537,-1.063325,0.0880
-4.936638,1.347228,2.124501,-0.471069,1.269740,1.383016,-51.868984,-27.510397,-50.112373,-6.543781,2.589212,2.297648,-0.939550,0.0420
-4.936638,1.347228,2.124501,-0.471069,1.270347,1.377136,-51.853001,-27.510397,-50.112373,-6.526103,2.585146,2.302761,-0.915496,0.0410
-4.936638,1.347228,2.124501,-0.471069,1.270347,1.377136,-51.853001,-27.510397,-50.112373,-6.526103,2.585146,2.302761,-0.915496,0.0410
-4.936638,1.347228,2.124501,-0.471069,0.266970,0.410852,-51.608891,-27.510397,-50.112373,-6.128542,2.470887,2.201864,-0.517138,0.1040
-4.936638,1.347228,2.124501,-0.471069,-0.293266,0.109310,-51.499741,-27.510397,-50.112373,-6.004708,2.441200,2.172592,-0.497842,0.0450
-4.936638,1.347228,2.124501,-0.471069,-0.570452,-0.180756,-51.423519,-27.510397,-50.112373,-5.826146,2.397856,2.118159,-0.490878,0.0870
-4.936638,1.347228,2.124501,-0.471069,-1.604643,0.500432,-51.689747,-27.510397,-50.112373,-5.623971,2.348734,2.053033,-0.462698,0.0950
-4.936638,1.347228,2.124501,-0.471069,-2.147317,1.092710,-52.382370,-27.510397,-50.112373,-5.341832,2.279578,1.880727,-0.363565,0.1040
-4.936638,1.347228,2.124501,-0.471069,-2.141926,1.608222,-52.700161,-27.510397,-50.112373,-5.185678,2.240868,1.811497,-0.310512,0.0980
-4.936638,1.347228,2.124501,-0.471069,-2.101175,1.178109,-52.866989,-27.510397,-50.112373,-5.083960,2.215546,1.762340,-0.281980,0.0460
-4.936638,1.347228,2.124501,-0.471069,-2.438663,1.357449,-53.029621,-27.510397,-50.112373,-4.936180,2.179162,1.708289,-0.247214,0.0690
-4.936638,1.347228,2.124501,-0.471069,-2.096584,1.497360,-53.092419,-27.510397,-50.112373,-4.847372,2.156767,1.676438,-0.231469,0.0400
-4.936638,1.347228,2.124501,-0.471069,-2.099075,1.499343,-53.097507,-27.510397,-50.112373,-4.838686,2.154560,1.674518,-0.228957,0.0420
-4.936638,1.347228,2.124501,-0.471069,-1.877124,1.075463,-53.192081,-27.510397,-50.112373,-4.616941,2.107017,1.747697,-0.265675,0.0740
-4.936638,1.347228,2.124501,-0.471069,-1.862598,0.993970,-53.257252,-27.510368,-50.112387,-4.526850,2.083574,1.778600,-0.271762,0.0440
-1.708838,0.000018,2.392750,-0.998680,-1.297610,1.642074,-53.290001,-27.510368,-50.112387,-4.474267,2.059490,1.812483,-0.331822,0.0400
-1.708838,0.000018,2.392750,-0.998680,-1.297610,1.642074,-53.290001,-27.510368,-50.112387,-4.474267,2.059490,1.812483,-0.331822,0.0400
-1.708838,0.000018,2.392750,-0.998680,-1.297610,1.642074,-53.290001,-27.510368,-50.112387,-4.474267,2.059490,1.812483,-0.331822,0.0400
-1.708838,0.000018,2.392750,-0.998680,-1.297610,1.642074,-53.290001,-27.510368,-50.112387,-4.474267,2.059490,1.812483,-0.331822,0.0410
-1.708838,0.000018,2.392750,-0.998680,-1.297610,1.641498,-54.083847,-27.510368,-50.112387,-4.030582,1.924530,1.994062,-0.794685,0.0460
-1.708838,0.000018,2.392750,-0.998680,-4.132159,-0.200489,-54.443020,-27.510368,-50.112387,-3.805987,1.828663,2.166561,-0.962257,0.0760
-1.708838,0.000018,2.392750,-0.998680,-4.147175,0.107993,-54.694366,-27.510368,-50.112387,-3.691427,1.781713,2.111162,-0.967285,0.0410
-1.708838,0.000018,2.392750,-0.998680,-3.926191,0.254159,-54.724422,-27.510368,-50.112387,-3.674526,1.774839,2.102848,-0.967786,0.0510
-1.708838,0.000018,2.392750,-0.998680,-3.926191,0.254159,-54.724422,-27.510368,-50.112387,-3.674526,1.774839,2.102848,-0.967786,0.0400
-1.708838,0.000018,2.392750,-0.998680,-3.926191,0.254159,-54.724422,-27.510368,-50.112387,-3.674526,1.774839,2.102848,-0.967786,0.0400
-1.708838,0.000018,2.392750,-0.998680,-3.609569,-0.599104,-53.339058,-27.510368,-50.112387,-3.195159,1.571037,2.140928,-1.025855,0.0720
-1.708838,0.000018,2.392750,-0.998680,-4.121737,-0.957126,-52.884491,-27.510368,-50.112387,-3.071582,1.523242,2.114186,-1.045142,0.0400
-1.708838,0.000018,2.392750,-0.998680,-3.866093,-0.982222,-52.685177,-27.510368,-50.112387,-3.022907,1.504204,2.089937,-1.054501,0.0400
-1.708838,0.000018,2.392750,-0.998680,-3.866093,-0.982222,-52.685177,-27.510368,-50.112387,-3.022907,1.504204,2.089937,-1.054501,0.0630
-1.708838,0.000018,2.392750,-0.998680,-3.866093,-0.982222,-52.685177,-27.510368,-50.112387,-3.022907,1.504204,2.089937,-1.054501,0.0400
-1.708838,0.000018,2.392750,-0.998680,-3.866093,-0.982222,-52.685177,-27.510368,-50.112387,-3.022907,1.504204,2.089937,-1.054501,0.0410
-1.708838,0.000018,2.392750,-0.998680,-3.866093,-0.982222,-52.685177,-27.510368,-50.112387,-3.022907,1.504204,2.089937,-1.054501,0.0400
-1.708838,0.000018,2.392750,-0.998680,-3.866093,-0.982222,-52.685177,-27.510368,-50.112387,-3.022907,1.504204,2.089937,-1.054501,0.0410
-1.708838,0.000018,2.392750,-0.998680,-3.866093,-0.982222,-52.685177,-27.510368,-50.112387,-3.022907,1.504204,2.089937,-1.054501,0.0410
-1.708838,0.000018,2.392750,-0.998680,-3.866093,-0.982222,-52.685177,-27.510368,-50.112387,-3.022907,1.504204,2.089937,-1.054501,0.0410
-1.708838,0.000018,2.392750,-0.998680,-3.866093,-0.982222,-52.685177,-27.510341,-50.112396,-3.022907,1.504204,2.089937,-1.054501,0.0400
1.329092,-1.010392,2.553037,-0.849135,-1.433926,0.809046,-50.323158,-27.510341,-50.112396,-1.897545,1.044622,2.491093,-0.829920,0.0600
1.329092,-1.010392,2.553037,-0.849135,-0.923757,1.194713,-49.883011,-27.510341,-50.112396,-1.600771,0.931686,2.475494,-0.775082,0.0800
1.329092,-1.010392,2.553037,-0.849135,-2.299069,-0.056179,-49.726063,-27.510341,-50.112396,-1.244835,0.802998,2.346106,-0.802476,0.1530
1.329092,-1.010392,2.553037,-0.849135,-2.477642,-1.093178,-49.761730,-27.510341,-50.112396,-0.887028,0.683630,2.196691,-0.895723,0.1230
1.329092,-1.010392,2.553037,-0.849135,-2.482484,-1.006830,-50.144203,-27.510341,-50.112396,-0.353447,0.511915,1.992124,-1.072072,0.1920
1.329092,-1.010392,2.553037,-0.849135,-2.156408,-0.880476,-50.195938,-27.510341,-50.112396,-0.107352,0.432691,1.969908,-1.087938,0.0890
1.329092,-1.010392,2.553037,-0.849135,-1.235203,-0.245570,-50.158947,-27.510341,-50.112396,0.015980,0.393945,1.997141,-1.072157,0.0440
1.329092,-1.010392,2.553037,-0.849135,-1.241573,0.151756,-50.125877,-27.510341,-50.112396,0.073458,0.375096,2.011933,-1.059358,0.0400
1.329092,-1.010392,2.553037,-0.849135,0.432655,0.373899,-49.685532,-27.510341,-50.112396,0.487252,0.224129,2.271884,-0.914053,0.1390
1.329092,-1.010392,2.553037,-0.849135,0.254715,0.399560,-49.574722,-27.510341,-50.112396,0.608988,0.181917,2.339854,-0.885754,0.0460
1.329092,-0.336786,-0.000000,1.682233,0.503879,0.352349,-49.535091,-27.510340,-50.112394,0.601512,0.244322,2.053006,-0.544046,0.0400
1.329092,-0.336786,-0.000000,1.682233,0.190036,0.551194,-49.491711,-27.510340,-50.112394,0.625465,0.388434,1.364102,0.261464,0.0930
1.329092,-0.336786,-0.000000,1.682233,-0.229521,-0.282701,-49.375179,-27.510340,-50.112394,0.621134,0.569101,0.872242,0.754052,0.1050
1.329092,-0.336786,-0.000000,1.682233,-0.266916,0.382747,-49.213535,-27.510340,-50.112394,0.621954,0.706801,0.618197,1.008250,0.0790
1.329092,-0.336786,-0.000000,1.682233,-0.491936,0.906694,-49.060261,-27.510340,-50.112394,0.622030,0.784897,0.495569,1.138491,0.0500
1.329092,-0.336786,-0.000000,1.682233,-0.287048,0.775436,-48.651234,-27.510340,-50.112394,0.625077,0.912535,0.346450,1.310826,0.0800
1.329092,-0.336786,-0.000000,1.682233,-0.204408,0.341236,-48.261223,-27.510340,-50.112394,0.626042,1.011906,0.257676,1.420021,0.0630
1.329092,-0.336786,-0.000000,1.682233,-0.204408,0.341236,-48.261223,-27.510340,-50.112394,0.626042,1.011906,0.257676,1.420021,0.0410
1.329092,-0.336786,-0.000000,1.682233,-0.204408,0.341236,-48.261223,-27.510340,-50.112394,0.626042,1.011906,0.257676,1.420021,0.0410
1.329092,-0.336786,-0.000000,1.682233,-0.204408,0.341236,-48.261223,-27.510340,-50.112394,0.626042,1.011906,0.257676,1.420021,0.0410
1.329092,-0.336786,-0.000000,1.682233,-0.204408,0.341236,-48.261223,-27.510340,-50.112394,0.626042,1.011906,0.257676,1.420021,0.0400
1.329092,-0.336786,-0.000000,1.682233,-0.204408,0.341236,-48.261223,-27.510340,-50.112394,0.626042,1.011906,0.257676,1.420021,0.0410
1.329092,-0.336786,-0.000000,1.682233,-0.204408,0.341236,-48.261223,-27.510340,-50.112394,0.626042,1.011906,0.257676,1.420021,0.0410
1.329092,-0.336786,-0.000000,1.682233,-0.204408,0.341236,-48.261223,-27.510340,-50.112394,0.626042,1.011906,0.257676,1.420021,0.0410
0.189868,-1.683997,-0.601243,-0.711011,-1.467817,0.279791,-51.279186,-27.510351,-50.112403,0.686448,1.749358,-0.187719,1.496673,0.1710
0.189868,-1.683997,-0.601243,-0.711011,-0.605211,0.370969,-51.470242,-27.510351,-50.112403,0.622778,1.577436,-0.378623,0.762723,0.0840
0.189868,-1.683997,-0.601243,-0.711011,-0.193204,0.269515,-51.681778,-27.510351,-50.112403,0.578254,1.480574,-0.453683,0.422193,0.0610
0.189868,-1.683997,-0.601243,-0.711011,0.084537,0.260565,-51.910034,-27.510351,-50.112403,0.535949,1.397945,-0.505516,0.177613,0.0640
0.189868,-1.683997,-0.601243,-0.711011,0.000303,0.168912,-52.215569,-27.510351,-50.112403,0.486453,1.313836,-0.521557,-0.012575,0.0760
0.189868,-1.683997,-0.601243,-0.711011,-0.210837,-0.000339,-52.371792,-27.510351,-50.112403,0.462683,1.272686,-0.536660,-0.096728,0.0400
0.189868,-1.683997,-0.601243,-0.711011,-1.127629,-0.834611,-52.530083,-27.510351,-50.112403,0.441336,1.237824,-0.570538,-0.194480,0.0400
0.189868,-1.683997,-0.601243,-0.711011,-1.127629,-0.834611,-52.530083,-27.510351,-50.112403,0.441336,1.237824,-0.570538,-0.194480,0.0400
0.189868,-1.683997,-0.601243,-0.711011,-1.127629,-0.834611,-52.530083,-27.510351,-50.112403,0.441336,1.237824,-0.570538,-0.194480,0.0410
0.189868,-1.683997,-0.601243,-0.711011,-1.127629,-0.834611,-52.530083,-27.510351,-50.112403,0.441336,1.237824,-0.570538,-0.194480,0.0410
0.189868,-1.683997,-0.601243,-0.711011,-1.127629,-0.834611,-52.530083,-27.510351,-50.112403,0.441336,1.237824,-0.570538,-0.194480,0.0400
0.189868,-1.683997,-0.601243,-0.711011,-1.127629,-0.834611,-52.530083,-27.510351,-50.112403,0.441336,1.237824,-0.570538,-0.194480,0.0400
0.189868,-1.683997,-0.601243,-0.711011,-1.127629,-0.834611,-52.530083,-27.510351,-50.112403,0.441336,1.237824,-0.570538,-0.194480,0.0400
0.189868,-1.683997,-0.601243,-0.711011,1.090140,0.810169,-51.961349,-27.510351,-50.112403,0.222355,1.041919,-0.562714,-0.693766,0.0880
0.189868,-1.683997,-0.601243,-0.711011,0.636231,-0.317281,-51.878765,-27.510351,-50.112403,0.194534,1.004735,-0.549455,-0.707134,0.0420
0.189868,-1.683997,-0.601243,-0.711011,0.603166,0.554969,-51.012623,-27.510351,-50.112403,0.112396,0.892598,-0.516733,-0.640926,0.1250
-1.139226,-2.357603,-0.871863,-0.441874,0.366440,-1.398449,-49.817032,-27.510363,-50.112413,0.008522,0.780802,-0.532014,-0.715947,0.1430
-1.139226,-2.357603,-0.871863,-0.441874,0.321967,-1.785818,-49.011711,-27.510363,-50.112413,-0.367521,0.557758,-0.741108,-1.030041,0.3920
-1.139226,-2.357603,-0.871863,-0.441874,-0.009958,-0.523750,-49.458683,-27.510363,-50.112413,-0.420697,0.526393,-0.763789,-0.966173,0.0570
-1.139226,-2.357603,-0.871863,-0.441874,0.043831,0.363629,-50.199875,-27.510363,-50.112413,-0.534671,0.451909,-0.795068,-0.797908,0.1230
-1.139226,-2.357603,-0.871863,-0.441874,0.194732,0.338736,-50.471230,-27.510363,-50.112413,-0.587517,0.417605,-0.807717,-0.724567,0.0580
-1.139226,-2.357603,-0.871863,-0.441874,-0.168364,-0.355137,-51.836929,-27.510363,-50.112413,-0.762577,0.301252,-0.875930,-0.468139,0.1880
-1.139226,-2.357603,-0.871863,-0.441874,0.240456,-1.176020,-52.125881,-27.510363,-50.112413,-0.831264,0.255232,-0.875818,-0.508630,0.0870
-1.139226,-2.357603,-0.871863,-0.441874,0.477101,-1.978891,-52.199036,-27.510363,-50.112413,-0.857090,0.237919,-0.864390,-0.549952,0.0400
-1.139226,-2.357603,-0.871863,-0.441874,0.477101,-1.978891,-52.199036,-27.510367,-50.112415,-0.857090,0.237919,-0.864390,-0.549952,0.0410
-1.518968,-2.694406,-0.604254,-0.535929,0.326432,-0.636298,-53.008720,-27.510367,-50.112415,-0.961646,0.147088,-0.661853,-0.622312,0.0860
-1.518968,-2.694406,-0.604254,-0.535929,0.376225,-0.578132,-53.233158,-27.510367,-50.112415,-0.985805,0.120702,-0.631099,-0.608657,0.0400
-1.518968,-2.694406,-0.604254,-0.535929,0.375071,0.029674,-53.347042,-27.510367,-50.112415,-0.998413,0.106929,-0.620390,-0.604843,0.0410
-1.518968,-2.694406,-0.604254,-0.535929,-0.006218,0.578912,-53.946362,-27.510367,-50.112415,-1.060334,0.042697,-0.598542,-0.544451,0.0720
-1.518968,-2.694406,-0.604254,-0.535929,0.229068,0.704824,-54.234760,-27.510367,-50.112415,-1.086366,0.013578,-0.594950,-0.517643,0.0410
-1.518968,-2.694406,-0.604254,-0.535929,0.205421,0.552137,-54.392643,-27.510367,-50.112415,-1.100945,-0.002758,-0.591313,-0.505593,0.0410
-1.518968,-2.694406,-0.604254,-0.535929,0.205421,0.552137,-54.392643,-27.510367,-50.112415,-1.100945,-0.002758,-0.591313,-0.505593,0.0410
-1.518968,-2.694406,-0.604254,-0.535929,0.205421,0.552137,-54.392643,-27.510367,-50.112415,-1.100945,-0.002758,-0.591313,-0.505593,0.0400
-1.518968,-2.694406,-0.604254,-0.535929,0.059163,0.802366,-55.125603,-27.510367,-50.112415,-1.209359,-0.106723,-0.599750,-0.483905,0.0750
-1.518968,-2.694406,-0.604254,-0.535929,0.158238,0.677599,-55.227085,-27.510367,-50.112415,-1.233772,-0.135654,-0.600769,-0.483630,0.0400
-1.518968,-2.694406,-0.604254,-0.535929,-0.160243,0.424826,-55.290615,-27.510367,-50.112415,-1.251855,-0.156703,-0.602316,-0.481841,0.0400
-1.518968,-2.694406,-0.604254,-0.535929,-0.160243,0.424826,-55.290615,-27.510367,-50.112415,-1.251855,-0.156703,-0.602316,-0.481841,0.0410
-1.518968,-2.694406,-0.604254,-0.535929,-0.160243,0.424826,-55.290615,-27.510367,-50.112415,-1.251855,-0.156703,-0.602316,-0.481841,0.0410
-1.518968,-2.694406,-0.604254,-0.535929,-0.160243,0.424826,-55.290615,-27.510367,-50.112415,-1.251855,-0.156703,-0.602316,-0.481841,0.0410
-1.518968,-2.694406,-0.604254,-0.535929,-0.160243,0.424826,-55.290615,-27.510367,-50.112415,-1.251855,-0.156703,-0.602316,-0.481841,0.0400
-1.518968,-2.694406,-0.604254,-0.535929,-0.160243,0.424826,-55.290615,-27.510367,-50.112415,-1.251855,-0.156703,-0.602316,-0.481841,0.0410
-1.518968,-2.694406,-0.604254,-0.535929,-0.160243,0.424826,-55.290615,-27.510367,-50.112415,-1.251855,-0.156703,-0.602316,-0.481841,0.0410
-1.518968,-2.694406,-0.604254,-0.535929,-0.160243,0.424826,-55.290615,-27.510367,-50.112415,-1.251855,-0.156703,-0.602316,-0.481841,0.0400
-1.518968,-2.694406,-0.604254,-0.535929,-0.160243,0.424826,-55.290615,-27.510367,-50.112415,-1.251855,-0.156703,-0.602316,-0.481841,0.0410
-1.518968,-2.694406,-0.604254,-0.535929,-0.160243,0.424826,-55.290615,-27.510367,-50.112415,-1.251855,-0.156703,-0.602316,-0.481841,0.0410
-1.518968,-2.694406,-0.604254,-0.535929,-0.160243,0.424826,-55.290615,-27.510369,-50.112414,-1.251855,-0.156703,-0.602316,-0.481841,0.0410
-1.518968,-2.694406,-0.604254,-0.535929,-0.160243,0.424826,-55.290615,-27.510369,-50.112414,-1.251855,-0.156703,-0.602316,-0.481841,0.0410
-1.518968,-2.694406,-0.604254,-0.535929,-0.160243,0.424826,-55.290615,-27.510369,-50.112414,-1.251855,-0.156703,-0.602316,-0.481841,0.0400
-1.518968,-2.694406,-0.604254,-0.535929,-0.160243,0.424826,-55.290615,-27.510369,-50.112414,-1.251855,-0.156703,-0.602316,-0.481841,0.0410
-1.518968,-2.694406,-0.604254,-0.535929,-0.160243,0.424826,-55.290615,-27.510369,-50.112414,-1.251855,-0.156703,-0.602316,-0.481841,0.0400
-1.518968,-2.694406,-0.604254,-0.535929,-0.160243,0.424826,-55.290615,-27.510369,-50.112414,-1.251855,-0.156703,-0.602316,-0.481841,0.0410
-1.518968,-2.694406,-0.604254,-0.535929,-0.160243,0.424826,-55.290615,-27.510369,-50.112414,-1.251855,-0.156703,-0.602316,-0.481841,0.0410
-1.708838,-2.694406,-0.704789,-0.000000,-0.166076,0.549681,-52.322220,-27.510369,-50.112414,-1.807595,-0.357313,-0.702222,0.033714,0.1380
-1.708838,-2.694406,-0.704789,-0.000000,-0.488485,0.352148,-52.202034,-27.510369,-50.112414,-1.846988,-0.370864,-0.715679,0.046813,0.0620
-1.708838,-2.694406,-0.704789,-0.000000,-0.196945,0.542483,-52.108032,-27.510369,-50.112414,-1.874273,-0.381003,-0.725350,0.058839,0.0410
-1.708838,-2.694406,-0.704789,-0.000000,-0.403258,0.459222,-51.914562,-27.510369,-50.112414,-1.921087,-0.385188,-0.739494,0.071571,0.0650
-1.708838,-2.694406,-0.704789,-0.000000,0.079528,0.247377,-51.765633,-27.510369,-50.112414,-1.954155,-0.395267,-0.729518,0.054521,0.0530
-1.708838,-2.694406,-0.704789,-0.000000,0.034181,0.227671,-51.640690,-27.510369,-50.112414,-1.983614,-0.403757,-0.723733,0.045103,0.0430
-1.708838,-2.694406,-0.704789,-0.000000,-0.088976,0.067526,-51.588993,-27.510369,-50.112414,-1.996422,-0.407164,-0.722959,0.042102,0.0410
-1.708838,-2.694406,-0.704789,-0.000000,-0.088976,0.067526,-51.588993,-27.510369,-50.112414,-1.996422,-0.407164,-0.722959,0.042102,0.0400
-1.708838,-2.694406,-0.704789,-0.000000,-0.088976,0.067526,-51.588993,-27.510369,-50.112414,-1.996422,-0.407164,-0.722959,0.042102,0.0400
-1.708838,-2.694406,-0.704789,-0.000000,-0.088976,0.067526,-51.588993,-27.510369,-50.112414,-1.996422,-0.407164,-0.722959,0.042102,0.0410
-1.708838,-2.694406,-0.704789,-0.000000,-0.088976,0.067526,-51.588993,-27.510369,-50.112414,-1.996422,-0.407164,-0.722959,0.042102,0.0400
-1.708838,-2.694406,-0.704789,-0.000000,-0.088976,0.067526,-51.588993,-27.510369,-50.112414,-1.996422,-0.407164,-0.722959,0.042102,0.0750
-1.708838,-2.694406,-0.704789,-0.000000,-0.088976,0.067526,-51.588993,-27.510357,-50.112429,-1.996422,-0.407164,-0.722959,0.042102,0.0400
-1.708838,-2.694406,-0.704789,-0.000000,-0.088976,0.067526,-51.588993,-27.510357,-50.112429,-1.996422,-0.407164,-0.722959,0.042102,0.0400
-1.708838,-2.694406,-0.704789,-0.000000,-0.088976,0.067526,-51.588993,-27.510357,-50.112429,-1.996422,-0.407164,-0.722959,0.042102,0.0400
-1.708838,-2.694406,-0.704789,-0.000000,-0.088976,0.067526,-51.588993,-27.510357,-50.112429,-1.996422,-0.407164,-0.722959,0.042102,0.0400
-1.708838,-2.694406,-0.704789,-0.000000,-0.088976,0.067526,-51.588993,-27.510357,-50.112429,-1.996422,-0.407164,-0.722959,0.042102,0.0400
-1.708838,-2.694406,-0.704789,-0.000000,-0.088976,0.067526,-51.588993,-27.510357,-50.112429,-1.996422,-0.407164,-0.722959,0.042102,0.0400
-1.708838,-2.694406,-0.704789,-0.000000,-0.088976,0.067526,-51.588993,-27.510357,-50.112429,-1.996422,-0.407164,-0.722959,0.042102,0.0460
-1.708838,-2.694406,-0.704789,-0.000000,-0.088976,0.067526,-51.588993,-27.510357,-50.112429,-1.996422,-0.407164,-0.722959,0.042102,0.0410
-1.708838,-2.694406,-0.704789,-0.000000,-0.088976,0.067526,-51.588993,-27.510357,-50.112429,-1.996422,-0.407164,-0.722959,0.042102,0.0410
-1.708838,-2.694406,-0.704789,-0.000000,-0.088976,0.067526,-51.588993,-27.510357,-50.112429,-1.996422,-0.407164,-0.722959,0.042102,0.0400
-1.708838,-2.694406,-0.704789,-0.000000,-0.088976,0.067526,-51.588993,-27.510357,-50.112429,-1.996422,-0.407164,-0.722959,0.042102,0.0400
-1.708838,-2.694406,-0.704789,-0.000000,-0.088976,0.067526,-51.588993,-27.510357,-50.112429,-1.996422,-0.407164,-0.722959,0.042102,0.0400
-1.708838,-2.694406,-0.704789,-0.000000,-0.088976,0.067526,-51.588993,-27.510357,-50.112429,-1.996422,-0.407164,-0.722959,0.042102,0.0410
-1.708838,-2.694406,-0.704789,-0.000000,-0.088976,0.067526,-51.588993,-27.510357,-50.112429,-1.996422,-0.407164,-0.722959,0.042102,0.0410
-1.708838,-2.694406,-0.704789,-0.000000,-0.088976,0.067526,-51.588993,-27.510357,-50.112429,-1.996422,-0.407164,-0.722959,0.042102,0.0400
-1.708838,-2.694406,-0.704789,-0.000000,-0.088976,0.067526,-51.588993,-27.510357,-50.112429,-1.996422,-0.407164,-0.722959,0.042102,0.0400
-1.708838,-2.694406,-0.704789,-0.000000,-0.088976,0.067526,-51.588993,-27.510357,-50.112429,-1.996422,-0.407164,-0.722959,0.042102,0.0410
-1.708838,-2.694406,-0.704789,-0.000000,-0.088976,0.067526,-51.588993,-27.510357,-50.112429,-1.996422,-0.407164,-0.722959,0.042102,0.0540
-1.708838,-2.694406,-0.704789,-0.000000,-0.088976,0.067526,-51.588993,-27.510357,-50.112429,-1.996422,-0.407164,-0.722959,0.042102,0.0400
-1.708838,-2.694406,-0.704789,-0.000000,-0.088976,0.067526,-51.588993,-27.510357,-50.112429,-1.996422,-0.407164,-0.722959,0.042102,0.0400
-1.708838,-2.694406,-0.704789,-0.000000,-0.088976,0.067526,-51.588993,-27.510357,-50.112429,-1.996422,-0.407164,-0.722959,0.042102,0.0420
-1.708838,-2.694406,-0.704789,-0.000000,-0.088976,0.067526,-51.588993,-27.510357,-50.112429,-1.996422,-0.407164,-0.722959,0.042102,0.0410
-1.708838,-2.694406,-0.704789,-0.000000,-0.088976,0.067526,-51.588993,-27.510364,-50.112429,-1.996422,-0.407164,-0.722959,0.042102,0.0400
-1.708838,-2.694406,-0.704789,-0.000000,-0.088976,0.067526,-51.588993,-27.510364,-50.112429,-1.996422,-0.407164,-0.722959,0.042102,0.0400
-1.708838,-2.694406,-0.704789,-0.000000,-0.088976,0.067526,-51.588993,-27.510364,-50.112429,-1.996422,-0.407164,-0.722959,0.042102,0.0410
-1.708838,-2.694406,-0.704789,-0.000000,-0.088976,0.067526,-51.588993,-27.510364,-50.112429,-1.996422,-0.407164,-0.722959,0.042102,0.0400
-1.708838,-2.694406,-0.704789,-0.000000,-0.088976,0.067526,-51.588993,-27.510364,-50.112429,-1.996422,-0.407164,-0.722959,0.042102,0.0410
-1.708838,-2.694406,-0.704789,-0.000000,-0.088976,0.067526,-51.588993,-27.510364,-50.112429,-1.996422,-0.407164,-0.722959,0.042102,0.0400
-1.708838,-2.694406,-0.704789,-0.000000,-0.088976,0.067526,-51.588993,-27.510364,-50.112429,-1.996422,-0.407164,-0.722959,0.042102,0.0400
-1.708838,-2.694406,-0.704789,-0.000000,-0.088976,0.067526,-51.588993,-27.510364,-50.112429,-1.996422,-0.407164,-0.722959,0.042102,0.0400
-1.708838,-2.694406,-0.704789,-0.000000,-0.088976,0.067526,-51.588993,-27.510364,-50.112429,-1.996422,-0.407164,-0.722959,0.042102,0.0400
-1.708838,-2.694406,-0.704789,-0.000000,-0.088976,0.067526,-51.588993,-27.510364,-50.112429,-1.996422,-0.407164,-0.722959,0.042102,0.0400
-1.708838,-2.694406,-0.704789,-0.000000,-0.088976,0.067526,-51.588993,-27.510364,-50.112429,-1.996422,-0.407164,-0.722959,0.042102,0.0410
-1.708838,-2.694406,-0.704789,-0.000000,-0.088976,0.067526,-51.588993,-27.510364,-50.112429,-1.996422,-0.407164,-0.722959,0.042102,0.0410
-1.708838,-2.694406,-0.704789,-0.000000,-0.088976,0.067526,-51.588993,-27.510364,-50.112429,-1.996422,-0.407164,-0.722959,0.042102,0.0400
-1.708838,-2.694406,-0.704789,-0.000000,-0.088976,0.067526,-51.588993,-27.510364,-50.112429,-1.996422,-0.407164,-0.722959,0.042102,0.0410
-1.708838,-2.694406,-0.704789,-0.000000,-0.088976,0.067526,-51.588993,-27.510364,-50.112429,-1.996422,-0.407164,-0.722959,0.042102,0.0410
-1.708838,-2.694406,-0.704789,-0.000000,-0.088976,0.067526,-51.588993,-27.510364,-50.112429,-1.996422,-0.407164,-0.722959,0.042102,0.0420
-1.708838,-2.694406,-0.704789,-0.000000,-0.088976,0.067526,-51.588993,-27.510364,-50.112429,-1.996422,-0.407164,-0.722959,0.042102,0.0400
-1.708838,-2.694406,-0.704789,-0.000000,-0.088976,0.067526,-51.588993,-27.510364,-50.112429,-1.996422,-0.407164,-0.722959,0.042102,0.0400
-1.708838,-2.694406,-0.704789,-0.000000,-0.088976,0.067526,-51.588993,-27.510364,-50.112429,-1.996422,-0.407164,-0.722959,0.042102,0.0650
-1.708838,-2.694406,-0.704789,-0.000000,-0.088976,0.067526,-51.588993,-27.510364,-50.112429,-1.996422,-0.407164,-0.722959,0.042102,0.0400
-1.708838,-2.694406,-0.704789,-0.000000,-0.088976,0.067526,-51.588993,-27.510364,-50.112429,-1.996422,-0.407164,-0.722959,0.042102,0.0410
-1.708838,-2.694406,-0.704789,-0.000000,-0.088976,0.067526,-51.588993,-27.510364,-50.112429,-1.996422,-0.407164,-0.722959,0.042102,0.0400
-1.708838,-2.694406,-0.704789,-0.000000,-0.088976,0.067526,-51.588993,-27.510361,-50.112428,-1.996422,-0.407164,-0.722959,0.042102,0.0410
-1.708838,-2.694406,-0.704789,-0.000000,-0.088976,0.067526,-51.588993,-27.510361,-50.112428,-1.996422,-0.407164,-0.722959,0.042102,0.0410
-1.708838,-2.694406,-0.704789,-0.000000,-0.088976,0.067526,-51.588993,-27.510361,-50.112428,-1.996422,-0.407164,-0.722959,0.042102,0.0610
-1.708838,-2.694406,-0.704789,-0.000000,-0.088976,0.067526,-51.588993,-27.510361,-50.112428,-1.996422,-0.407164,-0.722959,0.042102,0.0410
-1.708838,-2.694406,-0.704789,-0.000000,-0.088976,0.067526,-51.588993,-27.510361,-50.112428,-1.996422,-0.407164,-0.722959,0.042102,0.0410
-1.708838,-2.694406,-0.704789,-0.000000,-0.088976,0.067526,-51.588993,-27.510361,-50.112428,-1.996422,-0.407164,-0.722959,0.042102,0.0410
-1.708838,-2.694406,-0.704789,-0.000000,-0.088976,0.067526,-51.588993,-27.510361,-50.112428,-1.996422,-0.407164,-0.722959,0.042102,0.0400
-1.708838,-2.694406,-0.704789,-0.000000,-0.088976,0.067526,-51.588993,-27.510361,-50.112428,-1.996422,-0.407164,-0.722959,0.042102,0.0400
-1.708838,-2.694406,-0.704789,-0.000000,-0.088976,0.067526,-51.588993,-27.510361,-50.112428,-1.996422,-0.407164,-0.722959,0.042102,0.0410
-1.708838,-2.694406,-0.704789,-0.000000,-0.088976,0.067526,-51.588993,-27.510361,-50.112428,-1.996422,-0.407164,-0.722959,0.042102,0.0410
-1.708838,-2.694406,-0.704789,-0.000000,-0.088976,0.067526,-51.588993,-27.510361,-50.112428,-1.996422,-0.407164,-0.722959,0.042102,0.0400
-1.708838,-2.694406,-0.704789,-0.000000,-0.088976,0.067526,-51.588993,-27.510361,-50.112428,-1.996422,-0.407164,-0.722959,0.042102,0.0410
-1.708838,-2.694406,-0.704789,-0.000000,-0.088976,0.067526,-51.588993,-27.510361,-50.112428,-1.996422,-0.407164,-0.722959,0.042102,0.0400
-1.708838,-2.694406,-0.704789,-0.000000,-0.088976,0.067526,-51.588993,-27.510361,-50.112428,-1.996422,-0.407164,-0.722959,0.042102,0.0410
-1.708838,-2.694406,-0.704789,-0.000000,-0.088976,0.067526,-51.588993,-27.510361,-50.112428,-1.996422,-0.407164,-0.722959,0.042102,0.0410
-1.708838,-2.694406,-0.704789,-0.000000,-0.088976,0.067526,-51.588993,-27.510361,-50.112428,-1.996422,-0.407164,-0.722959,0.042102,0.0410
-1.708838,-2.694406,-0.704789,-0.000000,-0.088976,0.067526,-51.588993,-27.510361,-50.112428,-1.996422,-0.407164,-0.722959,0.042102,0.0400
-1.708838,-2.694406,-0.704789,-0.000000,-0.088976,0.067526,-51.588993,-27.510361,-50.112428,-1.996422,-0.407164,-0.722959,0.042102,0.0400
-1.708838,-2.694406,-0.704789,-0.000000,-0.088976,0.067526,-51.588993,-27.510361,-50.112428,-1.996422,-0.407164,-0.722959,0.042102,0.0400
-1.708838,-2.694406,-0.704789,-0.000000,-0.088976,0.067526,-51.588993,-27.510361,-50.112428,-1.996422,-0.407164,-0.722959,0.042102,0.0410
-1.708838,-2.694406,-0.704789,-0.000000,-0.088976,0.067526,-51.588993,-27.510361,-50.112428,-1.996422,-0.407164,-0.722959,0.042102,0.0400
-1.708838,-2.694406,-0.704789,-0.000000,-0.088976,0.067526,-51.588993,-27.510361,-50.112428,-1.996422,-0.407164,-0.722959,0.042102,0.0410
-1.708838,-2.694406,-0.704789,-0.000000,-0.088976,0.067526,-51.588993,-27.510368,-50.112412,-1.996422,-0.407164,-0.722959,0.042102,0.0400
-1.708838,-2.694406,-0.704789,-0.000000,-0.088976,0.067526,-51.588993,-27.510368,-50.112412,-1.996422,-0.407164,-0.722959,0.042102,0.0410
-1.708838,-2.694406,-0.704789,-0.000000,-0.088976,0.067526,-51.588993,-27.510368,-50.112412,-1.996422,-0.407164,-0.722959,0.042102,0.0410
-1.708838,-2.694406,-0.704789,-0.000000,-0.088976,0.067526,-51.588993,-27.510368,-50.112412,-1.996422,-0.407164,-0.722959,0.042102,0.0410
-1.708838,-2.694406,-0.704789,-0.000000,-0.088976,0.067526,-51.588993,-27.510368,-50.112412,-1.996422,-0.407164,-0.722959,0.042102,0.0410
-1.708838,-2.694406,-0.704789,-0.000000,-0.088976,0.067526,-51.588993,-27.510368,-50.112412,-1.996422,-0.407164,-0.722959,0.042102,0.0400
-1.708838,-2.694406,-0.704789,-0.000000,-0.088976,0.067526,-51.588993,-27.510368,-50.112412,-1.996422,-0.407164,-0.722959,0.042102,0.0400
-1.708838,-2.694406,-0.704789,-0.000000,-0.088976,0.067526,-51.588993,-27.510368,-50.112412,-1.996422,-0.407164,-0.722959,0.042102,0.0410
-1.708838,-2.694406,-0.704789,-0.000000,-0.088976,0.067526,-51.588993,-27.510368,-50.112412,-1.996422,-0.407164,-0.722959,0.042102,0.0410
-1.708838,-2.694406,-0.704789,-0.000000,-0.088976,0.067526,-51.588993,-27.510368,-50.112412,-1.996422,-0.407164,-0.722959,0.042102,0.0410
-1.708838,-2.694406,-0.704789,-0.000000,-0.088976,0.067526,-51.588993,-27.510368,-50.112412,-1.996422,-0.407164,-0.722959,0.042102,0.0490
-1.708838,-2.694406,-0.704789,-0.000000,-0.088976,0.067526,-51.588993,-27.510368,-50.112412,-1.996422,-0.407164,-0.722959,0.042102,0.0410
-1.708838,-2.694406,-0.704789,-0.000000,-0.088976,0.067526,-51.588993,-27.510368,-50.112412,-1.996422,-0.407164,-0.722959,0.042102,0.0400
-1.708838,-2.694406,-0.704789,-0.000000,-0.088976,0.067526,-51.588993,-27.510368,-50.112412,-1.996422,-0.407164,-0.722959,0.042102,0.0410
-1.708838,-2.694406,-0.704789,-0.000000,-0.088976,0.067526,-51.588993,-27.510368,-50.112412,-1.996422,-0.407164,-0.722959,0.042102,0.0760
-1.708838,-2.694406,-0.704789,-0.000000,-0.088976,0.067526,-51.588993,-27.510368,-50.112412,-1.996422,-0.407164,-0.722959,0.042102,0.0400
-1.708838,-2.694406,-0.704789,-0.000000,-0.088976,0.067526,-51.588993,-27.510368,-50.112412,-1.996422,-0.407164,-0.722959,0.042102,0.0410
-1.708838,-2.694406,-0.704789,-0.000000,-0.088976,0.067526,-51.588993,-27.510368,-50.112412,-1.996422,-0.407164,-0.722959,0.042102,0.0400
-1.708838,-2.694406,-0.704789,-0.000000,-0.088976,0.067526,-51.588993,-27.510368,-50.112412,-1.996422,-0.407164,-0.722959,0.042102,0.0410
-1.708838,-2.694406,-0.704789,-0.000000,-0.088976,0.067526,-51.588993,-27.510368,-50.112412,-1.996422,-0.407164,-0.722959,0.042102,0.0410
-1.708838,-2.694406,-0.704789,-0.000000,-0.088976,0.067526,-51.588993,-27.510368,-50.112412,-1.996422,-0.407164,-0.722959,0.042102,0.0410
-1.708838,-2.694406,-0.704789,-0.000000,-0.088976,0.067526,-51.588993,-27.510372,-50.112408,-1.996422,-0.407164,-0.722959,0.042102,0.0400
-1.708838,-2.694406,-0.704789,-0.000000,-0.088976,0.067526,-51.588993,-27.510372,-50.112408,-1.996422,-0.407164,-0.722959,0.042102,0.0410
-1.708838,-2.694406,-0.704789,-0.000000,-0.088976,0.067526,-51.588993,-27.510372,-50.112408,-1.996422,-0.407164,-0.722959,0.042102,0.0410
-1.708838,-2.694406,-0.704789,-0.000000,-0.088976,0.067526,-51.588993,-27.510372,-50.112408,-1.996422,-0.407164,-0.722959,0.042102,0.0410
-1.708838,-2.694406,-0.704789,-0.000000,-0.088976,0.067526,-51.588993,-27.510372,-50.112408,-1.996422,-0.407164,-0.722959,0.042102,0.0400
-1.708838,-2.694406,-0.704789,-0.000000,-0.088976,0.067526,-51.588993,-27.510372,-50.112408,-1.996422,-0.407164,-0.722959,0.042102,0.0410
-1.708838,-2.694406,-0.704789,-0.000000,-0.088976,0.067526,-51.588993,-27.510372,-50.112408,-1.996422,-0.407164,-0.722959,0.042102,0.0400
-1.708838,-2.694406,-0.704789,-0.000000,-0.088976,0.067526,-51.588993,-27.510372,-50.112408,-1.996422,-0.407164,-0.722959,0.042102,0.0400
-1.708838,-2.694406,-0.704789,-0.000000,-0.088976,0.067526,-51.588993,-27.510372,-50.112408,-1.996422,-0.407164,-0.722959,0.042102,0.0410
-1.708838,-2.694406,-0.704789,-0.000000,-0.088976,0.067526,-51.588993,-27.510372,-50.112408,-1.996422,-0.407164,-0.722959,0.042102,0.0410
-1.708838,-2.694406,-0.704789,-0.000000,-0.088976,0.067526,-51.588993,-27.510372,-50.112408,-1.996422,-0.407164,-0.722959,0.042102,0.0400
-1.708838,-2.694406,-0.704789,-0.000000,-0.088976,0.067526,-51.588993,-27.510372,-50.112408,-1.996422,-0.407164,-0.722959,0.042102,0.0400
-1.708838,-2.694406,-0.704789,-0.000000,-0.088976,0.067526,-51.588993,-27.510372,-50.112408,-1.996422,-0.407164,-0.722959,0.042102,0.0410
-1.708838,-2.694406,-0.704789,-0.000000,-0.088976,0.067526,-51.588993,-27.510372,-50.112408,-1.996422,-0.407164,-0.722959,0.042102,0.0410
-1.708838,-2.694406,-0.704789,-0.000000,-0.088976,0.067526,-51.588993,-27.510372,-50.112408,-1.996422,-0.407164,-0.722959,0.042102,0.0400
-1.708838,-2.694406,-0.704789,-0.000000,-0.088976,0.067526,-51.588993,-27.510372,-50.112408,-1.996422,-0.407164,-0.722959,0.042102,0.0400
-1.708838,-2.694406,-0.704789,-0.000000,-0.088976,0.067526,-51.588993,-27.510372,-50.112408,-1.996422,-0.407164,-0.722959,0.042102,0.0410
-1.708838,-2.694406,-0.704789,-0.000000,-0.088976,0.067526,-51.588993,-27.510372,-50.112408,-1.996422,-0.407164,-0.722959,0.042102,0.0400
-1.708838,-2.694406,-0.704789,-0.000000,-0.088976,0.067526,-51.588993,-27.510372,-50.112408,-1.996422,-0.407164,-0.722959,0.042102,0.0480
-1.708838,-2.694406,-0.704789,-0.000000,-0.088976,0.067526,-51.588993,-27.510372,-50.112408,-1.996422,-0.407164,-0.722959,0.042102,0.0400
-1.708838,-2.694406,-0.704789,-0.000000,-0.088976,0.067526,-51.588993,-27.510372,-50.112408,-1.996422,-0.407164,-0.722959,0.042102,0.0410
-1.708838,-2.694406,-0.704789,-0.000000,-0.088976,0.067526,-51.588993,-27.510372,-50.112408,-1.996422,-0.407164,-0.722959,0.042102,0.0410
-1.708838,-2.694406,-0.704789,-0.000000,-0.088976,0.067526,-51.588993,-27.510372,-50.112408,-1.996422,-0.407164,-0.722959,0.042102,0.0400
-1.708838,-2.694406,-0.704789,-0.000000,-0.088976,0.067526,-51.588993,-27.510375,-50.112404,-1.996422,-0.407164,-0.722959,0.042102,0.0400
-1.708838,-2.694406,-0.704789,-0.000000,-0.088976,0.067526,-51.588993,-27.510375,-50.112404,-1.996422,-0.407164,-0.722959,0.042102,0.0410
-1.708838,-2.694406,-0.704789,-0.000000,-0.088976,0.067526,-51.588993,-27.510375,-50.112404,-1.996422,-0.407164,-0.722959,0.042102,0.0410
-1.708838,-2.694406,-0.704789,-0.000000,-0.088976,0.067526,-51.588993,-27.510375,-50.112404,-1.996422,-0.407164,-0.722959,0.042102,0.0400
-1.708838,-2.694406,-0.704789,-0.000000,-0.088976,0.067526,-51.588993,-27.510375,-50.112404,-1.996422,-0.407164,-0.722959,0.042102,0.0410
-1.708838,-2.694406,-0.704789,-0.000000,-0.088976,0.067526,-51.588993,-27.510375,-50.112404,-1.996422,-0.407164,-0.722959,0.042102,0.0400
-1.708838,-2.694406,-0.704789,-0.000000,-0.088976,0.067526,-51.588993,-27.510375,-50.112404,-1.996422,-0.407164,-0.722959,0.042102,0.0400
-1.708838,-2.694406,-0.704789,-0.000000,-0.088976,0.067526,-51.588993,-27.510375,-50.112404,-1.996422,-0.407164,-0.722959,0.042102,0.0400
-1.708838,-2.694406,-0.704789,-0.000000,-0.088976,0.067526,-51.588993,-27.510375,-50.112404,-1.996422,-0.407164,-0.722959,0.042102,0.0410
-1.708838,-2.694406,-0.704789,-0.000000,-0.088976,0.067526,-51.588993,-27.510375,-50.112404,-1.996422,-0.407164,-0.722959,0.042102,0.0410
-1.708838,-2.694406,-0.704789,-0.000000,-0.088976,0.067526,-51.588993,-27.510375,-50.112404,-1.996422,-0.407164,-0.722959,0.042102,0.0400
-1.708838,-2.694406,-0.704789,-0.000000,-0.088976,0.067526,-51.588993,-27.510375,-50.112404,-1.996422,-0.407164,-0.722959,0.042102,0.0670
-1.708838,-2.694406,-0.704789,-0.000000,-0.088976,0.067526,-51.588993,-27.510375,-50.112404,-1.996422,-0.407164,-0.722959,0.042102,0.0400
-1.708838,-2.694406,-0.704789,-0.000000,-0.088976,0.067526,-51.588993,-27.510375,-50.112404,-1.996422,-0.407164,-0.722959,0.042102,0.0400
-1.708838,-2.694406,-0.704789,-0.000000,-0.088976,0.067526,-51.588993,-27.510375,-50.112404,-1.996422,-0.407164,-0.722959,0.042102,0.0400
-1.708838,-2.694406,-0.704789,-0.000000,-0.088976,0.067526,-51.588993,-27.510375,-50.112404,-1.996422,-0.407164,-0.722959,0.042102,0.0400
-1.708838,-2.694406,-0.704789,-0.000000,-0.088976,0.067526,-51.588993,-27.510375,-50.112404,-1.996422,-0.407164,-0.722959,0.042102,0.0400
-1.708838,-2.694406,-0.704789,-0.000000,-0.088976,0.067526,-51.588993,-27.510375,-50.112404,-1.996422,-0.407164,-0.722959,0.042102,0.0410
-1.708838,-2.694406,-0.704789,-0.000000,-0.088976,0.067526,-51.588993,-27.510375,-50.112404,-1.996422,-0.407164,-0.722959,0.042102,0.0410
-1.708838,-2.694406,-0.704789,-0.000000,-0.088976,0.067526,-51.588993,-27.510375,-50.112404,-1.996422,-0.407164,-0.722959,0.042102,0.0400
-1.708838,-2.694406,-0.704789,-0.000000,-0.088976,0.067526,-51.588993,-27.510375,-50.112404,-1.996422,-0.407164,-0.722959,0.042102,0.0410
-2.658191,-1.683997,0.000000,0.000000,-0.088976,0.067526,-130.096100,-27.510375,-50.112404,-4.856737,0.277646,-0.145833,0.176035,0.0400
-2.658191,-1.683997,0.000000,0.000000,5.914225,0.685337,-130.123566,-27.510375,-50.112404,-4.951694,-0.289717,0.190727,0.030325,0.0710
