-0.569612,-0.000000,0.000000,0.000000,0.004922,-0.006754,0.008701,-27.510356,-50.112377,-0.541929,-0.000066,-0.000370,0.000250,0.2310
-0.569612,-0.000000,0.000000,0.000000,-0.000067,0.000422,0.008362,-27.510356,-50.112377,-0.546116,-0.000053,-0.000272,0.000148,0.0410
-0.569612,-0.000000,0.000000,0.000000,0.000087,0.001412,0.008462,-27.510356,-50.112377,-0.549087,-0.000044,-0.000232,0.000118,0.0400
-0.569612,-0.000000,0.000000,0.000000,-0.000118,0.000249,0.007969,-27.510356,-50.112377,-0.551756,-0.000037,-0.000196,0.000105,0.0410
-0.569612,-0.000000,0.000000,0.000000,-0.000001,-0.000009,0.006666,-27.510356,-50.112377,-0.553599,-0.000031,-0.000162,0.000095,0.0400
-0.569612,-0.000000,0.000000,0.000000,-0.000548,-0.000578,0.005749,-27.510356,-50.112377,-0.555097,-0.000027,-0.000156,0.000063,0.0400
-0.569612,-0.000000,0.000000,0.000000,0.000124,0.000233,0.004983,-27.510356,-50.112377,-0.556438,-0.000023,-0.000115,0.000057,0.0410
-0.569612,-0.000000,0.000000,0.000000,-0.001593,0.001210,0.004350,-27.510356,-50.112377,-0.557510,-0.000020,-0.000122,0.000085,0.0410
-0.569612,-0.000000,0.000000,0.000000,0.000108,0.000063,0.003714,-27.510356,-50.112377,-0.558422,-0.000017,-0.000110,0.000065,0.0400
-0.569612,-0.000000,0.000000,0.000000,-0.000828,-0.000286,0.003218,-27.510356,-50.112377,-0.559206,-0.000015,-0.000097,0.000047,0.0400
-0.569612,-0.000000,0.000000,0.000000,-0.000036,-0.000089,0.003018,-27.510356,-50.112377,-0.559888,-0.000014,-0.000079,0.000036,0.0420
-0.569612,-0.000000,0.000000,0.000000,0.000028,-0.000157,0.003173,-27.510356,-50.112377,-0.560486,-0.000012,-0.000093,0.000026,0.0400
-0.569612,-0.000000,0.000000,0.000000,-0.000061,-0.000044,0.002810,-27.510356,-50.112377,-0.561015,-0.000011,-0.000079,0.000024,0.0400
-0.569612,-0.000000,0.000000,0.000000,-0.001142,-0.001779,0.001964,-27.510356,-50.112377,-0.561504,-0.000010,-0.000091,0.000021,0.0420
-0.569612,-0.000000,0.000000,0.000000,0.001728,0.001211,0.000520,-27.510356,-50.112377,-0.561958,-0.000009,-0.000066,0.000025,0.0410
-0.569612,-0.000000,0.000000,0.000000,-0.000475,0.000290,0.000324,-27.510356,-50.112377,-0.562318,-0.000009,-0.000067,0.000023,0.0400
-0.569612,-0.000000,0.000000,0.000000,-0.000002,0.000026,-0.000675,-27.510356,-50.112377,-0.562647,-0.000008,-0.000061,0.000004,0.0400
-0.569612,-0.000000,0.000000,0.000000,0.000100,0.000191,-0.002245,-27.510356,-50.112377,-0.562985,-0.000007,-0.000082,0.000030,0.0400
-0.569612,-0.000000,0.000000,0.000000,0.000048,0.000137,-0.002358,-27.510356,-50.112376,-0.563269,-0.000007,-0.000070,0.000020,0.0450
-0.569612,-0.000000,0.000000,0.000000,-0.000005,0.000728,-0.001470,-27.510356,-50.112376,-0.563529,-0.000006,-0.000061,0.000033,0.0400
-0.569612,-0.000000,0.000000,0.000000,0.000350,0.000052,-0.000224,-27.510356,-50.112376,-0.563807,-0.000006,-0.000041,0.000041,0.0410
-0.569612,-0.000000,0.000000,0.000000,0.000066,0.000402,-0.000493,-27.510356,-50.112376,-0.564044,-0.000005,-0.000049,0.000026,0.0460
-0.569612,-0.000000,0.000000,0.000000,0.000926,0.000202,-0.003200,-27.510356,-50.112376,-0.564470,-0.000004,-0.000007,0.000014,0.1200
-0.569612,-0.000000,0.000000,0.000000,-0.000907,0.001151,-0.004233,-27.510356,-50.112376,-0.564621,-0.000004,-0.000010,0.000001,0.0430
-0.569612,-0.000000,0.000000,0.000000,-0.002644,0.001028,-0.004091,-27.510356,-50.112376,-0.564704,-0.000004,-0.000024,0.000009,0.0410
-0.569612,-0.000000,0.000000,0.000000,-0.000797,-0.004456,-0.004077,-27.510356,-50.112376,-0.564730,-0.000059,0.000564,-0.002150,0.0420
-0.569612,-0.000000,0.000000,0.000000,0.000655,0.000248,-0.004134,-27.510356,-50.112376,-0.564936,-0.000032,0.000379,-0.001336,0.0710
-0.569612,-0.000000,0.000000,0.000000,-0.000508,-0.000844,-0.004475,-27.510356,-50.112376,-0.565126,-0.000025,0.000252,-0.000812,0.0690
-0.569612,-0.000000,0.000000,0.000000,0.000176,0.001234,-0.004030,-27.510356,-50.112376,-0.565295,-0.000023,0.000176,-0.000611,0.0660
-0.569612,-0.000000,0.000000,0.000000,-0.000273,-0.000003,-0.004744,-27.510356,-50.112376,-0.565426,-0.000024,0.000101,-0.000474,0.0580
-0.569612,-0.000000,0.000000,0.000000,-0.005036,0.000584,-0.005209,-27.510356,-50.112376,-0.565555,-0.000023,0.000041,-0.000365,0.0550
-0.569612,-0.000000,0.000000,0.000000,0.000296,0.000639,-0.005637,-27.510356,-50.112376,-0.565605,-0.000022,0.000017,-0.000349,0.0400
-0.569612,-0.000000,0.000000,0.000000,0.000296,0.000639,-0.005637,-27.510356,-50.112376,-0.565605,-0.000022,0.000017,-0.000349,0.0410
-0.569612,-0.000000,0.000000,0.000000,0.000296,0.000639,-0.005637,-27.510356,-50.112376,-0.565605,-0.000022,0.000017,-0.000349,0.0410
-0.569612,-0.000000,0.000000,0.000000,0.001979,-0.057642,-0.005060,-27.510356,-50.112376,-0.565681,-0.000139,-0.000130,-0.004069,0.0680
-0.569612,-0.000000,0.000000,0.000000,-0.003031,-0.020145,-0.005326,-27.510356,-50.112376,-0.565792,0.000065,0.000014,-0.003309,0.0590
-0.569612,0.336803,-0.000000,0.113178,0.000712,-0.000442,-0.004101,-27.510357,-50.112375,-0.565942,0.016085,0.000006,0.031807,0.0810
-0.569612,0.336803,-0.000000,0.113178,-0.000352,0.000484,-0.003334,-27.510357,-50.112375,-0.566013,0.027493,0.000034,0.047670,0.0400
-0.569612,0.336803,-0.000000,0.113178,-0.000666,0.000803,-0.001579,-27.510357,-50.112375,-0.566102,0.042539,0.000016,0.064886,0.0690
-0.569612,0.336803,-0.000000,0.113178,-0.008751,-0.001529,0.000398,-27.510357,-50.112375,-0.566295,0.073267,0.000003,0.086081,0.1240
-0.569612,0.336803,-0.000000,0.113178,0.000328,-0.000106,0.000356,-27.510357,-50.112375,-0.566365,0.084354,-0.000003,0.090928,0.0530
-0.569612,0.336803,-0.000000,0.113178,0.000015,-0.000016,0.000296,-27.510357,-50.112375,-0.566426,0.093889,0.000006,0.094384,0.0400
-0.569612,0.336803,-0.000000,0.113178,-0.000767,-0.003486,0.000275,-27.510357,-50.112375,-0.566440,0.096114,-0.000004,0.095053,0.0410
-0.569612,0.336803,-0.000000,0.113178,-0.000767,-0.003486,0.000275,-27.510357,-50.112375,-0.566440,0.096114,-0.000004,0.095053,0.0400
-0.569612,0.336803,-0.000000,0.113178,-0.005135,0.020842,0.000666,-27.510357,-50.112375,-0.566519,0.117962,-0.001082,0.110975,0.0790
-0.569612,0.336803,-0.000000,0.113178,-0.001481,-0.000328,0.000055,-27.510357,-50.112375,-0.566556,0.127050,-0.000759,0.111981,0.0450
-0.569612,0.336803,-0.000000,0.113178,0.001120,0.000067,-0.000213,-27.510357,-50.112375,-0.566573,0.130287,-0.000659,0.112136,0.0420
-0.569612,0.336803,-0.000000,0.113178,0.001120,0.000067,-0.000213,-27.510357,-50.112375,-0.566573,0.130287,-0.000659,0.112136,0.0400
-0.569612,0.336803,-0.000000,0.113178,-0.000470,0.000489,-0.001984,-27.510357,-50.112375,-0.566660,0.154085,-0.001240,0.113926,0.0890
-0.569612,0.336803,-0.000000,0.113178,0.000300,0.000140,-0.002495,-27.510357,-50.112375,-0.566688,0.161298,-0.000864,0.113734,0.0420
-0.569612,0.336803,-0.000000,0.113178,0.000276,-0.000231,-0.004472,-27.510357,-50.112375,-0.566772,0.176775,-0.000566,0.113551,0.0910
-0.569612,0.336803,-0.000000,0.113178,-0.003973,0.002950,-0.006310,-27.510357,-50.112375,-0.566846,0.189884,-0.000385,0.113455,0.0730
-0.759482,-0.000000,-0.080843,-0.143404,0.001180,-0.001127,-0.006919,-27.510358,-50.112376,-0.568187,0.192360,-0.003107,0.104602,0.0400
-0.759482,-0.000000,-0.080843,-0.143404,0.000848,-0.000622,-0.006722,-27.510358,-50.112376,-0.573316,0.184628,-0.012927,0.073351,0.0400
-0.759482,-0.000000,-0.080843,-0.143404,0.000848,-0.000622,-0.006722,-27.510358,-50.112376,-0.573316,0.184628,-0.012927,0.073351,0.0400
-0.759482,-0.000000,-0.080843,-0.143404,-0.000812,-0.001845,-0.010168,-27.510358,-50.112376,-0.587639,0.167173,-0.060379,-0.075448,0.0990
-0.759482,-0.000000,-0.080843,-0.143404,-0.003298,-0.000607,-0.011143,-27.510358,-50.112376,-0.604128,0.142764,-0.071565,-0.112392,0.1230
-0.759482,-0.000000,-0.080843,-0.143404,0.000048,0.001023,-0.013317,-27.510358,-50.112376,-0.627633,0.108387,-0.076478,-0.128756,0.1800
-0.759482,-0.000000,-0.080843,-0.143404,0.000488,0.000677,-0.010762,-27.510358,-50.112376,-0.646329,0.080944,-0.078333,-0.135110,0.1700
-0.759482,-0.000000,-0.080843,-0.143404,-0.000095,-0.000082,-0.008934,-27.510358,-50.112376,-0.655686,0.067164,-0.078985,-0.137157,0.0840
-0.759482,-0.000000,-0.080843,-0.143404,-0.000321,0.000208,-0.008144,-27.510358,-50.112376,-0.665349,0.052916,-0.079473,-0.138777,0.0700
-0.759482,-0.000000,-0.080843,-0.143404,0.000833,0.000029,-0.006851,-27.510358,-50.112376,-0.678740,0.033087,-0.079981,-0.140385,0.1470
-0.759482,-0.000000,0.000000,0.000000,-0.003764,-0.003781,-0.006799,-27.510358,-50.112378,-0.682555,0.027712,-0.077329,-0.135896,0.0440
-0.759482,-0.000000,0.000000,0.000000,0.000055,-0.000483,-0.008157,-27.510358,-50.112378,-0.685076,0.025224,-0.058856,-0.103480,0.0840
-0.759482,-0.000000,0.000000,0.000000,0.001298,0.000204,-0.008980,-27.510358,-50.112378,-0.685883,0.025101,-0.049271,-0.086723,0.0440
-0.759482,-0.000000,0.000000,0.000000,-0.000208,0.000293,-0.007876,-27.510358,-50.112378,-0.687474,0.023850,-0.039383,-0.069348,0.0680
-0.759482,-0.000000,0.000000,0.000000,-0.000185,0.000120,-0.007166,-27.510358,-50.112378,-0.688528,0.023499,-0.031657,-0.055712,0.0570
-0.759482,-0.000000,0.000000,0.000000,0.003106,-0.001960,-0.007002,-27.510358,-50.112378,-0.689029,0.023382,-0.028419,-0.050038,0.0400
-0.759482,-0.000000,0.000000,0.000000,0.003106,-0.001960,-0.007002,-27.510358,-50.112378,-0.689029,0.023382,-0.028419,-0.050038,0.0410
-0.759482,-0.000000,0.000000,0.000000,0.003106,-0.001960,-0.007002,-27.510358,-50.112378,-0.689029,0.023382,-0.028419,-0.050038,0.0400
-0.759482,-0.000000,0.000000,0.000000,-0.008200,-0.023668,-0.009861,-27.510358,-50.112378,-0.692019,0.019883,-0.006250,-0.011911,0.0850
-0.759482,-0.000000,0.000000,0.000000,-0.003978,0.000876,-0.010826,-27.510358,-50.112378,-0.692635,0.019906,-0.004163,-0.008003,0.0410
-0.759482,-0.000000,0.000000,0.000000,0.001529,0.008297,-0.010656,-27.510358,-50.112378,-0.693774,0.019615,-0.002510,-0.004600,0.0870
-0.759482,-0.000000,0.000000,0.000000,-0.000543,0.001024,-0.010544,-27.510358,-50.112378,-0.694419,0.019462,-0.001966,-0.003639,0.0420
-0.759482,-0.000000,0.000000,0.000000,0.000015,0.001313,-0.008590,-27.510358,-50.112378,-0.695499,0.019135,-0.001354,-0.002443,0.0840
-0.759482,-0.000000,0.000000,0.000000,0.010390,0.002248,-0.007757,-27.510358,-50.112378,-0.696217,0.018937,-0.001062,-0.001911,0.0470
-0.759482,-0.000000,0.000000,0.000000,-0.000047,-0.000970,-0.007481,-27.510358,-50.112378,-0.697355,0.018603,-0.000726,-0.001396,0.0820
-0.759482,-0.000000,0.000000,0.000000,0.001485,0.002738,-0.007231,-27.510358,-50.112378,-0.698040,0.018404,-0.000578,-0.001161,0.0410
-0.759482,-0.000000,0.000000,0.000000,-0.000383,0.000023,-0.007067,-27.510358,-50.112378,-0.699005,0.018110,-0.000536,-0.000916,0.0800
-0.569612,-0.000000,0.051444,0.000000,0.000762,0.000976,-0.007131,-27.510358,-50.112377,-0.696981,0.017934,0.004469,-0.000778,0.0430
-0.569612,-0.000000,0.051444,0.000000,-0.003864,0.000506,-0.007418,-27.510358,-50.112377,-0.691015,0.017646,0.018266,-0.000547,0.0880
-0.569612,-0.000000,0.051444,0.000000,-0.000892,0.000411,-0.005822,-27.510358,-50.112377,-0.685428,0.017382,0.027816,-0.000385,0.0770
-0.569612,-0.000000,0.051444,0.000000,-0.000862,0.000749,-0.006532,-27.510358,-50.112377,-0.679999,0.017125,0.033863,-0.000291,0.0720
-0.569612,-0.000000,0.051444,0.000000,-0.003856,0.022320,-0.006965,-27.510358,-50.112377,-0.676908,0.016972,0.036470,0.000054,0.0450
-0.569612,-0.000000,0.051444,0.000000,-0.073606,0.035624,-0.009237,-27.510358,-50.112377,-0.671111,0.016750,0.043446,0.000576,0.0890
-0.569612,-0.000000,0.051444,0.000000,-0.000288,0.000865,-0.000465,-27.510358,-50.112377,-0.668236,0.016609,0.048084,-0.000187,0.0410
-0.569612,-0.000000,0.051444,0.000000,-0.279794,-0.151697,-0.007500,-27.510358,-50.112377,-0.657864,0.016148,0.047382,-0.003295,0.1420
-0.569612,-0.000000,0.051444,0.000000,0.261884,0.110099,-0.005987,-27.510358,-50.112377,-0.653851,0.015964,0.048664,-0.001464,0.0630
-0.569612,-0.000000,0.051444,0.000000,0.057124,-0.014065,0.003391,-27.510358,-50.112377,-0.646468,0.015631,0.051797,-0.000964,0.1100
-0.569612,-0.000000,0.051444,0.000000,0.065517,0.048936,-0.002302,-27.510358,-50.112377,-0.634556,0.015107,0.051384,0.000831,0.1590
-0.759482,-0.336803,-0.101054,-0.179256,0.226173,0.010071,-0.014978,-27.510359,-50.112381,-0.669501,-0.061118,-0.057406,-0.119596,0.4230
-0.759482,-0.336803,-0.101054,-0.179256,-0.179995,-0.191713,0.005847,-27.510359,-50.112381,-0.684166,-0.089677,-0.071143,-0.145464,0.1270
-0.759482,-0.336803,-0.101054,-0.179256,-0.337572,-0.035392,0.006490,-27.510359,-50.112381,-0.695834,-0.112396,-0.081963,-0.154012,0.1060
-0.759482,-0.336803,-0.101054,-0.179256,0.170634,0.161564,0.066419,-27.510359,-50.112381,-0.706646,-0.133359,-0.086193,-0.162144,0.0960
-0.759482,-0.336803,-0.101054,-0.179256,0.017674,0.066468,0.349961,-27.510359,-50.112381,-0.728406,-0.175473,-0.093809,-0.151268,0.1490
0.000000,-1.010409,0.315598,-0.279912,0.048939,0.375384,-5.697944,-27.510354,-50.112387,-0.631465,-0.307964,0.131250,-0.192448,0.3950
0.000000,-1.010409,0.315598,-0.279912,0.153397,-0.270785,-27.918589,-27.510354,-50.112387,-0.439241,-0.487988,0.278286,-0.231234,0.5430
0.000000,-1.010409,0.315598,-0.279912,0.619701,-1.241838,-36.909096,-27.510354,-50.112387,-0.371383,-0.551245,0.371130,-0.364588,0.2110
-0.759482,-0.673606,-0.174002,0.077164,0.871792,-1.415674,-38.766312,-27.510358,-50.112386,-0.357567,-0.564062,0.390844,-0.399307,0.0400
-0.759482,-0.673606,-0.174002,0.077164,0.452972,-1.574949,-40.722900,-27.510358,-50.112386,-0.356347,-0.570410,0.359377,-0.419200,0.0420
-0.759482,-0.673606,-0.174002,0.077164,0.456301,-1.440526,-43.642662,-27.510358,-50.112386,-0.372318,-0.564838,0.241624,-0.369438,0.0660
-0.759482,-0.673606,-0.174002,0.077164,0.645747,-1.378211,-45.324108,-27.510358,-50.112386,-0.383136,-0.560798,0.190205,-0.345904,0.0410
-0.759482,-0.673606,-0.174002,0.077164,0.452264,-1.560826,-46.423943,-27.510358,-50.112386,-0.384403,-0.570520,0.140920,-0.351993,0.0640
-0.759482,-0.673606,-0.174002,0.077164,1.212522,-0.856184,-47.229179,-27.510358,-50.112386,-0.437153,-0.549635,0.025903,-0.192706,0.2190
-0.759482,-0.673606,-0.174002,0.077164,0.875321,-0.819267,-47.517105,-27.510358,-50.112386,-0.456417,-0.543097,0.052171,-0.178317,0.0850
-0.759482,-0.673606,-0.174002,0.077164,1.147759,-1.071762,-47.658951,-27.510358,-50.112386,-0.466383,-0.540549,0.067815,-0.182919,0.0400
-0.759482,-0.673606,-0.174002,0.077164,1.240683,-1.259850,-47.894466,-27.510358,-50.112386,-0.479518,-0.536508,0.094336,-0.203215,0.0660
-0.759482,-0.673606,-0.174002,0.077164,1.245723,-0.734551,-48.579834,-27.510358,-50.112386,-0.491278,-0.532220,0.101636,-0.201193,0.0470
-0.759482,-0.673606,-0.174002,0.077164,1.213209,-0.679338,-48.721230,-27.510358,-50.112386,-0.493218,-0.531514,0.102918,-0.198274,0.0430
-0.759482,-0.673606,-0.174002,0.077164,1.213209,-0.679338,-48.721230,-27.510358,-50.112386,-0.493218,-0.531514,0.102918,-0.198274,0.0410
-0.759482,-0.673606,-0.174002,0.077164,0.054832,0.897430,-51.439117,-27.510358,-50.112386,-0.500644,-0.539654,-0.082348,0.031749,0.0710
-0.759482,-0.673606,-0.174002,0.077164,0.552530,0.233437,-52.272636,-27.510358,-50.112386,-0.515536,-0.535578,-0.121463,0.079836,0.0610
-0.759482,-0.673606,-0.174002,0.077164,0.476771,0.401524,-52.923870,-27.510358,-50.112386,-0.527891,-0.531832,-0.113425,0.091926,0.0410
-0.759482,-0.336803,-0.000000,0.138900,0.554835,-0.240817,-53.675804,-27.510359,-50.112380,-0.536681,-0.525974,-0.088761,0.093558,0.0670
-0.759482,-0.336803,-0.000000,0.138900,0.320293,-0.208851,-54.118111,-27.510359,-50.112380,-0.536942,-0.518657,-0.055315,0.095875,0.0410
-0.759482,-0.336803,-0.000000,0.138900,-0.043759,-0.304399,-54.641987,-27.510359,-50.112380,-0.538967,-0.505349,-0.023502,0.090263,0.0850
-0.759482,-0.336803,-0.000000,0.138900,-0.009629,-0.224192,-54.790817,-27.510359,-50.112380,-0.539979,-0.498008,-0.017333,0.089016,0.0400
-0.759482,-0.336803,-0.000000,0.138900,0.054953,-0.482676,-54.837231,-27.510359,-50.112380,-0.540440,-0.494905,-0.015397,0.086102,0.0400
-0.759482,-0.336803,-0.000000,0.138900,0.168172,-1.024075,-55.019215,-27.510359,-50.112380,-0.543821,-0.470317,0.008501,0.066556,0.1210
-0.759482,-0.336803,-0.000000,0.138900,0.120068,-0.613063,-57.645828,-27.510359,-50.112380,-0.549457,-0.434867,0.030490,-0.013365,0.2270
-0.759482,-0.336803,-0.000000,0.138900,-0.713711,0.686338,-58.979462,-27.510359,-50.112380,-0.554594,-0.400786,-0.053329,0.139315,0.2110
0.189871,0.673605,0.366354,0.389915,-2.274379,0.800678,-60.915752,-27.510351,-50.112371,-0.496110,-0.300175,-0.359014,0.427641,0.3550
0.189871,0.673605,0.366354,0.389915,1.474901,-0.026062,-59.502735,-27.510351,-50.112371,-0.351926,-0.130058,0.111745,0.511196,0.3550
0.189871,0.673605,0.366354,0.389915,2.575430,-0.061887,-59.214878,-27.510351,-50.112371,-0.309929,-0.082883,0.355443,0.479257,0.0990
0.189871,0.673605,0.366354,0.389915,2.339171,0.154684,-58.510513,-27.510351,-50.112371,-0.214594,0.024167,0.797075,0.459658,0.2320
0.000000,0.673605,-0.442422,-0.000000,0.007136,-0.283266,-63.659595,-27.510353,-50.112368,-0.263931,0.122572,0.133085,0.052927,0.4870
0.000000,0.673605,-0.442422,-0.000000,-0.302121,-0.428077,-67.092278,-27.510353,-50.112368,-0.322168,0.130409,-0.107644,-0.028231,0.1500
0.000000,0.673605,-0.442422,-0.000000,-0.482661,-0.318462,-67.495842,-27.510353,-50.112368,-0.344440,0.133501,-0.175083,-0.038208,0.0510
0.000000,0.673605,-0.442422,-0.000000,-0.651230,-0.317838,-67.876671,-27.510353,-50.112368,-0.372287,0.137163,-0.262458,-0.050119,0.0690
0.000000,0.673605,-0.442422,-0.000000,-0.270423,-0.198409,-68.074989,-27.510353,-50.112368,-0.390482,0.139911,-0.309107,-0.046653,0.0400
0.000000,0.673605,-0.442422,-0.000000,-0.639026,-0.287129,-68.098007,-27.510353,-50.112368,-0.392937,0.140282,-0.315672,-0.047357,0.0400
0.000000,0.673605,-0.442422,-0.000000,-0.639026,-0.287129,-68.098007,-27.510353,-50.112368,-0.392937,0.140282,-0.315672,-0.047357,0.0410
0.000000,0.673605,-0.442422,-0.000000,-0.639026,-0.287129,-68.098007,-27.510353,-50.112368,-0.392937,0.140282,-0.315672,-0.047357,0.0410
0.000000,0.673605,-0.442422,-0.000000,-0.639026,-0.287129,-68.098007,-27.510353,-50.112368,-0.392937,0.140282,-0.315672,-0.047357,0.0410
0.000000,0.673605,-0.442422,-0.000000,-0.639026,-0.287129,-68.098007,-27.510353,-50.112368,-0.392937,0.140282,-0.315672,-0.047357,0.0410
0.000000,0.673605,-0.442422,-0.000000,-0.639026,-0.287129,-68.098007,-27.510353,-50.112368,-0.392937,0.140282,-0.315672,-0.047357,0.0410
0.000000,0.673605,-0.442422,-0.000000,-0.550051,-1.099954,-69.433044,-27.510353,-50.112368,-0.528234,0.136821,-0.460368,-0.039322,0.0840
0.949353,1.684014,0.433284,0.461149,-0.004917,0.159094,-69.632950,-27.510344,-50.112363,-0.379643,0.253410,0.120776,0.272513,0.1080
0.949353,1.684014,0.433284,0.461149,-0.258979,0.314960,-69.671837,-27.510344,-50.112363,-0.346745,0.283653,0.188230,0.316459,0.0410
0.949353,1.684014,0.433284,0.461149,0.031978,0.245554,-69.701805,-27.510344,-50.112363,-0.317587,0.314902,0.235257,0.357694,0.0560
0.949353,1.684014,0.433284,0.461149,-0.012995,0.269947,-69.720894,-27.510344,-50.112363,-0.274223,0.357863,0.311506,0.405877,0.0690
0.949353,1.684014,0.433284,0.461149,0.275138,0.037901,-69.715385,-27.510344,-50.112363,-0.249062,0.383431,0.345130,0.419168,0.0410
0.949353,1.684014,0.433284,0.461149,0.504278,-0.165640,-69.732765,-27.510344,-50.112363,-0.201424,0.433968,0.399455,0.420931,0.0850
0.949353,1.684014,0.433284,0.461149,0.442852,-0.292320,-69.755493,-27.510344,-50.112363,-0.178184,0.459086,0.425233,0.417716,0.0430
0.949353,1.684014,0.433284,0.461149,0.396578,-0.255933,-69.824318,-27.510344,-50.112363,-0.128455,0.513274,0.473233,0.413925,0.0930
0.949353,1.684014,0.433284,0.461149,0.634084,0.157472,-69.904579,-27.510344,-50.112363,-0.078970,0.567072,0.504847,0.421770,0.0920
0.949353,1.684014,0.433284,0.461149,0.874833,0.244288,-70.004196,-27.510344,-50.112363,-0.045504,0.603704,0.539106,0.428148,0.0540
0.949353,1.684014,0.433284,0.461149,0.633401,0.108698,-70.111191,-27.510344,-50.112363,-0.007238,0.645397,0.562678,0.437881,0.0860
0.949353,1.684014,0.433284,0.461149,1.037444,0.066927,-70.023361,-27.510344,-50.112363,0.009726,0.664079,0.573542,0.440485,0.0400
0.949353,1.684014,0.433284,0.461149,0.661778,0.452791,-69.027809,-27.510344,-50.112363,0.046001,0.700284,0.585785,0.453251,0.0620
0.949353,1.684014,0.433284,0.461149,0.529434,0.241719,-68.208588,-27.510344,-50.112363,0.067558,0.724268,0.581936,0.467162,0.0400
0.949353,1.684014,0.433284,0.461149,0.663074,-0.201418,-67.722420,-27.510344,-50.112363,0.083197,0.741466,0.580095,0.462862,0.0480
0.949353,1.684014,0.433284,0.461149,0.663074,-0.201418,-67.722420,-27.510344,-50.112363,0.083197,0.741466,0.580095,0.462862,0.0410
0.949353,1.684014,0.433284,0.461149,0.663074,-0.201418,-67.722420,-27.510340,-50.112348,0.083197,0.741466,0.580095,0.462862,0.0400
0.949353,1.684014,0.433284,0.461149,0.663074,-0.201418,-67.722420,-27.510340,-50.112348,0.083197,0.741466,0.580095,0.462862,0.0410
1.329094,3.031226,0.308447,1.094282,0.202754,1.227785,-67.199196,-27.510340,-50.112348,0.188813,0.958638,0.360671,1.099807,0.0910
1.329094,3.031226,0.308447,1.094282,0.217432,1.742169,-67.131401,-27.510340,-50.112348,0.204007,1.009408,0.340631,1.149917,0.0400
1.329094,3.031226,0.308447,1.094282,-0.034287,1.585436,-67.106033,-27.510340,-50.112348,0.210711,1.030486,0.337527,1.168777,0.0410
1.329094,3.031226,0.308447,1.094282,-0.034287,1.585436,-67.106033,-27.510340,-50.112348,0.210711,1.030486,0.337527,1.168777,0.0410
1.329094,3.031226,0.308447,1.094282,-0.034287,1.585436,-67.106033,-27.510340,-50.112348,0.210711,1.030486,0.337527,1.168777,0.0420
1.329094,3.031226,0.308447,1.094282,-0.034287,1.585436,-67.106033,-27.510340,-50.112348,0.210711,1.030486,0.337527,1.168777,0.0400
1.329094,3.031226,0.308447,1.094282,0.214662,0.553050,-67.123436,-27.510340,-50.112348,0.292463,1.309396,0.328879,1.142662,0.0800
1.329094,3.031226,0.308447,1.094282,0.355022,0.537099,-67.135254,-27.510340,-50.112348,0.308070,1.358272,0.330250,1.142528,0.0410
1.329094,3.031226,0.308447,1.094282,0.315189,0.276581,-67.134384,-27.510340,-50.112348,0.319665,1.394772,0.337106,1.136973,0.0460
1.329094,3.031226,0.308447,1.094282,0.315189,0.276581,-67.134384,-27.510340,-50.112348,0.319665,1.394772,0.337106,1.136973,0.0400
1.329094,3.031226,0.308447,1.094282,0.093315,-0.115750,-67.105789,-27.510340,-50.112348,0.373972,1.575390,0.325801,1.104891,0.0910
1.329094,3.031226,0.308447,1.094282,-0.168359,-0.171855,-67.075729,-27.510340,-50.112348,0.399466,1.656227,0.322143,1.092079,0.0650
1.329094,3.031226,0.308447,1.094282,0.017243,-0.199281,-67.023804,-27.510340,-50.112348,0.426911,1.742769,0.323153,1.081562,0.0770
1.329094,3.031226,0.308447,1.094282,0.153053,-0.488477,-66.982162,-27.510340,-50.112348,0.462331,1.853956,0.319815,1.065109,0.0920
1.329094,3.031226,0.308447,1.094282,-0.018291,-0.170341,-66.943436,-27.510340,-50.112348,0.487007,1.931250,0.327080,1.054870,0.0640
1.329094,4.041635,-0.000000,1.183222,-0.117441,-0.105772,-66.927361,-27.510341,-50.112335,0.496576,2.051013,0.247889,1.058740,0.0890
1.329094,4.041635,-0.000000,1.183222,-0.116689,-0.257741,-66.927910,-27.510341,-50.112335,0.501445,2.151048,0.190991,1.076026,0.0750
1.329094,4.041635,-0.000000,1.183222,-0.209958,-0.118907,-66.938210,-27.510341,-50.112335,0.503973,2.212998,0.155695,1.081371,0.0400
1.329094,4.041635,-0.000000,1.183222,0.032869,-0.346128,-66.937920,-27.510341,-50.112335,0.505045,2.237767,0.146335,1.081934,0.0400
1.329094,4.041635,-0.000000,1.183222,0.032869,-0.346128,-66.937920,-27.510341,-50.112335,0.505045,2.237767,0.146335,1.081934,0.0430
1.329094,4.041635,-0.000000,1.183222,-0.312085,-0.374899,-67.027573,-27.510341,-50.112335,0.517558,2.404093,0.037682,1.140935,0.0740
1.329094,4.041635,-0.000000,1.183222,-0.036770,-0.355016,-67.093079,-27.510341,-50.112335,0.520600,2.478582,0.016320,1.156929,0.0520
1.329094,4.041635,-0.000000,1.183222,-0.439615,-0.370657,-67.162292,-27.510341,-50.112335,0.523112,2.524414,0.002531,1.156166,0.0410
1.329094,4.041635,-0.000000,1.183222,-0.439615,-0.370657,-67.162292,-27.510341,-50.112335,0.523112,2.524414,0.002531,1.156166,0.0400
1.329094,4.041635,-0.000000,1.183222,-0.439615,-0.370657,-67.162292,-27.510341,-50.112335,0.523112,2.524414,0.002531,1.156166,0.0400
1.329094,4.041635,-0.000000,1.183222,-0.439615,-0.370657,-67.162292,-27.510341,-50.112335,0.523112,2.524414,0.002531,1.156166,0.0410
1.329094,4.041635,-0.000000,1.183222,-0.439615,-0.370657,-67.162292,-27.510341,-50.112335,0.523112,2.524414,0.002531,1.156166,0.0410
1.329094,4.041635,-0.000000,1.183222,-0.439615,-0.370657,-67.162292,-27.510341,-50.112335,0.523112,2.524414,0.002531,1.156166,0.0580
1.329094,4.041635,-0.000000,1.183222,-0.439615,-0.370657,-67.742729,-27.510341,-50.112335,0.519243,2.864143,-0.037250,1.153281,0.0400
1.329094,4.041635,-0.000000,1.183222,-0.327548,-0.148558,-67.817039,-27.510341,-50.112335,0.529512,2.944765,-0.020672,1.173848,0.0640
1.329094,4.041635,-0.000000,1.183222,-0.156699,-0.241354,-67.860077,-27.510341,-50.112335,0.535095,3.009807,-0.019453,1.171721,0.0400
1.329094,4.041635,-0.000000,1.183222,-0.231449,-0.057064,-67.866539,-27.510341,-50.112335,0.536114,3.023988,-0.019072,1.170108,0.0400
1.329094,4.041635,-0.000000,1.183222,-0.231449,-0.057064,-67.866539,-27.510341,-50.112335,0.536114,3.023988,-0.019072,1.170108,0.0400
1.329094,4.041635,-0.000000,1.183222,-0.231449,-0.057064,-67.866539,-27.510341,-50.112335,0.536114,3.023988,-0.019072,1.170108,0.0400
1.329094,4.041635,-0.000000,1.183222,-0.231449,-0.057064,-67.866539,-27.510333,-50.112319,0.536114,3.023988,-0.019072,1.170108,0.0410
1.329094,4.041635,-0.000000,1.183222,-0.231449,-0.057064,-67.866539,-27.510333,-50.112319,0.536114,3.023988,-0.019072,1.170108,0.0410
1.329094,4.041635,-0.000000,1.183222,-0.231449,-0.057064,-67.866539,-27.510333,-50.112319,0.536114,3.023988,-0.019072,1.170108,0.0400
1.329094,4.041635,-0.000000,1.183222,-0.231449,-0.057064,-67.866539,-27.510333,-50.112319,0.536114,3.023988,-0.019072,1.170108,0.0410
1.329094,4.041635,-0.000000,1.183222,-0.231449,-0.057064,-67.866539,-27.510333,-50.112319,0.536114,3.023988,-0.019072,1.170108,0.0410
1.329094,4.041635,-0.000000,1.183222,-0.231449,-0.057064,-67.866539,-27.510333,-50.112319,0.536114,3.023988,-0.019072,1.170108,0.0400
1.329094,4.041635,-0.000000,1.183222,-0.231449,-0.057064,-67.866539,-27.510333,-50.112319,0.536114,3.023988,-0.019072,1.170108,0.0400
1.329094,4.041635,-0.000000,1.183222,-0.231449,-0.057064,-67.866539,-27.510333,-50.112319,0.536114,3.023988,-0.019072,1.170108,0.0400
1.329094,4.041635,-0.000000,1.183222,-0.231449,-0.057064,-67.866539,-27.510333,-50.112319,0.536114,3.023988,-0.019072,1.170108,0.0400
1.329094,4.041635,-0.000000,1.183222,-0.231449,-0.057064,-67.866539,-27.510333,-50.112319,0.536114,3.023988,-0.019072,1.170108,0.0400
1.329094,4.041635,-0.000000,1.183222,-0.231449,-0.057064,-67.866539,-27.510333,-50.112319,0.536114,3.023988,-0.019072,1.170108,0.0410
1.329094,4.041635,-0.000000,1.183222,-0.231449,-0.057064,-67.866539,-27.510333,-50.112319,0.536114,3.023988,-0.019072,1.170108,0.0400
1.329094,4.041635,-0.000000,1.183222,-0.231449,-0.057064,-67.866539,-27.510333,-50.112319,0.536114,3.023988,-0.019072,1.170108,0.0400
1.329094,4.041635,-0.000000,1.183222,-0.231449,-0.057064,-67.866539,-27.510333,-50.112319,0.536114,3.023988,-0.019072,1.170108,0.0620
1.329094,4.041635,-0.000000,1.183222,-0.231449,-0.057064,-67.866539,-27.510333,-50.112319,0.536114,3.023988,-0.019072,1.170108,0.0410
1.329094,4.041635,-0.000000,1.183222,-0.231449,-0.057064,-67.866539,-27.510333,-50.112319,0.536114,3.023988,-0.019072,1.170108,0.0400
1.329094,4.041635,-0.000000,1.183222,-0.231449,-0.057064,-67.866539,-27.510333,-50.112319,0.536114,3.023988,-0.019072,1.170108,0.0410
1.329094,4.041635,-0.000000,1.183222,-0.231449,-0.057064,-67.866539,-27.510333,-50.112319,0.536114,3.023988,-0.019072,1.170108,0.0400
1.329094,4.041635,-0.000000,1.183222,-0.231449,-0.057064,-67.866539,-27.510333,-50.112319,0.536114,3.023988,-0.019072,1.170108,0.0400
1.329094,4.041635,-0.000000,1.183222,-0.231449,-0.057064,-67.866539,-27.510333,-50.112319,0.536114,3.023988,-0.019072,1.170108,0.0400
1.329094,4.041635,-0.000000,1.183222,-0.231449,-0.057064,-67.866539,-27.510333,-50.112319,0.536114,3.023988,-0.019072,1.170108,0.0410
1.329094,4.041635,-0.000000,1.183222,-0.231449,-0.057064,-67.866539,-27.510329,-50.112294,0.536114,3.023988,-0.019072,1.170108,0.0410
1.329094,4.041635,-0.000000,1.183222,-0.231449,-0.057064,-67.866539,-27.510329,-50.112294,0.536114,3.023988,-0.019072,1.170108,0.0410
1.329094,4.041635,-0.000000,1.183222,-0.231449,-0.057064,-67.866539,-27.510329,-50.112294,0.536114,3.023988,-0.019072,1.170108,0.0500
1.329094,4.041635,-0.000000,1.183222,-0.231449,-0.057064,-67.866539,-27.510329,-50.112294,0.536114,3.023988,-0.019072,1.170108,0.0400
1.329094,4.041635,-0.000000,1.183222,-0.231449,-0.057064,-67.866539,-27.510329,-50.112294,0.536114,3.023988,-0.019072,1.170108,0.0410
1.329094,4.041635,-0.000000,1.183222,-0.231449,-0.057064,-67.866539,-27.510329,-50.112294,0.536114,3.023988,-0.019072,1.170108,0.0400
1.329094,4.041635,-0.000000,1.183222,-0.231449,-0.057064,-67.866539,-27.510329,-50.112294,0.536114,3.023988,-0.019072,1.170108,0.0400
1.329094,4.041635,-0.000000,1.183222,-0.231449,-0.057064,-67.866539,-27.510329,-50.112294,0.536114,3.023988,-0.019072,1.170108,0.0400
1.329094,4.041635,-0.000000,1.183222,-0.231449,-0.057064,-67.866539,-27.510329,-50.112294,0.536114,3.023988,-0.019072,1.170108,0.0410
1.329094,4.041635,-0.000000,1.183222,-0.231449,-0.057064,-67.866539,-27.510329,-50.112294,0.536114,3.023988,-0.019072,1.170108,0.0400
1.329094,4.041635,-0.000000,1.183222,-0.231449,-0.057064,-67.866539,-27.510329,-50.112294,0.536114,3.023988,-0.019072,1.170108,0.0410
2.468317,8.420073,0.290048,2.058017,-0.231449,-0.057064,-72.765419,-27.510329,-50.112294,0.747598,5.705411,0.253249,2.082735,0.0400
2.468317,8.420073,0.290048,2.058017,-1.900800,1.939199,-73.002472,-27.510329,-50.112294,0.860344,5.799616,0.210154,2.132028,0.0750
2.468317,8.420073,0.290048,2.058017,-2.118420,1.933451,-73.179413,-27.510329,-50.112294,0.921416,5.866980,0.172109,2.171075,0.0410
2.468317,8.420073,0.290048,2.058017,-2.062059,1.893499,-73.196198,-27.510329,-50.112294,0.926759,5.873224,0.168404,2.174501,0.0410
2.468317,8.420073,0.290048,2.058017,-2.062059,1.893499,-73.196198,-27.510329,-50.112294,0.926759,5.873224,0.168404,2.174501,0.0400
2.468317,8.420073,0.290048,2.058017,-2.062059,1.893499,-73.196198,-27.510329,-50.112294,0.926759,5.873224,0.168404,2.174501,0.0400
2.468317,8.420073,0.290048,2.058017,-2.062059,1.893499,-73.196198,-27.510329,-50.112294,0.926759,5.873224,0.168404,2.174501,0.0440
2.468317,8.420073,0.290048,2.058017,-2.062059,1.893499,-73.196198,-27.510329,-50.112294,0.926759,5.873224,0.168404,2.174501,0.0400
2.468317,8.420073,0.290048,2.058017,-2.062059,1.893499,-73.196198,-27.510329,-50.112294,0.926759,5.873224,0.168404,2.174501,0.0400
2.468317,8.420073,0.290048,2.058017,-2.203670,1.574146,-74.296494,-27.510329,-50.112294,1.028723,6.552860,0.201874,2.133989,0.0680
2.088576,9.767284,-0.519197,1.841958,-2.294997,1.404060,-74.420067,-27.510334,-50.112277,1.030986,6.651655,0.065663,2.128135,0.0500
2.088576,9.767284,-0.519197,1.841958,-2.207960,1.656165,-74.475830,-27.510334,-50.112277,1.004624,6.697682,-0.121077,2.098266,0.0400
2.088576,9.767284,-0.519197,1.841958,-2.207960,1.656165,-74.475830,-27.510334,-50.112277,1.004624,6.697682,-0.121077,2.098266,0.0400
2.088576,9.767284,-0.519197,1.841958,-2.548743,1.598944,-74.511246,-27.510334,-50.112277,0.968332,6.923291,-0.470162,2.046362,0.0550
2.088576,9.767284,-0.519197,1.841958,-2.018310,1.634066,-74.452316,-27.510334,-50.112277,0.943817,7.057044,-0.595161,2.005813,0.0670
2.088576,9.767284,-0.519197,1.841958,-1.558386,1.397884,-74.405403,-27.510334,-50.112277,0.934528,7.116967,-0.623456,2.009266,0.0680
2.088576,9.767284,-0.519197,1.841958,-1.558386,1.397884,-74.135239,-27.510334,-50.112277,0.874062,7.310417,-0.734968,2.035267,0.0410
2.088576,9.767284,-0.519197,1.841958,-2.098355,0.712198,-73.901665,-27.510334,-50.112277,0.856438,7.467141,-0.671122,1.936664,0.0910
2.088576,9.767284,-0.519197,1.841958,-1.885892,0.879482,-73.766930,-27.510334,-50.112277,0.845191,7.551813,-0.692189,1.937200,0.0410
2.088576,9.767284,-0.519197,1.841958,-1.887010,0.877924,-73.766930,-27.510334,-50.112277,0.845191,7.551813,-0.691364,1.936601,0.0420
2.088576,9.767284,-0.519197,1.841958,-1.873029,0.471145,-73.126305,-27.510334,-50.112277,0.782587,7.793085,-0.701494,1.906926,0.0760
2.088576,9.767284,-0.519197,1.841958,-1.637516,0.631500,-72.770760,-27.510334,-50.112277,0.764941,7.925088,-0.703579,1.896893,0.0650
2.088576,9.767284,-0.519197,1.841958,-1.657546,0.423238,-71.960571,-27.510334,-50.112277,0.732537,8.141859,-0.744137,1.893612,0.1100
2.088576,9.767284,-0.519197,1.841958,-1.637792,0.392358,-71.888710,-27.510334,-50.112277,0.730225,8.158063,-0.747929,1.894717,0.0400
2.088576,9.767284,-0.519197,1.841958,-0.961052,-0.399758,-70.874222,-27.510334,-50.112277,0.670061,8.359566,-0.697072,1.854228,0.0690
2.088576,9.767284,-0.519197,1.841958,-1.012045,-0.896649,-70.345825,-27.510334,-50.112277,0.654303,8.471447,-0.654180,1.820293,0.0580
0.569610,11.788101,-1.208593,1.607901,0.196852,-1.263360,-69.502815,-27.510347,-50.112259,0.600223,8.654996,-0.689766,1.732762,0.0870
0.569610,11.788101,-1.208593,1.607901,0.346358,-1.454327,-68.859810,-27.510347,-50.112259,0.506256,8.795837,-0.844836,1.623598,0.0800
0.569610,11.788101,-1.208593,1.607901,0.611078,-1.439322,-68.345985,-27.510347,-50.112259,0.423425,8.924928,-0.905269,1.546940,0.0670
0.569610,11.788101,-1.208593,1.607901,0.637011,-1.266530,-67.594879,-27.510347,-50.112259,0.300154,9.120099,-0.956541,1.455330,0.1010
0.569610,11.788101,-1.208593,1.607901,1.147978,-1.029813,-65.412735,-27.510347,-50.112259,-0.084432,9.731004,-0.905524,1.311083,0.3240
0.569610,11.788101,-1.208593,1.607901,1.114185,-0.430856,-65.180077,-27.510347,-50.112259,-0.145641,9.828720,-0.906222,1.334181,0.0600
0.569610,11.788101,-1.208593,1.607901,0.559200,-0.262107,-64.698578,-27.510347,-50.112259,-0.313137,10.095175,-0.933469,1.401385,0.1490
0.569610,11.788101,-1.208593,1.607901,0.300371,-0.174397,-64.590187,-27.510347,-50.112259,-0.394744,10.225340,-0.967429,1.442721,0.0480
-0.759484,13.135313,-1.383765,1.402627,-0.643691,0.394094,-64.749725,-27.510358,-50.112243,-0.824152,10.793336,-1.243581,1.521792,0.3320
-0.759484,13.135313,-1.383765,1.402627,-0.164625,0.702672,-65.746498,-27.510358,-50.112243,-1.330958,11.388628,-1.501890,1.495159,0.3980
-0.759484,13.135313,-1.383765,1.402627,-0.285165,1.153382,-66.282021,-27.510358,-50.112243,-1.463393,11.544332,-1.464831,1.562339,0.1080
-0.759484,13.135313,-1.383765,1.402627,0.422306,1.365977,-68.346313,-27.510358,-50.112243,-1.690147,11.810528,-1.404384,1.659269,0.1570
-0.759484,13.135313,-1.383765,1.402627,0.375103,1.460314,-69.885460,-27.510358,-50.112243,-1.816697,11.959076,-1.373996,1.711575,0.1140
-0.759484,13.135313,-1.383765,1.402627,0.191417,1.150707,-70.564041,-27.510358,-50.112243,-1.871556,12.023230,-1.364660,1.718102,0.0410
-1.708837,14.482524,-0.995682,1.412956,0.226651,0.750698,-70.843918,-27.510369,-50.112232,-1.890680,12.052225,-1.350332,1.713406,0.0430
-1.708837,14.482524,-0.995682,1.412956,0.042219,-0.641016,-72.513763,-27.510369,-50.112232,-2.021431,12.252382,-1.164247,1.542886,0.0980
-1.708837,14.482524,-0.995682,1.412956,-0.087960,-1.251697,-74.171890,-27.510369,-50.112232,-2.141042,12.454468,-1.099860,1.379033,0.0890
-1.708837,14.482524,-0.995682,1.412956,-1.107151,-1.174477,-78.974159,-27.510369,-50.112232,-2.410056,12.899541,-1.181071,1.144765,0.3200
-1.708837,14.482524,-0.995682,1.412956,-1.290890,-0.876162,-80.548615,-27.510369,-50.112232,-2.495548,13.044464,-1.235844,1.147451,0.0870
-1.708837,14.482524,-0.995682,1.412956,-1.442567,-0.548851,-81.872986,-27.510369,-50.112232,-2.570613,13.170731,-1.279387,1.165284,0.0900
-1.708837,14.482524,-0.995682,1.412956,-1.389254,-0.578953,-82.562035,-27.510369,-50.112232,-2.608684,13.237607,-1.295899,1.180901,0.0400
-1.708837,14.482524,-0.995682,1.412956,-1.454171,-0.543247,-83.477585,-27.510369,-50.112232,-2.677301,13.330355,-1.313858,1.201345,0.0630
-1.708837,14.482524,-0.995682,1.412956,-1.704592,-0.335117,-84.122704,-27.510369,-50.112232,-2.741944,13.445683,-1.318676,1.246248,0.0780
-1.708837,14.482524,-0.995682,1.412956,-1.578325,-0.033369,-84.172325,-27.510369,-50.112232,-2.748738,13.457967,-1.319854,1.250849,0.0400
-3.037931,15.156130,-1.408747,0.713975,-1.472992,-0.236624,-84.516075,-27.510379,-50.112223,-2.897935,13.599825,-1.368102,1.110924,0.0890
-3.037931,15.156130,-1.408747,0.713975,-1.344003,-0.522301,-84.649078,-27.510379,-50.112223,-3.036137,13.675898,-1.488486,0.880862,0.0950
-3.037931,15.156130,-1.408747,0.713975,-1.437390,-0.658401,-84.761826,-27.510379,-50.112223,-3.173137,13.757300,-1.563702,0.773548,0.1010
-3.037931,15.156130,-1.408747,0.713975,-1.080443,-0.471954,-84.857727,-27.510379,-50.112223,-3.242898,13.799760,-1.582542,0.742667,0.0520
-3.037931,15.156130,-1.408747,0.713975,-0.838530,-0.382567,-85.488510,-27.510379,-50.112223,-3.454036,13.925226,-1.604318,0.679401,0.1490
-3.037931,15.156130,-1.408747,0.713975,-0.619014,1.005079,-88.586800,-27.510379,-50.112223,-4.117549,14.318684,-1.658346,0.911756,0.4780
-4.367025,16.840143,-1.153748,1.461843,0.438390,2.521694,-80.413071,-27.510392,-50.112207,-4.625788,14.951445,-1.293793,1.640645,0.4320
-4.367025,16.840143,-1.153748,1.461843,2.167553,2.082377,-77.333252,-27.510392,-50.112207,-4.779424,15.169048,-1.114920,1.840348,0.1510
-4.367025,16.840143,-1.153748,1.461843,3.041282,1.357308,-76.719452,-27.510392,-50.112207,-4.867374,15.291923,-0.932899,1.849065,0.0780
-4.367025,16.840143,-1.153748,1.461843,3.003867,0.780290,-76.370300,-27.510392,-50.112207,-4.949447,15.408977,-0.765119,1.820367,0.0740
-4.367025,16.840143,-1.153748,1.461843,2.979558,1.518274,-76.058365,-27.510392,-50.112207,-5.004483,15.485547,-0.686771,1.803413,0.0490
-4.367025,16.840143,-1.153748,1.461843,2.765263,1.025055,-75.831993,-27.510392,-50.112207,-5.036518,15.528817,-0.654545,1.805713,0.0420
-4.367025,16.840143,-1.153748,1.461843,2.114043,1.566649,-74.594475,-27.510392,-50.112207,-5.225798,15.819441,-0.785586,1.724044,0.1360
-4.936637,17.176947,-1.151348,0.680774,0.245203,1.719309,-73.309921,-27.510397,-50.112201,-5.721302,16.225422,-0.933266,1.248242,0.4750
-4.936637,17.176947,-1.151348,0.680774,2.162504,1.998080,-72.318436,-27.510397,-50.112201,-6.243785,16.584345,-0.793365,1.235555,0.4750
-6.645473,16.166538,-0.983074,-0.581276,1.548495,1.535576,-73.704216,-27.510413,-50.112214,-6.489308,16.656041,-0.594866,1.008069,0.2250
-6.645473,16.166538,-0.983074,-0.581276,0.282307,-0.916080,-76.861008,-27.510413,-50.112214,-6.885761,16.419117,-0.777779,-0.297202,0.3940
-6.645473,16.166538,-0.983074,-0.581276,1.329377,-0.768812,-78.746338,-27.510413,-50.112214,-7.317356,16.152050,-0.798589,-0.739720,0.4900
-8.164438,12.461709,-0.805988,-1.965844,1.652540,-1.054738,-80.037491,-27.510425,-50.112250,-7.512639,15.771278,-0.573119,-1.345874,0.2280
-8.164438,12.461709,-0.805988,-1.965844,2.017946,-2.275670,-83.354874,-27.510425,-50.112250,-7.762578,15.126900,-0.382693,-2.089456,0.2710
-8.164438,12.461709,-0.805988,-1.965844,1.605702,-3.368156,-85.551491,-27.510419,-50.112283,-8.193257,13.998182,-0.244898,-2.891132,0.5520
-7.215086,9.430485,0.774925,-2.474288,-1.539827,-1.034805,-85.366356,-27.510419,-50.112283,-7.843069,12.801537,0.384527,-3.144234,0.4360
-7.215086,9.430485,0.774925,-2.474288,-2.349337,0.126773,-85.718590,-27.510419,-50.112283,-7.782706,12.609557,0.351206,-3.032413,0.0810
-7.215086,9.430485,0.774925,-2.474288,-2.382257,0.317357,-86.291489,-27.510419,-50.112283,-7.657548,12.192713,0.220567,-2.789434,0.1580
-7.215086,9.430485,0.774925,-2.474288,-1.939500,0.445763,-86.346390,-27.510419,-50.112283,-7.620882,12.081817,0.221356,-2.732171,0.0410
-7.215086,9.430485,0.774925,-2.474288,-1.552207,0.634426,-86.446312,-27.510419,-50.112283,-7.554399,11.827952,0.225230,-2.606001,0.0680
-5.885992,8.083274,1.470476,-1.490520,-0.023367,0.470779,-87.012619,-27.510405,-50.112297,-6.960148,10.827009,0.931275,-1.823625,0.4990
-5.885992,8.083274,1.470476,-1.490520,-1.096800,-1.312577,-88.978363,-27.510405,-50.112297,-6.251041,10.056892,1.188615,-1.950292,0.4800
-5.885992,8.083274,1.470476,-1.490520,-1.270714,0.274713,-89.961456,-27.510405,-50.112297,-6.014526,9.802051,1.166470,-1.828338,0.1450
-4.367027,6.736063,1.424039,-1.263018,-1.132575,-0.157597,-90.351082,-27.510392,-50.112308,-5.814886,9.595557,1.142432,-1.656658,0.1470
-4.367027,6.736063,1.424039,-1.263018,-1.144516,-0.633023,-90.352852,-27.510392,-50.112308,-5.632371,9.421800,1.116728,-1.559960,0.1230
-4.367027,6.736063,1.424039,-1.263018,0.336457,-0.577511,-88.409187,-27.510392,-50.112308,-4.807005,8.629565,1.223156,-1.563954,0.5600
-4.367027,6.736063,1.424039,-1.263018,1.219552,-0.964053,-87.952133,-27.510392,-50.112308,-4.621549,8.454202,1.376916,-1.542134,0.1200
-3.227803,6.399261,1.430675,-0.422968,2.036800,-1.597622,-87.337250,-27.510381,-50.112314,-4.335762,8.226092,1.638270,-1.435559,0.2080
-3.227803,6.399261,1.430675,-0.422968,2.148689,-1.531625,-86.963814,-27.510381,-50.112314,-4.226771,8.186842,1.725325,-1.307976,0.0720
-3.227803,6.399261,1.430675,-0.422968,2.149472,-0.841841,-86.524757,-27.510381,-50.112314,-4.153399,8.163107,1.775335,-1.222010,0.0500
-3.227803,6.399261,1.430675,-0.422968,2.162333,0.975322,-84.748726,-27.510381,-50.112314,-3.939732,8.078221,1.862125,-0.890751,0.1360
-3.227803,6.399261,1.430675,-0.422968,1.938857,0.922974,-84.059967,-27.510381,-50.112314,-3.852047,8.047732,1.867395,-0.741188,0.0640
-3.227803,6.399261,1.430675,-0.422968,1.716841,0.993689,-83.679604,-27.510381,-50.112314,-3.796736,8.028236,1.871593,-0.654351,0.0400
-3.227803,6.399261,1.430675,-0.422968,0.072785,2.116458,-82.419556,-27.510381,-50.112314,-3.375391,7.878837,1.797339,-0.219603,0.2830
-3.227803,6.399261,1.430675,-0.422968,-0.330259,1.906539,-82.508263,-27.510381,-50.112314,-3.243816,7.831415,1.674466,-0.134904,0.0950
-3.227803,6.399261,1.430675,-0.422968,-1.012985,2.273775,-82.558510,-27.510381,-50.112314,-3.158700,7.799760,1.585050,-0.076589,0.0580
-0.000003,6.062459,1.918749,-0.200210,-1.003033,0.717917,-82.406990,-27.510354,-50.112316,-2.891768,7.720389,1.428312,-0.046648,0.1570
-0.000003,6.062459,1.918749,-0.200210,-1.238279,-0.477203,-82.691826,-27.510354,-50.112316,-2.101421,7.609717,1.551101,-0.235099,0.4030
-0.000003,6.062459,1.918749,-0.200210,-1.032771,-0.520871,-82.878700,-27.510354,-50.112316,-1.843018,7.573203,1.574319,-0.248041,0.1290
-0.000003,6.062459,1.918749,-0.200210,-0.619837,-0.730228,-83.354637,-27.510354,-50.112316,-1.459650,7.518910,1.596013,-0.277140,0.1930
-0.000003,6.062459,1.918749,-0.200210,-0.876231,-0.013147,-83.588188,-27.510354,-50.112316,-0.952952,7.447208,1.639471,-0.308678,0.2300
0.759479,6.062459,1.522756,0.000000,0.090373,-0.229134,-83.586884,-27.510346,-50.112318,-0.435151,7.418902,1.521668,-0.105760,0.3460
0.759479,6.062459,1.522756,0.000000,0.785131,-0.031271,-83.625580,-27.510346,-50.112318,-0.309718,7.412924,1.547134,-0.078514,0.0800
0.759479,6.062459,1.522756,0.000000,1.347264,-0.039841,-83.628571,-27.510346,-50.112318,-0.226076,7.408867,1.599818,-0.065547,0.0540
0.759479,6.062459,1.522756,0.000000,1.254586,0.176498,-83.605820,-27.510346,-50.112318,-0.160066,7.405573,1.636149,-0.057632,0.0410
0.759479,6.062459,1.522756,0.000000,1.254586,0.176498,-83.605820,-27.510346,-50.112318,-0.160066,7.405573,1.636149,-0.057632,0.0400
0.759479,6.062459,1.522756,0.000000,1.254586,0.176498,-83.605820,-27.510346,-50.112318,-0.160066,7.405573,1.636149,-0.057632,0.0400
0.759479,6.062459,1.522756,0.000000,1.254586,0.176498,-83.605820,-27.510346,-50.112318,-0.160066,7.405573,1.636149,-0.057632,0.0410
0.759479,6.062459,1.522756,0.000000,1.254586,0.176498,-83.605820,-27.510346,-50.112318,-0.160066,7.405573,1.636149,-0.057632,0.0400
0.759479,6.062459,1.522756,0.000000,1.254586,0.176498,-83.605820,-27.510346,-50.112318,-0.160066,7.405573,1.636149,-0.057632,0.0410
0.759479,6.062459,1.522756,0.000000,0.748609,0.912100,-82.799690,-27.510346,-50.112318,0.297609,7.393198,1.563982,0.018279,0.0700
0.759479,6.062459,1.522756,0.000000,0.895561,1.035008,-82.607719,-27.510346,-50.112318,0.361070,7.387580,1.572402,0.038898,0.0400
0.759479,6.062459,1.522756,0.000000,0.614647,1.286356,-82.497986,-27.510346,-50.112318,0.393661,7.384178,1.575016,0.054554,0.0410
0.759479,6.062459,1.522756,0.000000,0.614647,1.286356,-82.497986,-27.510346,-50.112318,0.393661,7.384178,1.575016,0.054554,0.0410
0.759479,6.062459,1.522756,0.000000,0.614647,1.286356,-82.497986,-27.510346,-50.112318,0.393661,7.384178,1.575016,0.054554,0.0410
0.759479,6.062459,1.522756,0.000000,0.614647,1.286356,-82.497986,-27.510346,-50.112318,0.393661,7.384178,1.575016,0.054554,0.0450
2.088573,6.399261,1.346441,0.341199,0.513322,2.034115,-81.626976,-27.510334,-50.112310,0.734161,7.431569,1.420723,0.391463,0.0740
2.088573,6.399261,1.346441,0.341199,-0.081804,1.667757,-81.498032,-27.510334,-50.112310,0.834068,7.440365,1.365112,0.441295,0.0840
2.088573,6.399261,1.346441,0.341199,-0.648038,1.876469,-81.561325,-27.510334,-50.112310,0.952518,7.454582,1.335648,0.512125,0.0840
2.088573,6.399261,1.346441,0.341199,-1.673361,2.300743,-82.006607,-27.510334,-50.112310,1.339865,7.509848,1.102164,0.741442,0.2400
2.088573,6.399261,1.346441,0.341199,-0.440735,1.691087,-81.008331,-27.510334,-50.112310,1.984112,7.625335,1.183435,0.963811,0.4670
6.265727,6.399261,2.500200,0.000000,-1.269994,1.179335,-81.189148,-27.510295,-50.112313,2.182472,7.627724,1.347924,0.841605,0.1170
6.265727,6.399261,2.500200,0.000000,-1.479678,0.997492,-81.282455,-27.510295,-50.112313,2.297909,7.618941,1.458226,0.767212,0.0400
6.265727,6.399261,2.500200,0.000000,-1.501023,0.991726,-81.297340,-27.510295,-50.112313,2.321024,7.617509,1.476263,0.753127,0.0400
6.265727,6.399261,2.500200,0.000000,-1.501023,0.991726,-81.297340,-27.510295,-50.112313,2.321024,7.617509,1.476263,0.753127,0.0410
6.265727,6.399261,2.500200,0.000000,-1.501023,0.991726,-81.297340,-27.510295,-50.112313,2.321024,7.617509,1.476263,0.753127,0.0410
6.265727,6.399261,2.500200,0.000000,-1.501023,0.991726,-81.297340,-27.510295,-50.112313,2.321024,7.617509,1.476263,0.753127,0.0410
6.265727,6.399261,2.500200,0.000000,-1.501023,0.991726,-81.297340,-27.510295,-50.112313,2.321024,7.617509,1.476263,0.753127,0.0410
6.265727,6.399261,2.500200,0.000000,-1.501023,0.991726,-81.297340,-27.510295,-50.112313,2.321024,7.617509,1.476263,0.753127,0.0430
6.265727,6.399261,2.500200,0.000000,-1.501023,0.991726,-81.297340,-27.510295,-50.112313,2.321024,7.617509,1.476263,0.753127,0.0410
6.265727,6.399261,2.500200,0.000000,-1.501023,0.991726,-81.297340,-27.510295,-50.112313,2.321024,7.617509,1.476263,0.753127,0.0410
6.265727,6.399261,2.500200,0.000000,-1.501023,0.991726,-81.297340,-27.510295,-50.112313,2.321024,7.617509,1.476263,0.753127,0.0410
6.265727,6.399261,2.500200,0.000000,-1.501023,0.991726,-81.297340,-27.510295,-50.112313,2.321024,7.617509,1.476263,0.753127,0.0400
6.265727,6.399261,2.500200,0.000000,-1.501023,0.991726,-81.297340,-27.510295,-50.112313,2.321024,7.617509,1.476263,0.753127,0.0410
6.265727,6.399261,2.500200,0.000000,3.997969,2.233457,-22.100864,-27.510295,-50.112313,3.373464,7.811684,2.587967,0.082585,0.0550
6.265727,6.399261,2.500200,0.000000,3.186484,1.170907,-17.609667,-27.510295,-50.112313,3.521450,7.789863,2.684453,0.032163,0.0760
6.265727,6.399261,2.500200,0.000000,4.035575,1.662666,-24.939753,-27.510295,-50.112313,3.975918,7.751988,3.061404,0.171328,0.1990
7.215079,5.725656,1.606914,-1.140174,5.636939,6.537081,-40.893700,-27.510288,-50.112322,4.552863,7.328714,2.932211,0.529393,0.3460
7.215079,5.725656,1.606914,-1.140174,5.393965,5.801828,-40.497974,-27.510288,-50.112322,4.641286,7.229850,2.964511,0.531517,0.0600
7.215079,5.725656,1.606914,-1.140174,5.344272,4.623806,-38.140965,-27.510288,-50.112322,4.767799,7.105158,2.999554,0.489903,0.0830
7.215079,5.725656,1.606914,-1.140174,5.234903,4.693738,-36.900616,-27.510288,-50.112322,4.836834,7.039053,3.022191,0.454729,0.0470
7.215079,5.725656,1.606914,-1.140174,4.957283,4.080725,-36.289478,-27.510288,-50.112322,4.883656,6.992874,3.025908,0.417452,0.0400
7.215079,5.725656,1.606914,-1.140174,4.393173,3.721068,-35.360649,-27.510288,-50.112322,5.047424,6.979146,2.965622,0.307707,0.0540
7.215079,5.725656,1.606914,-1.140174,4.311962,3.783472,-34.787228,-27.510288,-50.112322,5.143251,6.874238,2.606726,-0.129276,0.0710
7.215079,5.725656,1.606914,-1.140174,4.278148,4.611054,-34.740566,-27.510288,-50.112322,5.201378,6.817480,2.533566,-0.208193,0.0400
7.215079,5.725656,1.606914,-1.140174,4.276682,4.607572,-34.740566,-27.510288,-50.112322,5.201378,6.817480,2.533566,-0.208193,0.0440
7.215079,5.725656,1.606914,-1.140174,4.276682,4.607572,-34.740566,-27.510288,-50.112322,5.201378,6.817480,2.533566,-0.208193,0.0400
7.215079,5.725656,1.606914,-1.140174,4.276682,4.607572,-34.740566,-27.510288,-50.112322,5.201378,6.817480,2.533566,-0.208193,0.0680
7.215079,5.725656,1.606914,-1.140174,4.391806,4.761471,-34.442268,-27.510288,-50.112322,5.672180,6.707145,2.092873,-0.609563,0.0550
7.215079,5.725656,1.606914,-1.140174,4.392175,4.823487,-34.439369,-27.510288,-50.112322,5.726989,6.584560,1.884587,-0.838501,0.0600
7.215079,5.725656,1.606914,-1.140174,4.537911,4.577920,-34.406666,-27.510288,-50.112322,5.782777,6.520595,1.932333,-0.789967,0.0410
7.215079,5.725656,1.606914,-1.140174,4.527745,4.403420,-34.377819,-27.510288,-50.112322,5.793898,6.508422,1.944511,-0.780515,0.0420
7.215079,5.725656,1.606914,-1.140174,4.527745,4.403420,-34.377819,-27.510296,-50.112328,5.793898,6.508422,1.944511,-0.780515,0.0410
7.215079,5.725656,1.606914,-1.140174,4.527745,4.403420,-34.377819,-27.510296,-50.112328,5.793898,6.508422,1.944511,-0.780515,0.0740
7.215079,5.725656,1.606914,-1.140174,4.527745,4.403420,-34.377819,-27.510296,-50.112328,5.793898,6.508422,1.944511,-0.780515,0.0410
7.215079,5.725656,1.606914,-1.140174,4.527745,4.403420,-34.377819,-27.510296,-50.112328,5.793898,6.508422,1.944511,-0.780515,0.0410
7.215079,5.725656,1.606914,-1.140174,4.527745,4.403420,-34.377819,-27.510296,-50.112328,5.793898,6.508422,1.944511,-0.780515,0.0400
7.215079,5.725656,1.606914,-1.140174,4.527745,4.403420,-34.377819,-27.510296,-50.112328,5.793898,6.508422,1.944511,-0.780515,0.0410
6.265727,5.052050,-0.797164,-0.565621,4.104104,4.579936,-30.885244,-27.510296,-50.112328,5.993061,6.249462,-0.501779,-0.420746,0.0560
6.265727,5.052050,-0.797164,-0.565621,4.097661,4.704817,-30.411503,-27.510296,-50.112328,5.895127,6.175543,-0.535352,-0.333599,0.0600
6.265727,5.052050,-0.797164,-0.565621,4.075734,4.884493,-30.132906,-27.510296,-50.112328,5.845600,6.132182,-0.489774,-0.261374,0.0410
6.265727,5.052050,-0.797164,-0.565621,4.075734,4.884493,-30.132906,-27.510296,-50.112328,5.845600,6.132182,-0.489774,-0.261374,0.0410
6.265727,5.052050,-0.797164,-0.565621,4.075734,4.884493,-30.132906,-27.510296,-50.112328,5.845600,6.132182,-0.489774,-0.261374,0.0400
6.265727,5.052050,-0.797164,-0.565621,4.075734,4.884493,-30.132906,-27.510296,-50.112328,5.845600,6.132182,-0.489774,-0.261374,0.0400
6.265727,5.052050,-0.797164,-0.565621,4.075734,4.884493,-28.536171,-27.510296,-50.112328,5.749427,6.085674,-0.343600,-0.034295,0.0420
6.265727,5.052050,-0.797164,-0.565621,3.568728,5.238252,-27.895899,-27.510296,-50.112328,5.649518,5.984392,-0.574269,-0.276255,0.0740
6.265727,5.052050,-0.797164,-0.565621,3.447468,4.854337,-27.583941,-27.510296,-50.112328,5.603381,5.939604,-0.538236,-0.218816,0.0440
6.265727,5.052050,-0.797164,-0.565621,3.535032,5.658490,-27.592072,-27.510296,-50.112328,5.595381,5.931898,-0.528750,-0.199219,0.0410
6.265727,5.052050,-0.797164,-0.565621,4.599093,5.075654,-28.530882,-27.510296,-50.112328,5.520438,5.876742,-0.412356,-0.056385,0.0660
6.265727,5.052050,-0.797164,-0.565621,4.484156,6.384813,-28.721140,-27.510296,-50.112328,5.473053,5.831350,-0.395072,-0.036323,0.0460
6.265727,5.052050,-0.797164,-0.565621,4.396115,5.889855,-28.522038,-27.510296,-50.112328,5.438878,5.799334,-0.353696,0.035248,0.0420
6.265727,5.052050,-0.797164,-0.565621,4.396115,5.889855,-28.522038,-27.510296,-50.112328,5.438878,5.799334,-0.353696,0.035248,0.0400
6.265727,5.052050,-0.797164,-0.565621,4.396115,5.889855,-28.522038,-27.510296,-50.112330,5.438878,5.799334,-0.353696,0.035248,0.0400
6.265727,5.052050,-0.797164,-0.565621,4.396115,5.889855,-28.522038,-27.510296,-50.112330,5.438878,5.799334,-0.353696,0.035248,0.0410
6.265727,4.378444,0.000000,-0.540167,4.396115,5.654045,-17.177444,-27.510296,-50.112330,5.420162,5.770064,0.224379,-0.205036,0.0470
6.265727,4.378444,0.000000,-0.540167,3.808531,2.659838,-15.085179,-27.510296,-50.112330,5.393966,5.689571,0.220778,-0.339588,0.0860
6.265727,4.378444,0.000000,-0.540167,3.849668,2.405036,-12.930019,-27.510296,-50.112330,5.385342,5.637852,0.321657,-0.295170,0.0540
6.265727,4.378444,0.000000,-0.540167,3.544851,2.300260,-10.505202,-27.510296,-50.112330,5.375596,5.574259,0.492202,-0.245442,0.1000
6.265727,4.378444,0.000000,-0.540167,3.081822,1.908768,-9.271622,-27.510296,-50.112330,5.365681,5.509259,0.569886,-0.191488,0.0920
6.265727,4.378444,0.000000,-0.540167,2.840240,1.944060,-10.616547,-27.510296,-50.112330,5.363237,5.454740,0.628203,-0.142090,0.0820
6.265727,4.378444,0.000000,-0.540167,3.349604,1.912100,-12.581217,-27.510296,-50.112330,5.359319,5.424401,0.658049,-0.129086,0.0410
6.265727,4.378444,0.000000,-0.540167,2.970614,2.266600,-14.213552,-27.510296,-50.112330,5.357597,5.405915,0.675848,-0.115557,0.0430
6.265727,4.378444,0.000000,-0.540167,2.970614,2.266600,-14.213552,-27.510296,-50.112330,5.357597,5.405915,0.675848,-0.115557,0.0400
6.265727,4.378444,0.000000,-0.540167,2.974275,2.270472,-25.172750,-27.510296,-50.112330,5.429246,5.396412,0.854761,0.095757,0.0400
6.265727,4.378444,0.000000,-0.540167,6.480965,4.381067,-31.351921,-27.510296,-50.112330,5.395536,5.331553,0.514389,-0.113254,0.0650
6.265727,4.378444,0.000000,-0.540167,4.813384,4.068330,-34.518383,-27.510296,-50.112330,5.384640,5.296612,0.522270,-0.141273,0.0400
6.265727,4.378444,0.000000,-0.540167,4.080318,4.965417,-35.543118,-27.510296,-50.112330,5.381439,5.283672,0.518428,-0.118487,0.0410
6.265727,4.378444,0.000000,-0.540167,4.080318,4.965417,-35.543118,-27.510296,-50.112330,5.381439,5.283672,0.518428,-0.118487,0.0670
6.265727,4.378444,0.000000,-0.540167,4.080318,4.965417,-35.543118,-27.510296,-50.112330,5.381439,5.283672,0.518428,-0.118487,0.0410
6.265727,4.378444,0.000000,-0.540167,4.080318,4.965417,-35.543118,-27.510296,-50.112330,5.381439,5.283672,0.518428,-0.118487,0.0410
6.265727,4.378444,0.000000,-0.540167,4.080318,4.965417,-35.543118,-27.510296,-50.112332,5.381439,5.283672,0.518428,-0.118487,0.0410
6.265727,4.378444,0.000000,-0.540167,4.080318,4.965417,-35.543118,-27.510296,-50.112332,5.381439,5.283672,0.518428,-0.118487,0.0400
6.265727,4.378444,0.000000,-0.540167,4.080318,4.965417,-35.543118,-27.510296,-50.112332,5.381439,5.283672,0.518428,-0.118487,0.0410
6.265727,4.378444,0.000000,-0.540167,4.080318,4.965417,-35.543118,-27.510296,-50.112332,5.381439,5.283672,0.518428,-0.118487,0.0400
6.265727,4.378444,0.000000,-0.540167,4.080318,4.965417,-35.543118,-27.510296,-50.112332,5.381439,5.283672,0.518428,-0.118487,0.0400
6.265727,4.378444,0.000000,-0.540167,4.080318,4.965417,-35.543118,-27.510296,-50.112332,5.381439,5.283672,0.518428,-0.118487,0.0400
6.265727,4.378444,0.000000,-0.540167,4.080318,4.965417,-35.543118,-27.510296,-50.112332,5.381439,5.283672,0.518428,-0.118487,0.0400
6.265727,4.378444,0.000000,-0.540167,4.080318,4.965417,-35.543118,-27.510296,-50.112332,5.381439,5.283672,0.518428,-0.118487,0.0400
6.265727,4.378444,0.000000,-0.540167,4.080318,4.965417,-35.543118,-27.510296,-50.112332,5.381439,5.283672,0.518428,-0.118487,0.0400
6.265727,4.378444,0.000000,-0.540167,4.080318,4.965417,-35.543118,-27.510296,-50.112332,5.381439,5.283672,0.518428,-0.118487,0.0400
6.265727,4.378444,0.000000,-0.540167,4.080318,4.965417,-35.543118,-27.510296,-50.112332,5.381439,5.283672,0.518428,-0.118487,0.0400
6.265727,4.378444,0.000000,-0.540167,4.080318,4.965417,-35.543118,-27.510296,-50.112332,5.381439,5.283672,0.518428,-0.118487,0.0400
6.265727,4.378444,0.000000,-0.540167,4.080318,4.965417,-35.543118,-27.510296,-50.112332,5.381439,5.283672,0.518428,-0.118487,0.0410
6.265727,4.378444,0.000000,-0.540167,4.080318,4.965417,-35.543118,-27.510296,-50.112332,5.381439,5.283672,0.518428,-0.118487,0.0410
6.265727,4.378444,0.000000,-0.540167,4.080318,4.965417,-35.543118,-27.510296,-50.112332,5.381439,5.283672,0.518428,-0.118487,0.0400
6.265727,4.378444,0.000000,-0.540167,4.080318,4.965417,-35.543118,-27.510296,-50.112332,5.381439,5.283672,0.518428,-0.118487,0.0400
6.265727,4.378444,0.000000,-0.540167,4.080318,4.965417,-35.543118,-27.510296,-50.112332,5.381439,5.283672,0.518428,-0.118487,0.0410
6.265727,4.378444,0.000000,-0.540167,4.080318,4.965417,-35.543118,-27.510296,-50.112332,5.381439,5.283672,0.518428,-0.118487,0.0400
6.265727,4.378444,0.000000,-0.540167,4.080318,4.965417,-35.543118,-27.510296,-50.112332,5.381439,5.283672,0.518428,-0.118487,0.0830
6.265727,4.378444,0.000000,-0.540167,4.080318,4.965417,-35.543118,-27.510296,-50.112332,5.381439,5.283672,0.518428,-0.118487,0.0400
6.265727,4.378444,0.000000,-0.540167,4.080318,4.965417,-35.543118,-27.510296,-50.112332,5.381439,5.283672,0.518428,-0.118487,0.0410
6.265727,4.378444,0.000000,-0.540167,4.080318,4.965417,-35.543118,-27.510297,-50.112332,5.381439,5.283672,0.518428,-0.118487,0.0410
6.265727,4.378444,0.000000,-0.540167,4.080318,4.965417,-35.543118,-27.510297,-50.112332,5.381439,5.283672,0.518428,-0.118487,0.0400
6.265727,4.378444,0.000000,-0.540167,4.080318,4.965417,-35.543118,-27.510297,-50.112332,5.381439,5.283672,0.518428,-0.118487,0.0400
6.265727,4.378444,0.000000,-0.540167,4.080318,4.965417,-35.543118,-27.510297,-50.112332,5.381439,5.283672,0.518428,-0.118487,0.0400
6.265727,4.378444,0.000000,-0.540167,4.080318,4.965417,-35.543118,-27.510297,-50.112332,5.381439,5.283672,0.518428,-0.118487,0.0410
6.265727,4.378444,0.000000,-0.540167,4.080318,4.965417,-35.543118,-27.510297,-50.112332,5.381439,5.283672,0.518428,-0.118487,0.0400
6.265727,4.378444,0.000000,-0.540167,4.080318,4.965417,-35.543118,-27.510297,-50.112332,5.381439,5.283672,0.518428,-0.118487,0.0410
6.265727,4.378444,0.000000,-0.540167,4.080318,4.965417,-35.543118,-27.510297,-50.112332,5.381439,5.283672,0.518428,-0.118487,0.0400
6.265727,4.378444,0.000000,-0.540167,4.080318,4.965417,-35.543118,-27.510297,-50.112332,5.381439,5.283672,0.518428,-0.118487,0.0410
6.265727,4.378444,0.000000,-0.540167,4.080318,4.965417,-35.543118,-27.510297,-50.112332,5.381439,5.283672,0.518428,-0.118487,0.0410
6.265727,4.378444,0.000000,-0.540167,4.080318,4.965417,-35.543118,-27.510297,-50.112332,5.381439,5.283672,0.518428,-0.118487,0.0650
6.265727,4.378444,0.000000,-0.540167,4.080318,4.965417,-35.543118,-27.510297,-50.112332,5.381439,5.283672,0.518428,-0.118487,0.0400
6.265727,4.378444,0.000000,-0.540167,4.080318,4.965417,-35.543118,-27.510297,-50.112332,5.381439,5.283672,0.518428,-0.118487,0.0410
6.265727,4.378444,0.000000,-0.540167,4.080318,4.965417,-35.543118,-27.510297,-50.112332,5.381439,5.283672,0.518428,-0.118487,0.0400
6.265727,4.378444,0.000000,-0.540167,4.080318,4.965417,-35.543118,-27.510297,-50.112332,5.381439,5.283672,0.518428,-0.118487,0.0400
6.265727,4.378444,0.000000,-0.540167,4.080318,4.965417,-35.543118,-27.510297,-50.112332,5.381439,5.283672,0.518428,-0.118487,0.0410
6.265727,4.378444,0.000000,-0.540167,4.080318,4.965417,-35.543118,-27.510297,-50.112332,5.381439,5.283672,0.518428,-0.118487,0.0400
6.265727,4.378444,0.000000,-0.540167,4.080318,4.965417,-35.543118,-27.510297,-50.112332,5.381439,5.283672,0.518428,-0.118487,0.0400
6.265727,4.378444,0.000000,-0.540167,4.080318,4.965417,-35.543118,-27.510297,-50.112332,5.381439,5.283672,0.518428,-0.118487,0.0410
6.265727,4.378444,0.000000,-0.540167,4.080318,4.965417,-35.543118,-27.510297,-50.112332,5.381439,5.283672,0.518428,-0.118487,0.0400
6.265727,4.378444,0.000000,-0.540167,4.080318,4.965417,-35.543118,-27.510297,-50.112332,5.381439,5.283672,0.518428,-0.118487,0.0400
6.265727,4.378444,0.000000,-0.540167,4.080318,4.965417,-35.543118,-27.510297,-50.112332,5.381439,5.283672,0.518428,-0.118487,0.0410
6.265727,4.378444,0.000000,-0.540167,4.080318,4.965417,-35.543118,-27.510297,-50.112332,5.381439,5.283672,0.518428,-0.118487,0.0400
6.265727,4.378444,0.000000,-0.540167,4.080318,4.965417,-35.543118,-27.510297,-50.112332,5.381439,5.283672,0.518428,-0.118487,0.0410
6.265727,4.378444,0.000000,-0.540167,4.080318,4.965417,-35.543118,-27.510297,-50.112332,5.381439,5.283672,0.518428,-0.118487,0.0410
6.265727,4.378444,0.000000,-0.540167,4.080318,4.965417,-35.543118,-27.510297,-50.112332,5.381439,5.283672,0.518428,-0.118487,0.0410
6.265727,4.378444,0.000000,-0.540167,4.080318,4.965417,-35.543118,-27.510297,-50.112332,5.381439,5.283672,0.518428,-0.118487,0.0400
6.265727,4.378444,0.000000,-0.540167,4.080318,4.965417,-35.543118,-27.510297,-50.112332,5.381439,5.283672,0.518428,-0.118487,0.0410
6.265727,4.378444,0.000000,-0.540167,4.080318,4.965417,-35.543118,-27.510297,-50.112332,5.381439,5.283672,0.518428,-0.118487,0.0510
6.265727,4.378444,0.000000,-0.540167,4.080318,4.965417,-35.543118,-27.510297,-50.112332,5.381439,5.283672,0.518428,-0.118487,0.0400
6.265727,4.378444,0.000000,-0.540167,4.080318,4.965417,-35.543118,-27.510297,-50.112332,5.381439,5.283672,0.518428,-0.118487,0.0400
6.265727,4.378444,0.000000,-0.540167,4.080318,4.965417,-35.543118,-27.510297,-50.112332,5.381439,5.283672,0.518428,-0.118487,0.0410
6.265727,4.378444,0.000000,-0.540167,4.080318,4.965417,-35.543118,-27.510297,-50.112332,5.381439,5.283672,0.518428,-0.118487,0.0400
6.265727,4.378444,0.000000,-0.540167,4.080318,4.965417,-35.543118,-27.510297,-50.112332,5.381439,5.283672,0.518428,-0.118487,0.0400
6.265727,4.378444,0.000000,-0.540167,4.080318,4.965417,-35.543118,-27.510297,-50.112332,5.381439,5.283672,0.518428,-0.118487,0.0400
6.265727,4.378444,0.000000,-0.540167,4.080318,4.965417,-35.543118,-27.510297,-50.112332,5.381439,5.283672,0.518428,-0.118487,0.0400
6.265727,4.378444,0.000000,-0.540167,4.080318,4.965417,-35.543118,-27.510297,-50.112332,5.381439,5.283672,0.518428,-0.118487,0.0400
6.265727,4.378444,0.000000,-0.540167,4.080318,4.965417,-35.543118,-27.510297,-50.112332,5.381439,5.283672,0.518428,-0.118487,0.0400
6.265727,4.378444,0.000000,-0.540167,4.080318,4.965417,-35.543118,-27.510297,-50.112332,5.381439,5.283672,0.518428,-0.118487,0.0410
6.265727,4.378444,0.000000,-0.540167,4.080318,4.965417,-35.543118,-27.510297,-50.112332,5.381439,5.283672,0.518428,-0.118487,0.0410
6.265727,4.378444,0.000000,-0.540167,4.080318,4.965417,-35.543118,-27.510297,-50.112332,5.381439,5.283672,0.518428,-0.118487,0.0410
6.265727,4.378444,0.000000,-0.540167,4.080318,4.965417,-35.543118,-27.510297,-50.112332,5.381439,5.283672,0.518428,-0.118487,0.0430
6.265727,4.378444,0.000000,-0.540167,4.080318,4.965417,-35.543118,-27.510297,-50.112332,5.381439,5.283672,0.518428,-0.118487,0.0410
6.265727,4.378444,0.000000,-0.540167,4.080318,4.965417,-35.543118,-27.510297,-50.112332,5.381439,5.283672,0.518428,-0.118487,0.0420
5.885985,5.052050,-0.086533,0.306993,-6.594923,5.036247,82.365074,-27.510300,-50.112329,6.722326,4.854462,-0.444485,0.462642,0.1450
5.885985,5.052050,-0.086533,0.306993,-6.636250,4.203362,87.681526,-27.510300,-50.112329,8.072356,4.120677,-1.502918,1.191270,0.3770
5.885985,5.052050,-0.086533,0.306993,-6.096269,3.923758,88.144356,-27.510300,-50.112329,8.290127,4.005055,-1.622103,1.270593,0.1000
5.885985,5.052050,-0.086533,0.306993,-5.897738,4.008832,88.159790,-27.510300,-50.112329,8.372923,3.960836,-1.626231,1.277861,0.0420
5.885985,5.052050,-0.086533,0.306993,-5.898867,4.006537,88.148666,-27.510300,-50.112329,8.394878,3.949296,-1.628078,1.282368,0.0410
5.885985,5.052050,-0.086533,0.306993,-5.569542,3.654501,88.119453,-27.510300,-50.112329,8.407150,3.965007,-1.342203,1.111739,0.0800
5.885985,5.052050,-0.086533,0.306993,-5.209266,3.555513,88.178268,-27.510300,-50.112329,8.434082,3.956051,-1.223877,1.036603,0.0450
5.885985,5.052050,-0.086533,0.306993,-5.709526,3.322611,88.188339,-27.510300,-50.112329,8.438080,3.955357,-1.209239,1.028108,0.0480
5.885985,5.052050,-0.086533,0.306993,-6.453805,4.141543,87.942863,-27.510300,-50.112329,8.400287,4.009602,-0.979780,0.870368,0.1000
5.885985,5.052050,-0.086533,0.306993,-8.695900,4.921701,87.783302,-27.510300,-50.112329,8.395002,4.032673,-1.185719,0.964409,0.0980
5.885985,4.378444,0.000000,-0.190344,-9.418308,5.257356,87.478622,-27.510300,-50.112333,8.391381,4.005283,-1.472392,0.990957,0.0920
5.885985,4.378444,0.000000,-0.190344,-9.291405,5.385453,87.147133,-27.510300,-50.112333,8.395269,3.987055,-1.578340,0.990338,0.0430
5.885985,4.378444,0.000000,-0.190344,-9.291884,5.396005,87.077545,-27.510300,-50.112333,8.395443,3.984779,-1.594737,0.993389,0.0400
5.885985,4.378444,0.000000,-0.190344,-9.291884,5.396005,87.077545,-27.510300,-50.112333,8.395443,3.984779,-1.594737,0.993389,0.0400
5.885985,4.378444,0.000000,-0.190344,-9.291884,5.396005,87.077545,-27.510300,-50.112333,8.395443,3.984779,-1.594737,0.993389,0.0400
5.885985,4.378444,0.000000,-0.190344,-9.291884,5.396005,87.077545,-27.510300,-50.112333,8.395443,3.984779,-1.594737,0.993389,0.0710
5.885985,4.378444,0.000000,-0.190344,-8.278041,6.648161,75.085373,-27.510300,-50.112333,8.224128,4.047641,-0.519918,0.206165,0.0820
5.885985,4.378444,0.000000,-0.190344,-7.289012,6.428779,72.594635,-27.510300,-50.112333,8.242446,4.018474,-0.566377,0.260509,0.0410
5.885985,4.378444,0.000000,-0.190344,-7.005856,6.554453,71.683784,-27.510300,-50.112333,8.246430,4.010116,-0.591434,0.292588,0.0400
5.885985,4.378444,0.000000,-0.190344,-7.005856,6.554453,71.683784,-27.510300,-50.112333,8.246430,4.010116,-0.591434,0.292588,0.0440
5.885985,4.378444,0.000000,-0.190344,-5.607957,6.272377,63.544754,-27.510300,-50.112333,8.214663,3.992627,-0.475703,0.295585,0.0920
5.885985,4.378444,0.000000,-0.190344,-5.166039,6.269936,61.532135,-27.510300,-50.112333,8.220040,3.956535,-0.527830,0.388339,0.0740
5.885985,4.378444,0.000000,-0.190344,-5.343726,5.894466,60.369869,-27.510300,-50.112333,8.213192,3.918958,-0.731539,0.643559,0.1100
5.885985,4.378444,0.000000,-0.190344,-5.266600,5.913634,60.151051,-27.510300,-50.112333,8.210824,3.896980,-0.829185,0.749515,0.0580
5.885985,4.378444,0.000000,-0.190344,-5.432326,6.014318,60.092804,-27.510300,-50.112333,8.209806,3.887825,-0.866677,0.790016,0.0410
5.885985,4.378444,0.000000,-0.190344,-5.432326,6.014318,60.092804,-27.510300,-50.112333,8.209806,3.887825,-0.866677,0.790016,0.0400
5.885985,4.378444,0.000000,-0.190344,-5.432326,6.014318,60.092804,-27.510313,-50.112348,8.209806,3.887825,-0.866677,0.790016,0.0410
5.885985,4.378444,0.000000,-0.190344,-5.432326,6.014318,60.092804,-27.510313,-50.112348,8.209806,3.887825,-0.866677,0.790016,0.0470
4.367021,3.031232,-0.904457,-0.802188,-5.678510,6.044492,57.974312,-27.510313,-50.112348,7.972153,3.803081,-1.213647,-0.331799,0.0900
4.367021,3.031232,-0.904457,-0.802188,-5.679779,6.198835,56.450531,-27.510313,-50.112348,7.931673,3.749310,-1.295008,-0.284092,0.0410
4.367021,3.031232,-0.904457,-0.802188,-5.678455,6.201827,56.363712,-27.510313,-50.112348,7.929666,3.746769,-1.299592,-0.280659,0.0410
4.367021,3.031232,-0.904457,-0.802188,-6.591374,7.566380,52.029480,-27.510313,-50.112348,7.793843,3.635088,-1.474751,-0.104400,0.0870
4.367021,3.031232,-0.904457,-0.802188,-6.851220,7.756660,52.086487,-27.510313,-50.112348,7.747380,3.573529,-1.552393,-0.022929,0.0480
4.367021,3.031232,-0.904457,-0.802188,-7.185812,8.067147,54.554558,-27.510313,-50.112348,7.535994,3.365094,-2.134521,0.613969,0.1990
4.367021,3.031232,-0.904457,-0.802188,-6.498850,7.349450,55.509251,-27.510313,-50.112348,7.460320,3.278540,-2.253470,0.730473,0.0860
4.367021,3.031232,-0.904457,-0.802188,-6.140547,4.999446,53.182659,-27.510313,-50.112348,7.110924,3.036499,-2.373571,0.655570,0.2500
3.797409,1.684020,-0.510867,-1.208272,-6.093068,6.727219,51.347244,-27.510319,-50.112360,6.727082,2.503006,-2.524220,0.947905,0.4690
3.797409,1.684020,-0.510867,-1.208272,-4.844601,6.749192,39.083607,-27.510319,-50.112360,6.361183,1.940869,-2.600758,1.128822,0.4540
3.797409,1.684020,-0.510867,-1.208272,-5.367751,5.698189,43.816628,-27.510319,-50.112360,6.295232,1.821602,-2.424184,0.969967,0.1210
3.417668,0.673611,-0.409023,-1.088321,-4.996863,5.267659,48.931812,-27.510323,-50.112370,6.232607,1.722110,-2.332033,0.852908,0.0870
3.417668,0.673611,-0.409023,-1.088321,-5.289051,5.150806,54.002045,-27.510323,-50.112370,6.146765,1.571903,-2.236129,0.730898,0.1130
3.417668,0.673611,-0.409023,-1.088321,-7.489335,7.238677,56.146103,-27.510323,-50.112370,5.980147,1.326455,-2.436461,0.842364,0.2460
3.417668,0.673611,-0.409023,-1.088321,-10.587193,12.968270,58.959621,-27.510323,-50.112370,5.949172,1.261550,-2.648634,1.111168,0.0550
3.417668,0.673611,-0.409023,-1.088321,-8.234247,8.316501,61.207191,-27.510323,-50.112370,5.930084,1.196188,-2.667419,1.203507,0.0410
3.417668,0.673611,-0.409023,-1.088321,-8.314133,5.690351,61.207191,-27.510323,-50.112370,5.930084,1.196188,-2.667419,1.203507,0.0410
3.417668,0.673611,-0.409023,-1.088321,-8.314133,5.690351,61.207191,-27.510323,-50.112370,5.930084,1.196188,-2.667419,1.203507,0.0400
3.417668,0.673611,-0.409023,-1.088321,-8.314133,5.690351,61.207191,-27.510323,-50.112370,5.930084,1.196188,-2.667419,1.203507,0.0470
3.417668,0.673611,-0.409023,-1.088321,-8.314133,5.690351,61.207191,-27.510323,-50.112370,5.930084,1.196188,-2.667419,1.203507,0.0400
3.417668,0.673611,-0.409023,-1.088321,-8.314133,5.690351,61.207191,-27.510323,-50.112370,5.930084,1.196188,-2.667419,1.203507,0.0410
3.417668,0.673611,-0.409023,-1.088321,-8.314133,5.690351,61.207191,-27.510323,-50.112370,5.930084,1.196188,-2.667419,1.203507,0.0400
3.417668,0.673611,-0.409023,-1.088321,-8.314133,5.690351,61.207191,-27.510323,-50.112370,5.930084,1.196188,-2.667419,1.203507,0.0410
3.417668,0.673611,-0.409023,-1.088321,-8.314133,5.690351,61.207191,-27.510323,-50.112370,5.930084,1.196188,-2.667419,1.203507,0.0400
3.417668,0.673611,-0.409023,-1.088321,-8.314133,5.690351,61.207191,-27.510323,-50.112370,5.930084,1.196188,-2.667419,1.203507,0.0410
3.417668,0.673611,-0.409023,-1.088321,-8.314133,5.690351,61.207191,-27.510323,-50.112370,5.930084,1.196188,-2.667419,1.203507,0.0400
3.417668,0.673611,-0.409023,-1.088321,-8.314133,5.690351,61.207191,-27.510323,-50.112370,5.930084,1.196188,-2.667419,1.203507,0.0410
3.417668,0.673611,-0.409023,-1.088321,-8.314133,5.690351,61.207191,-27.510321,-50.112371,5.930084,1.196188,-2.667419,1.203507,0.0410
3.417668,0.673611,-0.409023,-1.088321,-8.314133,5.690351,61.207191,-27.510321,-50.112371,5.930084,1.196188,-2.667419,1.203507,0.0400
3.417668,0.673611,-0.409023,-1.088321,-8.314133,5.690351,61.207191,-27.510321,-50.112371,5.930084,1.196188,-2.667419,1.203507,0.0400
3.417668,0.673611,-0.409023,-1.088321,-8.314133,5.690351,61.207191,-27.510321,-50.112371,5.930084,1.196188,-2.667419,1.203507,0.0400
3.417668,0.673611,-0.409023,-1.088321,-8.314133,5.690351,61.207191,-27.510321,-50.112371,5.930084,1.196188,-2.667419,1.203507,0.0410
3.417668,0.673611,-0.409023,-1.088321,-8.314133,5.690351,61.207191,-27.510321,-50.112371,5.930084,1.196188,-2.667419,1.203507,0.0410
3.417668,0.673611,-0.409023,-1.088321,-8.314133,5.690351,61.207191,-27.510321,-50.112371,5.930084,1.196188,-2.667419,1.203507,0.0430
3.417668,0.673611,-0.409023,-1.088321,-8.314133,5.690351,61.207191,-27.510321,-50.112371,5.930084,1.196188,-2.667419,1.203507,0.0410
3.417668,0.673611,-0.409023,-1.088321,-8.314133,5.690351,61.207191,-27.510321,-50.112371,5.930084,1.196188,-2.667419,1.203507,0.0400
3.417668,0.673611,-0.409023,-1.088321,-8.314133,5.690351,61.207191,-27.510321,-50.112371,5.930084,1.196188,-2.667419,1.203507,0.0400
3.417668,0.673611,-0.409023,-1.088321,-8.314133,5.690351,61.207191,-27.510321,-50.112371,5.930084,1.196188,-2.667419,1.203507,0.0410
3.417668,0.673611,-0.409023,-1.088321,-8.314133,5.690351,61.207191,-27.510321,-50.112371,5.930084,1.196188,-2.667419,1.203507,0.0410
3.417668,0.673611,-0.409023,-1.088321,-8.314133,5.690351,61.207191,-27.510321,-50.112371,5.930084,1.196188,-2.667419,1.203507,0.0400
3.417668,0.673611,-0.409023,-1.088321,-8.314133,5.690351,61.207191,-27.510321,-50.112371,5.930084,1.196188,-2.667419,1.203507,0.0400
3.417668,0.673611,-0.409023,-1.088321,-8.314133,5.690351,61.207191,-27.510321,-50.112371,5.930084,1.196188,-2.667419,1.203507,0.0730
3.417668,0.673611,-0.409023,-1.088321,-8.314133,5.690351,61.207191,-27.510321,-50.112371,5.930084,1.196188,-2.667419,1.203507,0.0400
3.417668,0.673611,-0.409023,-1.088321,-8.314133,5.690351,61.207191,-27.510321,-50.112371,5.930084,1.196188,-2.667419,1.203507,0.0410
3.417668,0.673611,-0.409023,-1.088321,-8.314133,5.690351,61.207191,-27.510321,-50.112371,5.930084,1.196188,-2.667419,1.203507,0.0400
3.417668,0.673611,-0.409023,-1.088321,-8.314133,5.690351,61.207191,-27.510321,-50.112371,5.930084,1.196188,-2.667419,1.203507,0.0410
3.417668,0.673611,-0.409023,-1.088321,-8.314133,5.690351,61.207191,-27.510321,-50.112371,5.930084,1.196188,-2.667419,1.203507,0.0410
3.417668,0.673611,-0.409023,-1.088321,-8.314133,5.690351,61.207191,-27.510321,-50.112371,5.930084,1.196188,-2.667419,1.203507,0.0410
3.417668,0.673611,-0.409023,-1.088321,-8.314133,5.690351,61.207191,-27.510322,-50.112372,5.930084,1.196188,-2.667419,1.203507,0.0520
3.417668,0.673611,-0.409023,-1.088321,-8.314133,5.690351,61.207191,-27.510322,-50.112372,5.930084,1.196188,-2.667419,1.203507,0.0410
3.417668,0.673611,-0.409023,-1.088321,-8.314133,5.690351,61.207191,-27.510322,-50.112372,5.930084,1.196188,-2.667419,1.203507,0.0400
3.417668,0.673611,-0.409023,-1.088321,-8.314133,5.690351,61.207191,-27.510322,-50.112372,5.930084,1.196188,-2.667419,1.203507,0.0410
3.417668,0.673611,-0.409023,-1.088321,-8.314133,5.690351,61.207191,-27.510322,-50.112372,5.930084,1.196188,-2.667419,1.203507,0.0410
3.417668,0.673611,-0.409023,-1.088321,-8.314133,5.690351,61.207191,-27.510322,-50.112372,5.930084,1.196188,-2.667419,1.203507,0.0410
3.417668,0.673611,-0.409023,-1.088321,-8.314133,5.690351,61.207191,-27.510322,-50.112372,5.930084,1.196188,-2.667419,1.203507,0.0410
3.417668,0.673611,-0.409023,-1.088321,-8.314133,5.690351,61.207191,-27.510322,-50.112372,5.930084,1.196188,-2.667419,1.203507,0.0410
3.417668,0.673611,-0.409023,-1.088321,-8.314133,5.690351,61.207191,-27.510322,-50.112372,5.930084,1.196188,-2.667419,1.203507,0.0400
3.417668,0.673611,-0.409023,-1.088321,-8.314133,5.690351,61.207191,-27.510322,-50.112372,5.930084,1.196188,-2.667419,1.203507,0.0400
3.417668,0.673611,-0.409023,-1.088321,-8.314133,5.690351,61.207191,-27.510322,-50.112372,5.930084,1.196188,-2.667419,1.203507,0.0410
3.417668,0.673611,-0.409023,-1.088321,-8.314133,5.690351,61.207191,-27.510322,-50.112372,5.930084,1.196188,-2.667419,1.203507,0.0400
3.417668,0.673611,-0.409023,-1.088321,-8.314133,5.690351,61.207191,-27.510322,-50.112372,5.930084,1.196188,-2.667419,1.203507,0.0400
3.417668,0.673611,-0.409023,-1.088321,-8.314133,5.690351,61.207191,-27.510322,-50.112372,5.930084,1.196188,-2.667419,1.203507,0.0410
3.417668,0.673611,-0.409023,-1.088321,-8.314133,5.690351,61.207191,-27.510322,-50.112372,5.930084,1.196188,-2.667419,1.203507,0.0410
3.417668,0.673611,-0.409023,-1.088321,-8.314133,5.690351,61.207191,-27.510322,-50.112372,5.930084,1.196188,-2.667419,1.203507,0.0400
3.417668,0.673611,-0.409023,-1.088321,-8.314133,5.690351,61.207191,-27.510322,-50.112372,5.930084,1.196188,-2.667419,1.203507,0.0400
3.417668,0.673611,-0.409023,-1.088321,-8.314133,5.690351,61.207191,-27.510322,-50.112372,5.930084,1.196188,-2.667419,1.203507,0.0400
3.417668,0.673611,-0.409023,-1.088321,-8.314133,5.690351,61.207191,-27.510322,-50.112372,5.930084,1.196188,-2.667419,1.203507,0.0400
3.417668,0.673611,-0.409023,-1.088321,-8.314133,5.690351,61.207191,-27.510322,-50.112372,5.930084,1.196188,-2.667419,1.203507,0.0410
3.417668,0.673611,-0.409023,-1.088321,-8.314133,5.690351,61.207191,-27.510322,-50.112372,5.930084,1.196188,-2.667419,1.203507,0.0410
3.417668,0.673611,-0.409023,-1.088321,-8.314133,5.690351,61.207191,-27.510322,-50.112372,5.930084,1.196188,-2.667419,1.203507,0.0400
3.417668,0.673611,-0.409023,-1.088321,-8.314133,5.690351,61.207191,-27.510323,-50.112372,5.930084,1.196188,-2.667419,1.203507,0.0400
3.417668,0.673611,-0.409023,-1.088321,-8.314133,5.690351,61.207191,-27.510323,-50.112372,5.930084,1.196188,-2.667419,1.203507,0.0400
3.417668,0.673611,-0.409023,-1.088321,-8.314133,5.690351,61.207191,-27.510323,-50.112372,5.930084,1.196188,-2.667419,1.203507,0.0410
3.417668,0.673611,-0.409023,-1.088321,-8.314133,5.690351,61.207191,-27.510323,-50.112372,5.930084,1.196188,-2.667419,1.203507,0.0400
3.417668,0.673611,-0.409023,-1.088321,-8.314133,5.690351,61.207191,-27.510323,-50.112372,5.930084,1.196188,-2.667419,1.203507,0.0400
3.417668,0.673611,-0.409023,-1.088321,-8.314133,5.690351,61.207191,-27.510323,-50.112372,5.930084,1.196188,-2.667419,1.203507,0.0700
3.417668,0.673611,-0.409023,-1.088321,-8.314133,5.690351,61.207191,-27.510323,-50.112372,5.930084,1.196188,-2.667419,1.203507,0.0400
3.417668,0.673611,-0.409023,-1.088321,-8.314133,5.690351,61.207191,-27.510323,-50.112372,5.930084,1.196188,-2.667419,1.203507,0.0400
3.417668,0.673611,-0.409023,-1.088321,-8.314133,5.690351,61.207191,-27.510323,-50.112372,5.930084,1.196188,-2.667419,1.203507,0.0400
3.417668,0.673611,-0.409023,-1.088321,-8.314133,5.690351,61.207191,-27.510323,-50.112372,5.930084,1.196188,-2.667419,1.203507,0.0610
3.417668,0.673611,-0.409023,-1.088321,-8.314133,5.690351,61.207191,-27.510323,-50.112372,5.930084,1.196188,-2.667419,1.203507,0.0410
3.417668,0.673611,-0.409023,-1.088321,-8.314133,5.690351,61.207191,-27.510323,-50.112372,5.930084,1.196188,-2.667419,1.203507,0.0400
3.417668,0.673611,-0.409023,-1.088321,-8.314133,5.690351,61.207191,-27.510323,-50.112372,5.930084,1.196188,-2.667419,1.203507,0.0410
3.417668,0.673611,-0.409023,-1.088321,-8.314133,5.690351,61.207191,-27.510323,-50.112372,5.930084,1.196188,-2.667419,1.203507,0.0400
3.417668,0.673611,-0.409023,-1.088321,-8.314133,5.690351,61.207191,-27.510323,-50.112372,5.930084,1.196188,-2.667419,1.203507,0.0400
3.417668,0.673611,-0.409023,-1.088321,-8.314133,5.690351,61.207191,-27.510323,-50.112372,5.930084,1.196188,-2.667419,1.203507,0.0400
3.417668,0.673611,-0.409023,-1.088321,-8.314133,5.690351,61.207191,-27.510323,-50.112372,5.930084,1.196188,-2.667419,1.203507,0.0400
3.417668,0.673611,-0.409023,-1.088321,-8.314133,5.690351,61.207191,-27.510323,-50.112372,5.930084,1.196188,-2.667419,1.203507,0.0410
3.417668,0.673611,-0.409023,-1.088321,-8.314133,5.690351,61.207191,-27.510323,-50.112372,5.930084,1.196188,-2.667419,1.203507,0.0400
3.417668,0.673611,-0.409023,-1.088321,-8.314133,5.690351,61.207191,-27.510323,-50.112372,5.930084,1.196188,-2.667419,1.203507,0.0400
3.417668,0.673611,-0.409023,-1.088321,-8.314133,5.690351,61.207191,-27.510323,-50.112372,5.930084,1.196188,-2.667419,1.203507,0.0400
3.417668,0.673611,-0.409023,-1.088321,-8.314133,5.690351,61.207191,-27.510323,-50.112372,5.930084,1.196188,-2.667419,1.203507,0.0400
3.417668,0.673611,-0.409023,-1.088321,-8.314133,5.690351,61.207191,-27.510323,-50.112372,5.930084,1.196188,-2.667419,1.203507,0.0400
3.417668,0.673611,-0.409023,-1.088321,-8.314133,5.690351,61.207191,-27.510324,-50.112371,5.930084,1.196188,-2.667419,1.203507,0.0420
3.417668,0.673611,-0.409023,-1.088321,-8.314133,5.690351,61.207191,-27.510324,-50.112371,5.930084,1.196188,-2.667419,1.203507,0.0440
3.417668,0.673611,-0.409023,-1.088321,-8.314133,5.690351,61.207191,-27.510324,-50.112371,5.930084,1.196188,-2.667419,1.203507,0.0410
3.417668,0.673611,-0.409023,-1.088321,-8.314133,5.690351,61.207191,-27.510324,-50.112371,5.930084,1.196188,-2.667419,1.203507,0.0420
3.417668,0.673611,-0.409023,-1.088321,-8.314133,5.690351,61.207191,-27.510324,-50.112371,5.930084,1.196188,-2.667419,1.203507,0.0410
3.417668,0.673611,-0.409023,-1.088321,-8.314133,5.690351,61.207191,-27.510324,-50.112371,5.930084,1.196188,-2.667419,1.203507,0.0440
3.417668,0.673611,-0.409023,-1.088321,-8.314133,5.690351,61.207191,-27.510324,-50.112371,5.930084,1.196188,-2.667419,1.203507,0.0410
3.417668,0.673611,-0.409023,-1.088321,-8.314133,5.690351,61.207191,-27.510324,-50.112371,5.930084,1.196188,-2.667419,1.203507,0.0400
3.417668,0.673611,-0.409023,-1.088321,-8.314133,5.690351,61.207191,-27.510324,-50.112371,5.930084,1.196188,-2.667419,1.203507,0.0410
3.417668,0.673611,-0.409023,-1.088321,-8.314133,5.690351,61.207191,-27.510324,-50.112371,5.930084,1.196188,-2.667419,1.203507,0.0410
3.417668,0.673611,-0.409023,-1.088321,-8.314133,5.690351,61.207191,-27.510324,-50.112371,5.930084,1.196188,-2.667419,1.203507,0.0400
3.417668,0.673611,-0.409023,-1.088321,-8.314133,5.690351,61.207191,-27.510324,-50.112371,5.930084,1.196188,-2.667419,1.203507,0.0400
3.417668,0.673611,-0.409023,-1.088321,-8.314133,5.690351,61.207191,-27.510324,-50.112371,5.930084,1.196188,-2.667419,1.203507,0.0420
3.417668,0.673611,-0.409023,-1.088321,-8.314133,5.690351,61.207191,-27.510324,-50.112371,5.930084,1.196188,-2.667419,1.203507,0.0410
3.417668,0.673611,-0.409023,-1.088321,-8.314133,5.690351,61.207191,-27.510324,-50.112371,5.930084,1.196188,-2.667419,1.203507,0.0410
3.417668,0.673611,-0.409023,-1.088321,-8.314133,5.690351,61.207191,-27.510324,-50.112371,5.930084,1.196188,-2.667419,1.203507,0.0410
3.417668,0.673611,-0.409023,-1.088321,-8.314133,5.690351,61.207191,-27.510324,-50.112371,5.930084,1.196188,-2.667419,1.203507,0.0940
3.417668,0.673611,-0.409023,-1.088321,-8.314133,5.690351,61.207191,-27.510324,-50.112371,5.930084,1.196188,-2.667419,1.203507,0.0410
3.417668,0.673611,-0.409023,-1.088321,-8.314133,5.690351,61.207191,-27.510324,-50.112371,5.930084,1.196188,-2.667419,1.203507,0.0410
3.417668,0.673611,-0.409023,-1.088321,-8.314133,5.690351,61.207191,-27.510324,-50.112371,5.930084,1.196188,-2.667419,1.203507,0.0400
3.417668,0.673611,-0.409023,-1.088321,-8.314133,5.690351,61.207191,-27.510324,-50.112371,5.930084,1.196188,-2.667419,1.203507,0.0440
3.417668,0.673611,-0.409023,-1.088321,-8.314133,5.690351,61.207191,-27.510324,-50.112371,5.930084,1.196188,-2.667419,1.203507,0.0400
3.417668,0.673611,-0.409023,-1.088321,-8.314133,5.690351,61.207191,-27.510325,-50.112372,5.930084,1.196188,-2.667419,1.203507,0.0400
3.417668,0.673611,-0.409023,-1.088321,-8.314133,5.690351,61.207191,-27.510325,-50.112372,5.930084,1.196188,-2.667419,1.203507,0.0400
3.417668,0.673611,-0.409023,-1.088321,-8.314133,5.690351,61.207191,-27.510325,-50.112372,5.930084,1.196188,-2.667419,1.203507,0.0410
3.417668,0.673611,-0.409023,-1.088321,-8.314133,5.690351,61.207191,-27.510325,-50.112372,5.930084,1.196188,-2.667419,1.203507,0.0400
3.417668,0.673611,-0.409023,-1.088321,-8.314133,5.690351,61.207191,-27.510325,-50.112372,5.930084,1.196188,-2.667419,1.203507,0.0400
3.417668,0.673611,-0.409023,-1.088321,-8.314133,5.690351,61.207191,-27.510325,-50.112372,5.930084,1.196188,-2.667419,1.203507,0.0400
