0.189871,0.000000,0.000000,0.000000,-0.063656,-0.426940,-0.001923,-27.510376,-50.112385,0.181526,0.000840,-0.009116,-0.056413,0.2510
0.189871,0.000000,0.000000,0.000000,-0.065136,-0.407743,-0.000239,-27.510376,-50.112385,0.182521,-0.000119,-0.009931,-0.061909,0.0400
0.189871,0.000000,0.000000,0.000000,-0.059809,-0.379458,0.001856,-27.510376,-50.112385,0.183288,-0.001226,-0.010828,-0.067274,0.0410
0.189871,0.000000,0.000000,0.000000,-0.052738,-0.357240,0.002326,-27.510376,-50.112385,0.183873,-0.002295,-0.011271,-0.071350,0.0400
0.189871,0.000000,0.000000,0.000000,-0.057402,-0.325063,0.003403,-27.510376,-50.112385,0.184267,-0.003170,-0.011593,-0.073700,0.0420
0.189871,0.000000,0.000000,0.000000,-0.046336,-0.302961,0.004343,-27.510376,-50.112385,0.184604,-0.004163,-0.011926,-0.075514,0.0400
0.189871,0.000000,0.000000,0.000000,-0.043204,-0.270965,0.006441,-27.510376,-50.112385,0.184863,-0.005108,-0.011947,-0.076016,0.0410
0.189871,0.000000,0.000000,0.000000,-0.035980,-0.243769,0.008960,-27.510376,-50.112385,0.185067,-0.005977,-0.011860,-0.075509,0.0420
0.189871,0.000000,0.000000,0.000000,-0.028633,-0.212106,0.010047,-27.510376,-50.112385,0.185219,-0.006798,-0.011460,-0.074189,0.0400
0.189871,0.000000,0.000000,0.000000,-0.022760,-0.185816,0.011277,-27.510376,-50.112385,0.185363,-0.007502,-0.010879,-0.071789,0.0400
0.189871,0.000000,0.000000,0.000000,-0.021682,-0.149981,0.012017,-27.510376,-50.112385,0.185499,-0.008176,-0.010255,-0.068015,0.0410
0.189871,0.000000,0.000000,0.000000,-0.022647,-0.125511,0.013018,-27.510376,-50.112385,0.185614,-0.008681,-0.009707,-0.064026,0.0410
0.000000,-0.000000,-0.174911,-0.000000,-0.018264,-0.090415,0.012674,-27.510377,-50.112384,0.183719,-0.009135,-0.012510,-0.059911,0.0410
0.000000,-0.000000,-0.174911,-0.000000,-0.011021,-0.064863,0.012572,-27.510377,-50.112384,0.167309,-0.009513,-0.037284,-0.054279,0.0410
0.000000,-0.000000,-0.174911,-0.000000,-0.007694,-0.033763,0.011156,-27.510377,-50.112384,0.151952,-0.009731,-0.058055,-0.048201,0.0400
0.000000,-0.000000,-0.174911,-0.000000,0.001255,-0.003211,0.010678,-27.510377,-50.112384,0.140065,-0.009929,-0.072288,-0.042867,0.0420
0.000000,-0.000000,-0.174911,-0.000000,-0.000099,-0.000396,0.011235,-27.510377,-50.112384,0.127688,-0.010019,-0.085375,-0.037416,0.0400
0.000000,-0.000000,-0.174911,-0.000000,-0.000722,-0.000673,0.011690,-27.510377,-50.112384,0.116378,-0.010036,-0.097268,-0.032487,0.0400
0.000000,-0.000000,-0.174911,-0.000000,0.000793,-0.001106,0.011353,-27.510377,-50.112384,0.029654,-0.009604,-0.152861,-0.009218,0.3590
0.000000,-0.000000,-0.174911,-0.000000,-0.000974,-0.000244,0.012697,-27.510377,-50.112384,0.008402,-0.009169,-0.159714,-0.006325,0.1660
0.000000,-0.000000,-0.174911,-0.000000,0.000159,-0.000244,0.012546,-27.510377,-50.112384,0.000326,-0.008953,-0.161963,-0.005396,0.0440
0.000000,-0.000000,0.000000,0.000000,0.001341,0.000199,0.013645,-27.510378,-50.112385,-0.032037,-0.007803,-0.108357,-0.001905,0.3090
0.000000,-0.000000,0.000000,0.000000,0.001089,0.000412,0.015067,-27.510378,-50.112385,-0.031064,-0.006932,-0.041374,-0.000727,0.3100
0.000000,-0.000000,0.000000,0.000000,0.000413,0.000549,0.015399,-27.510378,-50.112385,-0.029476,-0.006469,-0.023200,-0.000372,0.1650
0.189871,0.336803,0.078317,0.138923,0.000410,0.000629,0.012826,-27.510375,-50.112382,-0.014976,0.013217,0.013239,0.032183,0.4890
0.189871,0.336803,0.078317,0.138923,-0.000241,-0.001088,0.014850,-27.510375,-50.112382,0.063608,0.146022,0.070099,0.125405,0.6300
0.379741,0.336803,0.113178,0.000000,-0.000216,0.000448,0.017272,-27.510374,-50.112382,0.097765,0.199170,0.077297,0.125933,0.2660
0.379741,0.336803,0.113178,0.000000,0.000268,-0.000506,0.016253,-27.510374,-50.112382,0.193573,0.218777,0.107671,0.019443,0.5720
0.379741,0.336803,0.000000,0.000000,-0.000338,-0.000522,0.018364,-27.510374,-50.112381,0.253895,0.229324,0.102934,0.004759,0.4760
0.379741,0.336803,0.000000,0.000000,0.000710,-0.000065,0.019570,-27.510374,-50.112381,0.263700,0.236694,0.031672,0.001492,0.3430
0.379741,0.336803,0.000000,0.000000,-0.001090,-0.001389,0.020981,-27.510374,-50.112381,0.270393,0.242156,0.011684,0.000589,0.3250
0.569612,0.336803,0.128611,0.000000,-0.000614,-0.000497,0.016511,-27.510371,-50.112380,0.334453,0.252014,0.088905,0.000189,0.6550
0.569612,0.336803,0.128611,0.000000,-0.001572,-0.002371,0.023945,-27.510371,-50.112380,0.426968,0.259332,0.122929,0.000017,0.5490
0.949353,0.336803,0.077167,0.000000,-0.000808,0.002287,0.025540,-27.510371,-50.112380,0.484176,0.263513,0.093511,-0.000018,0.3610
0.949353,0.336803,0.077167,0.000000,-0.000176,0.000217,0.024451,-27.510371,-50.112380,0.532012,0.266918,0.082664,-0.000012,0.4140
0.949353,0.336803,0.000000,0.000000,-0.000778,0.000366,0.023672,-27.510369,-50.112379,0.584570,0.271607,0.040604,-0.000085,0.5110
0.949353,0.336803,0.000000,0.000000,0.133043,0.038370,0.020020,-27.510369,-50.112379,0.592750,0.273042,0.026070,-0.000341,0.1410
0.949353,0.336803,0.000000,0.000000,-0.088799,0.048152,0.031283,-27.510369,-50.112379,0.613115,0.276613,0.002926,-0.001536,0.5360
0.949353,0.336803,0.000000,0.000000,0.018180,-0.073957,0.026059,-27.510369,-50.112379,0.618354,0.277548,0.009154,-0.001171,0.1360
1.139224,0.336803,0.118322,0.000000,-0.001409,-0.090117,0.030158,-27.510368,-50.112380,0.686346,0.280173,0.087477,-0.001658,0.3720
1.139224,0.336803,0.118322,0.000000,-0.503528,0.065644,0.020993,-27.510368,-50.112380,0.732322,0.281877,0.105495,0.001021,0.3110
1.139224,0.336803,0.000000,0.000000,-1.296878,0.175874,2.756904,-27.510369,-50.112381,0.789542,0.284974,-0.040986,0.035669,0.4690
1.139224,0.336803,0.000000,0.000000,0.437477,0.186310,-12.259845,-27.510369,-50.112381,0.804471,0.287728,-0.063843,0.050958,0.4710
1.139224,0.336803,0.000000,0.000000,2.277184,-0.593970,-27.637985,-27.510369,-50.112381,0.813332,0.289530,0.215546,-0.020384,0.2960
1.139224,0.336803,0.000000,0.000000,2.623768,-0.990781,-40.210716,-27.510369,-50.112381,0.823817,0.289783,0.487206,-0.129375,0.2240
1.139224,0.336803,0.000000,0.000000,2.961761,-1.551296,-43.537842,-27.510369,-50.112381,0.825623,0.290035,0.545475,-0.165556,0.0610
1.139224,0.336803,0.000000,0.000000,2.475911,-0.788390,-47.426983,-27.510369,-50.112381,0.824684,0.291398,0.587559,-0.192745,0.0690
1.139224,0.336803,0.000000,0.000000,2.475911,-0.788390,-47.426983,-27.510369,-50.112381,0.824684,0.291398,0.587559,-0.192745,0.0410
1.139224,0.336803,0.000000,0.000000,2.475911,-0.788390,-47.426983,-27.510369,-50.112381,0.824684,0.291398,0.587559,-0.192745,0.0470
1.139224,0.336803,0.000000,0.000000,-0.194629,-1.118533,-54.501938,-27.510369,-50.112381,0.861876,0.285102,0.104645,-0.095222,0.2300
1.139224,0.336803,0.000000,0.000000,-0.103850,0.769993,-56.492439,-27.510369,-50.112381,0.867089,0.291767,0.040023,-0.087556,0.3020
1.329094,0.673606,0.073264,0.129960,0.322606,0.235681,-58.964088,-27.510365,-50.112376,0.880850,0.309188,0.038731,0.036386,0.2070
1.329094,0.673606,0.073264,0.129960,0.719521,-0.626501,-60.656582,-27.510365,-50.112376,0.886048,0.316986,0.073149,0.032981,0.0400
1.329094,0.673606,0.073264,0.129960,1.114596,-0.663871,-61.565289,-27.510365,-50.112376,0.888667,0.321041,0.095877,0.026780,0.0400
1.329094,0.673606,0.073264,0.129960,1.114596,-0.663871,-61.565289,-27.510365,-50.112376,0.888667,0.321041,0.095877,0.026780,0.0410
1.329094,0.673606,0.073264,0.129960,1.114596,-0.663871,-61.565289,-27.510365,-50.112376,0.888667,0.321041,0.095877,0.026780,0.0400
1.329094,0.673606,0.073264,0.129960,1.114596,-0.663871,-61.565289,-27.510365,-50.112376,0.888667,0.321041,0.095877,0.026780,0.0400
1.329094,0.673606,0.073264,0.129960,1.114596,-0.663871,-62.500233,-27.510365,-50.112376,0.912413,0.331061,0.136511,0.052302,0.0400
1.329094,0.673606,0.073264,0.129960,0.411881,-0.167974,-62.747959,-27.510365,-50.112376,0.914083,0.351226,0.102122,0.109112,0.0850
1.329094,0.673606,0.073264,0.129960,0.147336,-0.338190,-63.032967,-27.510365,-50.112376,0.922506,0.368727,0.115057,0.094711,0.1020
1.329094,0.673606,0.073264,0.129960,-0.046315,-0.087015,-63.205376,-27.510365,-50.112376,0.933485,0.389168,0.133728,0.087073,0.1200
1.329094,0.673606,0.073264,0.129960,0.505465,-0.355886,-63.197308,-27.510365,-50.112376,0.939132,0.399279,0.145282,0.083175,0.0620
1.329094,0.673606,0.073264,0.129960,0.380194,0.132735,-63.125988,-27.510365,-50.112376,0.944069,0.408563,0.145499,0.094934,0.0630
1.329094,0.673606,0.073264,0.129960,0.380194,0.132735,-63.125988,-27.510365,-50.112376,0.944069,0.408563,0.145499,0.094934,0.0410
1.329094,0.673606,0.073264,0.129960,0.380194,0.132735,-63.125988,-27.510365,-50.112376,0.944069,0.408563,0.145499,0.094934,0.0400
1.329094,0.673606,0.073264,0.129960,0.380194,0.132735,-63.125988,-27.510365,-50.112376,0.944069,0.408563,0.145499,0.094934,0.0400
1.329094,0.673606,0.073264,0.129960,0.380194,0.132735,-63.125988,-27.510365,-50.112376,0.944069,0.408563,0.145499,0.094934,0.0400
1.329094,0.673606,0.073264,0.129960,0.380194,0.132735,-63.125988,-27.510362,-50.112366,0.944069,0.408563,0.145499,0.094934,0.0400
1.329094,0.673606,0.073264,0.129960,0.380194,0.132735,-63.125988,-27.510362,-50.112366,0.944069,0.408563,0.145499,0.094934,0.0410
1.329094,0.673606,0.073264,0.129960,0.380194,0.132735,-63.125988,-27.510362,-50.112366,0.944069,0.408563,0.145499,0.094934,0.0410
1.329094,0.673606,0.073264,0.129960,0.380194,0.132735,-63.125988,-27.510362,-50.112366,0.944069,0.408563,0.145499,0.094934,0.0410
1.329094,0.673606,0.073264,0.129960,0.380194,0.132735,-63.125988,-27.510362,-50.112366,0.944069,0.408563,0.145499,0.094934,0.0400
1.708835,1.684014,0.199082,0.529714,0.259834,-0.820092,-63.595299,-27.510362,-50.112366,1.035176,0.584408,0.202014,0.510318,0.0770
1.708835,1.684014,0.199082,0.529714,-0.879184,-0.878420,-63.750965,-27.510362,-50.112366,1.046235,0.614699,0.186799,0.493358,0.0430
1.708835,1.684014,0.199082,0.529714,-0.843194,-0.386235,-64.031258,-27.510362,-50.112366,1.066261,0.660377,0.144133,0.486486,0.0680
1.708835,1.684014,0.199082,0.529714,-1.720118,-0.268448,-64.219681,-27.510362,-50.112366,1.086507,0.701204,0.102192,0.475098,0.0580
1.708835,1.684014,0.199082,0.529714,-1.130404,0.129297,-64.319931,-27.510362,-50.112366,1.100863,0.727500,0.079029,0.485297,0.0430
1.708835,1.684014,0.199082,0.529714,-0.603314,-0.288896,-64.510292,-27.510362,-50.112366,1.124853,0.775243,0.049720,0.471747,0.0730
1.708835,1.684014,0.199082,0.529714,-1.464660,0.158115,-64.586777,-27.510362,-50.112366,1.140871,0.804988,0.025077,0.483642,0.0400
1.708835,1.684014,0.199082,0.529714,-1.554004,-0.030247,-64.598999,-27.510362,-50.112366,1.145206,0.812706,0.015880,0.485688,0.0400
1.708835,1.684014,0.199082,0.529714,-1.554004,-0.030247,-64.598999,-27.510362,-50.112366,1.145206,0.812706,0.015880,0.485688,0.0400
1.708835,1.684014,0.199082,0.529714,-1.554004,-0.030247,-64.598999,-27.510362,-50.112366,1.145206,0.812706,0.015880,0.485688,0.0410
1.708835,1.684014,0.199082,0.529714,-1.554004,-0.030247,-64.598999,-27.510362,-50.112366,1.145206,0.812706,0.015880,0.485688,0.0400
1.708835,1.684014,0.199082,0.529714,-1.917679,1.069394,-64.967201,-27.510362,-50.112366,1.160183,0.932015,0.044239,0.581130,0.0550
1.708835,1.684014,0.199082,0.529714,-1.909666,0.184954,-64.989517,-27.510362,-50.112366,1.196146,0.969256,0.102026,0.555727,0.0720
0.949353,1.684014,-0.426989,-0.000000,-1.301841,0.136386,-64.865067,-27.510370,-50.112366,1.186429,0.989070,-0.128512,0.452170,0.0960
0.949353,1.684014,-0.426989,-0.000000,-1.005705,-0.101414,-64.774849,-27.510370,-50.112366,1.162017,0.981885,-0.257697,0.360309,0.0420
0.949353,1.684014,-0.426989,-0.000000,-1.534525,-0.052857,-64.667755,-27.510370,-50.112366,1.135464,0.981295,-0.360099,0.288606,0.0490
0.949353,1.684014,-0.426989,-0.000000,-0.669697,-0.376027,-64.548790,-27.510370,-50.112366,1.110206,0.980272,-0.424460,0.226401,0.0630
0.949353,1.684014,-0.426989,-0.000000,-1.025016,0.172384,-64.473343,-27.510370,-50.112366,1.092298,0.980489,-0.457302,0.187798,0.0400
0.949353,1.684014,-0.426989,-0.000000,-1.340240,-0.376506,-64.458069,-27.510370,-50.112366,1.088421,0.980705,-0.468093,0.177971,0.0400
0.949353,1.684014,-0.426989,-0.000000,-1.340240,-0.376506,-64.458069,-27.510370,-50.112366,1.088421,0.980705,-0.468093,0.177971,0.0400
0.949353,1.684014,-0.426989,-0.000000,-1.340240,-0.376506,-64.458069,-27.510370,-50.112366,1.088421,0.980705,-0.468093,0.177971,0.0400
0.949353,1.684014,-0.426989,-0.000000,-1.340240,-0.376506,-64.458069,-27.510370,-50.112366,1.088421,0.980705,-0.468093,0.177971,0.0510
0.949353,1.684014,-0.426989,-0.000000,-1.340240,-0.376506,-64.458069,-27.510370,-50.112366,1.088421,0.980705,-0.468093,0.177971,0.0710
0.949353,1.684014,-0.426989,-0.000000,-1.340240,-0.376506,-64.458069,-27.510370,-50.112366,1.088421,0.980705,-0.468093,0.177971,0.0410
0.949353,1.684014,-0.426989,-0.000000,-1.497261,0.437038,-64.418404,-27.510370,-50.112366,0.924622,1.011045,-0.481744,0.022873,0.0920
0.949353,1.684014,-0.426989,-0.000000,-0.944683,0.157563,-64.419388,-27.510370,-50.112366,0.901538,1.012730,-0.520956,0.033376,0.0680
0.949353,1.684014,-0.426989,-0.000000,-0.979180,0.269718,-64.431580,-27.510370,-50.112366,0.886127,1.014277,-0.543973,0.033038,0.0460
0.949353,1.684014,-0.426989,-0.000000,-0.983817,0.189725,-64.438103,-27.510370,-50.112366,0.872580,1.016074,-0.557407,0.023178,0.0410
0.949353,1.684014,-0.426989,-0.000000,-0.981864,0.189709,-64.438103,-27.510370,-50.112366,0.872580,1.016074,-0.557407,0.023178,0.0400
0.949353,1.684014,-0.426989,-0.000000,-0.981864,0.189709,-64.438103,-27.510370,-50.112366,0.872580,1.016074,-0.557407,0.023178,0.0400
0.949353,1.684014,-0.426989,-0.000000,-0.981864,0.189709,-64.438103,-27.510370,-50.112366,0.872580,1.016074,-0.557407,0.023178,0.0410
0.949353,1.684014,-0.426989,-0.000000,-0.981864,0.189709,-64.438103,-27.510370,-50.112366,0.872580,1.016074,-0.557407,0.023178,0.0410
0.949353,1.684014,-0.426989,-0.000000,-0.981864,0.189709,-64.438103,-27.510370,-50.112366,0.872580,1.016074,-0.557407,0.023178,0.0430
0.949353,1.684014,0.000000,0.000000,-0.982346,0.190402,-64.123077,-27.510370,-50.112366,0.784954,1.023044,-0.164539,0.034907,0.0420
0.949353,1.684014,0.000000,0.000000,-0.908315,0.570827,-63.846504,-27.510370,-50.112366,0.819214,1.026378,-0.111910,0.033415,0.1860
0.949353,1.684014,0.000000,0.000000,-0.652615,0.254093,-63.612591,-27.510370,-50.112366,0.833917,1.038146,-0.117865,0.052172,0.2940
0.949353,1.684014,0.000000,0.000000,-0.312641,0.000142,-63.654514,-27.510370,-50.112366,0.835932,1.040662,-0.107289,0.049767,0.0680
0.949353,1.684014,0.000000,0.000000,-0.729962,0.515038,-63.688454,-27.510370,-50.112366,0.837042,1.043312,-0.117894,0.065294,0.0510
0.949353,1.684014,0.000000,0.000000,-0.265953,0.319069,-63.744263,-27.510370,-50.112366,0.838681,1.046070,-0.139070,0.071074,0.0640
0.949353,1.684014,0.000000,0.000000,-0.217301,0.051728,-63.790039,-27.510370,-50.112366,0.839916,1.047962,-0.129697,0.061176,0.0410
0.949353,1.684014,0.000000,0.000000,-0.218758,0.052728,-63.792812,-27.510370,-50.112366,0.839989,1.048058,-0.129171,0.060831,0.0410
0.949353,1.684014,0.000000,0.000000,-0.218758,0.052728,-63.792812,-27.510370,-50.112366,0.839989,1.048058,-0.129171,0.060831,0.0400
0.949353,1.684014,0.000000,0.000000,-0.365301,0.333844,-63.782227,-27.510370,-50.112366,0.833552,1.055003,-0.054420,0.019792,0.0870
0.949353,1.684014,0.000000,0.000000,-0.336049,0.248128,-63.798100,-27.510370,-50.112366,0.835485,1.057080,-0.053476,0.019950,0.0430
0.949353,1.684014,0.000000,0.000000,-0.704950,0.293040,-63.804710,-27.510333,-50.112359,0.835949,1.057785,-0.053114,0.021350,0.0400
5.126506,2.694423,1.400067,0.338661,-0.546448,0.139350,-63.790417,-27.510333,-50.112359,0.887692,1.073098,0.383832,0.134657,0.0520
5.126506,2.694423,1.400067,0.338661,-0.340298,0.028325,-63.602707,-27.510333,-50.112359,0.998274,1.101220,0.866146,0.235038,0.0510
5.126506,2.694423,1.400067,0.338661,-0.319030,0.063029,-63.071362,-27.510333,-50.112359,1.077700,1.122042,1.007569,0.270418,0.0400
5.126506,2.694423,1.400067,0.338661,-0.228492,0.401667,-62.676861,-27.510333,-50.112359,1.117503,1.132564,1.058009,0.285496,0.0400
5.126506,2.694423,1.400067,0.338661,-0.228492,0.401667,-62.676861,-27.510333,-50.112359,1.117503,1.132564,1.058009,0.285496,0.0400
5.126506,2.694423,1.400067,0.338661,-0.228492,0.401667,-62.676861,-27.510333,-50.112359,1.117503,1.132564,1.058009,0.285496,0.0410
5.126506,2.694423,1.400067,0.338661,-0.228492,0.401667,-62.676861,-27.510333,-50.112359,1.117503,1.132564,1.058009,0.285496,0.0680
5.126506,2.694423,1.400067,0.338661,-0.228492,0.401667,-62.676861,-27.510333,-50.112359,1.117503,1.132564,1.058009,0.285496,0.0410
5.126506,2.694423,1.400067,0.338661,-0.228492,0.401667,-62.676861,-27.510333,-50.112359,1.117503,1.132564,1.058009,0.285496,0.0410
5.126506,2.694423,1.400067,0.338661,-0.228492,0.401667,-62.676861,-27.510333,-50.112359,1.117503,1.132564,1.058009,0.285496,0.0400
5.126506,2.694423,1.400067,0.338661,-0.228492,0.401667,-62.676861,-27.510333,-50.112359,1.117503,1.132564,1.058009,0.285496,0.0410
5.126506,2.694423,1.400067,0.338661,-0.228492,0.401667,-62.676861,-27.510333,-50.112359,1.117503,1.132564,1.058009,0.285496,0.0410
5.126506,2.694423,1.400067,0.338661,0.161175,0.072273,-61.691116,-27.510333,-50.112359,1.672000,1.274425,1.383617,0.338135,0.0480
5.126506,2.694423,1.400067,0.338661,-0.378339,0.242776,-61.501312,-27.510333,-50.112359,1.799681,1.306750,1.396682,0.347020,0.0760
5.126506,2.694423,1.400067,0.338661,-0.772203,0.318327,-61.377235,-27.510333,-50.112359,1.953134,1.345747,1.380726,0.366469,0.0920
5.126506,2.694423,0.000000,0.000000,-0.086458,-0.540282,-61.704788,-27.510333,-50.112359,2.288217,1.432880,1.254036,0.303817,0.2230
5.126506,2.694423,0.000000,0.000000,-0.112243,-0.211986,-62.933895,-27.510333,-50.112359,2.320133,1.460084,0.292701,0.042976,0.3500
5.126506,2.694423,0.000000,0.000000,-0.723940,-0.898978,-65.697639,-27.510333,-50.112359,2.371960,1.484211,0.009575,-0.130606,0.2780
5.126506,2.694423,0.000000,0.000000,-1.039007,-0.705664,-66.036819,-27.510333,-50.112359,2.387702,1.491679,-0.068943,-0.134154,0.0690
5.126506,2.694423,0.000000,0.000000,-1.291538,-0.457003,-66.302406,-27.510333,-50.112359,2.401187,1.497733,-0.121006,-0.139444,0.0610
5.126506,2.694423,0.000000,0.000000,-0.844461,-0.435170,-66.464714,-27.510333,-50.112359,2.411174,1.502172,-0.157271,-0.139698,0.0460
5.126506,2.694423,0.000000,0.000000,-1.186008,-0.390068,-66.582115,-27.510333,-50.112359,2.422159,1.507304,-0.177523,-0.141891,0.0400
5.126506,2.694423,0.000000,0.000000,-1.188775,-0.354257,-66.582115,-27.510333,-50.112359,2.422159,1.507304,-0.177523,-0.141891,0.0410
5.126506,2.694423,0.000000,0.000000,-1.188775,-0.354257,-66.582115,-27.510333,-50.112359,2.422159,1.507304,-0.177523,-0.141891,0.0410
5.126506,2.694423,0.000000,0.000000,-1.188775,-0.354257,-66.582115,-27.510333,-50.112359,2.422159,1.507304,-0.177523,-0.141891,0.0400
5.126506,2.694423,0.000000,0.000000,-1.188775,-0.354257,-66.582115,-27.510333,-50.112359,2.422159,1.507304,-0.177523,-0.141891,0.0670
5.126506,2.694423,0.000000,0.000000,-1.188775,-0.354257,-66.582115,-27.510333,-50.112359,2.422159,1.507304,-0.177523,-0.141891,0.0410
5.126506,2.694423,0.000000,0.000000,-1.188775,-0.354257,-66.582115,-27.510333,-50.112359,2.422159,1.507304,-0.177523,-0.141891,0.0400
5.126506,2.694423,0.000000,0.000000,-1.188775,-0.354257,-66.582115,-27.510333,-50.112359,2.422159,1.507304,-0.177523,-0.141891,0.0410
5.126506,2.694423,0.000000,0.000000,-1.188775,-0.354257,-66.582115,-27.510333,-50.112359,2.422159,1.507304,-0.177523,-0.141891,0.0410
5.126506,2.694423,0.000000,0.000000,0.538097,-0.120722,-67.160423,-27.510333,-50.112359,2.397238,1.483764,0.013593,-0.000138,0.0790
5.126506,2.694423,0.000000,0.000000,0.336446,0.215285,-67.149765,-27.510333,-50.112359,2.404666,1.487402,0.023127,0.010607,0.0400
5.126506,2.694423,0.000000,0.000000,0.602489,0.366774,-67.107758,-27.510333,-50.112359,2.414215,1.492245,0.056368,0.007184,0.0710
5.126506,2.694423,0.000000,0.000000,1.001567,-0.230454,-67.014793,-27.510333,-50.112359,2.431792,1.500602,0.064640,0.015356,0.1010
5.126506,2.694423,0.000000,0.000000,0.219719,0.024428,-66.723679,-27.510333,-50.112359,2.494824,1.528811,0.069597,0.037828,0.3490
5.126506,2.694423,0.000000,0.000000,-0.081531,0.394553,-66.720116,-27.510333,-50.112359,2.517121,1.538703,0.040493,0.025207,0.1180
5.126506,2.694423,0.000000,0.000000,0.393478,0.100052,-66.649887,-27.510333,-50.112359,2.531266,1.544895,0.052098,0.026135,0.0460
5.126506,2.694423,0.000000,0.000000,0.543504,0.416816,-66.293724,-27.510333,-50.112359,2.581495,1.567073,0.125421,0.073983,0.2920
5.126506,2.694423,0.000000,0.000000,0.244097,0.211704,-66.268707,-27.510333,-50.112359,2.589255,1.570445,0.126625,0.070509,0.0400
5.126506,2.694423,0.000000,0.000000,0.311674,0.210295,-66.191849,-27.510333,-50.112359,2.604649,1.577254,0.143728,0.068843,0.0810
5.126506,2.694423,0.000000,0.000000,0.694567,0.084075,-66.145432,-27.510333,-50.112359,2.612777,1.580827,0.143030,0.069613,0.0410
5.126506,2.694423,0.000000,0.000000,-0.194604,0.111351,-66.058304,-27.510333,-50.112359,2.635890,1.591043,0.111066,0.065078,0.1220
5.126506,2.694423,0.000000,0.000000,-0.518700,-0.355995,-65.934120,-27.510333,-50.112359,2.657881,1.600808,0.067392,0.019331,0.1020
5.126506,2.694423,0.000000,0.000000,-0.082586,0.025170,-65.543304,-27.510333,-50.112359,2.702374,1.620518,0.008936,0.011665,0.2420
5.126506,2.694423,0.000000,0.000000,-2.352003,-0.129693,-68.485107,-27.510333,-50.112359,2.769376,1.650377,-0.170347,-0.025083,0.4000
5.126506,2.694423,0.000000,0.000000,-1.810338,2.290045,-74.435089,-27.510333,-50.112359,2.832750,1.681496,-0.474832,0.389052,0.4430
5.126506,2.694423,0.000000,0.000000,-0.840713,1.684806,-75.061905,-27.510333,-50.112359,2.866180,1.699260,-0.407596,0.499914,0.2270
5.126506,2.694423,0.000000,0.000000,-0.663216,1.168248,-76.513084,-27.510333,-50.112359,2.913069,1.724966,-0.254036,0.436050,0.3200
5.126506,2.694423,0.000000,0.000000,-1.305601,-0.326590,-77.285149,-27.510333,-50.112359,2.943562,1.738644,-0.292199,0.322734,0.2230
5.126506,2.694423,0.000000,0.000000,-1.095240,0.573336,-77.505165,-27.510333,-50.112359,2.958917,1.745070,-0.328873,0.281120,0.1020
5.126506,2.694423,0.000000,0.000000,-1.276653,0.196454,-77.591263,-27.510333,-50.112359,2.972187,1.750989,-0.336547,0.206520,0.0880
5.126506,2.694423,0.000000,0.000000,-0.481120,0.774539,-77.338974,-27.510333,-50.112359,3.005153,1.767916,-0.287665,0.145180,0.2170
5.126506,2.694423,0.000000,0.000000,0.289559,-1.341775,-69.658981,-27.510333,-50.112359,3.035350,1.782974,-0.140943,0.001650,0.2750
5.126506,2.694423,0.000000,0.000000,1.550296,-0.829481,-63.257019,-27.510333,-50.112359,3.074051,1.799582,0.128632,-0.195127,0.2800
5.126506,2.694423,0.000000,0.000000,0.984836,-0.143367,-61.558685,-27.510333,-50.112359,3.117419,1.816820,0.222709,-0.136577,0.3400
5.126506,2.694423,0.000000,0.000000,0.799603,-0.111349,-61.461342,-27.510333,-50.112359,3.124096,1.819986,0.214583,-0.078886,0.0570
5.126506,2.694423,0.000000,0.000000,0.730790,1.040171,-61.557034,-27.510333,-50.112359,3.129564,1.823161,0.214294,-0.066272,0.0400
5.126506,2.694423,0.000000,0.000000,0.227215,0.820041,-61.615505,-27.510333,-50.112359,3.131699,1.824011,0.207467,-0.049985,0.0410
5.126506,2.694423,0.000000,0.000000,0.227215,0.820041,-61.615505,-27.510333,-50.112359,3.131699,1.824011,0.207467,-0.049985,0.0410
5.126506,2.694423,0.000000,0.000000,0.475119,-1.847613,-61.141621,-27.510333,-50.112359,3.151109,1.824695,0.085280,-0.071044,0.0840
5.126506,2.694423,0.000000,0.000000,0.125670,-0.556152,-60.806873,-27.510333,-50.112359,3.155908,1.829647,0.063752,-0.078762,0.0480
5.126506,2.694423,0.000000,0.000000,0.622377,-1.445137,-60.146248,-27.510333,-50.112359,3.165118,1.835904,0.065537,-0.115476,0.0820
5.126506,2.694423,0.000000,0.000000,0.963801,-1.677569,-59.834671,-27.510333,-50.112359,3.170246,1.840145,0.086884,-0.162444,0.0400
5.126506,2.694423,0.000000,0.000000,1.396905,-1.895205,-59.751286,-27.510333,-50.112359,3.171867,1.841673,0.099710,-0.176530,0.0400
5.126506,2.694423,0.000000,0.000000,1.396905,-1.895205,-59.751286,-27.510333,-50.112359,3.171867,1.841673,0.099710,-0.176530,0.0400
5.126506,2.694423,0.000000,0.000000,1.396905,-1.895205,-59.751286,-27.510333,-50.112359,3.171867,1.841673,0.099710,-0.176530,0.0410
5.126506,2.694423,0.000000,0.000000,1.396905,-1.895205,-59.751286,-27.510333,-50.112359,3.171867,1.841673,0.099710,-0.176530,0.0410
5.126506,2.694423,0.000000,0.000000,1.396905,-1.895205,-59.751286,-27.510333,-50.112359,3.171867,1.841673,0.099710,-0.176530,0.0410
5.126506,2.694423,0.000000,0.000000,1.396905,-1.895205,-59.751286,-27.510333,-50.112359,3.171867,1.841673,0.099710,-0.176530,0.0620
5.126506,2.694423,0.000000,0.000000,1.396905,-1.895205,-59.751286,-27.510333,-50.112359,3.171867,1.841673,0.099710,-0.176530,0.0410
5.126506,2.694423,0.000000,0.000000,1.396905,-1.895205,-59.751286,-27.510333,-50.112359,3.171867,1.841673,0.099710,-0.176530,0.0400
5.126506,2.694423,0.000000,0.000000,1.396905,-1.895205,-60.046749,-27.510333,-50.112359,3.195447,1.786735,0.010694,-0.102924,0.0410
5.126506,2.694423,0.000000,0.000000,-0.447416,-1.849753,-60.192928,-27.510333,-50.112359,3.204573,1.825040,-0.002875,-0.082811,0.1140
5.126506,2.694423,0.000000,0.000000,-0.332364,-1.927563,-60.227051,-27.510333,-50.112359,3.207390,1.829465,-0.008519,-0.102201,0.0410
5.126506,2.694423,0.000000,0.000000,-0.332364,-1.927563,-60.227051,-27.510333,-50.112359,3.207390,1.829465,-0.008519,-0.102201,0.0400
5.126506,2.694423,0.000000,0.000000,-0.332364,-1.927563,-60.227051,-27.510333,-50.112359,3.207390,1.829465,-0.008519,-0.102201,0.0400
5.126506,2.694423,0.000000,0.000000,-0.862531,-2.115647,-60.835770,-27.510333,-50.112359,3.213262,1.826202,-0.073184,-0.107091,0.0670
5.126506,2.694423,0.000000,0.000000,-1.352195,-1.411864,-60.967251,-27.510333,-50.112359,3.225161,1.839349,-0.057097,-0.135535,0.0600
5.126506,2.694423,0.000000,0.000000,-0.289488,-2.312176,-61.119251,-27.510333,-50.112359,3.242975,1.852698,-0.125009,-0.178408,0.0930
5.126506,2.694423,0.000000,0.000000,-1.417316,-1.444344,-61.164906,-27.510333,-50.112359,3.251237,1.859512,-0.121617,-0.222741,0.0490
5.126506,2.694423,0.000000,0.000000,-1.415795,-1.166674,-61.106178,-27.510333,-50.112359,3.264088,1.869039,-0.144937,-0.263502,0.0820
5.126506,2.694423,0.000000,0.000000,-0.527838,-0.791765,-60.384712,-27.510333,-50.112359,3.305636,1.892280,-0.279610,-0.244246,0.2610
5.126506,2.694423,0.000000,0.000000,-0.331018,0.349685,-59.701584,-27.510333,-50.112359,3.339149,1.907701,-0.235199,-0.231539,0.3170
5.126506,2.694423,0.000000,0.000000,-0.466508,1.279617,-60.237473,-27.510333,-50.112359,3.351220,1.913459,-0.198941,-0.082733,0.0510
5.126506,2.694423,0.000000,0.000000,2.041611,0.604226,-70.799110,-27.510333,-50.112359,3.390612,1.931718,0.246030,0.234735,0.3910
5.126506,2.694423,0.000000,0.000000,0.169386,2.908398,-74.098167,-27.510333,-50.112359,3.400193,1.935520,0.251866,0.339802,0.1190
5.126506,2.694423,0.000000,0.000000,0.495241,1.951958,-75.851425,-27.510333,-50.112359,3.404419,1.936147,0.239383,0.364960,0.0410
5.126506,2.694423,0.000000,0.000000,0.419657,1.851454,-76.200371,-27.510333,-50.112359,3.405409,1.936577,0.236253,0.370805,0.0400
5.126506,2.694423,0.000000,0.000000,0.419657,1.851454,-76.200371,-27.510333,-50.112359,3.405409,1.936577,0.236253,0.370805,0.0400
5.126506,2.694423,0.000000,0.000000,0.419657,1.851454,-76.200371,-27.510333,-50.112359,3.405409,1.936577,0.236253,0.370805,0.0410
5.126506,2.694423,0.000000,0.000000,0.419657,1.851454,-76.200371,-27.510333,-50.112359,3.405409,1.936577,0.236253,0.370805,0.0410
5.126506,2.694423,0.000000,0.000000,0.419657,1.851454,-76.200371,-27.510333,-50.112359,3.405409,1.936577,0.236253,0.370805,0.0410
5.126506,2.694423,0.000000,0.000000,0.419657,1.851454,-76.200371,-27.510333,-50.112359,3.405409,1.936577,0.236253,0.370805,0.0400
5.126506,2.694423,0.000000,0.000000,0.419657,1.851454,-56.024403,-27.510333,-50.112359,3.503797,2.071935,0.426237,0.539975,0.0410
5.126506,2.694423,0.000000,0.000000,5.431161,6.985687,-44.218086,-27.510333,-50.112359,3.434879,1.976835,0.209929,0.295485,0.0670
5.126506,2.694423,0.000000,0.000000,5.629704,7.005774,-36.527500,-27.510333,-50.112359,3.417111,1.949484,0.312496,0.380334,0.0400
5.126506,2.694423,0.000000,0.000000,6.809735,7.217689,-32.946918,-27.510333,-50.112359,3.407923,1.936106,0.394280,0.466402,0.0400
5.126506,2.694423,0.000000,0.000000,6.809735,7.217689,-32.946918,-27.510333,-50.112359,3.407923,1.936106,0.394280,0.466402,0.0410
5.126506,2.694423,0.000000,0.000000,6.809735,7.217689,-32.946918,-27.510333,-50.112359,3.407923,1.936106,0.394280,0.466402,0.0400
5.126506,2.694423,0.000000,0.000000,6.809735,7.217689,-32.946918,-27.510333,-50.112359,3.407923,1.936106,0.394280,0.466402,0.0480
5.126506,2.694423,0.000000,0.000000,6.809735,7.217689,-32.946918,-27.510333,-50.112359,3.407923,1.936106,0.394280,0.466402,0.0400
5.126506,2.694423,0.000000,0.000000,6.809735,7.217689,-32.946918,-27.510333,-50.112359,3.407923,1.936106,0.394280,0.466402,0.0400
5.126506,2.694423,0.000000,0.000000,6.809735,7.217689,-32.946918,-27.510333,-50.112359,3.407923,1.936106,0.394280,0.466402,0.0420
5.126506,2.694423,0.000000,0.000000,6.809735,7.217689,-32.946918,-27.510333,-50.112359,3.407923,1.936106,0.394280,0.466402,0.0410
5.126506,2.694423,0.000000,0.000000,6.809735,7.217689,-32.946918,-27.510333,-50.112359,3.407923,1.936106,0.394280,0.466402,0.0410
5.126506,2.694423,0.000000,0.000000,6.809735,7.217689,-32.946918,-27.510333,-50.112359,3.407923,1.936106,0.394280,0.466402,0.0400
5.126506,2.694423,0.000000,0.000000,6.809735,7.217689,-32.946918,-27.510333,-50.112359,3.407923,1.936106,0.394280,0.466402,0.0400
5.126506,2.694423,0.000000,0.000000,6.809735,7.217689,-32.946918,-27.510333,-50.112359,3.407923,1.936106,0.394280,0.466402,0.0410
5.126506,2.694423,0.000000,0.000000,6.809735,7.217689,-32.946918,-27.510333,-50.112359,3.407923,1.936106,0.394280,0.466402,0.0400
5.126506,2.694423,0.000000,0.000000,6.809735,7.217689,-32.946918,-27.510333,-50.112359,3.407923,1.936106,0.394280,0.466402,0.0400
5.126506,2.694423,0.000000,0.000000,6.809735,7.217689,-32.946918,-27.510333,-50.112359,3.407923,1.936106,0.394280,0.466402,0.0420
5.126506,2.694423,0.000000,0.000000,3.512857,11.162177,-25.370033,-27.510333,-50.112359,3.542558,2.074662,0.103063,0.282070,0.0660
5.126506,2.694423,0.000000,0.000000,2.314099,10.389677,-27.498100,-27.510333,-50.112359,3.480270,1.851302,0.202123,0.709114,0.1050
5.126506,2.694423,0.000000,0.000000,2.611120,8.879907,-29.415327,-27.510333,-50.112359,3.459924,1.760239,0.249048,0.874103,0.0540
5.126506,2.694423,0.000000,0.000000,2.079752,10.306577,-30.508919,-27.510333,-50.112359,3.446891,1.698687,0.274264,1.031759,0.0410
5.126506,2.694423,0.000000,0.000000,2.681104,9.407379,-30.801779,-27.510333,-50.112359,3.421055,1.548199,0.442671,1.520182,0.1990
5.126506,2.694423,0.000000,0.000000,4.705128,7.426995,-36.804501,-27.510333,-50.112359,3.417242,1.420712,0.864138,2.068177,0.4160
5.126506,2.694423,0.000000,0.000000,6.044721,7.808541,-38.541576,-27.510333,-50.112359,3.419633,1.407043,1.076844,2.118703,0.1330
5.126506,2.694423,0.000000,0.000000,5.384575,8.419035,-37.182713,-27.510333,-50.112359,3.416496,1.394894,1.150076,2.140700,0.0440
5.126506,2.694423,0.000000,0.000000,3.688921,7.873376,-33.202229,-27.510333,-50.112359,3.439324,1.430289,1.185853,2.145404,0.0740
5.126506,2.694423,0.000000,0.000000,2.913537,7.342399,-29.017088,-27.510333,-50.112359,3.437566,1.416636,1.045439,2.023906,0.0770
5.126506,2.694423,0.000000,0.000000,2.799558,7.755558,-25.746933,-27.510333,-50.112359,3.441560,1.412992,0.948942,1.998001,0.0790
5.126506,2.694423,0.000000,0.000000,2.980317,8.814143,-24.656193,-27.510333,-50.112359,3.442644,1.408827,0.917233,2.019695,0.0420
5.126506,2.694423,0.000000,0.000000,2.980317,8.814143,-24.656193,-27.510240,-50.112241,3.442644,1.408827,0.917233,2.019695,0.0420
15.379514,14.145731,0.964282,1.076981,1.556687,11.805408,-24.206217,-27.510240,-50.112241,3.568748,1.619053,1.070723,2.223254,0.0620
15.379514,14.145731,0.964282,1.076981,2.232691,9.159184,-25.247919,-27.510240,-50.112241,3.663425,1.692143,1.092493,2.069200,0.0550
15.379514,14.145731,0.964282,1.076981,1.956002,9.685387,-26.692579,-27.510240,-50.112241,3.733083,1.753775,1.118912,2.131449,0.0420
15.379514,14.145731,0.964282,1.076981,2.361147,9.339704,-26.854256,-27.510240,-50.112241,3.740178,1.760043,1.122776,2.136796,0.0400
15.379514,14.145731,0.964282,1.076981,2.361147,9.339704,-26.854256,-27.510240,-50.112241,3.740178,1.760043,1.122776,2.136796,0.0410
15.379514,14.145731,0.964282,1.076981,3.060765,7.014914,-32.646049,-27.510240,-50.112241,3.904829,2.043228,1.297473,2.248591,0.0520
15.379514,14.145731,0.964282,1.076981,2.954910,6.338765,-36.456810,-27.510240,-50.112241,4.084336,2.179273,1.228874,1.688554,0.1150
15.379514,14.145731,0.964282,1.076981,3.538977,7.078689,-37.511539,-27.510240,-50.112241,4.184593,2.279881,1.314574,1.827038,0.0720
15.379514,14.145731,0.964282,1.076981,4.118710,6.341319,-38.102661,-27.510240,-50.112241,4.265197,2.361600,1.401369,1.973069,0.0510
15.379514,14.145731,0.964282,1.076981,5.922576,8.681786,-39.577309,-27.510240,-50.112241,4.760497,2.884563,1.994859,3.056032,0.2770
15.379514,14.145731,0.964282,1.076981,4.061287,10.268729,-33.471924,-27.510240,-50.112241,4.973534,3.109218,2.081059,3.410479,0.1650
21.455372,16.503355,2.019130,0.783486,4.378344,11.008419,-39.846409,-27.510185,-50.112216,6.447686,3.897187,3.089424,3.744555,0.4560
21.455372,16.503355,2.019130,0.783486,3.949366,8.868080,-41.049561,-27.510185,-50.112216,6.692522,4.026959,3.107399,3.726600,0.1230
21.455372,16.503355,2.019130,0.783486,3.409465,8.690417,-41.494595,-27.510185,-50.112216,6.815800,4.085291,3.097247,3.646311,0.0410
21.455372,16.503355,2.019130,0.783486,3.238829,7.825193,-41.510666,-27.510185,-50.112216,7.109645,4.253193,3.089488,3.489465,0.1010
21.455372,16.503355,2.019130,0.783486,3.489997,7.448618,-39.308319,-27.510185,-50.112216,7.379975,4.395345,3.059422,3.308114,0.0930
21.455372,16.503355,2.019130,0.783486,3.424781,7.869503,-32.903748,-27.510185,-50.112216,7.649364,4.538621,3.071853,3.233007,0.0890
21.455372,16.503355,2.019130,0.783486,2.978744,7.520095,-29.605442,-27.510185,-50.112216,7.770180,4.598155,3.051574,3.199727,0.0430
25.442652,23.576229,1.591601,2.823276,2.138736,8.890366,-26.051485,-27.510149,-50.112145,8.051852,4.858047,2.921477,3.514128,0.1020
25.442652,23.576229,1.591601,2.823276,3.440377,7.520024,-29.727934,-27.510149,-50.112145,8.595809,5.666410,2.764672,4.322783,0.2060
25.442652,23.576229,1.591601,2.823276,3.370672,7.655877,-29.470337,-27.510149,-50.112145,8.727188,5.861568,2.736694,4.423218,0.0480
25.442652,23.576229,1.591601,2.823276,3.199977,9.292186,-28.813395,-27.510149,-50.112145,8.911813,6.140642,2.716640,4.683766,0.0440
25.442652,23.576229,1.591601,2.823276,3.718682,10.412251,-24.866018,-27.510149,-50.112145,10.005252,7.792667,2.604481,5.681386,0.4260
39.303204,22.902618,4.521774,-0.219754,3.015326,12.179027,-29.038437,-27.510026,-50.112151,10.756178,8.581277,2.987227,5.435063,0.2540
39.303204,22.902618,4.521774,-0.219754,4.255405,10.822863,-33.796017,-27.510026,-50.112151,11.506777,8.659827,3.881054,4.658004,0.1370
39.303204,22.902618,4.521774,-0.219754,5.006495,8.018286,-35.528477,-27.510026,-50.112151,11.880954,8.688493,4.236903,4.289739,0.0610
39.303204,22.902618,4.521774,-0.219754,4.811499,7.106984,-36.949619,-27.510026,-50.112151,12.273853,8.727701,4.561573,3.913307,0.0630
39.303204,22.902618,4.521774,-0.219754,4.426944,9.290587,-36.265171,-27.510026,-50.112151,13.234931,8.834738,5.120400,3.361227,0.1250
39.303204,22.902618,4.521774,-0.219754,2.450111,6.966025,-28.147142,-27.510026,-50.112151,14.749618,9.004106,5.279932,2.638010,0.2500
39.303204,22.902618,4.521774,-0.219754,1.996923,7.051235,-25.719471,-27.510026,-50.112151,16.024287,9.137099,5.248867,2.246188,0.2530
45.189190,20.208185,4.036795,-1.847926,2.091008,6.741547,-25.269426,-27.509972,-50.112177,16.586283,9.176996,5.219313,2.086220,0.0970
45.189190,20.208185,4.036795,-1.847926,2.299625,9.428139,-25.343697,-27.509972,-50.112177,17.530691,8.987980,5.022987,1.453261,0.1670
45.189190,20.208185,4.036795,-1.847926,3.126777,9.854708,-25.542511,-27.509972,-50.112177,17.753412,8.930381,5.001918,1.355800,0.0400
45.189190,20.208185,4.036795,-1.847926,3.255035,10.151460,-25.882423,-27.509972,-50.112177,18.046774,8.927540,5.052440,1.456839,0.0510
45.189190,20.208185,4.036795,-1.847926,4.045507,10.256872,-27.307854,-27.509972,-50.112177,19.185827,8.650417,4.978938,0.817015,0.1680
45.189190,20.208185,4.036795,-1.847926,4.203885,10.283473,-27.715094,-27.509972,-50.112177,21.343826,8.180279,5.193481,1.120293,0.4360
45.189190,20.208185,4.036795,-1.847926,3.478628,10.575827,-27.633520,-27.509972,-50.112177,21.997830,8.029758,5.190957,1.191834,0.1280
40.442421,10.104068,-1.424016,-3.031205,3.237252,9.913114,-27.803982,-27.510014,-50.112281,21.974667,7.822850,4.031830,0.928542,0.0710
40.442421,10.104068,-1.424016,-3.031205,3.399255,9.259692,-28.057209,-27.510014,-50.112281,21.957779,7.676765,3.334870,0.766321,0.0530
40.442421,10.104068,-1.424016,-3.031205,3.440560,8.955154,-28.163521,-27.510014,-50.112281,21.928826,7.536085,2.780668,0.590170,0.0410
40.442421,10.104068,-1.424016,-3.031205,3.632480,8.059412,-28.127392,-27.510014,-50.112281,21.921132,7.490209,2.623828,0.530783,0.0400
40.442421,10.104068,-1.424016,-3.031205,3.632480,8.059412,-28.127392,-27.510014,-50.112281,21.921132,7.490209,2.623828,0.530783,0.0400
40.442421,10.104068,-1.424016,-3.031205,3.632480,8.059412,-28.127392,-27.510014,-50.112281,21.921132,7.490209,2.623828,0.530783,0.0400
40.442421,10.104068,-1.424016,-3.031205,3.660985,7.816646,-27.187408,-27.510014,-50.112281,21.876733,6.529441,-0.779761,-1.769743,0.2600
36.455139,8.083245,-2.537579,-1.286088,2.227095,10.582705,-19.444374,-27.510050,-50.112302,21.474141,5.130834,-0.961081,-0.101555,0.5340
36.455139,8.083245,-2.537579,-1.286088,2.868475,9.099941,-22.362206,-27.510050,-50.112302,20.947650,4.786902,-1.453680,0.934520,0.3020
36.455139,8.083245,-2.537579,-1.286088,2.245422,7.571318,-25.624155,-27.510050,-50.112302,20.336147,4.395532,-1.601791,0.909092,0.3870
12.721313,9.093656,-1.886302,0.080305,4.148899,10.715183,-27.183411,-27.510263,-50.112292,19.527798,4.231298,-1.131009,1.944227,0.4180
12.721313,9.093656,-1.886302,0.080305,4.159017,9.899738,-27.928144,-27.510263,-50.112292,18.838362,4.347400,-0.822591,2.805093,0.3130
12.721313,9.093656,-1.886302,0.080305,4.714042,9.077442,-28.153463,-27.510263,-50.112292,18.610250,4.371303,-0.767291,2.842008,0.0970
3.037913,7.746444,-2.415204,-0.336017,3.426254,5.527773,-34.007587,-27.510351,-50.112307,17.587164,4.519437,-0.984493,2.274011,0.4530
3.037913,7.746444,-2.415204,-0.336017,3.615185,5.290770,-35.740196,-27.510351,-50.112307,17.428570,4.501242,-1.061150,2.103887,0.0480
3.037913,7.746444,-2.415204,-0.336017,6.576333,8.403012,-44.883953,-27.510351,-50.112307,16.462817,4.464928,-0.792440,1.969223,0.2700
3.037913,7.746444,-2.415204,-0.336017,6.978049,7.874387,-51.704380,-27.510351,-50.112307,15.292188,4.414687,-0.319826,2.044391,0.4210
-0.379758,6.399232,-2.024489,-0.798033,4.338895,5.429327,-53.369228,-27.510382,-50.112321,14.512653,4.344630,-0.586385,1.620680,0.2670
-0.379758,6.399232,-2.024489,-0.798033,4.070489,7.001675,-52.229534,-27.510382,-50.112321,13.523901,4.107193,-0.629261,1.429029,0.3730
-0.379758,6.399232,-2.024489,-0.798033,2.994372,7.508380,-48.879929,-27.510382,-50.112321,12.653184,3.894995,-0.933139,1.219977,0.3010
0.189854,6.399232,0.853978,0.000000,5.416517,10.398626,-46.918179,-27.510376,-50.112322,12.053810,3.767716,0.444464,1.949979,0.4110
0.189854,6.399232,0.853978,0.000000,3.427268,11.428732,-40.037106,-27.510376,-50.112322,12.103311,3.794337,1.244729,2.364810,0.1580
0.189854,6.399232,0.853978,0.000000,2.874321,8.229095,-38.092884,-27.510376,-50.112322,12.212446,3.860490,1.419046,2.656950,0.4300
0.189854,6.399232,0.853978,0.000000,3.440119,8.458117,-40.050877,-27.510376,-50.112322,12.225314,3.862823,1.478077,2.635030,0.0630
0.189854,6.399232,0.853978,0.000000,4.202573,9.034607,-43.056458,-27.510376,-50.112322,12.254823,3.873787,1.670130,2.640060,0.0960
0.949336,5.052021,0.424428,-0.752873,3.344319,9.807872,-41.318478,-27.510369,-50.112330,12.258278,3.744323,1.683713,2.253677,0.3540
0.949336,5.052021,0.424428,-0.752873,4.109595,7.740559,-44.101513,-27.510369,-50.112330,12.234971,3.594193,1.602834,1.968657,0.2430
0.949336,5.052021,0.424428,-0.752873,4.311270,8.188746,-44.617123,-27.510369,-50.112330,12.221389,3.553534,1.588205,1.902305,0.0410
0.949336,5.052021,0.424428,-0.752873,4.017647,7.648145,-44.843777,-27.510369,-50.112330,12.211141,3.523849,1.585321,1.851324,0.0400
0.949336,5.052021,0.424428,-0.752873,4.016218,7.584065,-44.274548,-27.510369,-50.112330,12.228873,3.411291,1.250295,1.020567,0.1820
1.518947,4.378416,0.717505,-0.848500,2.081417,6.937344,-42.337635,-27.510364,-50.112338,12.225567,3.153915,1.266090,1.014867,0.3730
1.518947,4.378416,0.717505,-0.848500,2.027040,6.540822,-41.881577,-27.510364,-50.112338,12.248989,3.060842,1.290571,1.010832,0.0940
1.518947,4.378416,0.717505,-0.848500,1.935772,6.758083,-41.703461,-27.510364,-50.112338,12.270271,2.965618,1.304394,0.997101,0.1390
1.518947,4.378416,0.717505,-0.848500,2.536339,10.535785,-41.239830,-27.510364,-50.112338,12.307896,2.826213,1.370511,1.314331,0.1860
1.518947,4.378416,0.717505,-0.848500,2.554238,10.161211,-42.471905,-27.510364,-50.112338,12.368691,2.613981,1.479420,1.760429,0.2870
1.518947,4.378416,0.717505,-0.848500,2.380640,10.568652,-43.300549,-27.510364,-50.112338,12.380961,2.549207,1.509835,1.770409,0.0760
2.088559,3.704810,0.896881,-1.060625,2.954144,8.275963,-45.264938,-27.510359,-50.112347,12.414278,2.451068,1.565515,1.728535,0.1240
2.088559,3.704810,0.896881,-1.060625,3.221528,6.976568,-46.322315,-27.510359,-50.112347,12.425001,2.395044,1.590527,1.625868,0.0400
2.088559,3.704810,0.896881,-1.060625,3.490669,5.171945,-50.644211,-27.510359,-50.112347,12.510440,2.228792,1.727545,1.279372,0.1640
2.088559,3.704810,0.896881,-1.060625,3.087576,5.400342,-52.760052,-27.510359,-50.112347,12.591647,2.043591,1.775972,1.067948,0.2200
2.088559,3.704810,0.896881,-1.060625,4.709485,5.827369,-53.089478,-27.510359,-50.112347,12.773919,1.635994,1.942272,0.856242,0.3900
2.088559,3.368007,0.000000,-1.332411,4.546979,6.803511,-49.943794,-27.510358,-50.112352,12.716235,1.312653,1.721279,0.917088,0.3330
2.088559,3.368007,0.000000,-1.332411,3.480052,9.528011,-48.903530,-27.510358,-50.112352,12.685212,1.251152,1.626419,0.934510,0.0410
2.088559,3.368007,0.000000,-1.332411,0.927499,8.421558,-40.045521,-27.510358,-50.112352,12.533994,0.857058,1.011776,0.835648,0.3380
2.088559,3.368007,0.000000,-1.332411,1.461963,8.311073,-38.164810,-27.510358,-50.112352,12.434676,0.608541,0.774960,0.854215,0.2120
2.088559,3.368007,0.000000,-1.332411,1.691146,7.953228,-37.940975,-27.510358,-50.112352,12.401947,0.530640,0.716406,0.872772,0.0610
3.607524,3.031204,1.275705,-0.282864,3.593804,8.687477,-42.855583,-27.510346,-50.112353,12.494387,0.344708,1.403953,1.526646,0.3200
3.607524,3.031204,1.275705,-0.282864,3.876322,9.013018,-44.047318,-27.510346,-50.112353,12.589827,0.328842,1.734148,1.703596,0.1160
3.607524,3.031204,1.275705,-0.282864,4.069530,8.249650,-44.240993,-27.510346,-50.112353,12.620300,0.317405,1.824849,1.730900,0.0410
3.607524,3.031204,1.275705,-0.282864,3.972238,8.556462,-44.365860,-27.510346,-50.112353,12.651706,0.303557,1.912425,1.759765,0.0410
3.607524,3.031204,1.275705,-0.282864,3.959284,8.568755,-44.374512,-27.510346,-50.112353,12.654998,0.304471,1.919475,1.770190,0.0400
3.607524,3.031204,1.275705,-0.282864,3.959284,8.568755,-44.374512,-27.510346,-50.112353,12.654998,0.304471,1.919475,1.770190,0.0410
3.607524,3.031204,1.275705,-0.282864,3.959284,8.568755,-44.374512,-27.510346,-50.112353,12.654998,0.304471,1.919475,1.770190,0.0400
3.607524,3.031204,1.275705,-0.282864,3.959284,8.568755,-44.374512,-27.510346,-50.112353,12.654998,0.304471,1.919475,1.770190,0.0410
3.607524,3.031204,1.275705,-0.282864,3.959284,8.568755,-44.374512,-27.510346,-50.112353,12.654998,0.304471,1.919475,1.770190,0.0680
3.607524,3.031204,1.275705,-0.282864,3.959284,8.568755,-44.374512,-27.510346,-50.112353,12.654998,0.304471,1.919475,1.770190,0.0400
3.607524,3.031204,1.275705,-0.282864,3.959284,8.568755,-44.374512,-27.510346,-50.112353,12.654998,0.304471,1.919475,1.770190,0.0400
3.607524,3.031204,1.275705,-0.282864,3.959284,8.568755,-44.374512,-27.510346,-50.112353,12.654998,0.304471,1.919475,1.770190,0.0410
3.607524,3.031204,1.275705,-0.282864,3.959284,8.568755,-44.374512,-27.510346,-50.112353,12.654998,0.304471,1.919475,1.770190,0.0430
3.607524,3.031204,1.275705,-0.282864,5.057655,4.945498,-60.712555,-27.510346,-50.112353,13.361198,0.569455,1.519880,-0.009363,0.0890
3.607524,3.031204,1.275705,-0.282864,5.151275,6.383964,-63.600925,-27.510346,-50.112353,13.384991,0.493483,1.748293,0.175834,0.1060
4.746747,2.357599,1.523321,-0.900717,4.771375,3.324531,-65.697868,-27.510335,-50.112362,13.458851,0.347698,2.036097,0.114151,0.0810
4.746747,2.357599,1.523321,-0.900717,3.837434,3.148895,-65.851318,-27.510335,-50.112362,13.522622,0.242577,2.182622,0.024233,0.0970
4.746747,2.357599,1.523321,-0.900717,2.507785,4.107684,-61.482269,-27.510335,-50.112362,13.701142,0.028745,2.281155,0.113509,0.1870
4.746747,2.357599,1.523321,-0.900717,4.305048,6.001057,-63.314762,-27.510335,-50.112362,14.169440,-0.381205,2.590384,0.821079,0.4620
5.316359,1.347190,0.785696,-1.393712,4.906672,3.160148,-66.940292,-27.510331,-50.112368,14.378796,-0.615552,2.643603,0.557076,0.2580
5.316359,1.347190,0.785696,-1.393712,3.686931,3.446061,-68.066978,-27.510331,-50.112368,14.486431,-0.976948,2.321844,0.044579,0.2670
5.316359,1.347190,0.785696,-1.393712,3.227025,2.664604,-68.276077,-27.510331,-50.112368,14.516537,-1.103922,2.169625,-0.143376,0.1140
5.316359,1.347190,0.785696,-1.393712,5.062999,4.957580,-67.693306,-27.510331,-50.112368,14.636978,-1.511756,2.084690,-0.285839,0.3170
5.316359,1.347190,0.785696,-1.393712,6.130809,2.904783,-67.660942,-27.510331,-50.112368,14.682231,-1.681834,2.258175,-0.197049,0.1410
5.316359,1.347190,0.785696,-1.393712,6.812117,6.050675,-67.613045,-27.510331,-50.112368,14.688500,-1.738431,2.309648,-0.192940,0.0400
6.645453,1.347190,1.430156,0.000000,6.945284,6.697605,-65.897469,-27.510319,-50.112368,14.784112,-1.774407,2.626950,0.153933,0.1150
6.645453,1.347190,1.430156,0.000000,5.847114,6.631671,-63.910168,-27.510319,-50.112368,14.856156,-1.764800,2.772880,0.450117,0.0670
6.645453,1.347190,1.430156,0.000000,4.861628,4.946755,-62.251381,-27.510319,-50.112368,14.901550,-1.758868,2.794569,0.634376,0.0410
6.645453,1.347190,1.430156,0.000000,4.774553,3.842799,-62.046032,-27.510319,-50.112368,14.906277,-1.758387,2.792627,0.643059,0.0410
6.645453,1.347190,1.430156,0.000000,4.774553,3.842799,-62.046032,-27.510319,-50.112368,14.906277,-1.758387,2.792627,0.643059,0.0420
6.645453,1.347190,1.430156,0.000000,4.151670,6.131468,-57.685638,-27.510319,-50.112368,15.191893,-1.708563,2.049268,0.487626,0.0730
6.645453,1.347190,1.430156,0.000000,3.816373,6.072672,-56.706684,-27.510319,-50.112368,15.220867,-1.717016,1.924766,0.502539,0.0410
6.645453,1.347190,1.430156,0.000000,3.525607,6.320440,-56.181328,-27.510319,-50.112368,15.246465,-1.720326,1.905340,0.559810,0.0400
6.645453,1.347190,1.430156,0.000000,3.525607,6.320440,-56.181328,-27.510319,-50.112368,15.246465,-1.720326,1.905340,0.559810,0.0410
6.645453,1.347190,1.430156,0.000000,3.525607,6.320440,-56.181328,-27.510319,-50.112368,15.246465,-1.720326,1.905340,0.559810,0.0400
6.645453,1.347190,1.430156,0.000000,3.525607,6.320440,-56.181328,-27.510319,-50.112368,15.246465,-1.720326,1.905340,0.559810,0.0410
6.645453,1.347190,1.430156,0.000000,3.525607,6.320440,-56.181328,-27.510319,-50.112368,15.246465,-1.720326,1.905340,0.559810,0.0410
6.645453,1.347190,1.430156,0.000000,2.899631,5.984262,-54.705063,-27.510319,-50.112368,15.659644,-1.666210,1.618894,0.288156,0.0930
6.645453,1.347190,1.430156,0.000000,2.562309,6.375534,-54.538334,-27.510319,-50.112368,15.693314,-1.678243,1.641959,0.402212,0.0410
6.645453,1.347190,1.430156,0.000000,1.862884,5.473305,-53.613270,-27.510319,-50.112368,15.777911,-1.687181,1.692354,0.650889,0.0870
6.645453,1.347190,1.430156,0.000000,1.849617,4.847794,-52.246117,-27.510319,-50.112368,15.832640,-1.697734,1.715429,0.722535,0.0620
6.645453,1.347190,1.430156,0.000000,1.640178,5.232103,-50.871441,-27.510319,-50.112368,15.884535,-1.705510,1.713490,0.832410,0.0610
6.645453,1.347190,0.000000,0.000000,1.544088,4.789497,-50.073345,-27.510319,-50.112368,15.873444,-1.709994,1.567178,0.893327,0.0410
6.645453,1.347190,0.000000,0.000000,1.763509,4.365077,-50.073345,-27.510319,-50.112368,15.873444,-1.709994,1.567178,0.893327,0.0410
6.645453,1.347190,0.000000,0.000000,1.763509,4.365077,-50.073345,-27.510319,-50.112368,15.873444,-1.709994,1.567178,0.893327,0.0410
6.645453,1.347190,0.000000,0.000000,1.763509,4.365077,-50.073345,-27.510319,-50.112368,15.873444,-1.709994,1.567178,0.893327,0.0600
6.645453,1.347190,0.000000,0.000000,1.763509,4.365077,-50.073345,-27.510319,-50.112368,15.873444,-1.709994,1.567178,0.893327,0.0410
6.645453,1.347190,0.000000,0.000000,1.763509,4.365077,-50.073345,-27.510319,-50.112368,15.873444,-1.709994,1.567178,0.893327,0.0410
6.645453,1.347190,0.000000,0.000000,1.763509,4.365077,-50.073345,-27.510319,-50.112368,15.873444,-1.709994,1.567178,0.893327,0.0410
6.645453,1.347190,0.000000,0.000000,1.763509,4.365077,-50.073345,-27.510319,-50.112368,15.873444,-1.709994,1.567178,0.893327,0.0400
6.645453,1.347190,0.000000,0.000000,1.763509,4.365077,-50.073345,-27.510319,-50.112368,15.873444,-1.709994,1.567178,0.893327,0.0400
6.645453,1.347190,0.000000,0.000000,1.763509,4.365077,-50.073345,-27.510319,-50.112368,15.873444,-1.709994,1.567178,0.893327,0.0410
6.645453,1.347190,0.000000,0.000000,4.556016,2.454279,-59.650742,-27.510319,-50.112368,16.161606,-1.512225,0.204662,0.095341,0.0780
6.645453,1.347190,0.000000,0.000000,4.646577,0.496883,-60.315777,-27.510319,-50.112368,16.109464,-1.516268,0.277068,0.083554,0.0440
6.645453,1.347190,0.000000,0.000000,4.658808,0.885390,-60.541500,-27.510319,-50.112368,16.090988,-1.516346,0.309381,0.086316,0.0400
6.645453,1.347190,0.000000,0.000000,5.178215,1.310352,-61.814114,-27.510319,-50.112368,16.005322,-1.507025,0.491629,0.077812,0.1300
6.645453,1.347190,0.000000,0.000000,6.167650,-0.194748,-61.880463,-27.510319,-50.112368,15.829726,-1.482547,1.092825,0.155354,0.2200
5.126488,-0.000022,-0.700473,-0.621269,5.423492,3.117122,-55.776215,-27.510333,-50.112383,15.511574,-1.614354,1.033993,0.060424,0.2580
5.126488,-0.000022,-0.700473,-0.621269,6.049652,3.240168,-54.063099,-27.510333,-50.112383,15.365299,-1.678573,1.022636,0.085887,0.1060
5.126488,-0.000022,-0.700473,-0.621269,5.973651,2.404585,-53.176586,-27.510333,-50.112383,15.267456,-1.721653,1.029507,0.105375,0.0760
5.126488,-0.000022,-0.700473,-0.621269,14.778518,3.006023,-52.581619,-27.510333,-50.112383,15.203514,-1.748370,1.124535,0.125785,0.0400
5.126488,-0.000022,-0.700473,-0.621269,19.339487,0.193265,-51.477692,-27.510333,-50.112383,15.168279,-1.762646,1.374008,0.091023,0.0400
5.126488,-0.000022,-0.700473,-0.621269,19.339487,0.193265,-51.477692,-27.510333,-50.112383,15.168279,-1.762646,1.374008,0.091023,0.0410
5.126488,-0.000022,-0.700473,-0.621269,19.339487,0.193265,-51.477692,-27.510333,-50.112383,15.168279,-1.762646,1.374008,0.091023,0.0410
5.126488,-0.000022,-0.700473,-0.621269,19.339487,0.193265,-51.477692,-27.510333,-50.112383,15.168279,-1.762646,1.374008,0.091023,0.0400
5.126488,-0.000022,-0.700473,-0.621269,19.339487,0.193265,-51.477692,-27.510333,-50.112383,15.168279,-1.762646,1.374008,0.091023,0.0400
5.126488,-0.000022,-0.700473,-0.621269,19.339487,0.193265,-51.477692,-27.510333,-50.112383,15.168279,-1.762646,1.374008,0.091023,0.0400
5.126488,-0.000022,-0.700473,-0.621269,5.024167,2.996345,-52.103516,-27.510333,-50.112383,15.184766,-1.861702,-0.402824,-0.462873,0.0740
5.126488,-0.000022,-0.700473,-0.621269,5.543050,2.264852,-53.306751,-27.510333,-50.112383,15.111622,-1.894454,-0.351266,-0.447858,0.0400
5.126488,-0.000022,-0.700473,-0.621269,6.737604,1.861573,-54.198345,-27.510333,-50.112383,15.065287,-1.913675,-0.287506,-0.441301,0.0410
5.126488,-0.000022,-0.700473,-0.621269,6.737604,1.861573,-54.198345,-27.510333,-50.112383,15.065287,-1.913675,-0.287506,-0.441301,0.0400
5.126488,-0.000022,-0.700473,-0.621269,6.737604,1.861573,-54.198345,-27.510333,-50.112383,15.065287,-1.913675,-0.287506,-0.441301,0.0400
5.126488,-0.000022,-0.700473,-0.621269,6.737604,1.861573,-54.198345,-27.510333,-50.112383,15.065287,-1.913675,-0.287506,-0.441301,0.0410
5.126488,-0.000022,-0.700473,-0.621269,6.737604,1.861573,-54.198345,-27.510343,-50.112395,15.065287,-1.913675,-0.287506,-0.441301,0.0400
3.797394,-1.347233,-0.805691,-0.816673,5.515837,0.789393,-59.355637,-27.510343,-50.112395,14.850518,-2.096270,-0.507230,-0.764117,0.0630
3.797394,-1.347233,-0.805691,-0.816673,5.157260,0.902115,-59.929466,-27.510343,-50.112395,14.743569,-2.144106,-0.431047,-0.754919,0.0650
3.797394,-1.347233,-0.805691,-0.816673,5.211312,0.757894,-60.039303,-27.510343,-50.112395,14.712820,-2.158294,-0.401740,-0.749839,0.0400
3.797394,-1.347233,-0.805691,-0.816673,5.211312,0.757894,-60.039303,-27.510343,-50.112395,14.712820,-2.158294,-0.401740,-0.749839,0.0410
3.797394,-1.347233,-0.805691,-0.816673,5.211312,0.757894,-60.039303,-27.510343,-50.112395,14.712820,-2.158294,-0.401740,-0.749839,0.0410
3.797394,-1.347233,-0.805691,-0.816673,5.211312,0.757894,-60.039303,-27.510343,-50.112395,14.712820,-2.158294,-0.401740,-0.749839,0.0410
3.797394,-1.347233,-0.805691,-0.816673,5.211312,0.757894,-60.039303,-27.510343,-50.112395,14.712820,-2.158294,-0.401740,-0.749839,0.0410
3.797394,-1.347233,-0.805691,-0.816673,5.211312,0.757894,-60.039303,-27.510343,-50.112395,14.712820,-2.158294,-0.401740,-0.749839,0.0400
3.797394,-1.347233,-0.805691,-0.816673,5.211312,0.757894,-60.039303,-27.510343,-50.112395,14.712820,-2.158294,-0.401740,-0.749839,0.0410
3.797394,-1.347233,-0.805691,-0.816673,5.211312,0.757894,-60.039303,-27.510343,-50.112395,14.712820,-2.158294,-0.401740,-0.749839,0.0410
3.797394,-1.347233,-0.805691,-0.816673,5.211312,0.757894,-60.039303,-27.510343,-50.112395,14.712820,-2.158294,-0.401740,-0.749839,0.0410
3.797394,-1.347233,-0.805691,-0.816673,5.211312,0.757894,-60.039303,-27.510343,-50.112395,14.712820,-2.158294,-0.401740,-0.749839,0.0400
3.797394,-1.347233,-0.805691,-0.816673,5.211312,0.757894,-60.039303,-27.510343,-50.112395,14.712820,-2.158294,-0.401740,-0.749839,0.0410
3.797394,-1.347233,-0.805691,-0.816673,5.211312,0.757894,-60.039303,-27.510343,-50.112395,14.712820,-2.158294,-0.401740,-0.749839,0.0400
3.797394,-1.347233,-0.805691,-0.816673,5.211312,0.757894,-60.039303,-27.510343,-50.112395,14.712820,-2.158294,-0.401740,-0.749839,0.0400
3.797394,-1.347233,-0.805691,-0.816673,5.211312,0.757894,-60.039303,-27.510343,-50.112395,14.712820,-2.158294,-0.401740,-0.749839,0.0400
3.797394,-1.347233,-0.805691,-0.816673,5.211312,0.757894,-60.039303,-27.510343,-50.112395,14.712820,-2.158294,-0.401740,-0.749839,0.0410
3.797394,-1.347233,-0.805691,-0.816673,5.211312,0.757894,-60.039303,-27.510343,-50.112395,14.712820,-2.158294,-0.401740,-0.749839,0.0410
3.797394,-1.347233,-0.805691,-0.816673,5.211312,0.757894,-60.039303,-27.510343,-50.112395,14.712820,-2.158294,-0.401740,-0.749839,0.0400
3.797394,-1.347233,-0.805691,-0.816673,5.211312,0.757894,-60.039303,-27.510343,-50.112395,14.712820,-2.158294,-0.401740,-0.749839,0.0410
3.797394,-1.347233,-0.805691,-0.816673,5.211312,0.757894,-60.039303,-27.510349,-50.112394,14.712820,-2.158294,-0.401740,-0.749839,0.0410
3.797394,-1.347233,-0.805691,-0.816673,5.211312,0.757894,-60.039303,-27.510349,-50.112394,14.712820,-2.158294,-0.401740,-0.749839,0.0400
3.797394,-1.347233,-0.805691,-0.816673,5.211312,0.757894,-60.039303,-27.510349,-50.112394,14.712820,-2.158294,-0.401740,-0.749839,0.0400
3.227782,-1.347233,-0.478433,-0.000000,6.348363,0.326111,-56.304302,-27.510349,-50.112394,14.239933,-2.522173,-0.336460,0.014680,0.0520
3.227782,-1.347233,-0.478433,-0.000000,7.095472,1.167129,-56.181694,-27.510349,-50.112394,14.070922,-2.529514,-0.204568,0.044802,0.0540
3.227782,-1.347233,-0.478433,-0.000000,6.734704,0.977450,-56.143791,-27.510349,-50.112394,13.933533,-2.537594,-0.073335,0.056160,0.0400
3.227782,-1.347233,-0.478433,-0.000000,6.785648,1.151451,-56.139484,-27.510349,-50.112394,13.927535,-2.537915,-0.067634,0.057409,0.0410
3.227782,-1.347233,-0.478433,-0.000000,6.785648,1.151451,-56.139484,-27.510349,-50.112394,13.927535,-2.537915,-0.067634,0.057409,0.0410
3.227782,-1.347233,-0.478433,-0.000000,6.785648,1.151451,-56.139484,-27.510349,-50.112394,13.927535,-2.537915,-0.067634,0.057409,0.0400
3.227782,-1.347233,-0.478433,-0.000000,6.785648,1.151451,-56.139484,-27.510349,-50.112394,13.927535,-2.537915,-0.067634,0.057409,0.0610
3.227782,-1.347233,-0.478433,-0.000000,6.785648,1.151451,-56.139484,-27.510349,-50.112394,13.927535,-2.537915,-0.067634,0.057409,0.0410
3.227782,-1.347233,-0.478433,-0.000000,6.785648,1.151451,-56.139484,-27.510349,-50.112394,13.927535,-2.537915,-0.067634,0.057409,0.0560
3.227782,-1.347233,-0.478433,-0.000000,6.785648,1.151451,-56.139484,-27.510349,-50.112394,13.927535,-2.537915,-0.067634,0.057409,0.0410
3.227782,-1.347233,-0.478433,-0.000000,6.785648,1.151451,-56.139484,-27.510349,-50.112394,13.927535,-2.537915,-0.067634,0.057409,0.0400
3.227782,-1.347233,-0.478433,-0.000000,6.785648,1.151451,-56.139484,-27.510349,-50.112394,13.927535,-2.537915,-0.067634,0.057409,0.0410
3.227782,-1.347233,-0.478433,-0.000000,6.785648,1.151451,-56.139484,-27.510349,-50.112394,13.927535,-2.537915,-0.067634,0.057409,0.0410
3.227782,-1.347233,-0.478433,-0.000000,6.785648,1.151451,-56.139484,-27.510349,-50.112394,13.927535,-2.537915,-0.067634,0.057409,0.0410
3.227782,-1.347233,-0.478433,-0.000000,6.785648,1.151451,-56.139484,-27.510349,-50.112394,13.927535,-2.537915,-0.067634,0.057409,0.0410
3.227782,-1.347233,-0.478433,-0.000000,6.785648,1.151451,-56.139484,-27.510349,-50.112394,13.927535,-2.537915,-0.067634,0.057409,0.0400
3.227782,-1.347233,-0.478433,-0.000000,6.785648,1.151451,-56.139484,-27.510349,-50.112394,13.927535,-2.537915,-0.067634,0.057409,0.0400
3.227782,-1.347233,-0.478433,-0.000000,6.785648,1.151451,-56.139484,-27.510352,-50.112395,13.927535,-2.537915,-0.067634,0.057409,0.0410
3.227782,-1.347233,-0.478433,-0.000000,6.785648,1.151451,-56.139484,-27.510352,-50.112395,13.927535,-2.537915,-0.067634,0.057409,0.0410
3.227782,-1.347233,-0.478433,-0.000000,6.785648,1.151451,-56.139484,-27.510352,-50.112395,13.927535,-2.537915,-0.067634,0.057409,0.0400
3.227782,-1.347233,-0.478433,-0.000000,6.785648,1.151451,-56.139484,-27.510352,-50.112395,13.927535,-2.537915,-0.067634,0.057409,0.0400
3.227782,-1.347233,-0.478433,-0.000000,6.785648,1.151451,-56.139484,-27.510352,-50.112395,13.927535,-2.537915,-0.067634,0.057409,0.0410
3.227782,-1.347233,-0.478433,-0.000000,6.785648,1.151451,-56.139484,-27.510352,-50.112395,13.927535,-2.537915,-0.067634,0.057409,0.0400
3.227782,-1.347233,-0.478433,-0.000000,6.785648,1.151451,-56.139484,-27.510352,-50.112395,13.927535,-2.537915,-0.067634,0.057409,0.0410
3.227782,-1.347233,-0.478433,-0.000000,6.785648,1.151451,-56.139484,-27.510352,-50.112395,13.927535,-2.537915,-0.067634,0.057409,0.0410
2.848041,-1.347233,-0.200633,-0.000000,6.302896,1.166147,-54.811508,-27.510352,-50.112395,13.630128,-2.515544,-0.016037,0.031729,0.0810
2.848041,-1.347233,-0.200633,-0.000000,6.305527,0.936737,-54.764320,-27.510352,-50.112395,13.507010,-2.524003,0.099782,0.049357,0.0400
2.848041,-1.347233,-0.200633,-0.000000,6.312744,0.923768,-54.727917,-27.510352,-50.112395,13.425822,-2.528891,0.186922,0.061981,0.0410
2.848041,-1.347233,-0.200633,-0.000000,6.312744,0.923768,-54.727917,-27.510352,-50.112395,13.425822,-2.528891,0.186922,0.061981,0.0400
2.848041,-1.347233,-0.200633,-0.000000,6.312744,0.923768,-54.727917,-27.510352,-50.112395,13.425822,-2.528891,0.186922,0.061981,0.0410
2.848041,-1.347233,-0.200633,-0.000000,6.312744,0.923768,-54.727917,-27.510352,-50.112395,13.425822,-2.528891,0.186922,0.061981,0.0410
2.848041,-1.347233,-0.200633,-0.000000,6.312744,0.923768,-54.727917,-27.510352,-50.112395,13.425822,-2.528891,0.186922,0.061981,0.0410
2.848041,-1.347233,-0.200633,-0.000000,6.312744,0.923768,-54.727917,-27.510352,-50.112395,13.425822,-2.528891,0.186922,0.061981,0.0400
2.848041,-1.347233,-0.200633,-0.000000,6.312744,0.923768,-54.727917,-27.510352,-50.112395,13.425822,-2.528891,0.186922,0.061981,0.0400
2.848041,-1.347233,-0.200633,-0.000000,6.312744,0.923768,-54.727917,-27.510352,-50.112395,13.425822,-2.528891,0.186922,0.061981,0.0400
2.848041,-1.347233,-0.200633,-0.000000,6.312744,0.923768,-54.727917,-27.510352,-50.112395,13.425822,-2.528891,0.186922,0.061981,0.0400
2.848041,-1.347233,-0.200633,-0.000000,6.312744,0.923768,-54.727917,-27.510352,-50.112395,13.425822,-2.528891,0.186922,0.061981,0.0400
2.848041,-1.347233,-0.200633,-0.000000,6.312744,0.923768,-54.727917,-27.510352,-50.112395,13.425822,-2.528891,0.186922,0.061981,0.0400
2.848041,-1.347233,-0.200633,-0.000000,6.312744,0.923768,-54.727917,-27.510355,-50.112397,13.425822,-2.528891,0.186922,0.061981,0.0500
2.848041,-1.347233,-0.200633,-0.000000,6.312744,0.923768,-54.727917,-27.510355,-50.112397,13.425822,-2.528891,0.186922,0.061981,0.0410
2.848041,-1.347233,-0.200633,-0.000000,6.312744,0.923768,-54.727917,-27.510355,-50.112397,13.425822,-2.528891,0.186922,0.061981,0.0410
2.848041,-1.347233,-0.200633,-0.000000,6.312744,0.923768,-54.727917,-27.510355,-50.112397,13.425822,-2.528891,0.186922,0.061981,0.0410
2.848041,-1.347233,-0.200633,-0.000000,6.312744,0.923768,-54.727917,-27.510355,-50.112397,13.425822,-2.528891,0.186922,0.061981,0.0410
2.848041,-1.347233,-0.200633,-0.000000,6.312744,0.923768,-54.727917,-27.510355,-50.112397,13.425822,-2.528891,0.186922,0.061981,0.0400
2.848041,-1.347233,-0.200633,-0.000000,6.312744,0.923768,-54.727917,-27.510355,-50.112397,13.425822,-2.528891,0.186922,0.061981,0.0400
2.848041,-1.347233,-0.200633,-0.000000,6.312744,0.923768,-54.727917,-27.510355,-50.112397,13.425822,-2.528891,0.186922,0.061981,0.0400
2.848041,-1.347233,-0.200633,-0.000000,6.312744,0.923768,-54.727917,-27.510355,-50.112397,13.425822,-2.528891,0.186922,0.061981,0.0650
2.848041,-1.347233,-0.200633,-0.000000,6.312744,0.923768,-54.727917,-27.510355,-50.112397,13.425822,-2.528891,0.186922,0.061981,0.0400
2.848041,-1.347233,-0.200633,-0.000000,6.312744,0.923768,-54.727917,-27.510355,-50.112397,13.425822,-2.528891,0.186922,0.061981,0.0400
2.848041,-1.347233,-0.200633,-0.000000,6.312744,0.923768,-54.727917,-27.510355,-50.112397,13.425822,-2.528891,0.186922,0.061981,0.0410
2.848041,-1.347233,-0.200633,-0.000000,6.312744,0.923768,-54.727917,-27.510355,-50.112397,13.425822,-2.528891,0.186922,0.061981,0.0400
2.848041,-1.347233,-0.200633,-0.000000,6.312744,0.923768,-54.727917,-27.510355,-50.112397,13.425822,-2.528891,0.186922,0.061981,0.0400
2.848041,-1.347233,-0.200633,-0.000000,6.312744,0.923768,-54.727917,-27.510355,-50.112397,13.425822,-2.528891,0.186922,0.061981,0.0410
2.848041,-1.347233,-0.200633,-0.000000,6.312744,0.923768,-54.727917,-27.510355,-50.112397,13.425822,-2.528891,0.186922,0.061981,0.0410
2.848041,-1.347233,-0.200633,-0.000000,6.312744,0.923768,-54.727917,-27.510355,-50.112397,13.425822,-2.528891,0.186922,0.061981,0.0400
2.848041,-1.347233,-0.200633,-0.000000,6.312744,0.923768,-54.727917,-27.510355,-50.112397,13.425822,-2.528891,0.186922,0.061981,0.0400
2.848041,-1.347233,-0.200633,-0.000000,6.312744,0.923768,-54.727917,-27.510355,-50.112397,13.425822,-2.528891,0.186922,0.061981,0.0410
2.848041,-1.347233,-0.200633,-0.000000,6.312744,0.923768,-54.727917,-27.510355,-50.112397,13.425822,-2.528891,0.186922,0.061981,0.0410
2.848041,-1.347233,-0.200633,-0.000000,6.312744,0.923768,-54.727917,-27.510355,-50.112397,13.425822,-2.528891,0.186922,0.061981,0.0400
2.848041,-1.347233,-0.200633,-0.000000,6.312744,0.923768,-54.727917,-27.510355,-50.112398,13.425822,-2.528891,0.186922,0.061981,0.0400
2.848041,-1.347233,-0.200633,-0.000000,6.312744,0.923768,-54.727917,-27.510355,-50.112398,13.425822,-2.528891,0.186922,0.061981,0.0400
2.848041,-1.347233,-0.200633,-0.000000,6.312744,0.923768,-54.727917,-27.510355,-50.112398,13.425822,-2.528891,0.186922,0.061981,0.0410
2.848041,-1.347233,-0.200633,-0.000000,6.312744,0.923768,-54.727917,-27.510355,-50.112398,13.425822,-2.528891,0.186922,0.061981,0.0400
2.848041,-1.347233,-0.200633,-0.000000,6.312744,0.923768,-54.727917,-27.510355,-50.112398,13.425822,-2.528891,0.186922,0.061981,0.0400
2.658170,-1.684036,0.000000,-0.066878,5.588131,0.836209,-52.815468,-27.510355,-50.112398,13.467499,-2.542017,0.095813,-0.048801,0.0620
2.658170,-1.684036,0.000000,-0.066878,5.574318,0.833788,-52.767754,-27.510355,-50.112398,13.270112,-2.561602,0.215086,-0.030862,0.0540
2.658170,-1.684036,0.000000,-0.066878,5.554734,0.830813,-52.724445,-27.510355,-50.112398,13.106654,-2.576912,0.332061,-0.013470,0.0410
2.658170,-1.684036,0.000000,-0.066878,5.552106,0.831332,-52.724445,-27.510355,-50.112398,13.106654,-2.576912,0.332061,-0.013470,0.0400
2.658170,-1.684036,0.000000,-0.066878,5.552106,0.831332,-52.724445,-27.510355,-50.112398,13.106654,-2.576912,0.332061,-0.013470,0.0570
2.658170,-1.684036,0.000000,-0.066878,5.552106,0.831332,-52.724445,-27.510355,-50.112398,13.106654,-2.576912,0.332061,-0.013470,0.0400
2.658170,-1.684036,0.000000,-0.066878,5.552106,0.831332,-52.724445,-27.510355,-50.112398,13.106654,-2.576912,0.332061,-0.013470,0.0400
2.658170,-1.684036,0.000000,-0.066878,5.552106,0.831332,-52.724445,-27.510355,-50.112398,13.106654,-2.576912,0.332061,-0.013470,0.0410
2.658170,-1.684036,0.000000,-0.066878,5.552106,0.831332,-52.724445,-27.510355,-50.112398,13.106654,-2.576912,0.332061,-0.013470,0.0410
2.658170,-1.684036,0.000000,-0.066878,5.552106,0.831332,-52.724445,-27.510355,-50.112398,13.106654,-2.576912,0.332061,-0.013470,0.0400
2.658170,-1.684036,0.000000,-0.066878,5.552106,0.831332,-52.724445,-27.510355,-50.112398,13.106654,-2.576912,0.332061,-0.013470,0.0400
2.658170,-1.684036,0.000000,-0.066878,5.552106,0.831332,-52.724445,-27.510355,-50.112398,13.106654,-2.576912,0.332061,-0.013470,0.0410
2.658170,-1.684036,0.000000,-0.066878,5.552106,0.831332,-52.724445,-27.510355,-50.112398,13.106654,-2.576912,0.332061,-0.013470,0.0410
2.658170,-1.684036,0.000000,-0.066878,5.552106,0.831332,-52.724445,-27.510355,-50.112398,13.106654,-2.576912,0.332061,-0.013470,0.0400
2.658170,-1.684036,0.000000,-0.066878,5.552106,0.831332,-52.724445,-27.510355,-50.112398,13.106654,-2.576912,0.332061,-0.013470,0.0400
2.658170,-1.684036,0.000000,-0.066878,5.552106,0.831332,-52.724445,-27.510356,-50.112402,13.106654,-2.576912,0.332061,-0.013470,0.0400
2.658170,-1.684036,0.000000,-0.066878,5.552106,0.831332,-52.724445,-27.510356,-50.112402,13.106654,-2.576912,0.332061,-0.013470,0.0400
2.658170,-1.684036,0.000000,-0.066878,5.552106,0.831332,-52.724445,-27.510356,-50.112402,13.106654,-2.576912,0.332061,-0.013470,0.0400
2.658170,-1.684036,0.000000,-0.066878,5.552106,0.831332,-52.724445,-27.510356,-50.112402,13.106654,-2.576912,0.332061,-0.013470,0.0410
2.658170,-1.684036,0.000000,-0.066878,5.552106,0.831332,-52.724445,-27.510356,-50.112402,13.106654,-2.576912,0.332061,-0.013470,0.0410
2.658170,-1.684036,0.000000,-0.066878,5.552106,0.831332,-52.724445,-27.510356,-50.112402,13.106654,-2.576912,0.332061,-0.013470,0.0400
2.658170,-1.684036,0.000000,-0.066878,5.552106,0.831332,-52.724445,-27.510356,-50.112402,13.106654,-2.576912,0.332061,-0.013470,0.0400
