0.000000,0.000000,0.000000,0.000000,3.774817,-0.146183,-0.049476,0.000000,0.000000,0.000000,0.000000,7.896000
0.000000,0.000000,0.000000,0.000000,3.428863,-0.148727,-0.104761,0.000000,0.000000,-0.087880,0.003707,0.139000
0.000000,0.000000,0.000000,0.000000,3.419047,-0.125764,-0.106337,0.000000,0.000000,-0.072160,0.003043,0.040000
0.000000,0.000000,0.000000,0.000000,3.420259,-0.128599,-0.110117,0.000000,0.000000,-0.056509,0.002391,0.041000
0.000000,0.000000,0.000000,0.000000,3.369970,-0.137519,-0.112412,0.000000,0.000000,-0.044336,0.001893,0.041000
0.000000,0.000000,0.000000,0.000000,3.327960,-0.127816,-0.114595,0.000000,0.000000,-0.030837,0.001346,0.041000
0.000000,0.000000,0.000000,0.000000,3.316831,-0.128534,-0.118591,0.000000,0.000000,-0.016418,0.000766,0.040000
0.000000,0.000000,0.000000,0.000000,3.275962,-0.144838,-0.119717,0.000000,0.000000,-0.003673,0.000256,0.040000
0.000000,0.000000,0.000000,0.000000,3.258640,-0.104023,-0.118911,0.000000,0.000000,0.008945,-0.000260,0.040000
0.000000,0.000000,0.000000,0.000000,3.257253,-0.101408,-0.124130,0.000000,0.000000,0.024585,-0.000883,0.041000
0.000000,0.000000,0.000000,0.000000,3.188249,-0.175885,-0.127433,0.000000,0.000000,0.040310,-0.001495,0.040000
0.000000,0.000000,0.000000,0.000000,3.159721,-0.116528,-0.127170,0.000000,0.000000,0.058753,-0.002253,0.041000
0.000000,0.000000,0.000000,0.000000,3.160442,-0.109936,-0.128896,0.000000,0.000000,0.077532,-0.003004,0.041000
0.000000,0.000000,0.000000,0.000000,3.123710,-0.148951,-0.130101,0.000000,0.000000,0.095381,-0.003698,0.040000
0.000000,0.000000,0.000000,0.000000,3.060331,-0.135932,-0.131772,0.000000,0.000000,0.112940,-0.004399,0.041000
0.000000,0.000000,0.000000,0.000000,3.076505,-0.094219,-0.132726,0.000000,0.000000,0.134745,-0.005279,0.040000
0.000000,0.000000,0.000000,0.000000,3.048880,-0.103119,-0.134461,0.000000,0.000000,0.156347,-0.006126,0.040000
0.000000,0.000000,0.000000,0.000000,2.980525,-0.160153,-0.137221,0.000000,0.000000,0.180380,-0.006970,0.040000
0.000000,0.000000,0.000000,0.000000,2.966118,-0.094423,-0.139377,0.000000,0.000000,0.204017,-0.008029,0.041000
0.000000,0.000000,0.000000,0.000000,2.961821,-0.101521,-0.139807,0.000000,0.000000,0.230209,-0.009070,0.041000
0.000000,0.000000,0.000000,0.000000,2.896611,-0.144267,-0.143612,0.000000,0.000000,0.255892,-0.010069,0.041000
0.000000,0.000000,0.000000,0.000000,2.882291,-0.088846,-0.144949,0.000000,0.000000,0.284188,-0.011199,0.040000
0.000000,0.000000,0.000000,0.000000,2.863719,-0.079885,-0.146198,0.000000,0.000000,0.314787,-0.012405,0.041000
0.000000,0.000000,0.000000,0.000000,2.837147,-0.132881,-0.148486,0.000000,0.000000,0.339120,-0.013345,0.040000
0.000000,0.000000,0.000000,0.000000,2.787315,-0.111433,-0.150952,0.000000,0.000000,0.365373,-0.014377,0.040000
0.000000,0.000000,0.000000,0.000000,2.782610,-0.098663,-0.152680,0.000000,0.000000,0.397537,-0.015647,0.040000
0.000000,0.000000,0.000000,0.000000,2.746377,-0.114510,-0.155380,0.000000,0.000000,0.432072,-0.016996,0.040000
0.000000,0.000000,0.000000,0.000000,2.699805,-0.122324,-0.157446,0.000000,0.000000,0.466312,-0.018339,0.040000
0.000000,0.000000,0.000000,0.000000,2.690652,-0.091603,-0.159336,0.000000,0.000000,0.499407,-0.019651,0.040000
0.000000,0.000000,0.000000,0.000000,2.659229,-0.095619,-0.160675,0.000000,0.000000,0.535514,-0.021071,0.040000
0.000000,0.000000,0.000000,0.000000,2.623088,-0.120847,-0.162433,0.000000,0.000000,0.566603,-0.022291,0.041000
0.000000,0.000000,0.000000,0.000000,2.593651,-0.099478,-0.165018,0.000000,0.000000,0.604452,-0.023793,0.041000
0.000000,0.000000,0.000000,0.000000,2.579820,-0.076027,-0.165902,0.000000,0.000000,0.640846,-0.025236,0.040000
0.000000,0.000000,0.000000,0.000000,2.533917,-0.115780,-0.167957,0.000000,0.000000,0.680434,-0.026788,0.040000
0.000000,0.000000,0.000000,0.000000,2.499883,-0.105765,-0.169355,0.000000,0.000000,0.714367,-0.028129,0.041000
0.000000,0.000000,0.000000,0.000000,2.494251,-0.079316,-0.169857,0.000000,0.000000,0.755526,-0.029756,0.040000
0.000000,0.000000,0.000000,0.000000,2.463455,-0.107020,-0.171432,0.000000,0.000000,0.786513,-0.030967,0.040000
0.000000,0.000000,0.000000,0.000000,2.416993,-0.110800,-0.173389,0.000000,0.000000,0.826558,-0.032537,0.050000
0.000000,0.000000,0.000000,0.000000,2.392251,-0.096888,-0.174570,0.000000,0.000000,0.869928,-0.034252,0.041000
0.000000,0.000000,0.000000,0.000000,2.377895,-0.089113,-0.175423,0.000000,0.000000,0.914067,-0.035996,0.040000
0.000000,0.000000,0.000000,0.000000,2.344012,-0.102473,-0.177273,0.000000,0.000000,0.949942,-0.037410,0.040000
0.000000,0.000000,0.000000,0.000000,2.301110,-0.097559,-0.178869,0.000000,0.000000,0.988079,-0.038920,0.041000
0.000000,0.000000,0.000000,0.000000,2.286849,-0.083890,-0.179422,0.000000,0.000000,1.029547,-0.040566,0.040000
0.000000,0.000000,0.000000,0.000000,2.268592,-0.083935,-0.179666,0.000000,0.000000,1.068666,-0.042112,0.040000
0.000000,0.000000,0.000000,0.000000,2.220096,-0.093453,-0.179366,0.000000,0.000000,1.120744,-0.044164,0.041000
0.000000,0.000000,0.000000,0.000000,2.203616,-0.075726,-0.180211,0.000000,0.000000,1.160990,-0.045752,0.041000
0.000000,0.000000,0.000000,0.000000,2.176526,-0.079029,-0.181796,0.000000,0.000000,1.204714,-0.047472,0.040000
0.000000,0.000000,0.000000,0.000000,2.145820,-0.092052,-0.183533,0.000000,0.000000,1.243993,-0.049013,0.040000
0.000000,0.000000,0.000000,0.000000,2.103471,-0.088180,-0.183780,0.000000,0.000000,1.290544,-0.050845,0.041000
0.000000,0.000000,0.000000,0.000000,2.093092,-0.068040,-0.183075,0.000000,0.000000,1.335695,-0.052624,0.041000
0.000000,0.000000,0.000000,0.000000,2.060938,-0.084200,-0.183746,0.000000,0.000000,1.383235,-0.054489,0.041000
0.000000,0.000000,0.000000,0.000000,2.031373,-0.083604,-0.185196,0.000000,0.000000,1.429344,-0.056297,0.041000
0.000000,0.000000,0.000000,0.000000,2.000391,-0.075310,-0.186232,0.000000,0.000000,1.470688,-0.057921,0.040000
0.000000,0.000000,0.000000,0.000000,1.987553,-0.067707,-0.186226,0.000000,0.000000,1.514317,-0.059631,0.040000
0.000000,0.000000,0.000000,0.000000,1.948755,-0.085346,-0.187125,0.000000,0.000000,1.566868,-0.061683,0.041000
0.000000,0.000000,0.000000,0.000000,1.926374,-0.088336,-0.188932,0.000000,0.000000,1.609272,-0.063345,0.040000
0.000000,0.000000,0.000000,0.000000,1.903432,-0.071841,-0.190771,0.000000,0.000000,1.653983,-0.065105,0.041000
0.000000,0.000000,0.000000,0.000000,1.878657,-0.068321,-0.192073,0.000000,0.000000,1.702371,-0.067007,0.041000
0.000000,0.000000,0.000000,0.000000,1.835930,-0.082246,-0.193533,0.000000,0.000000,1.753149,-0.068998,0.041000
0.000000,0.000000,0.000000,0.000000,1.809219,-0.070857,-0.194888,0.000000,0.000000,1.802235,-0.070928,0.040000
0.000000,0.000000,0.000000,0.000000,1.791772,-0.065027,-0.196101,0.000000,0.000000,1.851659,-0.072872,0.040000
0.000000,0.000000,0.000000,0.000000,1.762380,-0.066417,-0.197530,0.000000,0.000000,1.892367,-0.074470,0.040000
0.000000,0.000000,0.000000,0.000000,1.727029,-0.069376,-0.199824,0.000000,0.000000,1.942308,-0.076431,0.040000
0.000000,0.000000,0.000000,0.000000,1.702091,-0.065928,-0.202361,0.000000,0.000000,1.992530,-0.078408,0.040000
0.000000,0.000000,0.000000,0.000000,1.676956,-0.061263,-0.204541,0.000000,0.000000,2.039465,-0.080253,0.040000
0.000000,0.000000,0.000000,0.000000,1.643210,-0.062974,-0.206538,0.000000,0.000000,2.090185,-0.082241,0.040000
0.000000,0.000000,0.000000,0.000000,1.618814,-0.065373,-0.206772,0.000000,0.000000,2.135448,-0.084013,0.040000
0.000000,0.000000,0.000000,0.000000,1.597367,-0.052585,-0.206516,0.000000,0.000000,2.177269,-0.085649,0.040000
0.000000,0.000000,0.000000,0.000000,1.570326,-0.056487,-0.207667,0.000000,0.000000,2.228557,-0.087648,0.041000
0.000000,0.000000,0.000000,0.000000,1.526192,-0.057251,-0.209080,0.000000,0.000000,2.284182,-0.089808,0.049000
0.000000,0.000000,0.000000,0.000000,1.504370,-0.051102,-0.211507,0.000000,0.000000,2.339514,-0.091957,0.041000
0.000000,0.000000,0.000000,0.000000,1.477398,-0.048989,-0.213723,0.000000,0.000000,2.393399,-0.094042,0.040000
0.000000,0.000000,0.000000,0.000000,1.448260,-0.057016,-0.214412,0.000000,0.000000,2.439601,-0.095825,0.040000
0.000000,0.000000,0.000000,0.000000,1.413657,-0.056952,-0.214789,0.000000,0.000000,2.497474,-0.098059,0.041000
0.000000,0.000000,0.000000,0.000000,1.388914,-0.043429,-0.214847,0.000000,0.000000,2.548025,-0.100007,0.045000
0.000000,0.000000,0.000000,0.000000,1.359406,-0.048162,-0.214923,0.000000,0.000000,2.604073,-0.102161,0.041000
0.000000,0.000000,0.000000,0.000000,1.330400,-0.049932,-0.215031,0.000000,0.000000,2.646868,-0.103800,0.040000
0.000000,0.000000,0.000000,0.000000,1.297422,-0.045350,-0.215668,0.000000,0.000000,2.705125,-0.106033,0.041000
0.000000,0.000000,0.000000,0.000000,1.275003,-0.042380,-0.215883,0.000000,0.000000,2.747979,-0.107673,0.041000
0.000000,0.000000,0.000000,0.000000,1.235068,-0.043107,-0.215969,0.000000,0.000000,2.812141,-0.110125,0.040000
0.000000,0.000000,0.000000,0.000000,1.212213,-0.046301,-0.215661,0.000000,0.000000,2.855047,-0.111760,0.040000
0.000000,0.000000,0.000000,0.000000,1.188392,-0.043457,-0.215861,0.000000,0.000000,2.909629,-0.113839,0.040000
0.000000,0.000000,0.000000,0.000000,1.148648,-0.038133,-0.216947,0.000000,0.000000,2.968026,-0.116063,0.041000
0.000000,0.000000,0.000000,0.000000,1.118834,-0.047027,-0.217447,0.000000,0.000000,3.016712,-0.117915,0.040000
0.000000,0.000000,0.000000,0.000000,1.096767,-0.038085,-0.217939,0.000000,0.000000,3.069181,-0.119913,0.041000
0.000000,0.000000,0.000000,0.000000,1.062717,-0.038483,-0.218474,0.000000,0.000000,3.123546,-0.121976,0.041000
0.000000,0.000000,0.000000,0.000000,1.038189,-0.039068,-0.219992,0.000000,0.000000,3.170061,-0.123740,0.040000
0.000000,0.000000,0.000000,0.000000,1.010982,-0.034887,-0.220425,0.000000,0.000000,3.222291,-0.125719,0.040000
0.000000,0.000000,0.000000,0.000000,0.982430,-0.030962,-0.221997,0.000000,0.000000,3.276328,-0.127762,0.041000
0.000000,0.000000,0.000000,0.000000,0.953208,-0.040158,-0.223575,0.000000,0.000000,3.322549,-0.129507,0.040000
0.000000,0.000000,0.000000,0.000000,0.923265,-0.037300,-0.225151,0.000000,0.000000,3.368652,-0.131247,0.040000
0.000000,0.000000,0.000000,0.000000,0.881776,-0.033493,-0.226271,0.000000,0.000000,3.427970,-0.133487,0.041000
0.000000,0.000000,0.000000,0.000000,0.863356,-0.020294,-0.227090,0.000000,0.000000,3.485190,-0.135646,0.040000
0.000000,0.000000,0.000000,0.000000,0.834616,-0.022190,-0.227536,0.000000,0.000000,3.532645,-0.137426,0.041000
0.000000,0.000000,0.000000,0.000000,0.790846,-0.023493,-0.228233,0.000000,0.000000,3.589419,-0.139547,0.041000
0.000000,0.000000,0.000000,0.000000,0.767019,-0.020389,-0.228752,0.000000,0.000000,3.642076,-0.141505,0.041000
0.000000,0.000000,0.000000,0.000000,0.739878,-0.028987,-0.229655,0.000000,0.000000,3.698292,-0.143590,0.041000
0.000000,0.000000,0.000000,0.000000,0.708810,-0.027913,-0.230134,0.000000,0.000000,3.744794,-0.145312,0.040000
0.000000,0.000000,0.000000,0.000000,0.680429,-0.026571,-0.231225,0.000000,0.000000,3.794875,-0.147171,0.040000
0.000000,0.000000,0.000000,0.000000,0.653613,-0.019615,-0.231616,0.000000,0.000000,3.844665,-0.149021,0.041000
0.000000,0.000000,0.000000,0.000000,0.619457,-0.026795,-0.232250,0.000000,0.000000,3.895825,-0.150918,0.041000
0.000000,0.000000,0.000000,0.000000,0.586481,-0.025785,-0.232656,0.000000,0.000000,3.942840,-0.152663,0.041000
0.000000,0.000000,0.000000,0.000000,0.559925,-0.025047,-0.232971,0.000000,0.000000,3.991702,-0.154487,0.040000
0.000000,0.000000,0.000000,0.000000,0.535880,-0.024462,-0.232803,0.000000,0.000000,4.034845,-0.156100,0.040000
0.000000,0.000000,0.000000,0.000000,0.503710,-0.019646,-0.233303,0.000000,0.000000,4.084595,-0.157961,0.040000
0.000000,0.000000,0.000000,0.000000,0.470334,-0.017098,-0.233505,0.000000,0.000000,4.132378,-0.159753,0.041000
0.000000,0.000000,0.000000,0.000000,0.447202,-0.020886,-0.232452,0.000000,0.000000,4.181260,-0.161584,0.040000
0.000000,0.000000,0.000000,0.000000,0.415545,-0.016837,-0.231018,0.000000,0.000000,4.223025,-0.163153,0.040000
0.000000,0.000000,0.000000,0.000000,0.394177,-0.015404,-0.229752,0.000000,0.000000,4.269594,-0.164904,0.040000
0.000000,0.000000,0.000000,0.000000,0.364245,-0.019404,-0.228630,0.000000,0.000000,4.312033,-0.166500,0.040000
0.000000,0.000000,0.000000,0.000000,0.327959,-0.011286,-0.228435,0.000000,0.000000,4.359125,-0.168276,0.045000
0.000000,0.000000,0.000000,0.000000,0.304134,-0.016265,-0.229381,0.000000,0.000000,4.402996,-0.169934,0.041000
0.000000,0.000000,0.000000,0.000000,0.270945,-0.008194,-0.230807,0.000000,0.000000,4.449058,-0.171675,0.041000
0.000000,0.000000,0.000000,0.000000,0.242896,-0.001315,-0.231422,0.000000,0.000000,4.498173,-0.173531,0.041000
0.000000,0.000000,0.000000,0.000000,0.210168,-0.010753,-0.231139,0.000000,0.000000,4.543060,-0.175220,0.040000
0.000000,0.000000,0.000000,0.000000,0.180388,-0.009388,-0.230358,0.000000,0.000000,4.581403,-0.176664,0.040000
0.000000,0.000000,0.000000,0.000000,0.153993,-0.008676,-0.229044,0.000000,0.000000,4.619312,-0.178095,0.040000
0.000000,0.000000,0.000000,0.000000,0.122321,-0.011317,-0.228354,0.000000,0.000000,4.666060,-0.179861,0.041000
0.000000,0.000000,0.000000,0.000000,0.100279,-0.008219,-0.228542,0.000000,0.000000,4.702940,-0.181260,0.040000
0.000000,0.000000,0.000000,0.000000,0.072157,0.000074,-0.228168,0.000000,0.000000,4.739323,-0.182640,0.041000
0.000000,0.000000,0.000000,0.000000,0.044440,-0.001529,-0.228259,0.000000,0.000000,4.787577,-0.184469,0.041000
0.000000,0.000000,0.000000,0.000000,0.011681,-0.002309,-0.228227,0.000000,0.000000,4.831550,-0.186134,0.040000
0.000000,0.000000,0.000000,0.000000,-0.004986,0.006304,-0.228587,0.000000,0.000000,4.869566,-0.187573,0.040000
0.000000,0.000000,0.000000,0.000000,0.002512,0.000307,-0.228768,0.000000,0.000000,4.919630,-0.189308,0.041000
0.000000,0.000000,0.000000,0.000000,0.003507,0.001253,-0.228697,0.000000,0.000000,4.952969,-0.190727,0.040000
0.000000,0.000000,0.000000,0.000000,0.000043,-0.001854,-0.228567,0.000000,0.000000,4.997283,-0.192403,0.041000
0.000000,0.000000,0.000000,0.000000,0.000104,-0.002523,-0.228559,0.000000,0.000000,5.029530,-0.193622,0.040000
0.000000,0.000000,0.000000,0.000000,-0.000852,0.000279,-0.228226,0.000000,0.000000,5.065257,-0.194974,0.040000
0.000000,0.000000,0.000000,0.000000,0.000946,-0.001429,-0.229052,0.000000,0.000000,5.103648,-0.196427,0.040000
0.000000,0.000000,0.000000,0.000000,-0.001001,-0.000688,-0.229526,0.000000,0.000000,5.134388,-0.197590,0.040000
0.000000,0.000000,0.000000,0.000000,-0.000416,0.001166,-0.230105,0.000000,0.000000,5.171648,-0.199001,0.040000
0.000000,0.000000,0.000000,0.000000,-0.001890,0.002166,-0.231096,0.000000,0.000000,5.205133,-0.200268,0.041000
0.000000,0.000000,0.000000,0.000000,0.001963,-0.001102,-0.231941,0.000000,0.000000,5.237605,-0.201498,0.041000
0.000000,0.000000,0.000000,0.000000,-0.002718,0.000071,-0.230936,0.000000,0.000000,5.273210,-0.202847,0.040000
0.000000,0.000000,0.000000,0.000000,0.001056,-0.001161,-0.231035,0.000000,0.000000,5.301628,-0.203923,0.040000
0.000000,0.000000,0.000000,0.000000,0.001192,-0.001413,-0.230647,0.000000,0.000000,5.340061,-0.205378,0.041000
0.000000,0.000000,0.000000,0.000000,-0.001354,0.001321,-0.230178,0.000000,0.000000,5.370630,-0.206537,0.040000
0.000000,0.000000,0.000000,0.000000,0.001359,0.000673,-0.230107,0.000000,0.000000,5.400767,-0.207679,0.040000
0.000000,0.000000,0.000000,0.000000,0.002159,0.003796,-0.229748,0.000000,0.000000,5.433798,-0.208932,0.040000
0.000000,0.000000,0.000000,0.000000,0.000623,0.000384,-0.228912,0.000000,0.000000,5.466837,-0.210183,0.040000
0.000000,0.000000,0.000000,0.000000,0.002629,0.002322,-0.227779,0.000000,0.000000,5.495865,-0.211283,0.040000
0.000000,0.000000,0.000000,0.000000,-0.004614,0.006296,-0.227943,0.000000,0.000000,5.524266,-0.212360,0.041000
0.000000,0.000000,0.000000,0.000000,-0.000407,0.003022,-0.227257,0.000000,0.000000,5.552468,-0.213428,0.040000
0.000000,0.000000,0.000000,0.000000,-0.001711,-0.000698,-0.226975,0.000000,0.000000,5.577188,-0.214364,0.040000
0.000000,0.000000,0.000000,0.000000,0.000267,-0.000490,-0.226749,0.000000,0.000000,5.607503,-0.215512,0.041000
0.000000,0.000000,0.000000,0.000000,0.000199,-0.000307,-0.226372,0.000000,0.000000,5.640229,-0.216752,0.041000
0.000000,0.000000,0.000000,0.000000,-0.001599,-0.000505,-0.225327,0.000000,0.000000,5.669602,-0.217864,0.041000
0.000000,0.000000,0.000000,0.000000,0.000805,0.000247,-0.225697,0.000000,0.000000,5.704325,-0.219177,0.059000
0.000000,0.000000,0.000000,0.000000,0.002056,-0.000526,-0.226939,0.000000,0.000000,5.729907,-0.220146,0.041000
0.000000,0.000000,0.000000,0.000000,-0.000647,0.000549,-0.227702,0.000000,0.000000,5.757951,-0.221209,0.041000
0.000000,0.000000,0.000000,0.000000,0.000529,-0.002053,-0.228066,0.000000,0.000000,5.788322,-0.222359,0.041000
0.000000,0.000000,0.000000,0.000000,-0.002046,0.001110,-0.228133,0.000000,0.000000,5.815514,-0.223390,0.040000
0.000000,0.000000,0.000000,0.000000,-0.000580,-0.002466,-0.227916,0.000000,0.000000,5.842222,-0.224402,0.040000
0.000000,0.000000,0.000000,0.000000,-0.000596,0.001652,-0.227704,0.000000,0.000000,5.868629,-0.225403,0.040000
0.000000,0.000000,0.000000,0.000000,-0.002276,-0.000869,-0.226848,0.000000,0.000000,5.889388,-0.226190,0.041000
0.000000,0.000000,0.000000,0.000000,0.000327,0.000001,-0.226684,0.000000,0.000000,5.915113,-0.227166,0.041000
0.000000,0.000000,0.000000,0.000000,0.000706,0.000755,-0.227425,0.000000,0.000000,5.932637,-0.227830,0.040000
0.000000,0.000000,0.000000,0.000000,0.000443,-0.001063,-0.228870,0.000000,0.000000,5.957737,-0.228783,0.041000
0.000000,0.000000,0.000000,0.000000,0.000265,0.001024,-0.229129,0.000000,0.000000,5.982285,-0.229715,0.040000
0.000000,0.000000,0.000000,0.000000,-0.000245,-0.001402,-0.228910,0.000000,0.000000,6.009075,-0.230733,0.040000
0.000000,0.000000,0.000000,0.000000,0.000052,-0.000316,-0.228957,0.000000,0.000000,6.030505,-0.231547,0.041000
0.000000,0.000000,0.000000,0.000000,0.003031,0.004286,-0.229850,0.000000,0.000000,6.049302,-0.232260,0.040000
0.000000,0.000000,0.000000,0.000000,-0.000150,-0.000369,-0.229490,0.000000,0.000000,6.079637,-0.233411,0.041000
0.000000,0.000000,0.000000,0.000000,0.003129,-0.000570,-0.229748,0.000000,0.000000,6.102662,-0.234283,0.041000
0.000000,0.000000,0.000000,0.000000,-0.000652,0.000330,-0.229654,0.000000,0.000000,6.125372,-0.235143,0.041000
0.000000,0.000000,0.000000,0.000000,0.001229,-0.000940,-0.230013,0.000000,0.000000,6.147449,-0.235978,0.040000
0.000000,0.000000,0.000000,0.000000,-0.000921,0.000343,-0.230653,0.000000,0.000000,6.169537,-0.236814,0.041000
0.000000,0.000000,0.000000,0.000000,0.001310,0.000665,-0.231188,0.000000,0.000000,6.186720,-0.237463,0.040000
0.000000,0.000000,0.000000,0.000000,-0.000260,0.001479,-0.232588,0.000000,0.000000,6.208269,-0.238278,0.041000
0.000000,0.000000,0.000000,0.000000,0.005374,0.007813,-0.233019,0.000000,0.000000,6.229525,-0.239081,0.041000
0.000000,0.000000,0.000000,0.000000,0.000092,0.000194,-0.233005,0.000000,0.000000,6.250098,-0.239856,0.040000
0.000000,0.000000,0.000000,0.000000,-0.001280,-0.000997,-0.232068,0.000000,0.000000,6.270785,-0.240635,0.040000
0.000000,0.000000,0.000000,0.000000,-0.000204,-0.000708,-0.230298,0.000000,0.000000,6.288790,-0.241314,0.041000
0.000000,0.000000,0.000000,0.000000,0.000295,0.002524,-0.230636,0.000000,0.000000,6.308515,-0.242056,0.041000
0.000000,0.000000,0.000000,0.000000,0.001494,-0.003163,-0.229454,0.000000,0.000000,6.326475,-0.242734,0.040000
0.000000,0.000000,0.000000,0.000000,-0.001121,0.001510,-0.228620,0.000000,0.000000,6.346130,-0.243477,0.040000
0.000000,0.000000,0.000000,0.000000,0.000733,-0.000193,-0.229411,0.000000,0.000000,6.365054,-0.244191,0.041000
0.000000,0.000000,0.000000,0.000000,-0.001558,-0.001959,-0.230528,0.000000,0.000000,6.384191,-0.244914,0.041000
0.000000,0.000000,0.000000,0.000000,-0.000205,-0.000649,-0.230502,0.000000,0.000000,6.402572,-0.245608,0.041000
0.000000,0.000000,0.000000,0.000000,-0.001116,-0.001656,-0.230116,0.000000,0.000000,6.419408,-0.246244,0.040000
0.000000,0.000000,0.000000,0.000000,-0.000022,-0.001146,-0.229689,0.000000,0.000000,6.435014,-0.246833,0.041000
0.000000,0.000000,0.000000,0.000000,-0.001863,0.002089,-0.230865,0.000000,0.000000,6.454960,-0.247587,0.041000
0.000000,0.000000,0.000000,0.000000,0.003611,-0.000040,-0.230750,0.000000,0.000000,6.471170,-0.248199,0.040000
0.000000,0.000000,0.000000,0.000000,0.001770,0.001652,-0.227994,0.000000,0.000000,6.488956,-0.248868,0.061000
0.000000,0.000000,0.000000,0.000000,0.002292,0.000585,-0.227023,0.000000,0.000000,6.504745,-0.249464,0.041000
0.000000,0.000000,0.000000,0.000000,-0.002233,-0.002108,-0.225913,0.000000,0.000000,6.518122,-0.249968,0.041000
0.000000,0.000000,0.000000,0.000000,0.007704,-0.003280,-0.223163,0.000000,0.000000,6.533570,-0.250555,0.040000
0.000000,0.000000,0.000000,0.000000,-0.008343,0.022556,-0.221025,0.000000,0.000000,6.548844,-0.251131,0.040000
0.000000,0.000000,0.000000,0.000000,-0.002402,-0.033748,-0.218694,0.000000,0.000000,6.564933,-0.251711,0.046000
0.000000,0.000000,0.000000,0.000000,-0.050199,0.000164,-0.218759,0.000000,0.000000,6.575454,-0.252099,0.040000
0.000000,0.000000,0.000000,0.000000,0.011257,0.010097,-0.228022,0.000000,0.000000,6.588002,-0.252567,0.041000
0.000000,0.000000,0.000000,0.000000,0.186334,-0.100236,-0.224773,0.000000,0.000000,6.604136,-0.253173,0.041000
0.000000,0.000000,0.000000,0.000000,-0.060106,0.070099,-0.227455,0.000000,0.000000,6.618048,-0.253745,0.041000
0.000000,0.000000,0.000000,0.000000,0.050393,-0.114479,-0.224230,0.000000,0.000000,6.631733,-0.254262,0.040000
0.000000,0.000000,0.000000,0.000000,0.046098,-0.000904,-0.219724,0.000000,0.000000,6.646747,-0.254889,0.040000
0.000000,0.000000,0.000000,0.000000,-0.052644,0.047375,-0.220357,0.000000,0.000000,6.660114,-0.255450,0.040000
0.000000,0.000000,0.000000,0.000000,0.005763,-0.027632,-0.221036,0.000000,0.000000,6.672623,-0.255959,0.041000
0.000000,0.000000,0.000000,0.000000,0.062937,0.028443,-0.223526,0.000000,0.000000,6.684189,-0.256445,0.040000
0.000000,0.000000,0.000000,0.000000,0.004664,-0.001324,-0.223209,0.000000,0.000000,6.702690,-0.257192,0.041000
0.000000,0.000000,0.000000,0.000000,-0.040627,0.032322,-0.223195,0.000000,0.000000,6.717472,-0.257793,0.040000
0.000000,0.000000,0.000000,0.000000,0.005481,0.030033,-0.223909,0.000000,0.000000,6.729973,-0.258287,0.040000
0.000000,0.000000,0.000000,0.000000,0.012234,-0.059534,-0.224762,0.000000,0.000000,6.740963,-0.258704,0.040000
0.000000,0.000000,0.000000,0.000000,-0.001061,-0.027873,-0.221246,0.000000,0.000000,6.755238,-0.259294,0.040000
0.000000,0.000000,0.000000,0.000000,-0.064352,0.117021,-0.223401,0.000000,0.000000,6.767995,-0.259831,0.041000
0.000000,0.000000,0.000000,0.000000,0.062025,-0.100719,-0.225295,0.000000,0.000000,6.779871,-0.260265,0.040000
0.000000,0.000000,0.000000,0.000000,0.005016,-0.009470,-0.220931,0.000000,0.000000,6.793633,-0.260816,0.040000
0.000000,0.000000,0.000000,0.000000,-0.043575,0.110359,-0.218298,0.000000,0.000000,6.805948,-0.261324,0.040000
0.000000,0.000000,0.000000,0.000000,-0.014515,0.011321,-0.217053,0.000000,0.000000,6.817356,-0.261720,0.041000
0.000000,0.000000,0.000000,0.000000,0.059992,-0.019025,-0.213491,0.000000,0.000000,6.829880,-0.262149,0.041000
0.000000,0.000000,0.000000,0.000000,-0.102784,0.054639,-0.215364,0.000000,0.000000,6.841792,-0.262586,0.040000
0.000000,0.000000,0.000000,0.000000,0.052077,-0.018953,-0.217648,0.000000,0.000000,6.852779,-0.262956,0.040000
0.000000,0.000000,0.000000,0.000000,0.022295,0.040134,-0.226483,0.000000,0.000000,6.864865,-0.263355,0.041000
0.000000,0.000000,0.000000,0.000000,-0.029924,-0.145262,-0.224654,0.000000,0.000000,6.875612,-0.263703,0.040000
0.000000,0.000000,0.000000,0.000000,-0.030456,0.070654,-0.223453,0.000000,0.000000,6.887360,-0.264185,0.041000
0.000000,0.000000,0.000000,0.000000,0.133650,-0.058278,-0.221663,0.000000,0.000000,6.898935,-0.264607,0.041000
0.000000,0.000000,0.000000,0.000000,0.008601,-0.049408,-0.217349,0.000000,0.000000,6.908159,-0.264934,0.040000
0.000000,0.000000,0.000000,0.000000,-0.087206,0.034518,-0.220902,0.000000,0.000000,6.920350,-0.265417,0.040000
0.000000,0.000000,0.000000,0.000000,0.007733,-0.003868,-0.218545,0.000000,0.000000,6.930426,-0.265803,0.040000
0.000000,0.000000,0.000000,0.000000,0.023677,0.036039,-0.221640,0.000000,0.000000,6.942270,-0.266253,0.040000
0.000000,0.000000,0.000000,0.000000,-0.028320,-0.059468,-0.225736,0.000000,0.000000,6.951322,-0.266579,0.041000
0.000000,0.000000,0.000000,0.000000,0.053414,0.014992,-0.212872,0.000000,0.000000,6.962086,-0.267035,0.049000
0.000000,0.000000,0.000000,0.000000,0.011940,0.184815,-0.209621,0.000000,0.000000,6.974307,-0.267558,0.041000
0.000000,0.000000,0.000000,0.000000,-0.014602,-0.063619,-0.216926,0.000000,0.000000,6.985596,-0.267916,0.041000
0.000000,0.000000,0.000000,0.000000,0.019199,-0.141790,-0.216034,0.000000,0.000000,6.996734,-0.268306,0.041000
0.000000,0.000000,0.000000,0.000000,0.010783,0.079183,-0.219243,0.000000,0.000000,7.006914,-0.268748,0.041000
0.000000,0.000000,0.000000,0.000000,0.028706,-0.033887,-0.213135,0.000000,0.000000,7.016961,-0.269118,0.040000
0.000000,0.000000,0.000000,0.000000,-0.017484,-0.005513,-0.218813,0.000000,0.000000,7.027852,-0.269512,0.041000
0.000000,0.000000,0.000000,0.000000,0.013178,0.000716,-0.215784,0.000000,0.000000,7.037597,-0.269877,0.041000
0.000000,0.000000,0.000000,0.000000,-0.011674,0.072562,-0.219091,0.000000,0.000000,7.048072,-0.270257,0.040000
0.000000,0.000000,0.000000,0.000000,0.011569,-0.038092,-0.215585,0.000000,0.000000,7.055686,-0.270553,0.040000
0.000000,0.000000,0.000000,0.000000,-0.042583,-0.042857,-0.218542,0.000000,0.000000,7.061440,-0.270757,0.040000
0.000000,0.000000,0.000000,0.000000,0.026193,-0.020382,-0.217349,0.000000,0.000000,7.071572,-0.271168,0.041000
0.000000,0.000000,0.000000,0.000000,-0.007679,0.079981,-0.216488,0.000000,0.000000,7.081591,-0.271577,0.041000
0.000000,0.000000,0.000000,0.000000,0.008018,-0.076320,-0.216824,0.000000,0.000000,7.090616,-0.271880,0.041000
0.000000,0.000000,0.000000,0.000000,0.002994,-0.029741,-0.215814,0.000000,0.000000,7.098631,-0.272189,0.040000
0.000000,0.000000,0.000000,0.000000,0.002509,0.043344,-0.215278,0.000000,0.000000,7.108284,-0.272578,0.041000
0.000000,0.000000,0.000000,0.000000,-0.019174,-0.028782,-0.214188,0.000000,0.000000,7.115240,-0.272814,0.041000
0.000000,0.000000,0.000000,0.000000,-0.008193,-0.012925,-0.216162,0.000000,0.000000,7.124665,-0.273161,0.041000
0.000000,0.000000,0.000000,0.000000,0.003685,0.040894,-0.215624,0.000000,0.000000,7.133966,-0.273514,0.041000
0.000000,0.000000,0.000000,0.000000,-0.007973,0.015603,-0.216771,0.000000,0.000000,7.142273,-0.273799,0.040000
0.000000,0.000000,0.000000,0.000000,0.005082,-0.023759,-0.215446,0.000000,0.000000,7.148834,-0.274012,0.040000
0.000000,0.000000,0.000000,0.000000,0.000207,-0.000182,-0.215680,0.000000,0.000000,7.157808,-0.274329,0.041000
0.000000,0.000000,0.000000,0.000000,-0.000092,0.004378,-0.215840,0.000000,0.000000,7.166676,-0.274643,0.040000
0.000000,0.000000,0.000000,0.000000,-0.007194,0.000259,-0.217334,0.000000,0.000000,7.175432,-0.274949,0.040000
0.000000,0.000000,0.000000,0.000000,0.010997,-0.054571,-0.218693,0.000000,0.000000,7.181642,-0.275165,0.040000
0.000000,0.000000,0.000000,0.000000,-0.004960,0.034080,-0.220602,0.000000,0.000000,7.191594,-0.275568,0.043000
0.000000,0.000000,0.000000,0.000000,-0.003589,-0.004662,-0.222884,0.000000,0.000000,7.202405,-0.275951,0.102000
0.000000,0.000000,0.000000,0.000000,0.012558,0.002384,-0.221325,0.000000,0.000000,7.207563,-0.276140,0.040000
0.000000,0.000000,0.000000,0.000000,-0.001947,0.016834,-0.222302,0.000000,0.000000,7.217369,-0.276498,0.041000
0.000000,0.000000,0.000000,0.000000,0.002808,-0.023778,-0.222873,0.000000,0.000000,7.224532,-0.276744,0.041000
0.000000,0.000000,0.000000,0.000000,-0.001976,0.001982,-0.224422,0.000000,0.000000,7.232499,-0.277040,0.041000
0.000000,0.000000,0.000000,0.000000,0.005511,0.002845,-0.224729,0.000000,0.000000,7.238762,-0.277271,0.041000
0.000000,0.000000,0.000000,0.000000,-0.007042,-0.004005,-0.224577,0.000000,0.000000,7.246543,-0.277559,0.040000
0.000000,0.000000,0.000000,0.000000,0.000308,-0.001786,-0.223761,0.000000,0.000000,7.252635,-0.277785,0.041000
0.000000,0.000000,0.000000,0.000000,-0.000710,0.003152,-0.224182,0.000000,0.000000,7.260226,-0.278069,0.040000
0.000000,0.000000,0.000000,0.000000,0.000300,0.002226,-0.224594,0.000000,0.000000,7.267719,-0.278341,0.040000
0.000000,0.000000,0.000000,0.000000,-0.006329,-0.010793,-0.224502,0.000000,0.000000,7.273555,-0.278548,0.041000
0.000000,0.000000,0.000000,0.000000,0.000742,0.001342,-0.223041,0.000000,0.000000,7.279011,-0.278748,0.049000
0.000000,0.000000,0.000000,0.000000,0.024776,0.011108,-0.218269,0.000000,0.000000,7.287155,-0.279054,0.041000
0.000000,0.000000,0.000000,0.000000,0.001905,-0.000118,-0.215155,0.000000,0.000000,7.294291,-0.279313,0.040000
0.000000,0.000000,0.000000,0.000000,-0.005020,-0.015385,-0.209701,0.000000,0.000000,7.300729,-0.279548,0.040000
0.000000,0.000000,0.000000,0.000000,-0.037338,0.021233,-0.202423,0.000000,0.000000,7.306147,-0.279753,0.040000
0.000000,0.000000,0.000000,0.000000,-0.005478,0.029551,-0.190898,0.000000,0.000000,7.310876,-0.279912,0.040000
0.000000,0.000000,0.000000,0.000000,0.121660,-0.045657,-0.180707,0.000000,0.000000,7.316139,-0.280070,0.041000
0.000000,0.000000,0.000000,0.000000,0.256127,-0.117546,-0.183192,0.000000,0.000000,7.322958,-0.280324,0.041000
0.000000,0.000000,0.000000,0.000000,-0.000703,-0.001584,-0.204493,0.000000,0.000000,7.329905,-0.280676,0.040000
0.000000,0.000000,0.000000,0.000000,-0.182425,-0.021562,-0.216524,0.000000,0.000000,7.334652,-0.280948,0.041000
0.000000,0.000000,0.000000,0.000000,-0.237924,0.271181,-0.223503,0.000000,0.000000,7.343310,-0.281391,0.041000
0.000000,0.000000,0.000000,0.000000,0.220061,-0.152851,-0.208562,0.000000,0.000000,7.347609,-0.281512,0.041000
0.000000,0.000000,0.000000,0.000000,0.031844,-0.096523,-0.204621,0.000000,0.000000,7.353555,-0.281752,0.041000
0.000000,0.000000,0.000000,0.000000,-0.044836,0.077549,-0.205188,0.000000,0.000000,7.357843,-0.281985,0.041000
0.000000,0.000000,0.000000,0.000000,0.003494,0.143026,-0.203783,0.000000,0.000000,7.366042,-0.282344,0.041000
0.000000,0.000000,0.000000,0.000000,-0.031293,0.112754,-0.198071,0.000000,0.000000,7.370673,-0.282415,0.040000
0.000000,0.000000,0.000000,0.000000,0.031084,-0.188999,-0.162378,0.000000,0.000000,7.374275,-0.282387,0.041000
0.000000,0.000000,0.000000,0.000000,-0.000019,0.000825,-0.131543,0.000000,0.000000,7.379752,-0.282575,0.040000
0.000000,0.000000,0.000000,0.000000,-0.031167,0.195707,-0.113474,0.000000,0.000000,7.382266,-0.282668,0.040000
0.000000,0.000000,0.000000,0.000000,0.069615,0.056137,-0.098140,0.000000,0.000000,7.388603,-0.282734,0.041000
0.000000,0.000000,0.000000,0.000000,0.075200,-0.115779,-0.096347,0.000000,0.000000,7.391059,-0.282651,0.041000
0.000000,0.000000,0.000000,0.000000,-0.010163,0.028035,-0.097302,0.000000,0.000000,7.396877,-0.282757,0.041000
0.000000,0.000000,0.000000,0.000000,0.036002,0.047919,-0.096180,0.000000,0.000000,7.402141,-0.282861,0.040000
0.000000,0.000000,0.000000,0.000000,-0.023026,-0.017910,-0.100777,0.000000,0.000000,7.407354,-0.282927,0.040000
0.000000,0.000000,0.000000,0.000000,-0.003086,-0.069719,-0.108684,0.000000,0.000000,7.410581,-0.282920,0.041000
0.000000,0.000000,0.000000,0.000000,-0.036970,0.063486,-0.112072,0.000000,0.000000,7.416110,-0.283052,0.040000
0.000000,0.000000,0.000000,0.000000,0.016975,0.009167,-0.110462,0.000000,0.000000,7.421102,-0.283147,0.041000
0.000000,0.000000,0.000000,0.000000,0.000402,-0.023595,-0.109453,0.000000,0.000000,7.425074,-0.283185,0.040000
0.000000,0.000000,0.000000,0.000000,-0.000688,-0.074185,-0.109192,0.000000,0.000000,7.430381,-0.283292,0.041000
0.000000,0.000000,0.000000,0.000000,-0.037193,0.045846,-0.109383,0.000000,0.000000,7.435601,-0.283440,0.040000
0.000000,0.000000,0.000000,0.000000,0.029528,0.075432,-0.103266,0.000000,0.000000,7.439325,-0.283483,0.041000
0.000000,0.000000,0.000000,0.000000,0.062320,-0.071643,-0.098079,0.000000,0.000000,7.444384,-0.283509,0.041000
0.000000,0.000000,0.000000,0.000000,-0.000458,-0.136192,-0.099676,0.000000,0.000000,7.449420,-0.283600,0.040000
0.000000,0.000000,0.000000,0.000000,-0.034445,0.006831,-0.101756,0.000000,0.000000,7.453983,-0.283803,0.041000
0.000000,0.000000,0.000000,0.000000,0.023441,0.098489,-0.100096,0.000000,0.000000,7.458849,-0.283972,0.040000
0.000000,0.000000,0.000000,0.000000,0.015296,0.012428,-0.093227,0.000000,0.000000,7.462673,-0.283994,0.040000
0.000000,0.000000,0.000000,0.000000,-0.050252,-0.088968,-0.095244,0.000000,0.000000,7.466444,-0.284019,0.049000
0.000000,0.000000,0.000000,0.000000,0.003763,0.033339,-0.098816,0.000000,0.000000,7.472080,-0.284210,0.041000
0.000000,0.000000,0.000000,0.000000,0.000022,0.000045,-0.099285,0.000000,0.000000,7.475673,-0.284311,0.041000
0.000000,0.000000,0.000000,0.000000,0.010443,0.001731,-0.096540,0.000000,0.000000,7.478845,-0.284387,0.040000
0.000000,0.000000,0.000000,0.000000,0.009558,-0.119813,-0.090908,0.000000,0.000000,7.482953,-0.284496,0.040000
0.000000,0.000000,0.000000,0.000000,-0.094681,-0.008737,-0.091729,0.000000,0.000000,7.486023,-0.284645,0.040000
0.000000,0.000000,0.000000,0.000000,0.014843,0.053950,-0.087350,0.000000,0.000000,7.488664,-0.284800,0.040000
0.000000,0.000000,0.000000,0.000000,0.072464,-0.027190,-0.083651,0.000000,0.000000,7.493555,-0.285012,0.040000
0.000000,0.000000,0.000000,0.000000,-0.014670,-0.097410,-0.083901,0.000000,0.000000,7.496469,-0.285148,0.040000
0.000000,0.000000,0.000000,0.000000,-0.106455,0.004833,-0.084207,0.000000,0.000000,7.500305,-0.285381,0.040000
0.000000,0.000000,0.000000,0.000000,0.051609,0.033624,-0.080622,0.000000,0.000000,7.504912,-0.285661,0.041000
0.000000,0.000000,0.000000,0.000000,0.017457,-0.020949,-0.079230,0.000000,0.000000,7.507584,-0.285803,0.040000
0.000000,0.000000,0.000000,0.000000,-0.031963,-0.062859,-0.082049,0.000000,0.000000,7.511222,-0.286004,0.041000
0.000000,0.000000,0.000000,0.000000,-0.047481,0.006606,-0.086328,0.000000,0.000000,7.515063,-0.286271,0.041000
0.000000,0.000000,0.000000,0.000000,0.028798,0.024169,-0.086328,0.000000,0.000000,7.518798,-0.286515,0.040000
0.000000,0.000000,0.000000,0.000000,0.016499,-0.013842,-0.082248,0.000000,0.000000,7.521209,-0.286673,0.040000
0.000000,0.000000,0.000000,0.000000,-0.024785,-0.010335,-0.079291,0.000000,0.000000,7.525114,-0.286910,0.041000
0.000000,0.000000,0.000000,0.000000,0.008962,0.063877,-0.080434,0.000000,0.000000,7.528417,-0.287116,0.040000
0.000000,0.000000,0.000000,0.000000,0.017811,0.008425,-0.084601,0.000000,0.000000,7.530416,-0.287235,0.040000
0.000000,0.000000,0.000000,0.000000,-0.025118,-0.084196,-0.085100,0.000000,0.000000,7.534130,-0.287420,0.041000
0.000000,0.000000,0.000000,0.000000,-0.034389,-0.003539,-0.084610,0.000000,0.000000,7.538526,-0.287686,0.040000
0.000000,0.000000,0.000000,0.000000,0.066112,0.071080,-0.082283,0.000000,0.000000,7.540804,-0.287874,0.041000
0.000000,0.000000,0.000000,0.000000,0.017901,-0.060435,-0.082877,0.000000,0.000000,7.543859,-0.288016,0.040000
0.000000,0.000000,0.000000,0.000000,-0.029172,-0.101284,-0.086512,0.000000,0.000000,7.546099,-0.288180,0.041000
0.000000,0.000000,0.000000,0.000000,-0.032727,0.108583,-0.088976,0.000000,0.000000,7.549271,-0.288446,0.040000
0.000000,0.000000,0.000000,0.000000,0.031312,0.069144,-0.084037,0.000000,0.000000,7.552554,-0.288645,0.041000
0.000000,0.000000,0.000000,0.000000,0.000575,-0.099048,-0.081291,0.000000,0.000000,7.554774,-0.288743,0.041000
0.000000,0.000000,0.000000,0.000000,-0.026680,-0.012600,-0.083982,0.000000,0.000000,7.557575,-0.288930,0.041000
0.000000,0.000000,0.000000,0.000000,-0.000338,0.017673,-0.083021,0.000000,0.000000,7.559296,-0.289104,0.041000
0.000000,0.000000,0.000000,0.000000,0.000274,-0.002293,-0.081176,0.000000,0.000000,7.560789,-0.289241,0.040000
0.000000,0.000000,0.000000,0.000000,0.026217,-0.024455,-0.079810,0.000000,0.000000,7.562613,-0.289414,0.041000
0.000000,0.000000,0.000000,0.000000,-0.005828,-0.005036,-0.083343,0.000000,0.000000,7.565248,-0.289619,0.040000
0.000000,0.000000,0.000000,0.000000,-0.029211,0.071958,-0.085776,0.000000,0.000000,7.569196,-0.289885,0.041000
0.000000,0.000000,0.000000,0.000000,-0.001866,0.005836,-0.086496,0.000000,0.000000,7.570678,-0.289987,0.040000
0.000000,0.000000,0.000000,0.000000,-0.013637,-0.042525,-0.086669,0.000000,0.000000,7.573307,-0.290145,0.041000
0.000000,0.000000,0.000000,0.000000,-0.010180,0.033865,-0.085519,0.000000,0.000000,7.575731,-0.290328,0.040000
0.000000,0.000000,0.000000,0.000000,0.013925,0.057141,-0.083312,0.000000,0.000000,7.577081,-0.290453,0.040000
0.000000,0.000000,0.000000,0.000000,0.007367,-0.063142,-0.081866,0.000000,0.000000,7.577389,-0.290499,0.048000
0.000000,0.000000,0.000000,0.000000,-0.044015,-0.041008,-0.082002,0.000000,0.000000,7.580900,-0.290703,0.041000
0.000000,0.000000,0.000000,0.000000,0.005925,0.043039,-0.081975,0.000000,0.000000,7.583446,-0.290926,0.041000
0.000000,0.000000,0.000000,0.000000,0.005374,0.008035,-0.080007,0.000000,0.000000,7.585799,-0.291083,0.040000
0.000000,0.000000,0.000000,0.000000,-0.003036,0.002013,-0.076638,0.000000,0.000000,7.586831,-0.291192,0.040000
0.000000,0.000000,0.000000,0.000000,-0.013164,-0.029693,-0.074982,0.000000,0.000000,7.588979,-0.291344,0.040000
0.000000,0.000000,0.000000,0.000000,-0.005964,0.026996,-0.075980,0.000000,0.000000,7.591071,-0.291519,0.040000
0.000000,0.000000,0.000000,0.000000,0.004939,0.000285,-0.079015,0.000000,0.000000,7.592082,-0.291650,0.041000
0.000000,0.000000,0.000000,0.000000,-0.018731,-0.010363,-0.077251,0.000000,0.000000,7.594081,-0.291806,0.040000
0.000000,0.000000,0.000000,0.000000,0.034554,0.016534,-0.072702,0.000000,0.000000,7.594996,-0.291929,0.040000
0.000000,0.000000,0.000000,0.000000,0.017322,-0.066305,-0.075619,0.000000,0.000000,7.597041,-0.292104,0.041000
0.000000,0.000000,0.000000,0.000000,-0.073137,0.079691,-0.082331,0.000000,0.000000,7.599043,-0.292336,0.041000
0.000000,0.000000,0.000000,0.000000,-0.053949,0.117918,-0.083884,0.000000,0.000000,7.600856,-0.292512,0.040000
0.000000,0.000000,0.000000,0.000000,0.079644,-0.032598,-0.077759,0.000000,0.000000,7.601475,-0.292559,0.040000
0.000000,0.000000,0.000000,0.000000,0.000961,-0.047241,-0.078591,0.000000,0.000000,7.604423,-0.292720,0.040000
0.000000,0.000000,0.000000,0.000000,-0.090052,0.049544,-0.078647,0.000000,0.000000,7.606279,-0.292906,0.040000
0.000000,0.000000,0.000000,0.000000,0.004124,0.144740,-0.081057,0.000000,0.000000,7.607884,-0.293043,0.040000
0.000000,0.000000,0.000000,0.000000,-0.051901,-0.078018,-0.076936,0.000000,0.000000,7.608398,-0.293050,0.040000
0.000000,0.000000,0.000000,0.000000,0.004309,-0.006568,-0.064352,0.000000,0.000000,7.608834,-0.293083,0.041000
0.000000,0.000000,0.000000,0.000000,0.239350,0.017671,-0.065974,0.000000,0.000000,7.610324,-0.293182,0.040000
0.000000,0.000000,0.000000,0.000000,0.123167,0.104653,-0.071176,0.000000,0.000000,7.611954,-0.293252,0.040000
0.000000,0.000000,0.000000,0.000000,-0.240410,-0.089570,-0.071192,0.000000,0.000000,7.613630,-0.293215,0.040000
0.000000,0.000000,0.000000,0.000000,-0.053444,-0.118768,-0.073874,0.000000,0.000000,7.613983,-0.293162,0.040000
0.000000,0.000000,0.000000,0.000000,0.146121,0.097384,-0.075304,0.000000,0.000000,7.615286,-0.293237,0.040000
0.000000,0.000000,0.000000,0.000000,0.141261,-0.000572,-0.066723,0.000000,0.000000,7.615610,-0.293214,0.040000
0.000000,0.000000,0.000000,0.000000,-0.085489,0.026804,-0.063169,0.000000,0.000000,7.617045,-0.293190,0.041000
0.000000,0.000000,0.000000,0.000000,0.051619,-0.060650,-0.067041,0.000000,0.000000,7.617326,-0.293102,0.041000
0.000000,0.000000,0.000000,0.000000,0.082468,-0.121311,-0.075062,0.000000,0.000000,7.617582,-0.293076,0.040000
0.000000,0.000000,0.000000,0.000000,-0.035470,0.087841,-0.077281,0.000000,0.000000,7.618925,-0.293177,0.041000
0.000000,0.000000,0.000000,0.000000,-0.055322,0.079945,-0.077608,0.000000,0.000000,7.620222,-0.293219,0.041000
0.000000,0.000000,0.000000,0.000000,0.021556,0.003220,-0.083186,0.000000,0.000000,7.620359,-0.293145,0.041000
0.000000,0.000000,0.000000,0.000000,0.036864,-0.139706,-0.087137,0.000000,0.000000,7.620497,-0.293076,0.041000
0.000000,0.000000,0.000000,0.000000,-0.064731,-0.002042,-0.089512,0.000000,0.000000,7.620619,-0.293092,0.041000
0.000000,0.000000,0.000000,0.000000,-0.000432,0.142562,-0.089543,0.000000,0.000000,7.622776,-0.293212,0.041000
0.000000,0.000000,0.000000,0.000000,0.012151,-0.039445,-0.092812,0.000000,0.000000,7.622787,-0.293141,0.041000
0.000000,0.000000,0.000000,0.000000,0.006549,-0.028235,-0.092768,0.000000,0.000000,7.623811,-0.293162,0.041000
0.000000,0.000000,0.000000,0.000000,-0.018789,0.065769,-0.095935,0.000000,0.000000,7.624789,-0.293230,0.049000
0.000000,0.000000,0.000000,0.000000,0.007944,0.015053,-0.092927,0.000000,0.000000,7.626741,-0.293266,0.041000
0.000000,0.000000,0.000000,0.000000,0.020253,-0.102341,-0.091874,0.000000,0.000000,7.625567,-0.293167,0.040000
0.000000,0.000000,0.000000,0.000000,-0.047226,-0.031765,-0.091227,0.000000,0.000000,7.626442,-0.293211,0.041000
0.000000,0.000000,0.000000,0.000000,-0.019426,0.114937,-0.085226,0.000000,0.000000,7.627223,-0.293273,0.041000
0.000000,0.000000,0.000000,0.000000,0.073663,0.025509,-0.081611,0.000000,0.000000,7.624953,-0.293145,0.040000
0.000000,0.000000,0.000000,0.000000,0.020654,-0.148599,-0.078245,0.000000,0.000000,7.625732,-0.293119,0.041000
0.000000,0.000000,0.000000,0.000000,-0.029196,0.071666,-0.080189,0.000000,0.000000,7.627465,-0.293267,0.041000
0.000000,0.000000,0.000000,0.000000,-0.018415,0.025139,-0.082594,0.000000,0.000000,7.627140,-0.293293,0.040000
0.000000,0.000000,0.000000,0.000000,0.048999,0.040435,-0.079675,0.000000,0.000000,7.626771,-0.293289,0.040000
0.000000,0.000000,0.000000,0.000000,0.025745,-0.070504,-0.080971,0.000000,0.000000,7.626349,-0.293261,0.041000
0.000000,0.000000,0.000000,0.000000,-0.048972,-0.058351,-0.084648,0.000000,0.000000,7.626949,-0.293335,0.040000
0.000000,0.000000,0.000000,0.000000,-0.001360,0.066117,-0.086956,0.000000,0.000000,7.627535,-0.293430,0.041000
0.000000,0.000000,0.000000,0.000000,0.029140,-0.078490,-0.086031,0.000000,0.000000,7.627052,-0.293449,0.040000
0.000000,0.000000,0.000000,0.000000,-0.019461,-0.030081,-0.082864,0.000000,0.000000,7.627607,-0.293544,0.040000
0.000000,0.000000,0.000000,0.000000,-0.011721,0.091678,-0.083852,0.000000,0.000000,7.628005,-0.293677,0.040000
0.000000,0.000000,0.000000,0.000000,0.021337,-0.052762,-0.080964,0.000000,0.000000,7.628413,-0.293742,0.041000
0.000000,0.000000,0.000000,0.000000,-0.015448,0.015485,-0.082828,0.000000,0.000000,7.627822,-0.293791,0.041000
0.000000,0.000000,0.000000,0.000000,-0.002565,-0.008137,-0.085346,0.000000,0.000000,7.628168,-0.293880,0.041000
0.000000,0.000000,0.000000,0.000000,-0.002444,-0.001958,-0.083664,0.000000,0.000000,7.627575,-0.293928,0.040000
0.000000,0.000000,0.000000,0.000000,0.019672,0.058574,-0.079890,0.000000,0.000000,7.627851,-0.294017,0.040000
0.000000,0.000000,0.000000,0.000000,0.019942,0.013630,-0.075194,0.000000,0.000000,7.628198,-0.294053,0.040000
0.000000,0.000000,0.000000,0.000000,-0.008516,-0.029057,-0.074247,0.000000,0.000000,7.628459,-0.294091,0.041000
0.000000,0.000000,0.000000,0.000000,-0.014144,-0.003466,-0.075172,0.000000,0.000000,7.628767,-0.294150,0.040000
0.000000,0.000000,0.000000,0.000000,0.015743,0.009218,-0.074777,0.000000,0.000000,7.628946,-0.294212,0.041000
0.000000,0.000000,0.000000,0.000000,0.000012,-0.000050,-0.074660,0.000000,0.000000,7.629101,-0.294263,0.040000
0.000000,0.000000,0.000000,0.000000,-0.004581,0.038076,-0.073715,0.000000,0.000000,7.628168,-0.294263,0.041000
0.000000,0.000000,0.000000,0.000000,-0.017052,-0.040104,-0.075571,0.000000,0.000000,7.628235,-0.294278,0.041000
0.000000,0.000000,0.000000,0.000000,-0.005889,-0.026776,-0.079075,0.000000,0.000000,7.628363,-0.294325,0.040000
0.000000,0.000000,0.000000,0.000000,0.015283,0.068182,-0.078739,0.000000,0.000000,7.628350,-0.294386,0.040000
0.000000,0.000000,0.000000,0.000000,0.004316,-0.028774,-0.075744,0.000000,0.000000,7.627484,-0.294373,0.040000
0.000000,0.000000,0.000000,0.000000,-0.000788,0.015199,-0.073472,0.000000,0.000000,7.627537,-0.294396,0.040000
0.000000,0.000000,0.000000,0.000000,0.000964,0.012449,-0.075756,0.000000,0.000000,7.627562,-0.294417,0.040000
0.000000,0.000000,0.000000,0.000000,-0.002877,-0.015445,-0.075686,0.000000,0.000000,7.627564,-0.294430,0.040000
0.000000,0.000000,0.000000,0.000000,-0.001743,0.001143,-0.073462,0.000000,0.000000,7.627417,-0.294449,0.041000
0.000000,0.000000,0.000000,0.000000,-0.010868,-0.008736,-0.073351,0.000000,0.000000,7.627114,-0.294471,0.041000
0.000000,0.000000,0.000000,0.000000,0.006576,0.028870,-0.070494,0.000000,0.000000,7.625973,-0.294459,0.040000
0.000000,0.000000,0.000000,0.000000,0.027187,0.017333,-0.072152,0.000000,0.000000,7.623646,-0.294368,0.050000
0.000000,0.000000,0.000000,0.000000,-0.017394,-0.143945,-0.071817,0.000000,0.000000,7.624457,-0.294372,0.041000
0.000000,0.000000,0.000000,0.000000,-0.018550,0.006733,-0.072225,0.000000,0.000000,7.624187,-0.294430,0.041000
0.000000,0.000000,0.000000,0.000000,-0.011993,0.101208,-0.073920,0.000000,0.000000,7.622960,-0.294459,0.041000
0.000000,0.000000,0.000000,0.000000,0.014757,-0.010624,-0.071206,0.000000,0.000000,7.622752,-0.294458,0.040000
0.000000,0.000000,0.000000,0.000000,-0.020134,-0.026158,-0.073272,0.000000,0.000000,7.621340,-0.294416,0.041000
0.000000,0.000000,0.000000,0.000000,-0.000795,0.001690,-0.076015,0.000000,0.000000,7.621832,-0.294479,0.041000
0.000000,0.000000,0.000000,0.000000,0.003690,0.009645,-0.075860,0.000000,0.000000,7.621541,-0.294508,0.040000
0.000000,0.000000,0.000000,0.000000,0.004820,0.012905,-0.075229,0.000000,0.000000,7.620329,-0.294486,0.040000
0.000000,0.000000,0.000000,0.000000,0.004216,-0.030139,-0.074978,0.000000,0.000000,7.619672,-0.294492,0.041000
0.000000,0.000000,0.000000,0.000000,-0.010427,0.053883,-0.078028,0.000000,0.000000,7.619137,-0.294523,0.040000
0.000000,0.000000,0.000000,0.000000,0.029899,-0.061293,-0.076577,0.000000,0.000000,7.617508,-0.294461,0.041000
0.000000,0.000000,0.000000,0.000000,-0.017493,-0.083606,-0.075205,0.000000,0.000000,7.616905,-0.294456,0.040000
0.000000,0.000000,0.000000,0.000000,0.002512,-0.004478,-0.069867,0.000000,0.000000,7.616440,-0.294522,0.040000
0.000000,0.000000,0.000000,0.000000,-0.018776,0.081742,-0.061939,0.000000,0.000000,7.615948,-0.294593,0.040000
0.000000,0.000000,0.000000,0.000000,0.013517,0.059814,-0.060354,0.000000,0.000000,7.614203,-0.294568,0.041000
0.000000,0.000000,0.000000,0.000000,0.066386,0.030862,-0.067371,0.000000,0.000000,7.613688,-0.294524,0.040000
0.000000,0.000000,0.000000,0.000000,-0.081850,-0.129955,-0.078568,0.000000,0.000000,7.611973,-0.294447,0.041000
0.000000,0.000000,0.000000,0.000000,-0.115609,0.041407,-0.093566,0.000000,0.000000,7.611400,-0.294513,0.040000
0.000000,0.000000,0.000000,0.000000,-0.098455,-0.005920,-0.098342,0.000000,0.000000,7.609449,-0.294509,0.041000
0.000000,0.000000,0.000000,0.000000,0.169076,-0.078070,-0.085156,0.000000,0.000000,7.607592,-0.294482,0.040000
0.000000,0.000000,0.000000,0.000000,0.206010,0.042220,-0.081652,0.000000,0.000000,7.606882,-0.294543,0.040000
0.000000,0.000000,0.000000,0.000000,-0.128786,-0.004119,-0.083307,0.000000,0.000000,7.606284,-0.294576,0.040000
0.000000,0.000000,0.000000,0.000000,-0.294495,-0.152948,-0.078637,0.000000,0.000000,7.604520,-0.294588,0.040000
0.000000,0.000000,0.000000,0.000000,-0.057774,0.054360,-0.073113,0.000000,0.000000,7.603563,-0.294723,0.040000
0.000000,0.000000,0.000000,0.000000,0.199172,0.122338,-0.053520,0.000000,0.000000,7.600675,-0.294741,0.041000
0.000000,0.000000,0.000000,0.000000,0.005951,-0.047713,-0.026754,0.000000,0.000000,7.599607,-0.294749,0.041000
0.000000,0.000000,0.000000,0.000000,-0.140031,0.008633,-0.016675,0.000000,0.000000,7.597092,-0.294701,0.040000
0.000000,0.000000,0.000000,0.000000,-0.054869,-0.053546,-0.003043,0.000000,0.000000,7.595932,-0.294731,0.040000
0.000000,0.000000,0.000000,0.000000,0.050885,-0.080307,0.016061,0.000000,0.000000,7.593879,-0.294776,0.041000
0.000000,0.000000,0.000000,0.000000,0.072991,0.065111,0.039120,0.000000,0.000000,7.591630,-0.294869,0.041000
0.000000,0.000000,0.000000,0.000000,0.037908,-0.027766,0.053776,0.000000,0.000000,7.590699,-0.294932,0.040000
0.000000,0.000000,0.000000,0.000000,-0.004016,0.035201,0.055860,0.000000,0.000000,7.587912,-0.294927,0.040000
0.000000,0.000000,0.000000,0.000000,0.000538,0.000775,0.050379,0.000000,0.000000,7.585935,-0.294941,0.041000
0.000000,0.000000,0.000000,0.000000,-0.029943,-0.009612,0.039539,0.000000,0.000000,7.583931,-0.294953,0.041000
0.000000,0.000000,0.000000,0.000000,-0.012883,-0.030734,0.028646,0.000000,0.000000,7.582114,-0.294978,0.040000
0.000000,0.000000,0.000000,0.000000,-0.020980,0.045589,0.021436,0.000000,0.000000,7.578993,-0.294987,0.050000
0.000000,0.000000,0.000000,0.000000,-0.018233,-0.050306,0.016377,0.000000,0.000000,7.577220,-0.295041,0.041000
0.000000,0.000000,0.000000,0.000000,0.009432,0.048302,0.010330,0.000000,0.000000,7.574021,-0.295034,0.041000
0.000000,0.000000,0.000000,0.000000,0.039918,-0.028309,0.010421,0.000000,0.000000,7.570823,-0.294970,0.040000
0.000000,0.000000,0.000000,0.000000,-0.008967,-0.097476,0.011809,0.000000,0.000000,7.567884,-0.294896,0.040000
0.000000,0.000000,0.000000,0.000000,-0.006188,0.042488,0.012384,0.000000,0.000000,7.566772,-0.294956,0.040000
0.000000,0.000000,0.000000,0.000000,0.026713,-0.002742,0.015644,0.000000,0.000000,7.564834,-0.294963,0.040000
0.000000,0.000000,0.000000,0.000000,0.028484,-0.007401,0.019167,0.000000,0.000000,7.562413,-0.294963,0.041000
0.000000,0.000000,0.000000,0.000000,-0.031377,0.026902,0.020966,0.000000,0.000000,7.560234,-0.294963,0.041000
0.000000,0.000000,0.000000,0.000000,0.010304,-0.047730,0.019088,0.000000,0.000000,7.556982,-0.294909,0.041000
0.000000,0.000000,0.000000,0.000000,-0.008178,0.019709,0.010658,0.000000,0.000000,7.554499,-0.294915,0.040000
0.000000,0.000000,0.000000,0.000000,0.027275,-0.055844,0.010174,0.000000,0.000000,7.552244,-0.294917,0.041000
0.000000,0.000000,0.000000,0.000000,0.000511,0.000509,0.012454,0.000000,0.000000,7.549987,-0.294951,0.041000
0.000000,0.000000,0.000000,0.000000,0.005105,0.028643,0.015644,0.000000,0.000000,7.547189,-0.294985,0.041000
0.000000,0.000000,0.000000,0.000000,0.021214,-0.004513,0.012202,0.000000,0.000000,7.544620,-0.294982,0.041000
0.000000,0.000000,0.000000,0.000000,-0.009587,-0.020874,0.007454,0.000000,0.000000,7.541531,-0.294948,0.040000
0.000000,0.000000,0.000000,0.000000,-0.028712,0.019002,0.007654,0.000000,0.000000,7.539706,-0.294992,0.041000
0.000000,0.000000,0.000000,0.000000,-0.000478,0.000509,0.008849,0.000000,0.000000,7.537326,-0.294987,0.041000
0.000000,0.000000,0.000000,0.000000,0.006500,-0.007809,0.008558,0.000000,0.000000,7.534661,-0.294978,0.041000
0.000000,0.000000,0.000000,0.000000,-0.007912,0.016677,0.005799,0.000000,0.000000,7.532514,-0.294972,0.040000
0.000000,0.000000,0.000000,0.000000,-0.004052,0.011720,0.005709,0.000000,0.000000,7.530077,-0.294953,0.041000
0.000000,0.000000,0.000000,0.000000,-0.010573,-0.022803,0.006533,0.000000,0.000000,7.527891,-0.294930,0.040000
0.000000,0.000000,0.000000,0.000000,0.010244,-0.029936,0.005682,0.000000,0.000000,7.525405,-0.294923,0.041000
0.000000,0.000000,0.000000,0.000000,0.024322,0.044404,-0.000461,0.000000,0.000000,7.522641,-0.294929,0.041000
0.000000,0.000000,0.000000,0.000000,-0.023846,-0.022029,-0.004524,0.000000,0.000000,7.519680,-0.294875,0.040000
0.000000,0.000000,0.000000,0.000000,-0.038057,-0.013411,-0.002782,0.000000,0.000000,7.518377,-0.294932,0.041000
0.000000,0.000000,0.000000,0.000000,0.045127,-0.003101,-0.002170,0.000000,0.000000,7.516553,-0.294968,0.040000
0.000000,0.000000,0.000000,0.000000,-0.007218,0.007476,-0.000970,0.000000,0.000000,7.513988,-0.294967,0.040000
0.000000,0.000000,0.000000,0.000000,-0.007551,0.007392,0.000722,0.000000,0.000000,7.511403,-0.294958,0.040000
0.000000,0.000000,0.000000,0.000000,-0.010093,-0.019085,0.000302,0.000000,0.000000,7.507763,-0.294917,0.041000
0.000000,0.000000,0.000000,0.000000,0.025809,-0.024186,0.002639,0.000000,0.000000,7.504843,-0.294932,0.041000
0.000000,0.000000,0.000000,0.000000,-0.007753,0.028197,0.004678,0.000000,0.000000,7.503240,-0.294990,0.040000
0.000000,0.000000,0.000000,0.000000,-0.002023,0.036542,0.009552,0.000000,0.000000,7.500878,-0.294989,0.040000
0.000000,0.000000,0.000000,0.000000,0.000238,-0.000015,0.010262,0.000000,0.000000,7.497770,-0.294933,0.041000
0.000000,0.000000,0.000000,0.000000,0.007172,0.003546,0.007765,0.000000,0.000000,7.495519,-0.294938,0.041000
0.000000,0.000000,0.000000,0.000000,-0.004840,0.006227,0.012454,0.000000,0.000000,7.492393,-0.294882,0.040000
0.000000,0.000000,0.000000,0.000000,-0.007397,-0.022354,0.014340,0.000000,0.000000,7.489379,-0.294853,0.041000
0.000000,0.000000,0.000000,0.000000,0.006136,0.023518,0.011033,0.000000,0.000000,7.485623,-0.294815,0.047000
0.000000,0.000000,0.000000,0.000000,-0.027758,0.016964,0.005047,0.000000,0.000000,7.483605,-0.294839,0.041000
0.000000,0.000000,0.000000,0.000000,-0.009446,-0.008859,0.007300,0.000000,0.000000,7.480523,-0.294819,0.041000
0.000000,0.000000,0.000000,0.000000,0.049649,-0.023255,0.009462,0.000000,0.000000,7.477010,-0.294768,0.040000
0.000000,0.000000,0.000000,0.000000,0.007318,-0.032040,0.005391,0.000000,0.000000,7.473915,-0.294761,0.041000
0.000000,0.000000,0.000000,0.000000,-0.011419,0.029259,0.002631,0.000000,0.000000,7.470808,-0.294779,0.041000
0.000000,0.000000,0.000000,0.000000,-0.002735,0.002898,0.007666,0.000000,0.000000,7.466640,-0.294740,0.041000
0.000000,0.000000,0.000000,0.000000,0.037609,-0.040120,0.013875,0.000000,0.000000,7.463089,-0.294693,0.040000
0.000000,0.000000,0.000000,0.000000,0.002718,-0.018536,0.009809,0.000000,0.000000,7.460254,-0.294697,0.040000
0.000000,0.000000,0.000000,0.000000,-0.006934,0.012994,0.008677,0.000000,0.000000,7.457094,-0.294718,0.040000
0.000000,0.000000,0.000000,0.000000,-0.002085,-0.000255,0.010045,0.000000,0.000000,7.453910,-0.294740,0.040000
0.000000,0.000000,0.000000,0.000000,0.011934,0.027685,0.007071,0.000000,0.000000,7.452048,-0.294793,0.040000
0.000000,0.000000,0.000000,0.000000,-0.020368,-0.005925,0.005707,0.000000,0.000000,7.447820,-0.294764,0.041000
0.000000,0.000000,0.000000,0.000000,0.025367,-0.004549,0.005845,0.000000,0.000000,7.443893,-0.294733,0.040000
0.000000,0.000000,0.000000,0.000000,0.043201,-0.013627,0.004944,0.000000,0.000000,7.440987,-0.294736,0.041000
0.000000,0.000000,0.000000,0.000000,-0.059313,-0.018089,0.003404,0.000000,0.000000,7.437768,-0.294750,0.041000
0.000000,0.000000,0.000000,0.000000,-0.031950,0.061673,0.004570,0.000000,0.000000,7.434819,-0.294777,0.040000
0.000000,0.000000,0.000000,0.000000,0.039816,0.043598,0.004744,0.000000,0.000000,7.431828,-0.294757,0.041000
0.000000,0.000000,0.000000,0.000000,0.021539,-0.047023,0.003745,0.000000,0.000000,7.428165,-0.294672,0.041000
0.000000,0.000000,0.000000,0.000000,-0.031055,0.030021,0.001455,0.000000,0.000000,7.425188,-0.294649,0.040000
0.000000,0.000000,0.000000,0.000000,-0.001525,0.007246,0.002412,0.000000,0.000000,7.421500,-0.294600,0.041000
0.000000,0.000000,0.000000,0.000000,0.014519,0.012008,0.007001,0.000000,0.000000,7.418462,-0.294554,0.041000
0.000000,0.000000,0.000000,0.000000,0.035289,-0.030865,0.007985,0.000000,0.000000,7.414752,-0.294483,0.040000
0.000000,0.000000,0.000000,0.000000,-0.040353,-0.035451,0.002444,0.000000,0.000000,7.411721,-0.294466,0.041000
0.000000,0.000000,0.000000,0.000000,-0.004451,0.088152,0.003963,0.000000,0.000000,7.408297,-0.294452,0.041000
0.000000,0.000000,0.000000,0.000000,0.009520,-0.059735,0.007042,0.000000,0.000000,7.405527,-0.294379,0.040000
0.000000,0.000000,0.000000,0.000000,0.009158,-0.097093,0.005388,0.000000,0.000000,7.402056,-0.294320,0.041000
0.000000,0.000000,0.000000,0.000000,-0.011104,0.036187,0.001948,0.000000,0.000000,7.398921,-0.294336,0.040000
0.000000,0.000000,0.000000,0.000000,0.000499,-0.002364,0.003770,0.000000,0.000000,7.395410,-0.294316,0.040000
0.000000,0.000000,0.000000,0.000000,-0.002989,0.036399,0.009523,0.000000,0.000000,7.392226,-0.294275,0.040000
0.000000,0.000000,0.000000,0.000000,0.021870,-0.068207,0.009076,0.000000,0.000000,7.388374,-0.294194,0.041000
0.000000,0.000000,0.000000,0.000000,-0.007820,-0.059699,0.006666,0.000000,0.000000,7.385536,-0.294200,0.040000
0.000000,0.000000,0.000000,0.000000,-0.003745,0.041015,0.007302,0.000000,0.000000,7.381318,-0.294207,0.041000
0.000000,0.000000,0.000000,0.000000,-0.004401,-0.012047,0.009333,0.000000,0.000000,7.377733,-0.294218,0.040000
0.000000,0.000000,0.000000,0.000000,0.030315,-0.016847,0.009956,0.000000,0.000000,7.374494,-0.294241,0.041000
0.000000,0.000000,0.000000,0.000000,-0.016440,0.008143,0.000660,0.000000,0.000000,7.370896,-0.294281,0.041000
0.000000,0.000000,0.000000,0.000000,-0.017450,0.046179,0.000030,0.000000,0.000000,7.368275,-0.294333,0.041000
0.000000,0.000000,0.000000,0.000000,-0.006563,-0.016521,0.000891,0.000000,0.000000,7.363606,-0.294272,0.052000
0.000000,0.000000,0.000000,0.000000,0.007213,-0.078825,-0.001494,0.000000,0.000000,7.361302,-0.294298,0.040000
0.000000,0.000000,0.000000,0.000000,0.005781,0.072728,-0.002445,0.000000,0.000000,7.358617,-0.294372,0.041000
0.000000,0.000000,0.000000,0.000000,-0.011754,0.004825,0.000898,0.000000,0.000000,7.355917,-0.294408,0.041000
0.000000,0.000000,0.000000,0.000000,0.009085,0.032887,0.008509,0.000000,0.000000,7.351546,-0.294348,0.041000
0.000000,0.000000,0.000000,0.000000,0.038028,-0.097382,0.006915,0.000000,0.000000,7.348552,-0.294312,0.040000
0.000000,0.000000,0.000000,0.000000,0.005346,-0.020044,0.002430,0.000000,0.000000,7.344831,-0.294354,0.041000
0.000000,0.000000,0.000000,0.000000,-0.041960,0.072210,0.003589,0.000000,0.000000,7.340355,-0.294451,0.041000
0.000000,0.000000,0.000000,0.000000,0.023268,0.022321,0.010512,0.000000,0.000000,7.335951,-0.294435,0.040000
0.000000,0.000000,0.000000,0.000000,0.007534,-0.109363,0.008647,0.000000,0.000000,7.332301,-0.294404,0.040000
0.000000,0.000000,0.000000,0.000000,0.027488,0.036612,0.002205,0.000000,0.000000,7.328750,-0.294526,0.041000
0.000000,0.000000,0.000000,0.000000,-0.018275,-0.009655,0.003282,0.000000,0.000000,7.324324,-0.294556,0.040000
0.000000,0.000000,0.000000,0.000000,0.031788,-0.003166,0.009555,0.000000,0.000000,7.319486,-0.294602,0.041000
0.000000,0.000000,0.000000,0.000000,0.055030,-0.013388,0.007787,0.000000,0.000000,7.316051,-0.294673,0.040000
0.000000,0.000000,0.000000,0.000000,-0.002851,-0.022133,0.002197,0.000000,0.000000,7.313021,-0.294746,0.040000
0.000000,0.000000,0.000000,0.000000,-0.017244,0.004629,0.000498,0.000000,0.000000,7.309193,-0.294857,0.041000
0.000000,0.000000,0.000000,0.000000,0.038826,0.036880,-0.008809,0.000000,0.000000,7.305938,-0.294994,0.041000
0.000000,0.000000,0.000000,0.000000,0.008337,0.076519,-0.036744,0.000000,0.000000,7.302707,-0.295075,0.041000
0.000000,0.000000,0.000000,0.000000,-0.141855,0.106972,-0.073114,0.000000,0.000000,7.298840,-0.295031,0.041000
0.000000,0.000000,0.000000,0.000000,0.054761,-0.200162,-0.085283,0.000000,0.000000,7.295849,-0.294975,0.041000
0.000000,0.000000,0.000000,0.000000,-0.087334,-0.027550,-0.095048,0.000000,0.000000,7.292248,-0.295031,0.040000
0.000000,0.000000,0.000000,0.000000,0.066191,-0.064723,-0.091285,0.000000,0.000000,7.288605,-0.295148,0.040000
0.000000,0.000000,0.000000,0.000000,0.006995,0.027499,-0.098132,0.000000,0.000000,7.285161,-0.295335,0.040000
0.000000,0.000000,0.000000,0.000000,0.031945,-0.033193,-0.095625,0.000000,0.000000,7.282519,-0.295472,0.040000
0.000000,0.000000,0.000000,0.000000,-0.050370,0.062275,-0.099734,0.000000,0.000000,7.278881,-0.295597,0.041000
0.000000,0.000000,0.000000,0.000000,-0.020988,-0.069928,-0.106027,0.000000,0.000000,7.275193,-0.295683,0.041000
0.000000,0.000000,0.000000,0.000000,-0.050817,0.030667,-0.102880,0.000000,0.000000,7.271472,-0.295793,0.041000
0.000000,0.000000,0.000000,0.000000,-0.034590,0.071920,-0.094071,0.000000,0.000000,7.267710,-0.295898,0.040000
0.000000,0.000000,0.000000,0.000000,0.078420,-0.035023,-0.085839,0.000000,0.000000,7.263330,-0.295914,0.041000
0.000000,0.000000,0.000000,0.000000,0.100984,-0.044973,-0.083277,0.000000,0.000000,7.259204,-0.296018,0.041000
0.000000,0.000000,0.000000,0.000000,-0.062865,0.010827,-0.081772,0.000000,0.000000,7.254788,-0.296213,0.041000
0.000000,0.000000,0.000000,0.000000,0.028965,0.010001,-0.081090,0.000000,0.000000,7.250530,-0.296333,0.041000
0.000000,0.000000,0.000000,0.000000,0.123569,-0.007829,-0.082159,0.000000,0.000000,7.246856,-0.296487,0.040000
0.000000,0.000000,0.000000,0.000000,0.006533,-0.042905,-0.080627,0.000000,0.000000,7.242865,-0.296667,0.040000
0.000000,0.000000,0.000000,0.000000,-0.044197,0.027589,-0.081350,0.000000,0.000000,7.239826,-0.296899,0.041000
0.000000,0.000000,0.000000,0.000000,0.097844,0.033031,-0.081353,0.000000,0.000000,7.235159,-0.297055,0.041000
0.000000,0.000000,0.000000,0.000000,0.039934,-0.032107,-0.083349,0.000000,0.000000,7.231542,-0.297206,0.041000
0.000000,0.000000,0.000000,0.000000,-0.069341,0.013222,-0.082250,0.000000,0.000000,7.228510,-0.297433,0.045000
0.000000,0.000000,0.000000,0.000000,0.021405,0.076183,-0.083134,0.000000,0.000000,7.225818,-0.297644,0.040000
0.000000,0.000000,0.000000,0.000000,0.085522,-0.035710,-0.083151,0.000000,0.000000,7.222135,-0.297784,0.040000
0.000000,0.000000,0.000000,0.000000,-0.027482,-0.045081,-0.082692,0.000000,0.000000,7.218498,-0.297940,0.040000
0.000000,0.000000,0.000000,0.000000,-0.057839,0.034443,-0.080685,0.000000,0.000000,7.215397,-0.298162,0.041000
0.000000,0.000000,0.000000,0.000000,0.060620,-0.001920,-0.079316,0.000000,0.000000,7.211673,-0.298312,0.040000
0.000000,0.000000,0.000000,0.000000,0.020250,-0.022786,-0.079960,0.000000,0.000000,7.207565,-0.298469,0.041000
0.000000,0.000000,0.000000,0.000000,-0.050993,0.009311,-0.078161,0.000000,0.000000,7.204435,-0.298664,0.041000
0.000000,0.000000,0.000000,0.000000,0.022072,0.003514,-0.078324,0.000000,0.000000,7.200274,-0.298833,0.041000
0.000000,0.000000,0.000000,0.000000,0.049688,-0.000350,-0.078177,0.000000,0.000000,7.196387,-0.298925,0.040000
0.000000,0.000000,0.000000,0.000000,-0.062191,-0.018619,-0.079418,0.000000,0.000000,7.192813,-0.299124,0.041000
0.000000,0.000000,0.000000,0.000000,-0.005335,0.002440,-0.079004,0.000000,0.000000,7.189176,-0.299330,0.041000
0.000000,0.000000,0.000000,0.000000,0.044003,0.010436,-0.078892,0.000000,0.000000,7.184959,-0.299490,0.041000
0.000000,0.000000,0.000000,0.000000,-0.026106,-0.025065,-0.078891,0.000000,0.000000,7.180765,-0.299636,0.041000
0.000000,0.000000,0.000000,0.000000,-0.027716,-0.001069,-0.079613,0.000000,0.000000,7.177513,-0.299823,0.040000
0.000000,0.000000,0.000000,0.000000,0.017893,0.019375,-0.078805,0.000000,0.000000,7.174099,-0.299953,0.041000
0.000000,0.000000,0.000000,0.000000,-0.000217,-0.017271,-0.078163,0.000000,0.000000,7.170395,-0.300136,0.041000
0.000000,0.000000,0.000000,0.000000,-0.025339,-0.003254,-0.078111,0.000000,0.000000,7.167105,-0.300315,0.041000
0.000000,0.000000,0.000000,0.000000,0.004521,0.010819,-0.078102,0.000000,0.000000,7.163115,-0.300404,0.040000
0.000000,0.000000,0.000000,0.000000,0.023355,-0.011934,-0.078046,0.000000,0.000000,7.159789,-0.300568,0.041000
0.000000,0.000000,0.000000,0.000000,-0.011428,-0.001505,-0.077956,0.000000,0.000000,7.156467,-0.300733,0.041000
0.000000,0.000000,0.000000,0.000000,-0.006706,0.002601,-0.078774,0.000000,0.000000,7.153121,-0.300899,0.040000
0.000000,0.000000,0.000000,0.000000,0.013520,0.000400,-0.080011,0.000000,0.000000,7.149211,-0.301025,0.040000
0.000000,0.000000,0.000000,0.000000,-0.005860,-0.005403,-0.081667,0.000000,0.000000,7.145846,-0.301183,0.040000
0.000000,0.000000,0.000000,0.000000,-0.020378,-0.005940,-0.081729,0.000000,0.000000,7.142467,-0.301338,0.041000
0.000000,0.000000,0.000000,0.000000,0.000119,0.000086,-0.081908,0.000000,0.000000,7.138524,-0.301460,0.040000
0.000000,0.000000,0.000000,0.000000,0.008665,0.005306,-0.081071,0.000000,0.000000,7.135107,-0.301612,0.041000
0.000000,0.000000,0.000000,0.000000,-0.000078,-0.000047,-0.080736,0.000000,0.000000,7.131054,-0.301675,0.040000
0.000000,0.000000,0.000000,0.000000,-0.004397,0.001201,-0.081417,0.000000,0.000000,7.127701,-0.301872,0.041000
0.000000,0.000000,0.000000,0.000000,0.012078,0.008301,-0.081151,0.000000,0.000000,7.123261,-0.301996,0.041000
0.000000,0.000000,0.000000,0.000000,-0.007342,-0.007059,-0.080407,0.000000,0.000000,7.119790,-0.302136,0.040000
0.000000,0.000000,0.000000,0.000000,-0.005219,0.000459,-0.079866,0.000000,0.000000,7.116299,-0.302277,0.041000
0.000000,0.000000,0.000000,0.000000,0.003316,0.001479,-0.079614,0.000000,0.000000,7.112713,-0.302370,0.040000
0.000000,0.000000,0.000000,0.000000,0.000099,0.000230,-0.078654,0.000000,0.000000,7.108746,-0.302517,0.040000
0.000000,0.000000,0.000000,0.000000,-0.006530,-0.001542,-0.077768,0.000000,0.000000,7.105667,-0.302640,0.040000
0.000000,0.000000,0.000000,0.000000,0.001729,-0.000747,-0.077411,0.000000,0.000000,7.101146,-0.302748,0.041000
0.000000,0.000000,0.000000,0.000000,0.003803,0.002463,-0.078195,0.000000,0.000000,7.096094,-0.302820,0.049000
0.000000,0.000000,0.000000,0.000000,-0.001395,0.000270,-0.077670,0.000000,0.000000,7.092523,-0.302947,0.041000
0.000000,0.000000,0.000000,0.000000,0.000525,0.000903,-0.077707,0.000000,0.000000,7.089394,-0.303064,0.040000
0.000000,0.000000,0.000000,0.000000,0.007587,0.005553,-0.078465,0.000000,0.000000,7.084823,-0.303165,0.040000
0.000000,0.000000,0.000000,0.000000,0.001075,0.000240,-0.078644,0.000000,0.000000,7.080756,-0.303297,0.041000
0.000000,0.000000,0.000000,0.000000,-0.002729,-0.002787,-0.078697,0.000000,0.000000,7.077080,-0.303373,0.040000
0.000000,0.000000,0.000000,0.000000,-0.000665,-0.000107,-0.078735,0.000000,0.000000,7.073441,-0.303494,0.040000
0.000000,0.000000,0.000000,0.000000,-0.001926,0.001557,-0.078690,0.000000,0.000000,7.068818,-0.303585,0.041000
0.000000,0.000000,0.000000,0.000000,0.000513,0.000735,-0.078035,0.000000,0.000000,7.065619,-0.303690,0.040000
0.000000,0.000000,0.000000,0.000000,0.001854,0.001221,-0.077574,0.000000,0.000000,7.061009,-0.303820,0.042000
0.000000,0.000000,0.000000,0.000000,0.000961,-0.000668,-0.076939,0.000000,0.000000,7.057783,-0.303920,0.040000
0.000000,0.000000,0.000000,0.000000,0.001404,-0.001193,-0.076736,0.000000,0.000000,7.053575,-0.303993,0.040000
0.000000,0.000000,0.000000,0.000000,-0.000239,-0.000070,-0.076648,0.000000,0.000000,7.049858,-0.304099,0.040000
0.000000,0.000000,0.000000,0.000000,0.000697,0.000547,-0.077348,0.000000,0.000000,7.045184,-0.304219,0.041000
0.000000,0.000000,0.000000,0.000000,-0.000934,-0.001189,-0.076767,0.000000,0.000000,7.041439,-0.304320,0.040000
0.000000,0.000000,0.000000,0.000000,-0.004802,-0.002634,-0.075899,0.000000,0.000000,7.038152,-0.304412,0.040000
0.000000,0.000000,0.000000,0.000000,-0.000548,-0.000238,-0.075278,0.000000,0.000000,7.034378,-0.304511,0.041000
0.000000,0.000000,0.000000,0.000000,0.002672,0.001465,-0.074415,0.000000,0.000000,7.030097,-0.304574,0.041000
0.000000,0.000000,0.000000,0.000000,0.000083,0.000248,-0.073317,0.000000,0.000000,7.026300,-0.304669,0.040000
0.000000,0.000000,0.000000,0.000000,0.001065,-0.002545,-0.072856,0.000000,0.000000,7.021999,-0.304727,0.040000
0.000000,0.000000,0.000000,0.000000,-0.000690,-0.000902,-0.071824,0.000000,0.000000,7.018177,-0.304818,0.041000
0.000000,0.000000,0.000000,0.000000,0.001530,-0.001296,-0.071355,0.000000,0.000000,7.014342,-0.304906,0.041000
0.000000,0.000000,0.000000,0.000000,-0.001168,-0.000162,-0.070551,0.000000,0.000000,7.009525,-0.304967,0.041000
0.000000,0.000000,0.000000,0.000000,0.002639,0.007656,-0.070448,0.000000,0.000000,7.005662,-0.305015,0.040000
0.000000,0.000000,0.000000,0.000000,0.000827,0.000280,-0.071353,0.000000,0.000000,7.000825,-0.305072,0.041000
0.000000,0.000000,0.000000,0.000000,-0.002150,0.000175,-0.071217,0.000000,0.000000,6.997428,-0.305149,0.040000
0.000000,0.000000,0.000000,0.000000,0.000163,0.000068,-0.069626,0.000000,0.000000,6.992567,-0.305202,0.041000
0.000000,0.000000,0.000000,0.000000,0.001790,0.001839,-0.069019,0.000000,0.000000,6.988660,-0.305281,0.041000
0.000000,0.000000,0.000000,0.000000,0.001777,-0.003284,-0.068732,0.000000,0.000000,6.984264,-0.305325,0.040000
0.000000,0.000000,0.000000,0.000000,-0.002480,-0.000449,-0.069120,0.000000,0.000000,6.979845,-0.305401,0.041000
0.000000,0.000000,0.000000,0.000000,-0.003536,0.000357,-0.070265,0.000000,0.000000,6.975410,-0.305485,0.041000
0.000000,0.000000,0.000000,0.000000,-0.000728,-0.002116,-0.070860,0.000000,0.000000,6.971945,-0.305553,0.040000
0.000000,0.000000,0.000000,0.000000,0.000841,-0.000366,-0.070574,0.000000,0.000000,6.967011,-0.305595,0.040000
0.000000,0.000000,0.000000,0.000000,0.000457,0.000464,-0.069810,0.000000,0.000000,6.962560,-0.305633,0.041000
0.000000,0.000000,0.000000,0.000000,-0.000082,-0.000545,-0.068764,0.000000,0.000000,6.959534,-0.305727,0.041000
0.000000,0.000000,0.000000,0.000000,-0.001618,-0.000519,-0.067147,0.000000,0.000000,6.955530,-0.305793,0.041000
0.000000,0.000000,0.000000,0.000000,-0.000774,0.000852,-0.066404,0.000000,0.000000,6.951513,-0.305856,0.040000
0.000000,0.000000,0.000000,0.000000,0.001446,-0.001389,-0.066125,0.000000,0.000000,6.946020,-0.305892,0.055000
0.000000,0.000000,0.000000,0.000000,0.000288,-0.000453,-0.066176,0.000000,0.000000,6.942480,-0.305949,0.040000
0.000000,0.000000,0.000000,0.000000,-0.000439,-0.001319,-0.065249,0.000000,0.000000,6.938427,-0.306008,0.041000
0.000000,0.000000,0.000000,0.000000,-0.000678,-0.002333,-0.064379,0.000000,0.000000,6.934865,-0.306062,0.040000
0.000000,0.000000,0.000000,0.000000,0.001199,0.002785,-0.065364,0.000000,0.000000,6.930285,-0.306121,0.041000
0.000000,0.000000,0.000000,0.000000,-0.005493,-0.004685,-0.066288,0.000000,0.000000,6.926243,-0.306141,0.040000
0.000000,0.000000,0.000000,0.000000,0.001099,-0.001568,-0.066643,0.000000,0.000000,6.921639,-0.306196,0.040000
0.000000,0.000000,0.000000,0.000000,0.000082,0.000722,-0.066775,0.000000,0.000000,6.917021,-0.306249,0.040000
0.000000,0.000000,0.000000,0.000000,-0.000808,0.000844,-0.067609,0.000000,0.000000,6.912897,-0.306298,0.041000
0.000000,0.000000,0.000000,0.000000,0.000591,-0.000583,-0.067798,0.000000,0.000000,6.908819,-0.306314,0.041000
0.000000,0.000000,0.000000,0.000000,0.000246,0.000063,-0.069021,0.000000,0.000000,6.905124,-0.306390,0.041000
0.000000,0.000000,0.000000,0.000000,0.000701,0.002856,-0.069497,0.000000,0.000000,6.900963,-0.306434,0.040000
0.000000,0.000000,0.000000,0.000000,-0.001380,0.001245,-0.069478,0.000000,0.000000,6.896792,-0.306476,0.041000
0.000000,0.000000,0.000000,0.000000,0.000074,0.000481,-0.068076,0.000000,0.000000,6.891647,-0.306487,0.041000
0.000000,0.000000,0.000000,0.000000,0.000791,-0.000570,-0.067379,0.000000,0.000000,6.887897,-0.306555,0.040000
0.000000,0.000000,0.000000,0.000000,-0.002809,-0.001159,-0.066468,0.000000,0.000000,6.883690,-0.306592,0.041000
0.000000,0.000000,0.000000,0.000000,-0.000406,-0.001342,-0.066092,0.000000,0.000000,6.879027,-0.306597,0.041000
0.000000,0.000000,0.000000,0.000000,0.000173,0.000907,-0.066604,0.000000,0.000000,6.874799,-0.306632,0.041000
0.000000,0.000000,0.000000,0.000000,0.001559,-0.000922,-0.066706,0.000000,0.000000,6.871520,-0.306694,0.040000
0.000000,0.000000,0.000000,0.000000,0.000024,0.000193,-0.065692,0.000000,0.000000,6.867267,-0.306726,0.041000
0.000000,0.000000,0.000000,0.000000,-0.000849,0.000828,-0.065643,0.000000,0.000000,6.862480,-0.306757,0.041000
0.000000,0.000000,0.000000,0.000000,-0.000053,-0.000075,-0.064435,0.000000,0.000000,6.858728,-0.306786,0.040000
0.000000,0.000000,0.000000,0.000000,0.002618,0.000727,-0.063777,0.000000,0.000000,6.853917,-0.306813,0.041000
0.000000,0.000000,0.000000,0.000000,0.001838,-0.000283,-0.063022,0.000000,0.000000,6.849277,-0.306781,0.040000
0.000000,0.000000,0.000000,0.000000,0.000382,-0.000027,-0.062152,0.000000,0.000000,6.845406,-0.306834,0.041000
0.000000,0.000000,0.000000,0.000000,0.000176,-0.001481,-0.062445,0.000000,0.000000,6.841089,-0.306856,0.040000
0.000000,0.000000,0.000000,0.000000,-0.000374,-0.000103,-0.061888,0.000000,0.000000,6.837290,-0.306878,0.040000
0.000000,0.000000,0.000000,0.000000,0.002722,-0.001243,-0.061306,0.000000,0.000000,6.832422,-0.306897,0.041000
0.000000,0.000000,0.000000,0.000000,0.001800,-0.000243,-0.062054,0.000000,0.000000,6.828605,-0.306918,0.040000
0.000000,0.000000,0.000000,0.000000,0.001858,0.000402,-0.063489,0.000000,0.000000,6.824247,-0.306936,0.041000
0.000000,0.000000,0.000000,0.000000,-0.000002,0.000063,-0.064931,0.000000,0.000000,6.819878,-0.306952,0.041000
0.000000,0.000000,0.000000,0.000000,0.002243,0.001823,-0.064773,0.000000,0.000000,6.814006,-0.306935,0.041000
0.000000,0.000000,0.000000,0.000000,0.000505,0.002798,-0.064514,0.000000,0.000000,6.809617,-0.306948,0.041000
0.000000,0.000000,0.000000,0.000000,0.000972,-0.001053,-0.064899,0.000000,0.000000,6.804681,-0.306957,0.041000
0.000000,0.000000,0.000000,0.000000,0.001061,0.001374,-0.065487,0.000000,0.000000,6.800270,-0.306966,0.040000
0.000000,0.000000,0.000000,0.000000,0.001003,-0.000201,-0.065353,0.000000,0.000000,6.796388,-0.306977,0.040000
0.000000,0.000000,0.000000,0.000000,0.001482,0.002571,-0.064028,0.000000,0.000000,6.791418,-0.306981,0.041000
0.000000,0.000000,0.000000,0.000000,0.001283,-0.002706,-0.063420,0.000000,0.000000,6.786020,-0.306954,0.046000
0.000000,0.000000,0.000000,0.000000,0.002214,0.001521,-0.063032,0.000000,0.000000,6.781984,-0.306985,0.041000
0.000000,0.000000,0.000000,0.000000,-0.002303,0.001975,-0.062679,0.000000,0.000000,6.777521,-0.306986,0.041000
0.000000,0.000000,0.000000,0.000000,-0.000219,0.000148,-0.062222,0.000000,0.000000,6.773178,-0.306959,0.040000
0.000000,0.000000,0.000000,0.000000,0.000117,-0.000056,-0.061802,0.000000,0.000000,6.768698,-0.306956,0.040000
0.000000,0.000000,0.000000,0.000000,0.000730,-0.000056,-0.061092,0.000000,0.000000,6.763798,-0.306924,0.041000
0.000000,0.000000,0.000000,0.000000,-0.000342,0.000041,-0.059467,0.000000,0.000000,6.759300,-0.306918,0.040000
0.000000,0.000000,0.000000,0.000000,-0.000678,0.000199,-0.058304,0.000000,0.000000,6.753839,-0.306879,0.040000
0.000000,0.000000,0.000000,0.000000,-0.002559,0.001444,-0.058397,0.000000,0.000000,6.749873,-0.306874,0.040000
0.000000,0.000000,0.000000,0.000000,-0.000161,-0.000073,-0.058850,0.000000,0.000000,6.744802,-0.306860,0.041000
0.000000,0.000000,0.000000,0.000000,0.001908,-0.000707,-0.059655,0.000000,0.000000,6.740270,-0.306847,0.040000
0.000000,0.000000,0.000000,0.000000,-0.000311,0.000476,-0.059729,0.000000,0.000000,6.736277,-0.306837,0.040000
0.000000,0.000000,0.000000,0.000000,0.000692,-0.003094,-0.058932,0.000000,0.000000,6.730625,-0.306812,0.041000
0.000000,0.000000,0.000000,0.000000,-0.000042,-0.000002,-0.059479,0.000000,0.000000,6.726614,-0.306800,0.040000
0.000000,0.000000,0.000000,0.000000,-0.000025,0.000205,-0.060487,0.000000,0.000000,6.721644,-0.306756,0.040000
0.000000,0.000000,0.000000,0.000000,-0.000452,0.001613,-0.060532,0.000000,0.000000,6.717620,-0.306742,0.040000
0.000000,0.000000,0.000000,0.000000,-0.001086,-0.002224,-0.060080,0.000000,0.000000,6.712636,-0.306696,0.040000
0.000000,0.000000,0.000000,0.000000,0.000112,0.000075,-0.059016,0.000000,0.000000,6.707487,-0.306672,0.041000
0.000000,0.000000,0.000000,0.000000,-0.000333,-0.000611,-0.057759,0.000000,0.000000,6.703439,-0.306657,0.040000
0.000000,0.000000,0.000000,0.000000,-0.000632,0.000118,-0.057006,0.000000,0.000000,6.698270,-0.306630,0.041000
0.000000,0.000000,0.000000,0.000000,0.002480,0.000335,-0.056509,0.000000,0.000000,6.693648,-0.306607,0.040000
0.000000,0.000000,0.000000,0.000000,0.000332,0.000627,-0.056759,0.000000,0.000000,6.689018,-0.306583,0.041000
0.000000,0.000000,0.000000,0.000000,0.000830,-0.000605,-0.056790,0.000000,0.000000,6.683989,-0.306532,0.040000
0.000000,0.000000,0.000000,0.000000,-0.000315,-0.000817,-0.057272,0.000000,0.000000,6.679730,-0.306513,0.041000
0.000000,0.000000,0.000000,0.000000,0.000018,-0.002697,-0.057511,0.000000,0.000000,6.675072,-0.306507,0.041000
0.000000,0.000000,0.000000,0.000000,-0.000067,-0.002164,-0.057485,0.000000,0.000000,6.670404,-0.306480,0.041000
0.000000,0.000000,0.000000,0.000000,-0.002854,-0.002508,-0.057945,0.000000,0.000000,6.666290,-0.306457,0.040000
0.000000,0.000000,0.000000,0.000000,-0.000757,-0.000350,-0.057366,0.000000,0.000000,6.661605,-0.306428,0.041000
0.000000,0.000000,0.000000,0.000000,0.000132,-0.000346,-0.056081,0.000000,0.000000,6.656912,-0.306398,0.040000
0.000000,0.000000,0.000000,0.000000,-0.000471,0.000530,-0.055656,0.000000,0.000000,6.652774,-0.306373,0.041000
0.000000,0.000000,0.000000,0.000000,0.000707,0.000269,-0.054901,0.000000,0.000000,6.647497,-0.306334,0.041000
0.000000,0.000000,0.000000,0.000000,-0.000190,0.001371,-0.054321,0.000000,0.000000,6.642210,-0.306293,0.041000
0.000000,0.000000,0.000000,0.000000,0.002029,-0.000286,-0.054576,0.000000,0.000000,6.638049,-0.306265,0.040000
0.000000,0.000000,0.000000,0.000000,0.000804,-0.001107,-0.054624,0.000000,0.000000,6.632935,-0.306203,0.041000
0.000000,0.000000,0.000000,0.000000,0.000313,0.000970,-0.054300,0.000000,0.000000,6.628192,-0.306165,0.040000
0.000000,0.000000,0.000000,0.000000,-0.000028,0.000163,-0.054123,0.000000,0.000000,6.623262,-0.306082,0.040000
0.000000,0.000000,0.000000,0.000000,0.001141,-0.000453,-0.053839,0.000000,0.000000,6.617562,-0.306011,0.045000
0.000000,0.000000,0.000000,0.000000,-0.002285,0.001988,-0.053301,0.000000,0.000000,6.613172,-0.305996,0.041000
0.000000,0.000000,0.000000,0.000000,0.001492,-0.000153,-0.052713,0.000000,0.000000,6.608027,-0.305929,0.040000
0.000000,0.000000,0.000000,0.000000,0.000503,-0.000521,-0.053725,0.000000,0.000000,6.603248,-0.305885,0.041000
0.000000,0.000000,0.000000,0.000000,-0.001900,0.001852,-0.053549,0.000000,0.000000,6.596944,-0.305800,0.041000
0.000000,0.000000,0.000000,0.000000,-0.001135,-0.001446,-0.053434,0.000000,0.000000,6.592149,-0.305754,0.041000
0.000000,0.000000,0.000000,0.000000,0.003561,0.000799,-0.053067,0.000000,0.000000,6.587345,-0.305708,0.041000
0.000000,0.000000,0.000000,0.000000,0.001319,0.000253,-0.053188,0.000000,0.000000,6.581958,-0.305653,0.041000
0.000000,0.000000,0.000000,0.000000,-0.000040,0.000016,-0.053357,0.000000,0.000000,6.577137,-0.305605,0.040000
0.000000,0.000000,0.000000,0.000000,-0.000741,-0.002056,-0.052984,0.000000,0.000000,6.572159,-0.305514,0.041000
0.000000,0.000000,0.000000,0.000000,0.000414,-0.001463,-0.053634,0.000000,0.000000,6.567111,-0.305481,0.041000
0.000000,0.000000,0.000000,0.000000,-0.000236,0.000299,-0.053515,0.000000,0.000000,6.562268,-0.305429,0.041000
0.000000,0.000000,0.000000,0.000000,-0.001697,-0.000813,-0.053089,0.000000,0.000000,6.557418,-0.305377,0.040000
0.000000,0.000000,0.000000,0.000000,-0.000303,0.002273,-0.052415,0.000000,0.000000,6.552560,-0.305324,0.040000
0.000000,0.000000,0.000000,0.000000,-0.001680,-0.002318,-0.051334,0.000000,0.000000,6.547915,-0.305255,0.041000
0.000000,0.000000,0.000000,0.000000,-0.000075,0.000027,-0.050157,0.000000,0.000000,6.543400,-0.305225,0.041000
0.000000,0.000000,0.000000,0.000000,0.002124,-0.001797,-0.048692,0.000000,0.000000,6.538517,-0.305168,0.040000
0.000000,0.000000,0.000000,0.000000,0.001958,-0.001021,-0.048763,0.000000,0.000000,6.533627,-0.305111,0.040000
0.000000,0.000000,0.000000,0.000000,0.000267,0.000472,-0.048545,0.000000,0.000000,6.527792,-0.305019,0.041000
0.000000,0.000000,0.000000,0.000000,-0.001469,-0.000445,-0.047984,0.000000,0.000000,6.522887,-0.304959,0.041000
0.000000,0.000000,0.000000,0.000000,-0.001662,-0.000351,-0.047079,0.000000,0.000000,6.518326,-0.304923,0.041000
0.000000,0.000000,0.000000,0.000000,-0.001137,0.002139,-0.047292,0.000000,0.000000,6.513055,-0.304837,0.040000
0.000000,0.000000,0.000000,0.000000,-0.001449,0.000427,-0.047997,0.000000,0.000000,6.508128,-0.304774,0.040000
0.000000,0.000000,0.000000,0.000000,0.001552,-0.001605,-0.047864,0.000000,0.000000,6.503432,-0.304695,0.040000
0.000000,0.000000,0.000000,0.000000,0.002088,-0.004956,-0.047784,0.000000,0.000000,6.498492,-0.304631,0.041000
0.000000,0.000000,0.000000,0.000000,-0.000039,0.000012,-0.047574,0.000000,0.000000,6.493546,-0.304567,0.041000
0.000000,0.000000,0.000000,0.000000,-0.000594,-0.000685,-0.047169,0.000000,0.000000,6.488003,-0.304492,0.041000
0.000000,0.000000,0.000000,0.000000,0.000437,-0.000081,-0.046622,0.000000,0.000000,6.483043,-0.304425,0.040000
0.000000,0.000000,0.000000,0.000000,0.001110,-0.000794,-0.046283,0.000000,0.000000,6.477485,-0.304346,0.041000
0.000000,0.000000,0.000000,0.000000,-0.002000,-0.001380,-0.045547,0.000000,0.000000,6.473101,-0.304286,0.041000
0.000000,0.000000,0.000000,0.000000,-0.001754,0.002337,-0.044598,0.000000,0.000000,6.469051,-0.304249,0.040000
0.000000,0.000000,0.000000,0.000000,0.001796,0.000199,-0.043289,0.000000,0.000000,6.464060,-0.304177,0.041000
0.000000,0.000000,0.000000,0.000000,0.000462,0.000062,-0.042910,0.000000,0.000000,6.459655,-0.304114,0.040000
0.000000,0.000000,0.000000,0.000000,0.000230,0.001957,-0.042057,0.000000,0.000000,6.454055,-0.304027,0.040000
0.000000,0.000000,0.000000,0.000000,0.000576,0.001357,-0.040913,0.000000,0.000000,6.449042,-0.303950,0.040000
0.000000,0.000000,0.000000,0.000000,-0.001610,-0.002238,-0.040627,0.000000,0.000000,6.444023,-0.303871,0.040000
0.000000,0.000000,0.000000,0.000000,-0.001040,0.002608,-0.041155,0.000000,0.000000,6.439593,-0.303803,0.040000
0.000000,0.000000,0.000000,0.000000,-0.000128,0.000822,-0.041177,0.000000,0.000000,6.433628,-0.303686,0.046000
0.000000,0.000000,0.000000,0.000000,0.000200,-0.000400,-0.041073,0.000000,0.000000,6.428922,-0.303627,0.041000
0.000000,0.000000,0.000000,0.000000,0.001406,0.001156,-0.040805,0.000000,0.000000,6.424207,-0.303565,0.040000
0.000000,0.000000,0.000000,0.000000,0.004005,0.001290,-0.041777,0.000000,0.000000,6.419420,-0.303470,0.040000
0.000000,0.000000,0.000000,0.000000,0.000610,0.000238,-0.042673,0.000000,0.000000,6.414361,-0.303385,0.041000
0.000000,0.000000,0.000000,0.000000,-0.002917,-0.000525,-0.042692,0.000000,0.000000,6.408695,-0.303286,0.041000
0.000000,0.000000,0.000000,0.000000,0.002869,-0.000543,-0.042306,0.000000,0.000000,6.404222,-0.303211,0.040000
0.000000,0.000000,0.000000,0.000000,0.003714,-0.000072,-0.041582,0.000000,0.000000,6.399143,-0.303124,0.040000
0.000000,0.000000,0.000000,0.000000,-0.000248,-0.002679,-0.041422,0.000000,0.000000,6.393407,-0.302990,0.041000
0.000000,0.000000,0.000000,0.000000,0.023596,-0.003212,-0.040917,0.000000,0.000000,6.388597,-0.302892,0.040000
0.000000,0.000000,0.000000,0.000000,-0.000604,0.001948,-0.040709,0.000000,0.000000,6.383842,-0.302828,0.041000
0.000000,0.000000,0.000000,0.000000,-0.058236,-0.007605,-0.040241,0.000000,0.000000,6.377827,-0.302702,0.041000
