0.000000,0.000000,0.000000,0.000000,0.057416,-0.099828,-0.038834,-27.505666,-50.110601,0.000000,0.000000,13.836000
0.000000,0.000000,0.000000,0.000000,0.002983,-0.000435,-0.046670,-27.505666,-50.110601,0.000325,-0.000474,0.151000
0.000000,0.000000,0.000000,0.000000,-0.001936,-0.001812,-0.047111,-27.505666,-50.110601,0.000242,-0.000353,0.062000
0.000000,0.000000,0.000000,0.000000,0.002567,-0.002604,-0.047038,-27.505666,-50.110601,0.000196,-0.000289,0.050000
0.000000,0.000000,0.000000,0.000000,-0.002742,0.002983,-0.047392,-27.505666,-50.110601,0.000176,-0.000261,0.032000
0.000000,0.000000,0.000000,0.000000,0.004881,0.000918,-0.047922,-27.505666,-50.110601,0.000157,-0.000233,0.035000
0.000000,0.000000,0.000000,0.000000,0.000970,0.000830,-0.047745,-27.505666,-50.110601,0.000143,-0.000213,0.032000
0.000000,0.000000,0.000000,0.000000,-0.000812,-0.000183,-0.048194,-27.505666,-50.110601,0.000131,-0.000195,0.031000
0.000000,0.000000,0.000000,0.000000,0.000020,0.000386,-0.049602,-27.505666,-50.110601,0.000120,-0.000180,0.031000
0.000000,0.000000,0.000000,0.000000,-0.000767,-0.000079,-0.050088,-27.505666,-50.110601,0.000111,-0.000166,0.032000
0.000000,0.000000,0.000000,0.000000,-0.002872,-0.001115,-0.049958,-27.505666,-50.110601,0.000103,-0.000154,0.031000
0.000000,0.000000,0.000000,0.000000,0.004922,-0.002301,-0.049804,-27.505666,-50.110601,0.000096,-0.000144,0.032000
0.000000,0.000000,0.000000,0.000000,-0.000807,-0.000647,-0.049466,-27.505666,-50.110601,0.000091,-0.000134,0.032000
0.000000,0.000000,0.000000,0.000000,-0.000026,0.000329,-0.048600,-27.505666,-50.110601,0.000087,-0.000125,0.031000
-9.493530,-3.031351,-0.117616,-0.037556,0.003501,0.000144,-0.047866,-27.505752,-50.110629,-0.085664,-0.027496,0.032000
-9.493530,-3.031351,-0.117616,-0.037556,0.002477,0.002141,-0.047051,-27.505752,-50.110629,-0.492368,-0.157351,0.032000
-9.493530,-3.031351,-0.117616,-0.037556,0.000902,0.001127,-0.046700,-27.505752,-50.110629,-0.865693,-0.276549,0.031000
-9.493530,-3.031351,-0.117616,-0.037556,-0.002771,-0.001847,-0.046483,-27.505752,-50.110629,-1.209604,-0.386355,0.032000
-9.493530,-3.031351,-0.117616,-0.037556,-0.002365,0.001719,-0.046506,-27.505752,-50.110629,-1.588140,-0.507216,0.037000
-9.493530,-3.031351,-0.117616,-0.037556,0.004633,-0.002982,-0.046230,-27.505752,-50.110629,-1.878457,-0.599911,0.031000
-9.493530,-3.031351,-0.117616,-0.037556,-0.000662,-0.000544,-0.046285,-27.505752,-50.110629,-2.095984,-0.669364,0.031000
-9.493530,-3.031351,-0.117616,-0.037556,-0.000487,0.001278,-0.046942,-27.505752,-50.110629,-2.400323,-0.750883,0.031000
-9.493530,-3.031351,-0.117616,-0.037556,-0.000222,-0.002284,-0.046635,-27.505752,-50.110629,-2.635732,-0.841697,0.031000
-9.493530,-3.031351,-0.117616,-0.037556,0.001911,-0.003670,-0.046271,-27.505752,-50.110629,-2.813269,-0.898382,0.031000
-9.493530,-3.031351,-0.117616,-0.037556,0.003831,0.005878,-0.046123,-27.505752,-50.110629,-3.063330,-0.978224,0.037000
-9.493530,-3.031351,-0.117616,-0.037556,0.001167,0.003086,-0.045320,-27.505752,-50.110629,-3.332852,-1.064275,0.036000
-9.493530,-3.031351,-0.117616,-0.037556,-0.002243,-0.001071,-0.044086,-27.505752,-50.110629,-3.546860,-1.132602,0.037000
-9.493530,-3.031351,-0.117616,-0.037556,0.004672,0.001552,-0.042206,-27.505752,-50.110629,-3.841851,-1.226786,0.051000
-9.493530,-3.031351,-0.117616,-0.037556,0.001015,0.002212,-0.040943,-27.505752,-50.110629,-3.993924,-1.275339,0.031000
-9.493530,-3.031351,-0.117616,-0.037556,-0.000397,-0.000153,-0.040714,-27.505752,-50.110629,-4.138216,-1.321408,0.032000
-9.493530,-3.031351,-0.117616,-0.037556,0.001079,-0.003964,-0.040624,-27.505752,-50.110629,-4.354237,-1.390379,0.045000
-9.493530,-3.031351,-0.117616,-0.037556,0.001461,0.001779,-0.041339,-27.505752,-50.110629,-4.481077,-1.430877,0.032000
-9.493530,-3.031351,-0.117616,-0.037556,0.000022,0.000597,-0.042071,-27.505752,-50.110629,-4.602035,-1.469497,0.032000
-9.493530,-3.031351,-0.117616,-0.037556,0.002521,0.000314,-0.043467,-27.505752,-50.110629,-4.717456,-1.506349,0.031000
-9.493530,-3.031351,-0.117616,-0.037556,-0.007929,-0.003257,-0.044580,-27.505752,-50.110629,-4.827770,-1.541569,0.038000
-9.493530,-3.031351,-0.117616,-0.037556,0.000233,-0.000730,-0.045228,-27.505752,-50.110629,-5.034069,-1.607438,0.051000
-9.493530,-3.031351,-0.117616,-0.037556,0.000985,-0.000650,-0.045918,-27.505752,-50.110629,-5.149860,-1.644407,0.036000
-9.493530,-3.031351,-0.117616,-0.037556,-0.000851,0.000458,-0.046116,-27.505752,-50.110629,-5.260073,-1.679597,0.037000
-9.493530,-3.031351,-0.117616,-0.037556,-0.001136,-0.001652,-0.046971,-27.505752,-50.110629,-5.365109,-1.713133,0.037000
-9.493530,-3.031351,-0.117616,-0.037556,0.000658,0.003529,-0.047386,-27.505752,-50.110629,-5.465333,-1.745133,0.037000
-9.493530,-3.031351,-0.117616,-0.037556,0.000020,-0.000036,-0.046744,-27.505752,-50.110629,-5.545356,-1.770683,0.031000
-7.404954,-3.031351,0.787100,0.000000,0.000178,0.001180,-0.045284,-27.505734,-50.110630,-5.733116,-1.837045,0.078000
-7.404954,-3.031351,0.787100,0.000000,-0.000003,0.000472,-0.044924,-27.505734,-50.110630,-5.755308,-1.862953,0.037000
-7.404954,-3.031351,0.787100,0.000000,-0.000273,-0.001130,-0.045719,-27.505734,-50.110630,-5.776025,-1.887804,0.036000
-7.404954,-3.031351,0.787100,0.000000,0.001631,0.000729,-0.046250,-27.505734,-50.110630,-5.795293,-1.911639,0.037000
-7.404954,-3.031351,0.787100,0.000000,0.001049,0.002390,-0.046937,-27.505734,-50.110630,-5.810305,-1.930751,0.031000
-7.404954,-3.031351,0.787100,0.000000,0.000147,0.002521,-0.046959,-27.505734,-50.110630,-5.845464,-1.977491,0.073000
-7.404954,-3.031351,0.787100,0.000000,0.001609,0.000974,-0.047989,-27.505734,-50.110630,-5.859884,-1.997811,0.036000
-7.404954,-3.031351,0.787100,0.000000,0.002304,-0.002301,-0.047964,-27.505734,-50.110630,-5.873249,-2.017378,0.038000
-7.404954,-3.031351,0.787100,0.000000,-0.000609,0.001946,-0.047068,-27.505734,-50.110630,-5.897471,-2.054316,0.065000
-7.404954,-3.031351,0.787100,0.000000,-0.000326,-0.000181,-0.047190,-27.505734,-50.110630,-5.907954,-2.071880,0.037000
-7.404954,-3.031351,0.787100,0.000000,-0.001733,-0.003531,-0.047513,-27.505734,-50.110630,-5.914419,-2.083257,0.034000
-7.404954,-3.031351,0.787100,0.000000,0.000819,-0.001112,-0.047723,-27.505734,-50.110630,-5.924558,-2.102588,0.037000
-7.404954,-3.031351,0.787100,0.000000,0.001752,-0.003321,-0.048064,-27.505734,-50.110630,-5.932650,-2.118511,0.037000
-7.404954,-3.031351,0.787100,0.000000,-0.000992,-0.000604,-0.047820,-27.505734,-50.110630,-5.940419,-2.133857,0.035000
-7.404954,-3.031351,0.787100,0.000000,-0.001648,-0.003979,-0.045757,-27.505734,-50.110630,-5.955138,-2.165425,0.072000
-7.404954,-3.031351,0.787100,0.000000,-0.001113,0.000384,-0.044698,-27.505734,-50.110630,-5.960398,-2.179332,0.037000
-7.404954,-3.031351,0.787100,0.000000,0.000174,0.000035,-0.044712,-27.505734,-50.110630,-5.965226,-2.192794,0.037000
-7.404954,-3.031351,0.787100,0.000000,0.001276,0.000357,-0.043263,-27.505734,-50.110630,-5.974768,-2.220505,0.074000
-7.404954,-3.031351,0.787100,0.000000,-0.000541,0.001297,-0.043846,-27.505734,-50.110630,-5.981396,-2.244557,0.066000
-7.404954,-3.031351,0.787100,0.000000,0.000882,-0.003036,-0.043254,-27.505734,-50.110630,-5.983332,-2.256115,0.037000
-7.404954,-3.031351,0.787100,0.000000,0.000604,-0.002020,-0.042697,-27.505734,-50.110630,-5.985031,-2.267335,0.036000
-7.404954,-3.031351,0.787100,0.000000,0.003170,0.002971,-0.042691,-27.505734,-50.110630,-5.985867,-2.276461,0.031000
-7.404954,-3.031351,0.787100,0.000000,0.000082,-0.000190,-0.043365,-27.505734,-50.110630,-5.986649,-2.285362,0.031000
-5.696119,-2.694534,1.170982,0.230804,0.000743,-0.000528,-0.044551,-27.505718,-50.110628,-5.958576,-2.298821,0.073000
-5.696119,-2.694534,1.170982,0.230804,0.000221,0.000457,-0.047029,-27.505718,-50.110628,-5.929069,-2.300070,0.036000
-5.696119,-2.694534,1.170982,0.230804,0.000526,0.000470,-0.048556,-27.505718,-50.110628,-5.904354,-2.301008,0.031000
-5.696119,-2.694534,1.170982,0.230804,0.000082,0.001434,-0.049595,-27.505718,-50.110628,-5.879464,-2.301851,0.033000
-5.696119,-2.694534,1.170982,0.230804,0.001801,0.000585,-0.051382,-27.505718,-50.110628,-5.850496,-2.302728,0.036000
-5.696119,-2.694534,1.170982,0.230804,0.000028,-0.000330,-0.052169,-27.505718,-50.110628,-5.812834,-2.303709,0.046000
-5.696119,-2.694534,1.170982,0.230804,0.000084,0.002638,-0.052351,-27.505718,-50.110628,-5.788730,-2.304205,0.031000
-5.696119,-2.694534,1.170982,0.230804,0.002912,-0.001851,-0.052688,-27.505718,-50.110628,-5.764738,-2.304616,0.031000
-5.696119,-2.694534,1.170982,0.230804,-0.000530,-0.000979,-0.053277,-27.505718,-50.110628,-5.741210,-2.304955,0.036000
-5.696119,-2.694534,1.170982,0.230804,0.000139,0.000321,-0.053971,-27.505718,-50.110628,-5.712404,-2.305234,0.032000
-5.696119,-2.694534,1.170982,0.230804,0.000197,0.000496,-0.054745,-27.505718,-50.110628,-5.684106,-2.305414,0.037000
-5.696119,-2.694534,1.170982,0.230804,-0.003316,-0.002825,-0.055120,-27.505718,-50.110628,-5.656718,-2.305526,0.035000
-5.696119,-2.694534,1.170982,0.230804,-0.000726,-0.001756,-0.056224,-27.505718,-50.110628,-5.633698,-2.305530,0.031000
-5.696119,-2.694534,1.170982,0.230804,0.003216,0.001698,-0.058268,-27.505718,-50.110628,-5.576775,-2.305388,0.071000
-5.696119,-2.694534,1.170982,0.230804,-0.000601,0.004401,-0.058936,-27.505718,-50.110628,-5.549203,-2.305094,0.037000
-5.696119,-2.694534,1.170982,0.230804,0.001443,-0.001032,-0.059010,-27.505718,-50.110628,-5.522179,-2.304740,0.036000
-5.696119,-2.694534,1.170982,0.230804,0.002260,-0.003360,-0.058784,-27.505718,-50.110628,-5.498891,-2.304316,0.032000
-5.696119,-2.694534,1.170982,0.230804,-0.000434,-0.000702,-0.058932,-27.505718,-50.110628,-5.471653,-2.303774,0.037000
-5.696119,-2.694534,1.170982,0.230804,-0.000120,0.003183,-0.059685,-27.505718,-50.110628,-5.444525,-2.303149,0.037000
-5.696119,-2.694534,1.170982,0.230804,-0.001899,0.004920,-0.060690,-27.505718,-50.110628,-5.417507,-2.302444,0.037000
-5.696119,-2.694534,1.170982,0.230804,-0.001348,-0.001813,-0.061407,-27.505718,-50.110628,-5.391060,-2.301703,0.038000
-5.696119,-2.694534,1.170982,0.230804,0.001916,-0.001174,-0.061223,-27.505718,-50.110628,-5.340886,-2.300232,0.065000
-5.696119,-2.694534,1.170982,0.230804,0.001496,-0.001983,-0.059871,-27.505718,-50.110628,-5.318633,-2.299408,0.031000
-5.696119,-2.694534,1.170982,0.230804,0.000308,-0.003584,-0.059742,-27.505718,-50.110628,-5.297428,-2.298631,0.036000
-5.696119,-2.694534,1.170982,0.230804,0.001413,-0.001481,-0.059479,-27.505718,-50.110628,-5.266671,-2.297355,0.036000
-5.696119,-2.694534,1.170982,0.230804,0.002621,0.002288,-0.059978,-27.505718,-50.110628,-5.244632,-2.296375,0.032000
-5.316378,-3.031351,0.885197,-0.785138,0.000127,-0.001600,-0.060158,-27.505714,-50.110630,-5.193727,-2.326545,0.072000
-5.316378,-3.031351,0.885197,-0.785138,0.001941,0.005697,-0.060530,-27.505714,-50.110630,-5.169726,-2.346850,0.036000
-5.316378,-3.031351,0.885197,-0.785138,-0.000582,0.001561,-0.060663,-27.505714,-50.110630,-5.150362,-2.363708,0.036000
-5.316378,-3.031351,0.885197,-0.785138,-0.004994,-0.000445,-0.059991,-27.505714,-50.110630,-5.122176,-2.387116,0.043000
-5.316378,-3.031351,0.885197,-0.785138,0.000268,-0.000488,-0.060077,-27.505714,-50.110630,-5.094713,-2.410401,0.035000
-5.316378,-3.031351,0.885197,-0.785138,-0.001175,0.000996,-0.061106,-27.505714,-50.110630,-5.040238,-2.459751,0.083000
-5.316378,-3.031351,0.885197,-0.785138,-0.001308,0.002494,-0.061417,-27.505714,-50.110630,-5.019926,-2.476082,0.032000
-5.316378,-3.031351,0.885197,-0.785138,-0.003206,0.002765,-0.061402,-27.505714,-50.110630,-5.000790,-2.492325,0.038000
-5.316378,-3.031351,0.885197,-0.785138,-0.001316,0.002699,-0.061998,-27.505714,-50.110630,-4.976305,-2.511820,0.031000
-5.316378,-3.031351,0.885197,-0.785138,-0.003596,0.001274,-0.062313,-27.505714,-50.110630,-4.953032,-2.531192,0.037000
-5.316378,-3.031351,0.885197,-0.785138,0.001736,-0.007343,-0.062829,-27.505714,-50.110630,-4.930430,-2.550446,0.036000
-5.316378,-3.031351,0.885197,-0.785138,-0.000783,-0.002912,-0.063719,-27.505714,-50.110630,-4.907390,-2.569663,0.037000
-5.316378,-3.031351,0.885197,-0.785138,-0.000038,0.000489,-0.063411,-27.505714,-50.110630,-4.885021,-2.588753,0.037000
-5.316378,-3.031351,0.885197,-0.785138,-0.001989,0.002180,-0.063365,-27.505714,-50.110630,-4.861640,-2.607885,0.037000
-5.316378,-3.031351,0.885197,-0.785138,-0.001551,0.001345,-0.062843,-27.505714,-50.110630,-4.830150,-2.636048,0.051000
-5.316378,-3.031351,0.885197,-0.785138,0.000992,-0.001114,-0.062271,-27.505714,-50.110630,-4.808153,-2.654851,0.036000
-5.316378,-3.031351,0.885197,-0.785138,-0.002758,0.000086,-0.062530,-27.505714,-50.110630,-4.786256,-2.673580,0.036000
-5.316378,-3.031351,0.885197,-0.785138,-0.003080,0.000222,-0.062593,-27.505714,-50.110630,-4.763887,-2.692323,0.037000
-5.316378,-3.031351,0.885197,-0.785138,-0.000203,0.003997,-0.062640,-27.505714,-50.110630,-4.736706,-2.716800,0.045000
-5.316378,-3.031351,0.885197,-0.785138,0.000067,0.003120,-0.062652,-27.505714,-50.110630,-4.718141,-2.732306,0.033000
-5.316378,-3.031351,0.885197,-0.785138,-0.003191,-0.000277,-0.061380,-27.505714,-50.110630,-4.677558,-2.768644,0.066000
-5.316378,-3.031351,0.885197,-0.785138,-0.000476,-0.000882,-0.061563,-27.505714,-50.110630,-4.658603,-2.784116,0.032000
-5.316378,-3.031351,0.885197,-0.785138,-0.001321,-0.004240,-0.062749,-27.505714,-50.110630,-4.641472,-2.799193,0.031000
-5.316378,-4.041802,-0.489635,-0.521147,-0.000159,-0.004613,-0.064202,-27.505723,-50.110636,-4.602132,-2.834830,0.072000
-6.265731,-4.041802,-0.489635,-0.521147,-0.000225,0.000321,-0.064444,-27.505723,-50.110636,-4.614473,-2.859540,0.036000
-6.265731,-4.041802,-0.489635,-0.521147,0.000019,-0.000318,-0.065847,-27.505723,-50.110636,-4.625532,-2.880417,0.038000
-6.265731,-4.041802,-0.489635,-0.521147,0.001673,-0.003353,-0.067954,-27.505723,-50.110636,-4.653286,-2.924051,0.071000
-6.265731,-4.041802,-0.489635,-0.521147,0.001201,0.000807,-0.068115,-27.505723,-50.110636,-4.678997,-2.967307,0.072000
-6.265731,-4.041802,-0.489635,-0.521147,0.001184,0.003243,-0.068270,-27.505723,-50.110636,-4.689788,-2.987298,0.036000
-6.265731,-4.041802,-0.489635,-0.521147,0.003244,-0.002986,-0.068174,-27.505723,-50.110636,-4.700557,-3.007137,0.036000
-6.265731,-4.041802,-0.489635,-0.521147,-0.003143,0.002154,-0.068155,-27.505723,-50.110636,-4.726348,-3.048805,0.073000
-6.265731,-4.041802,-0.489635,-0.521147,-0.001153,0.002895,-0.069083,-27.505723,-50.110636,-4.736497,-3.068344,0.037000
-6.265731,-4.041802,-0.489635,-0.521147,-0.002656,0.000982,-0.069931,-27.505723,-50.110636,-4.747138,-3.087580,0.043000
-6.265731,-4.041802,-0.489635,-0.521147,0.000265,0.000303,-0.070848,-27.505723,-50.110636,-4.759047,-3.110022,0.036000
-6.265731,-4.041802,-0.489635,-0.521147,0.000494,0.007131,-0.071414,-27.505723,-50.110636,-4.767414,-3.125994,0.031000
-6.265731,-4.041802,-0.489635,-0.521147,-0.002220,-0.002981,-0.071360,-27.505723,-50.110636,-4.778022,-3.144834,0.036000
-6.265731,-4.041802,-0.489635,-0.521147,-0.001808,0.001466,-0.071908,-27.505723,-50.110636,-4.788615,-3.163548,0.043000
-6.265731,-4.041802,-0.489635,-0.521147,-0.000826,0.006660,-0.072067,-27.505723,-50.110636,-4.798732,-3.182317,0.032000
-6.265731,-4.041802,-0.489635,-0.521147,0.000750,-0.002040,-0.071344,-27.505723,-50.110636,-4.822517,-3.218020,0.066000
-6.265731,-4.041802,-0.489635,-0.521147,0.001962,0.000444,-0.072283,-27.505723,-50.110636,-4.849082,-3.259410,0.077000
-6.265731,-4.041802,-0.489635,-0.521147,-0.004302,0.000871,-0.072943,-27.505723,-50.110636,-4.859476,-3.277361,0.036000
-6.265731,-4.041802,-0.489635,-0.521147,-0.000259,0.000062,-0.074653,-27.505723,-50.110636,-4.869857,-3.295202,0.037000
-6.265731,-4.041802,-0.489635,-0.521147,0.004911,-0.003665,-0.076551,-27.505723,-50.110636,-4.880640,-3.312738,0.035000
-6.265731,-4.041802,-0.489635,-0.521147,0.000552,-0.000436,-0.076864,-27.505723,-50.110636,-4.891392,-3.330166,0.034000
-6.265731,-4.041802,-0.489635,-0.521147,-0.000426,-0.007289,-0.078442,-27.505723,-50.110636,-4.916108,-3.366786,0.072000
-7.974566,-4.378619,-0.252367,-0.049742,-0.000922,0.004609,-0.075848,-27.505738,-50.110642,-4.928910,-3.381359,0.038000
-7.974566,-4.378619,-0.252367,-0.049742,0.003000,0.004824,-0.073308,-27.505738,-50.110642,-4.945711,-3.392255,0.036000
-7.974566,-4.378619,-0.252367,-0.049742,-0.009977,0.019974,-0.069689,-27.505738,-50.110642,-4.962369,-3.403025,0.036000
-7.974566,-4.378619,-0.252367,-0.049742,0.000997,-0.003707,-0.064246,-27.505738,-50.110642,-4.982379,-3.415023,0.040000
-7.974566,-4.378619,-0.252367,-0.049742,0.006005,-0.008421,-0.059414,-27.505738,-50.110642,-4.998722,-3.425525,0.036000
-7.974566,-4.378619,-0.252367,-0.049742,0.030938,-0.016228,-0.055759,-27.505738,-50.110642,-5.012232,-3.434193,0.031000
-7.974566,-4.378619,-0.252367,-0.049742,0.001013,0.000691,-0.050728,-27.505738,-50.110642,-5.048692,-3.455386,0.074000
-7.974566,-4.378619,-0.252367,-0.049742,-0.005937,0.011438,-0.059419,-27.505738,-50.110642,-5.087019,-3.477748,0.078000
-7.974566,-4.378619,-0.252367,-0.049742,-0.017294,0.005577,-0.063500,-27.505738,-50.110642,-5.101770,-3.487964,0.037000
-7.974566,-4.378619,-0.252367,-0.049742,-0.011620,0.001387,-0.066017,-27.505738,-50.110642,-5.116776,-3.497871,0.037000
-7.974566,-4.378619,-0.252367,-0.049742,0.000293,0.000401,-0.068808,-27.505738,-50.110642,-5.132020,-3.507477,0.036000
-7.974566,-4.378619,-0.252367,-0.049742,-0.000497,0.001722,-0.070258,-27.505738,-50.110642,-5.147146,-3.516982,0.036000
-7.974566,-4.378619,-0.252367,-0.049742,0.000920,-0.000502,-0.067264,-27.505738,-50.110642,-5.161827,-3.526578,0.037000
-7.974566,-4.378619,-0.252367,-0.049742,0.001194,0.001432,-0.064149,-27.505738,-50.110642,-5.177059,-3.535692,0.036000
-7.974566,-4.378619,-0.252367,-0.049742,-0.004637,-0.008308,-0.056782,-27.505738,-50.110642,-5.210547,-3.554577,0.072000
-7.974566,-4.378619,-0.252367,-0.049742,0.003211,-0.013523,-0.052219,-27.505738,-50.110642,-5.224745,-3.563781,0.037000
-7.974566,-4.378619,-0.252367,-0.049742,-0.001828,-0.003537,-0.051134,-27.505738,-50.110642,-5.238846,-3.572897,0.037000
-7.974566,-4.378619,-0.252367,-0.049742,0.007891,-0.005038,-0.052582,-27.505738,-50.110642,-5.252850,-3.581922,0.037000
-7.974566,-4.378619,-0.252367,-0.049742,-0.004484,-0.001044,-0.053324,-27.505738,-50.110642,-5.264706,-3.589216,0.031000
-7.974566,-4.378619,-0.252367,-0.049742,-0.022952,0.004542,-0.054584,-27.505738,-50.110642,-5.278234,-3.598262,0.037000
-7.974566,-4.378619,-0.252367,-0.049742,-0.014970,0.007630,-0.055969,-27.505738,-50.110642,-5.290262,-3.605235,0.031000
-7.974566,-4.378619,-0.252367,-0.049742,-0.001558,-0.001515,-0.058051,-27.505738,-50.110642,-5.319900,-3.621061,0.065000
-7.974566,-4.378619,-0.252367,-0.049742,-0.000416,-0.001106,-0.055566,-27.505738,-50.110642,-5.351330,-3.637951,0.071000
-8.923920,-5.052253,-0.205582,-0.145875,0.010647,0.001014,-0.055714,-27.505747,-50.110648,-5.364492,-3.647643,0.031000
-8.923920,-5.052253,-0.205582,-0.145875,-0.001094,0.000215,-0.055680,-27.505747,-50.110648,-5.382238,-3.661106,0.037000
-8.923920,-5.052253,-0.205582,-0.145875,-0.032354,-0.005518,-0.054996,-27.505747,-50.110648,-5.399562,-3.674635,0.036000
-8.923920,-5.052253,-0.205582,-0.145875,-0.205167,-0.037182,-0.058005,-27.505747,-50.110648,-5.413869,-3.685857,0.032000
-8.923920,-5.052253,-0.205582,-0.145875,-0.622786,0.193627,-0.090495,-27.505747,-50.110648,-5.430881,-3.699357,0.037000
-8.923920,-5.052253,-0.205582,-0.145875,0.473429,-0.198592,0.598842,-27.505747,-50.110648,-5.451663,-3.714454,0.042000
-8.923920,-5.052253,-0.205582,-0.145875,0.847812,-0.265940,1.188318,-27.505747,-50.110648,-5.466783,-3.724857,0.035000
-8.923920,-5.052253,-0.205582,-0.145875,-1.209019,0.241776,1.153966,-27.505747,-50.110648,-5.486631,-3.740099,0.036000
-8.923920,-5.052253,-0.205582,-0.145875,-1.234091,0.211352,1.442103,-27.505747,-50.110648,-5.504363,-3.752767,0.036000
-8.923920,-5.052253,-0.205582,-0.145875,-0.501888,0.169403,2.480118,-27.505747,-50.110648,-5.522998,-3.764847,0.034000
-8.923920,-5.052253,-0.205582,-0.145875,-0.050381,0.219159,3.479066,-27.505747,-50.110648,-5.541437,-3.777060,0.036000
-8.923920,-5.052253,-0.205582,-0.145875,-0.541918,0.550443,3.832979,-27.505747,-50.110648,-5.559815,-3.789021,0.036000
-8.923920,-5.052253,-0.205582,-0.145875,-0.576466,0.459523,3.859393,-27.505747,-50.110648,-5.578588,-3.800315,0.035000
-8.923920,-5.052253,-0.205582,-0.145875,-0.284423,-0.539618,4.233916,-27.505747,-50.110648,-5.646463,-3.837808,0.111000
-8.923920,-5.052253,-0.205582,-0.145875,-0.010716,-0.253487,4.679442,-27.505747,-50.110648,-5.665905,-3.849367,0.036000
-8.923920,-5.052253,-0.205582,-0.145875,0.230970,-0.139304,4.709657,-27.505747,-50.110648,-5.685247,-3.860854,0.035000
-8.923920,-5.052253,-0.205582,-0.145875,0.920029,-0.533122,4.272731,-27.505747,-50.110648,-5.726245,-3.884801,0.070000
-8.923920,-5.052253,-0.205582,-0.145875,0.848969,-0.313702,3.734537,-27.505747,-50.110648,-5.743989,-3.896785,0.036000
-8.923920,-5.052253,-0.205582,-0.145875,0.956801,0.081100,3.050480,-27.505747,-50.110648,-5.761046,-3.908877,0.036000
-8.923920,-5.052253,-0.205582,-0.145875,1.031626,0.247308,2.241896,-27.505747,-50.110648,-5.777537,-3.920649,0.035000
-8.923920,-5.052253,-0.205582,-0.145875,1.827535,0.073429,0.603261,-27.505747,-50.110648,-5.812033,-3.944074,0.070000
-8.923920,-5.052253,-0.205582,-0.145875,2.103376,0.260389,-0.600309,-27.505747,-50.110648,-5.841229,-3.967389,0.071000
-8.923920,-5.052253,-0.205582,-0.145875,1.941110,0.304479,-0.952953,-27.505747,-50.110648,-5.851634,-3.978314,0.036000
-11.582108,-7.073154,-0.745346,-0.566653,1.853180,0.129554,-0.969198,-27.505772,-50.110667,-5.868841,-3.996239,0.033000
-11.582108,-7.073154,-0.745346,-0.566653,1.684339,0.092304,-0.806731,-27.505772,-50.110667,-5.898905,-4.023762,0.036000
-11.582108,-7.073154,-0.745346,-0.566653,1.561676,0.170687,-0.490233,-27.505772,-50.110667,-5.927730,-4.051077,0.036000
-11.582108,-7.073154,-0.745346,-0.566653,1.317901,0.234988,-0.169038,-27.505772,-50.110667,-5.955421,-4.078145,0.036000
-11.582108,-7.073154,-0.745346,-0.566653,0.756482,0.242403,0.277855,-27.505772,-50.110667,-6.017548,-4.134708,0.072000
-11.582108,-7.073154,-0.745346,-0.566653,0.482389,-0.010625,0.945874,-27.505772,-50.110667,-6.077134,-4.190038,0.071000
-11.582108,-7.073154,-0.745346,-0.566653,-0.678553,-0.148093,0.337401,-27.505772,-50.110667,-6.135519,-4.244680,0.071000
-11.582108,-7.073154,-0.745346,-0.566653,-1.210124,0.116129,-0.978926,-27.505772,-50.110667,-6.199569,-4.303043,0.082000
-11.582108,-7.073154,-0.745346,-0.566653,-1.898702,0.124661,-1.260691,-27.505772,-50.110667,-6.229434,-4.332682,0.038000
-11.582108,-7.073154,-0.745346,-0.566653,-2.639784,-0.095400,-1.192684,-27.505772,-50.110667,-6.292730,-4.385954,0.072000
-11.582108,-7.073154,-0.745346,-0.566653,-2.350091,-0.233098,-0.328946,-27.505772,-50.110667,-6.361724,-4.438733,0.073000
-11.582108,-7.073154,-0.745346,-0.566653,-2.028527,-0.348669,-0.228037,-27.505772,-50.110667,-6.435834,-4.491718,0.073000
-11.582108,-7.073154,-0.745346,-0.566653,-1.853475,-0.403147,-0.439467,-27.505772,-50.110667,-6.471696,-4.516435,0.037000
-11.582108,-7.073154,-0.745346,-0.566653,-1.502710,-0.152203,-1.145383,-27.505772,-50.110667,-6.545890,-4.565691,0.066000
-11.582108,-7.073154,-0.745346,-0.566653,-1.207945,-0.101020,-1.435829,-27.505772,-50.110667,-6.584700,-4.591013,0.037000
-11.582108,-7.073154,-0.745346,-0.566653,-1.204970,0.018796,-1.625447,-27.505772,-50.110667,-6.617606,-4.612117,0.032000
-11.582108,-7.073154,-0.745346,-0.566653,-1.031639,0.062536,-1.782962,-27.505772,-50.110667,-6.657005,-4.636809,0.035000
-11.582108,-7.073154,-0.745346,-0.566653,-0.684018,0.235438,-2.113792,-27.505772,-50.110667,-6.697443,-4.661820,0.036000
-11.582108,-7.073154,-0.745346,-0.566653,-0.247686,0.192002,-2.448738,-27.505772,-50.110667,-6.738130,-4.686559,0.037000
-11.582108,-7.073154,-0.745346,-0.566653,-0.194741,0.020018,-2.813806,-27.505772,-50.110667,-6.771357,-4.706563,0.031000
-9.493532,-7.073154,0.380689,0.000000,0.928819,-0.143145,-3.999125,-27.505753,-50.110667,-6.805273,-4.741269,0.076000
-9.493532,-7.073154,0.380689,0.000000,1.448196,0.050676,-5.214176,-27.505753,-50.110667,-6.817580,-4.755180,0.043000
-9.493532,-7.073154,0.380689,0.000000,0.330465,0.622909,-6.826118,-27.505753,-50.110667,-6.825349,-4.769122,0.031000
-9.493532,-7.073154,0.380689,0.000000,0.981498,-0.218983,-10.086355,-27.505753,-50.110667,-6.843110,-4.796186,0.073000
-9.493532,-7.073154,0.380689,0.000000,2.253727,0.373678,-10.691331,-27.505753,-50.110667,-6.864784,-4.838528,0.113000
-9.493532,-7.073154,0.380689,0.000000,1.513317,0.534395,-10.665809,-27.505753,-50.110667,-6.868251,-4.848558,0.036000
-9.493532,-7.073154,0.380689,0.000000,1.235708,0.416446,-10.553782,-27.505753,-50.110667,-6.870337,-4.860571,0.030000
-9.493532,-7.073154,0.380689,0.000000,1.574844,0.178107,-10.124258,-27.505753,-50.110667,-6.872014,-4.872038,0.036000
-9.493532,-7.073154,0.380689,0.000000,2.374377,-0.240062,-9.656590,-27.505753,-50.110667,-6.872325,-4.881605,0.031000
-9.493532,-7.073154,0.380689,0.000000,2.313602,-0.421174,-9.409741,-27.505753,-50.110667,-6.871711,-4.892840,0.035000
-9.493532,-7.073154,0.380689,0.000000,1.622730,-0.250973,-9.419518,-27.505753,-50.110667,-6.869288,-4.904381,0.036000
-9.493532,-7.073154,0.380689,0.000000,1.350712,-0.237683,-9.357740,-27.505753,-50.110667,-6.865693,-4.916025,0.036000
-9.493532,-7.073154,0.380689,0.000000,1.232888,-0.159153,-9.126092,-27.505753,-50.110667,-6.861216,-4.927711,0.036000
-9.493532,-7.073154,0.380689,0.000000,1.506452,-0.062414,-7.881205,-27.505753,-50.110667,-6.850512,-4.955487,0.082000
-9.493532,-7.073154,0.380689,0.000000,1.450788,-0.196577,-7.197692,-27.505753,-50.110667,-6.842880,-4.967148,0.036000
-9.493532,-7.073154,0.380689,0.000000,0.641899,-0.033278,-6.792597,-27.505753,-50.110667,-6.835182,-4.977067,0.031000
-9.493532,-7.073154,0.380689,0.000000,0.272132,-0.031289,-6.377709,-27.505753,-50.110667,-6.826331,-4.988689,0.037000
-9.493532,-7.073154,0.380689,0.000000,0.142353,0.405159,-5.440327,-27.505753,-50.110667,-6.808262,-5.015967,0.083000
-9.493532,-7.073154,0.380689,0.000000,-0.817364,0.179234,-4.923214,-27.505753,-50.110667,-6.791595,-5.038604,0.072000
-9.493532,-7.073154,0.380689,0.000000,-1.603305,0.140185,-4.964903,-27.505753,-50.110667,-6.782977,-5.049021,0.038000
-5.506250,-7.746789,1.430462,-0.241671,-1.796471,0.045062,-4.848930,-27.505717,-50.110677,-6.726506,-5.077948,0.066000
-5.506250,-7.746789,1.430462,-0.241671,-1.587353,0.199123,-4.558404,-27.505717,-50.110677,-6.687770,-5.094796,0.036000
-5.506250,-7.746789,1.430462,-0.241671,-1.917515,0.279582,-4.150503,-27.505717,-50.110677,-6.656380,-5.108667,0.037000
-5.506250,-7.746789,1.430462,-0.241671,-2.202812,0.203138,-3.483572,-27.505717,-50.110677,-6.619909,-5.125059,0.031000
-5.506250,-7.746789,1.430462,-0.241671,-3.135344,-0.101866,-2.064341,-27.505717,-50.110677,-6.553135,-5.156856,0.067000
-5.506250,-7.746789,1.430462,-0.241671,-2.371887,-0.241578,-0.212825,-27.505717,-50.110677,-6.492774,-5.188798,0.067000
-5.506250,-7.746789,1.430462,-0.241671,-2.239131,-0.309550,0.376983,-27.505717,-50.110677,-6.469388,-5.202191,0.031000
-5.506250,-7.746789,1.430462,-0.241671,-0.992682,-0.215106,1.092720,-27.505717,-50.110677,-6.416417,-5.234106,0.065000
-5.506250,-7.746789,1.430462,-0.241671,-0.199603,-0.360918,1.552416,-27.505717,-50.110677,-6.391525,-5.250512,0.037000
-5.506250,-7.746789,1.430462,-0.241671,0.111075,-0.167661,1.697868,-27.505717,-50.110677,-6.366785,-5.267059,0.036000
-5.506250,-7.746789,1.430462,-0.241671,1.049197,-0.353700,1.611998,-27.505717,-50.110677,-6.302132,-5.307140,0.080000
-5.506250,-7.746789,1.430462,-0.241671,0.683789,-0.184113,1.455991,-27.505717,-50.110677,-6.280129,-5.321313,0.031000
-5.506250,-7.746789,1.430462,-0.241671,0.317695,0.231449,1.629070,-27.505717,-50.110677,-6.253342,-5.338312,0.035000
-5.506250,-7.746789,1.430462,-0.241671,0.675045,0.369475,2.089582,-27.505717,-50.110677,-6.226280,-5.355091,0.036000
-5.506250,-7.746789,1.430462,-0.241671,1.320915,0.278533,2.616532,-27.505717,-50.110677,-6.198762,-5.371353,0.036000
-5.506250,-7.746789,1.430462,-0.241671,1.335608,0.066944,2.906745,-27.505717,-50.110677,-6.170486,-5.387549,0.035000
-5.506250,-7.746789,1.430462,-0.241671,0.850062,-0.248162,3.003852,-27.505717,-50.110677,-6.141393,-5.403668,0.036000
-5.506250,-7.746789,1.430462,-0.241671,0.422500,-0.212189,3.050423,-27.505717,-50.110677,-6.111769,-5.419859,0.036000
-5.506250,-7.746789,1.430462,-0.241671,0.007750,0.067911,3.006884,-27.505717,-50.110677,-6.082048,-5.435885,0.035000
-5.506250,-7.746789,1.430462,-0.241671,0.017427,0.239564,3.082598,-27.505717,-50.110677,-6.042813,-5.456527,0.044000
-5.506250,-7.746789,1.430462,-0.241671,0.238295,-0.207938,3.500561,-27.505717,-50.110677,-5.969806,-5.494028,0.081000
-4.556897,-7.746789,1.419867,0.000000,-0.224124,-0.074439,3.522024,-27.505708,-50.110678,-5.916427,-5.521324,0.064000
-4.556897,-7.746789,1.419867,0.000000,-0.207388,0.002241,3.468821,-27.505708,-50.110678,-5.878039,-5.534959,0.036000
-4.556897,-7.746789,1.419867,0.000000,0.206152,0.028118,3.435558,-27.505708,-50.110678,-5.845783,-5.545972,0.035000
-4.556897,-7.746789,1.419867,0.000000,-0.574883,-0.255154,2.873527,-27.505708,-50.110678,-5.776390,-5.568968,0.070000
-4.556897,-7.746789,1.419867,0.000000,-0.256451,-0.138838,2.647831,-27.505708,-50.110678,-5.744062,-5.580227,0.036000
-4.556897,-7.746789,1.419867,0.000000,-0.069941,-0.455115,2.542660,-27.505708,-50.110678,-5.717101,-5.589856,0.031000
-4.556897,-7.746789,1.419867,0.000000,-0.351820,-0.179073,2.437399,-27.505708,-50.110678,-5.685240,-5.601069,0.036000
-4.556897,-7.746789,1.419867,0.000000,0.070990,0.161609,2.852715,-27.505708,-50.110678,-5.653386,-5.612443,0.037000
-4.556897,-7.746789,1.419867,0.000000,-0.027248,-0.021552,3.285356,-27.505708,-50.110678,-5.596314,-5.631410,0.066000
-4.556897,-7.746789,1.419867,0.000000,-0.033933,-0.023383,3.345720,-27.505708,-50.110678,-5.559129,-5.644579,0.036000
-4.556897,-7.746789,1.419867,0.000000,-0.028033,-0.032313,3.369173,-27.505708,-50.110678,-5.496985,-5.665277,0.065000
-4.556897,-7.746789,1.419867,0.000000,-0.007019,-0.005098,3.373337,-27.505708,-50.110678,-5.465635,-5.675986,0.035000
-4.556897,-7.746789,1.419867,0.000000,-0.001987,0.000336,3.376492,-27.505708,-50.110678,-5.434137,-5.686849,0.036000
-4.556897,-7.746789,1.419867,0.000000,0.020536,-0.005757,3.381129,-27.505708,-50.110678,-5.402665,-5.697643,0.036000
-4.556897,-7.746789,1.419867,0.000000,-0.016981,0.010051,3.384488,-27.505708,-50.110678,-5.376249,-5.706805,0.031000
-4.556897,-7.746789,1.419867,0.000000,0.003002,0.001528,3.387855,-27.505708,-50.110678,-5.345029,-5.717257,0.035000
-4.556897,-7.746789,1.419867,0.000000,0.018976,-0.008054,3.391244,-27.505708,-50.110678,-5.313630,-5.727861,0.036000
-4.556897,-7.746789,1.419867,0.000000,0.013392,0.002813,3.392823,-27.505708,-50.110678,-5.282246,-5.738402,0.036000
-4.556897,-7.746789,1.419867,0.000000,-0.002969,-0.008853,3.394864,-27.505708,-50.110678,-5.250883,-5.748877,0.037000
-4.556897,-7.746789,1.419867,0.000000,0.017039,-0.000395,3.397333,-27.505708,-50.110678,-5.174212,-5.773290,0.082000
-4.556897,-7.746789,1.419867,0.000000,0.019964,-0.023337,3.397792,-27.505708,-50.110678,-5.142964,-5.783547,0.038000
-4.556897,-7.746789,1.419867,0.000000,-0.021051,0.007599,3.394524,-27.505708,-50.110678,-5.081503,-5.803047,0.066000
-4.556897,-7.746789,1.419867,0.000000,0.001936,-0.000832,3.390694,-27.505708,-50.110678,-5.050351,-5.813130,0.036000
-4.556897,-7.746789,1.419867,0.000000,0.000884,-0.001795,3.385988,-27.505708,-50.110678,-5.024163,-5.821694,0.031000
-3.227803,-7.409971,1.431214,0.362696,-0.003561,0.005498,3.382064,-27.505696,-50.110673,-4.990623,-5.826264,0.034000
-3.227803,-7.409971,1.431214,0.362696,0.000648,-0.008109,3.380831,-27.505696,-50.110673,-4.955157,-5.828709,0.036000
-3.227803,-7.409971,1.431214,0.362696,-0.002978,0.002743,3.381474,-27.505696,-50.110673,-4.919741,-5.831101,0.036000
-3.227803,-7.409971,1.431214,0.362696,0.030369,-0.004844,3.386883,-27.505696,-50.110673,-4.845047,-5.834668,0.072000
-3.227803,-7.409971,1.431214,0.362696,0.004162,-0.024899,3.387487,-27.505696,-50.110673,-4.809499,-5.837097,0.036000
-3.227803,-7.409971,1.431214,0.362696,-0.006327,0.027999,3.388329,-27.505696,-50.110673,-4.780415,-5.838722,0.036000
-3.227803,-7.409971,1.431214,0.362696,0.009215,0.017094,3.389843,-27.505696,-50.110673,-4.744947,-5.841049,0.031000
-3.227803,-7.409971,1.431214,0.362696,-0.013470,-0.003083,3.390815,-27.505696,-50.110673,-4.664746,-5.844632,0.076000
-3.227803,-7.409971,1.431214,0.362696,0.000410,-0.025796,3.395066,-27.505696,-50.110673,-4.619548,-5.846285,0.045000
-3.227803,-7.409971,1.431214,0.362696,-0.002556,0.000645,3.393063,-27.505696,-50.110673,-4.539903,-5.849569,0.077000
-3.227803,-7.409971,1.431214,0.362696,0.001633,0.003683,3.395293,-27.505696,-50.110673,-4.505077,-5.851387,0.036000
-3.227803,-7.409971,1.431214,0.362696,0.000095,0.012042,3.394828,-27.505696,-50.110673,-4.475779,-5.853037,0.031000
-3.227803,-7.409971,1.431214,0.362696,0.074265,-0.081565,3.396106,-27.505696,-50.110673,-4.446501,-5.854647,0.031000
-3.227803,-7.409971,1.431214,0.362696,-0.080637,0.024943,3.394047,-27.505696,-50.110673,-4.411441,-5.856515,0.037000
-3.227803,-7.409971,1.431214,0.362696,-0.001179,0.049663,3.411595,-27.505696,-50.110673,-4.382221,-5.858047,0.031000
-3.227803,-7.409971,1.431214,0.362696,-0.000090,-0.047762,3.424787,-27.505696,-50.110673,-4.353038,-5.859529,0.031000
-3.227803,-7.409971,1.431214,0.362696,0.121299,-0.042994,3.549107,-27.505696,-50.110673,-4.323868,-5.860994,0.031000
-3.227803,-7.409971,1.431214,0.362696,-0.212441,-0.267464,3.908050,-27.505696,-50.110673,-4.288910,-5.862676,0.037000
-3.227803,-7.409971,1.431214,0.362696,-0.126013,0.300929,4.108802,-27.505696,-50.110673,-4.259813,-5.864134,0.031000
-3.227803,-7.409971,1.431214,0.362696,0.334058,0.140553,4.183152,-27.505696,-50.110673,-4.230785,-5.865478,0.031000
-3.227803,-7.409971,1.431214,0.362696,-0.388212,-0.140894,4.211640,-27.505696,-50.110673,-4.201338,-5.866935,0.032000
-3.227803,-7.409971,1.431214,0.362696,0.023410,-0.045999,4.243594,-27.505696,-50.110673,-4.167326,-5.867740,0.035000
