0.189871,0.336803,0.000000,0.000000,-0.000828,0.000025,-0.142325,-27.510350,-50.112388,0.181003,0.321103,0.000837,0.001106,0.2420
0.189871,0.336803,0.000000,0.000000,0.000661,0.001210,-0.142154,-27.510350,-50.112388,0.182493,0.323734,0.000673,0.000898,0.0400
0.189871,0.336803,0.000000,0.000000,0.000211,-0.000165,-0.142860,-27.510350,-50.112388,0.183557,0.325615,0.000539,0.000732,0.0400
0.189871,0.336803,0.000000,0.000000,0.000625,0.000111,-0.143136,-27.510350,-50.112388,0.184329,0.326979,0.000451,0.000607,0.0400
0.189871,0.336803,0.000000,0.000000,-0.000536,-0.000097,-0.143730,-27.510350,-50.112388,0.184935,0.328049,0.000406,0.000541,0.0400
0.189871,0.336803,0.000000,0.000000,0.000592,-0.001698,-0.143854,-27.510350,-50.112388,0.185387,0.328849,0.000337,0.000416,0.0400
0.189871,0.336803,0.000000,0.000000,0.000600,-0.000507,-0.144132,-27.510350,-50.112388,0.185835,0.329640,0.000294,0.000334,0.0400
0.189871,0.336803,0.000000,0.000000,0.000344,0.000486,-0.145263,-27.510350,-50.112388,0.186237,0.330350,0.000254,0.000293,0.0400
0.189871,0.336803,0.000000,0.000000,0.000748,-0.001065,-0.143644,-27.510350,-50.112388,0.186499,0.330814,0.000191,0.000248,0.0400
0.189871,0.336803,0.000000,0.000000,-0.000214,-0.000002,-0.143273,-27.510350,-50.112388,0.186776,0.331304,0.000153,0.000200,0.0400
0.189871,0.336803,0.000000,0.000000,-0.000119,0.000320,-0.143313,-27.510350,-50.112388,0.187004,0.331708,0.000125,0.000182,0.0400
0.189871,0.673606,-0.000000,0.478433,0.000747,-0.002077,-0.143031,-27.510350,-50.112384,0.187176,0.333388,0.000127,0.003076,0.0400
0.189871,0.673606,-0.000000,0.478433,0.000035,0.000434,-0.142491,-27.510350,-50.112384,0.187340,0.371101,0.000112,0.078991,0.0400
0.189871,0.673606,-0.000000,0.478433,0.001185,0.000072,-0.143023,-27.510350,-50.112384,0.187485,0.406842,0.000124,0.142312,0.0400
0.189871,0.673606,-0.000000,0.478433,-0.000370,0.000250,-0.142710,-27.510350,-50.112384,0.187610,0.439795,0.000075,0.193864,0.0400
0.189871,0.673606,-0.000000,0.478433,-0.000630,-0.000256,-0.141675,-27.510350,-50.112384,0.187730,0.473438,0.000007,0.240268,0.0400
0.189871,0.673606,-0.000000,0.478433,0.003022,-0.000518,-0.141536,-27.510350,-50.112384,0.187823,0.501324,0.000073,0.274212,0.0400
0.189871,0.673606,-0.000000,0.478433,-0.000378,-0.000534,-0.142320,-27.510350,-50.112384,0.187942,0.538113,0.000044,0.312599,0.0400
0.189871,0.673606,-0.000000,0.478433,0.000915,-0.000169,-0.143911,-27.510350,-50.112384,0.188027,0.566445,0.000063,0.339516,0.0400
0.189871,0.673606,-0.000000,0.478433,-0.000077,0.000584,-0.144376,-27.510350,-50.112384,0.188111,0.595724,0.000052,0.362775,0.0400
0.189871,0.673606,-0.000000,0.478433,-0.000647,-0.000208,-0.144425,-27.510350,-50.112384,0.188177,0.620377,0.000026,0.379137,0.0400
0.189871,0.673606,-0.000000,0.478433,0.000237,-0.000350,-0.145264,-27.510350,-50.112384,0.188241,0.644834,0.000027,0.394697,0.0400
0.189871,0.673606,-0.000000,0.478433,-0.001770,0.001438,-0.145415,-27.510350,-50.112384,0.188300,0.668927,-0.000015,0.407407,0.0400
0.189871,0.673606,-0.000000,0.478433,-0.001367,0.001029,-0.145828,-27.510350,-50.112384,0.188354,0.691913,-0.000023,0.417743,0.0400
0.189871,0.673606,-0.000000,0.478433,-0.000470,0.000122,-0.145799,-27.510350,-50.112384,0.188411,0.716879,-0.000034,0.428160,0.0400
0.189871,0.673606,-0.000000,0.478433,-0.000030,-0.000110,-0.145955,-27.510350,-50.112384,0.188473,0.745791,-0.000019,0.437993,0.0400
0.189871,0.673606,-0.000000,0.478433,-0.000182,-0.000212,-0.146310,-27.510350,-50.112384,0.188515,0.765902,-0.000009,0.443891,0.0400
0.189871,0.673606,-0.000000,0.478433,-0.000892,-0.000134,-0.147060,-27.510350,-50.112384,0.188563,0.790434,0.000003,0.449976,0.0570
0.189871,0.673606,-0.000000,0.478433,-0.000161,-0.000021,-0.147557,-27.510350,-50.112384,0.188598,0.808760,-0.000004,0.453968,0.0400
0.189871,0.673606,-0.000000,0.478433,0.000262,-0.000525,-0.148279,-27.510350,-50.112384,0.188633,0.827962,0.000010,0.457513,0.0400
0.189871,0.673606,0.000000,0.000000,-0.000215,0.000253,-0.149026,-27.510350,-50.112383,0.188671,0.843190,0.000008,0.435387,0.0400
0.189871,0.673606,0.000000,0.000000,-0.003305,0.000296,-0.148483,-27.510350,-50.112383,0.188699,0.841800,-0.000001,0.378441,0.0410
0.189871,0.673606,0.000000,0.000000,0.000083,-0.000125,-0.148071,-27.510350,-50.112383,0.188729,0.840132,0.000016,0.323098,0.0400
0.189871,0.673606,0.000000,0.000000,-0.000247,-0.000154,-0.148103,-27.510350,-50.112383,0.188760,0.838351,0.000004,0.272443,0.0400
0.189871,0.673606,0.000000,0.000000,-0.000125,-0.000460,-0.146651,-27.510350,-50.112383,0.188793,0.835810,-0.000001,0.222865,0.0400
0.189871,0.673606,0.000000,0.000000,-0.000407,0.000782,-0.146102,-27.510350,-50.112383,0.188822,0.833146,-0.000009,0.185720,0.0400
0.189871,0.673606,0.000000,0.000000,0.001354,-0.000103,-0.144616,-27.510350,-50.112383,0.188844,0.830788,0.000018,0.160524,0.0400
0.189871,0.673606,0.000000,0.000000,0.003024,-0.001404,-0.144793,-27.510350,-50.112383,0.188869,0.828235,0.000098,0.136175,0.0400
0.189871,0.673606,0.000000,0.000000,-0.001281,-0.001023,-0.144548,-27.510350,-50.112383,0.188894,0.825325,0.000033,0.112695,0.0400
0.189871,0.673606,0.000000,0.000000,0.000606,0.000904,-0.144349,-27.510350,-50.112383,0.188912,0.823077,0.000050,0.098617,0.0400
0.189871,0.673606,0.000000,0.000000,0.000947,0.000565,-0.144236,-27.510350,-50.112383,0.188935,0.820096,0.000054,0.082233,0.0400
0.189871,0.673606,0.000000,0.000000,-0.000189,-0.000297,-0.144591,-27.510350,-50.112383,0.188955,0.817561,0.000042,0.069816,0.0400
0.189871,0.673606,0.000000,0.000000,-0.000211,0.000123,-0.144969,-27.510350,-50.112383,0.188975,0.814983,0.000023,0.059289,0.0400
0.189871,0.673606,0.000000,0.000000,-0.000640,0.000371,-0.145536,-27.510350,-50.112383,0.188990,0.812844,0.000007,0.051578,0.0400
0.189871,0.673606,0.000000,0.000000,0.000238,0.000294,-0.146171,-27.510350,-50.112383,0.189008,0.810268,0.000031,0.043536,0.0400
0.189871,0.673606,0.000000,0.000000,0.000136,0.000037,-0.146079,-27.510350,-50.112383,0.189024,0.808001,0.000001,0.037636,0.0400
0.189871,0.673606,0.000000,0.000000,0.002329,-0.000022,-0.146241,-27.510350,-50.112383,0.189039,0.805787,0.000064,0.032124,0.0400
0.189871,0.673606,0.000000,0.000000,-0.001219,0.000857,-0.145654,-27.510350,-50.112383,0.189056,0.803358,0.000031,0.027147,0.0400
0.189871,0.673606,0.000000,0.000000,0.000067,0.000119,-0.145011,-27.510350,-50.112383,0.189071,0.801126,0.000001,0.023056,0.0400
0.189871,0.673606,0.000000,0.000000,0.000502,0.000058,-0.143942,-27.510350,-50.112383,0.189086,0.798928,0.000016,0.019580,0.0400
0.189871,0.673606,0.000000,0.000000,0.001110,-0.000711,-0.142964,-27.510350,-50.112384,0.189100,0.796790,0.000040,0.016581,0.0400
0.189871,0.673606,0.000000,0.000000,-0.000889,-0.000077,-0.142295,-27.510350,-50.112384,0.189113,0.794845,0.000018,0.014255,0.0400
0.189871,0.673606,0.000000,0.000000,0.000032,-0.000062,-0.142281,-27.510350,-50.112384,0.189125,0.792908,0.000020,0.012173,0.0400
0.189871,0.673606,0.000000,0.000000,0.000099,-0.000319,-0.140978,-27.510350,-50.112384,0.189139,0.790881,0.000024,0.010261,0.0400
0.189871,0.673606,0.000000,0.000000,-0.000398,-0.001033,-0.140501,-27.510350,-50.112384,0.189153,0.788689,0.000035,0.008521,0.0560
0.189871,0.673606,0.000000,0.000000,-0.001057,0.000068,-0.141060,-27.510350,-50.112384,0.189164,0.786990,0.000019,0.007297,0.0400
0.189871,0.673606,0.000000,0.000000,-0.000865,0.000133,-0.141713,-27.510350,-50.112384,0.189176,0.785120,-0.000006,0.006150,0.0400
0.189871,0.673606,0.000000,0.000000,-0.000051,0.000173,-0.141020,-27.510350,-50.112384,0.189187,0.783381,0.000001,0.005201,0.0400
0.189871,0.673606,0.000000,0.000000,-0.000255,0.000032,-0.139137,-27.510350,-50.112384,0.189197,0.781682,-0.000012,0.004418,0.0400
0.189871,0.673606,0.000000,0.000000,0.000554,-0.000745,-0.137603,-27.510350,-50.112384,0.189208,0.779914,0.000000,0.003682,0.0400
0.189871,0.673606,0.000000,0.000000,0.000053,-0.000095,-0.136726,-27.510350,-50.112384,0.189219,0.778322,0.000017,0.003092,0.0400
0.189871,0.673606,0.000000,0.000000,-0.000342,-0.000040,-0.136661,-27.510350,-50.112384,0.189228,0.776768,0.000004,0.002619,0.0400
0.189871,0.673606,0.000000,0.000000,-0.000262,-0.000594,-0.137395,-27.510350,-50.112384,0.189239,0.775095,-0.000010,0.002171,0.0550
0.189871,0.673606,0.000000,0.000000,-0.000156,0.000043,-0.137358,-27.510350,-50.112384,0.189248,0.773687,0.000002,0.001843,0.0400
0.189871,0.673606,0.000000,0.000000,0.000579,0.000495,-0.135422,-27.510350,-50.112384,0.189257,0.772211,0.000017,0.001558,0.0400
0.189871,0.673606,0.000000,0.000000,-0.000047,0.000034,-0.134082,-27.510350,-50.112384,0.189267,0.770578,-0.000002,0.001269,0.0400
0.189871,0.673606,0.000000,0.000000,0.001574,-0.000488,-0.132729,-27.510350,-50.112384,0.189274,0.769435,0.000033,0.001116,0.0400
0.189871,0.673606,0.000000,0.000000,-0.000254,-0.000116,-0.132550,-27.510350,-50.112384,0.189282,0.768176,0.000009,0.000914,0.0400
0.189871,0.673606,0.000000,0.000000,-0.000414,0.002811,-0.132799,-27.510350,-50.112384,0.189290,0.766944,0.000001,0.000823,0.0400
0.189871,0.673606,0.000000,0.000000,-0.001027,0.000750,-0.131020,-27.510350,-50.112384,0.189298,0.765700,-0.000031,0.000715,0.0400
0.189871,0.673606,0.000000,0.000000,-0.000440,0.000441,-0.130510,-27.510350,-50.112384,0.189316,0.762637,0.000003,0.000463,0.1590
0.189871,0.673606,0.000000,0.000000,0.000359,-0.000070,-0.131816,-27.510350,-50.112384,0.189322,0.761795,0.000015,0.000388,0.0400
0.189871,0.673606,0.000000,0.000000,-0.000039,0.000347,-0.133565,-27.510350,-50.112384,0.189328,0.760762,0.000008,0.000329,0.0400
0.189871,0.673606,0.000000,0.000000,0.001650,0.002515,-0.132795,-27.510350,-50.112384,0.189337,0.760370,0.000443,0.000647,0.0420
0.189871,0.673606,0.000000,0.000000,0.000041,-0.000019,-0.132523,-27.510350,-50.112384,0.189351,0.758236,0.000258,0.000353,0.1280
0.189871,0.673606,0.000000,0.000000,-0.000908,-0.000706,-0.132661,-27.510350,-50.112384,0.189358,0.756981,0.000166,0.000220,0.0740
0.189871,0.673606,0.000000,0.000000,0.000221,0.000409,-0.133936,-27.510350,-50.112384,0.189364,0.755944,0.000144,0.000188,0.0400
0.189871,0.673606,0.000000,0.000000,-0.000003,-0.000014,-0.134064,-27.510350,-50.112384,0.189365,0.755834,0.000134,0.000181,0.0400
0.189871,0.673606,0.000000,0.000000,-0.000003,-0.000014,-0.134064,-27.510350,-50.112384,0.189365,0.755834,0.000134,0.000181,0.0400
0.189871,0.673606,0.000000,0.000000,-0.026582,0.003972,-0.138666,-27.510350,-50.112384,0.189369,0.754870,-0.002566,0.000193,0.0690
0.189871,0.673606,0.000000,0.000000,0.000161,-0.000257,-0.138833,-27.510350,-50.112384,0.189436,0.754053,-0.001856,0.000100,0.0590
0.189871,0.673606,0.000000,0.000000,-0.000681,-0.001047,-0.137538,-27.510350,-50.112384,0.189488,0.752103,-0.000899,0.000083,0.1260
0.189871,0.673606,0.000000,0.000000,0.000590,0.000329,-0.138422,-27.510350,-50.112384,0.189503,0.750790,-0.000600,0.000039,0.0860
0.189871,0.673606,0.000000,0.000000,-0.000733,-0.000297,-0.138772,-27.510350,-50.112386,0.189510,0.749771,-0.000469,0.000018,0.0640
0.189871,0.673606,0.000000,0.000000,-0.000288,0.001505,-0.140119,-27.510350,-50.112386,0.189523,0.747040,-0.000208,0.000026,0.1980
0.189871,0.673606,0.000000,0.000000,-0.000034,-0.000023,-0.139768,-27.510350,-50.112386,0.189538,0.743576,-0.000031,-0.000003,0.2930
0.189871,0.673606,0.000000,0.000000,-0.000787,-0.000132,-0.139688,-27.510350,-50.112386,0.189547,0.741732,-0.000016,-0.000040,0.1350
0.189871,0.673606,0.000000,0.000000,0.000534,0.000685,-0.138835,-27.510350,-50.112386,0.189556,0.739764,-0.000039,-0.000032,0.2060
0.189871,0.673606,0.000000,0.000000,0.000484,0.000062,-0.141157,-27.510350,-50.112386,0.189559,0.739101,-0.000049,-0.000066,0.0610
0.189871,0.673606,0.000000,0.000000,0.002880,0.000506,-0.141266,-27.510349,-50.112386,0.189568,0.737276,-0.000014,-0.000060,0.1530
0.189871,0.673606,0.000000,0.000000,0.000205,0.001089,-0.142907,-27.510349,-50.112386,0.189580,0.734633,0.000001,-0.000043,0.2970
0.189871,0.673606,0.000000,0.000000,0.000292,-0.000238,-0.143607,-27.510349,-50.112386,0.189582,0.734267,-0.000005,-0.000037,0.0430
0.189871,0.673606,0.000000,0.000000,0.000231,0.000153,-0.142302,-27.510349,-50.112386,0.189584,0.733706,0.000004,-0.000066,0.0400
0.189871,0.673606,0.000000,0.000000,0.000384,0.000566,-0.142108,-27.510349,-50.112386,0.189584,0.733647,0.000005,-0.000064,0.0400
0.189871,0.673606,0.000000,0.000000,0.000384,0.000566,-0.142108,-27.510349,-50.112386,0.189584,0.733647,0.000005,-0.000064,0.0400
0.189871,0.673606,0.000000,0.000000,0.000384,0.000566,-0.142108,-27.510349,-50.112386,0.189584,0.733647,0.000005,-0.000064,0.0400
0.189871,0.673606,0.000000,0.000000,0.000384,0.000566,-0.142108,-27.510349,-50.112386,0.189584,0.733647,0.000005,-0.000064,0.0400
0.189871,0.673606,0.000000,0.000000,0.035568,-0.081910,-0.138102,-27.510349,-50.112386,0.189540,0.733219,0.002260,-0.004636,0.0690
0.189871,0.673606,0.000000,0.000000,0.030258,-0.058455,-0.136881,-27.510349,-50.112386,0.189404,0.733058,0.002306,-0.004717,0.0400
0.189871,0.673606,0.000000,0.000000,0.016775,-0.043403,-0.136237,-27.510349,-50.112386,0.189368,0.732960,0.002279,-0.004701,0.0400
0.189871,0.673606,0.000000,0.000000,0.007335,-0.019340,-0.135884,-27.510349,-50.112386,0.189469,0.732486,0.000989,-0.002016,0.0400
0.189871,0.673606,0.000000,0.000000,0.002089,-0.000292,-0.137189,-27.510349,-50.112386,0.189445,0.732141,0.000519,-0.001095,0.0440
0.189871,0.673606,0.000000,0.000000,0.000400,0.000417,-0.138676,-27.510349,-50.112385,0.189437,0.731732,0.000362,-0.000724,0.0400
0.189871,0.673606,0.000000,0.000000,0.000851,0.000789,-0.138676,-27.510349,-50.112385,0.189437,0.731732,0.000362,-0.000724,0.0400
0.189871,0.673606,0.000000,0.000000,0.025267,-0.022545,-0.137537,-27.510349,-50.112385,0.189479,0.731488,0.001960,-0.002093,0.0420
0.189871,0.673606,0.000000,0.000000,0.001729,-0.001915,-0.137096,-27.510349,-50.112385,0.189424,0.731161,0.001478,-0.001491,0.0490
0.189871,0.673606,0.000000,0.000000,-0.000259,-0.000054,-0.137552,-27.510349,-50.112385,0.189396,0.730773,0.000959,-0.000986,0.0400
0.189871,0.673606,0.000000,0.000000,0.001287,0.001869,-0.137703,-27.510349,-50.112385,0.189393,0.730705,0.000910,-0.000919,0.0400
0.189871,0.673606,0.000000,0.000000,0.001287,0.001869,-0.137703,-27.510349,-50.112385,0.189393,0.730705,0.000910,-0.000919,0.0560
0.189871,0.673606,0.000000,0.000000,0.001287,0.001869,-0.137703,-27.510349,-50.112385,0.189393,0.730705,0.000910,-0.000919,0.0400
0.189871,0.673606,0.000000,0.000000,0.001287,0.001869,-0.137703,-27.510349,-50.112385,0.189393,0.730705,0.000910,-0.000919,0.0400
0.189871,0.673606,0.000000,0.000000,0.001287,0.001869,-0.137703,-27.510349,-50.112385,0.189393,0.730705,0.000910,-0.000919,0.0400
0.189871,0.673606,0.000000,0.000000,0.001287,0.001869,-0.137703,-27.510349,-50.112385,0.189393,0.730705,0.000910,-0.000919,0.0400
0.189871,0.673606,0.000000,0.000000,0.001287,0.001869,-0.137703,-27.510349,-50.112385,0.189393,0.730705,0.000910,-0.000919,0.0400
0.189871,0.673606,0.000000,0.000000,0.001287,0.001869,-0.137703,-27.510349,-50.112385,0.189393,0.730705,0.000910,-0.000919,0.0400
0.189871,0.673606,0.000000,0.000000,0.201115,-0.105410,-0.130377,-27.510349,-50.112385,0.188552,0.730608,0.008009,-0.004397,0.0660
0.189871,0.673606,0.000000,0.000000,0.187940,-0.099443,-0.132687,-27.510349,-50.112385,0.187425,0.730842,0.010561,-0.005677,0.0400
0.189871,0.673606,0.000000,0.000000,0.132456,-0.076554,-0.138713,-27.510349,-50.112385,0.185998,0.730956,0.015319,-0.008557,0.0780
0.189871,0.673606,0.000000,0.000000,0.099726,-0.058999,-0.139738,-27.510349,-50.112385,0.185341,0.730946,0.016437,-0.009244,0.0490
0.189871,0.673606,0.000000,0.000000,0.016389,-0.003486,-0.140750,-27.510350,-50.112386,0.183975,0.730151,0.012689,-0.006993,0.1790
0.189871,0.673606,0.000000,0.000000,0.000958,0.000428,-0.142274,-27.510350,-50.112386,0.183789,0.729085,0.007129,-0.003942,0.1940
0.189871,0.673606,0.000000,0.000000,0.000131,-0.000405,-0.142891,-27.510350,-50.112386,0.183830,0.728029,0.004324,-0.002421,0.1500
0.189871,0.673606,0.000000,0.000000,-0.000947,-0.000232,-0.141080,-27.510350,-50.112386,0.183931,0.726922,0.002535,-0.001437,0.1620
0.189871,0.673606,0.000000,0.000000,-0.000064,-0.000165,-0.140456,-27.510350,-50.112386,0.183962,0.726480,0.002052,-0.001179,0.0400
0.189871,0.673606,0.000000,0.000000,0.000321,-0.000481,-0.141091,-27.510350,-50.112386,0.184040,0.726166,0.001269,-0.001077,0.0400
0.189871,0.673606,0.000000,0.000000,-0.000589,0.000340,-0.139695,-27.510350,-50.112386,0.184270,0.724031,0.000292,-0.000257,0.3410
0.189871,0.673606,0.000000,0.000000,-0.000054,0.000406,-0.143629,-27.510349,-50.112385,0.184588,0.721182,0.000047,-0.000066,0.4870
0.189871,0.673606,0.000000,0.000000,0.000155,-0.000639,-0.144188,-27.510349,-50.112385,0.184643,0.720683,0.000051,-0.000059,0.1010
0.189871,0.673606,0.000000,0.000000,-0.000098,-0.000098,-0.152586,-27.510349,-50.112385,0.184804,0.719241,0.000067,-0.000019,0.2750
0.189871,0.673606,0.000000,0.000000,-0.000180,-0.000073,-0.152474,-27.510349,-50.112385,0.184827,0.719026,0.000056,-0.000021,0.0400
0.189871,0.673606,0.000000,0.000000,-0.000738,-0.000018,-0.153786,-27.510348,-50.112384,0.184954,0.717891,0.000006,0.000009,0.1820
0.189871,0.673606,0.000000,0.000000,-0.000669,-0.000068,-0.153757,-27.510348,-50.112384,0.185143,0.716190,0.000015,0.000017,0.3830
0.189871,0.673606,0.000000,0.000000,-0.067928,0.106267,-0.151566,-27.510348,-50.112384,0.185310,0.714697,-0.000753,0.002104,0.3760
0.189871,0.673606,0.000000,0.000000,-0.025977,-0.076801,-0.152343,-27.510348,-50.112385,0.185395,0.713932,-0.001714,-0.002992,0.1730
0.189871,0.673606,0.000000,0.000000,-0.169385,0.138564,-0.149302,-27.510348,-50.112385,0.185464,0.713163,-0.006280,0.000270,0.1990
0.189871,0.673606,0.000000,0.000000,0.137990,-0.043225,-0.147724,-27.510348,-50.112385,0.185643,0.711185,-0.002630,0.001181,0.5160
0.379741,0.673606,0.118322,0.000000,0.053226,0.139937,-0.146199,-27.510348,-50.112384,0.201460,0.709930,0.033938,0.000522,0.3980
0.379741,0.673606,0.118322,0.000000,-0.538822,0.185725,-0.163290,-27.510348,-50.112384,0.242856,0.708872,0.079019,-0.005118,0.2930
0.379741,0.673606,0.118322,0.000000,0.007558,-0.045125,-0.147143,-27.510348,-50.112384,0.251603,0.708653,0.091561,-0.003790,0.0910
0.379741,0.673606,0.118322,0.000000,-0.023680,0.060573,-0.048792,-27.510348,-50.112384,0.260359,0.708429,0.093831,0.000586,0.0400
0.379741,0.673606,0.118322,0.000000,0.228213,0.118368,0.278798,-27.510348,-50.112384,0.278675,0.707986,0.084787,0.015121,0.1620
0.379741,0.673606,0.118322,0.000000,-0.117155,0.184331,0.309744,-27.510348,-50.112384,0.284044,0.707827,0.090192,0.019522,0.0410
0.379741,0.673606,0.118322,0.000000,-0.327934,0.124456,0.286142,-27.510348,-50.112384,0.289736,0.707632,0.083215,0.019077,0.0400
0.379741,0.673606,0.118322,0.000000,0.493755,0.220741,0.007906,-27.510348,-50.112384,0.297588,0.707772,0.085784,0.019098,0.0670
0.379741,1.010409,-0.000000,0.133756,-0.019750,-0.642059,-19.285095,-27.510347,-50.112381,0.315509,0.749194,-0.006193,0.027294,0.3970
0.379741,1.010409,-0.000000,0.133756,0.137811,-0.856018,-28.528938,-27.510347,-50.112381,0.316232,0.773683,-0.010476,-0.044707,0.1660
0.379741,1.010409,-0.000000,0.133756,1.402211,-0.330927,-41.117710,-27.510347,-50.112381,0.318387,0.818229,0.299559,-0.029415,0.2410
0.379741,1.010409,-0.000000,0.133756,1.659492,0.105005,-42.977100,-27.510347,-50.112381,0.318721,0.828126,0.334300,0.015382,0.1300
0.379741,1.010409,-0.000000,0.133756,1.098164,0.622528,-44.608303,-27.510347,-50.112381,0.319770,0.840643,0.348022,0.082333,0.0780
0.189871,1.347211,-0.280425,0.497434,1.177543,-0.489219,-46.118927,-27.510349,-50.112377,0.274500,0.949464,0.156682,0.361684,0.2760
0.189871,1.347211,-0.280425,0.497434,0.820031,0.568982,-45.880009,-27.510349,-50.112377,0.194876,1.103114,0.057694,0.489332,0.3090
0.189871,1.347211,-0.280425,0.497434,-0.248735,1.833971,-45.507801,-27.510349,-50.112377,0.135726,1.213864,-0.121414,0.703689,0.2250
0.189871,1.347211,-0.280425,0.497434,0.552542,0.760907,-45.433464,-27.510349,-50.112377,0.094329,1.291407,-0.202794,0.782712,0.1500
0.189871,2.020817,-0.000000,0.859122,0.145172,0.367576,-45.518459,-27.510349,-50.112370,0.052908,1.436617,-0.140858,0.793358,0.2360
0.189871,2.020817,-0.000000,0.859122,-0.049311,1.164911,-47.475574,-27.510349,-50.112370,0.055156,1.672331,-0.026025,0.938888,0.2320
0.189871,2.020817,-0.000000,0.859122,0.193302,0.945729,-48.902596,-27.510349,-50.112370,0.058020,1.945534,-0.001508,1.044904,0.3420
0.379741,2.357620,0.255162,0.452620,0.085053,-0.242935,-49.037788,-27.510347,-50.112367,0.065257,2.253082,0.062345,0.925742,0.3660
0.379741,2.357620,0.255162,0.452620,0.352960,-0.074859,-49.033672,-27.510347,-50.112367,0.083390,2.282628,0.109183,0.830241,0.0600
0.379741,2.357620,0.255162,0.452620,0.133528,0.053792,-49.009102,-27.510347,-50.112367,0.097298,2.304148,0.138686,0.774112,0.0440
0.379741,2.357620,0.255162,0.452620,0.261475,-0.320910,-49.023907,-27.510347,-50.112367,0.159921,2.412235,0.219059,0.639883,0.2300
0.379741,2.357620,0.255162,0.452620,0.285863,-0.552108,-49.083794,-27.510347,-50.112367,0.169657,2.428358,0.228369,0.603591,0.0410
0.379741,2.357620,0.255162,0.452620,0.337796,-0.771939,-49.161659,-27.510347,-50.112367,0.183846,2.450871,0.249324,0.542292,0.0400
0.379741,2.357620,0.255162,0.452620,-0.311723,-1.132819,-48.898102,-27.510347,-50.112367,0.232102,2.532658,0.226570,0.360608,0.1440
0.379741,2.357620,0.255162,0.452620,0.795734,-1.264723,-48.971283,-27.510347,-50.112367,0.327845,2.691060,0.379878,0.181688,0.3840
1.139224,2.020818,0.968769,-0.429614,-0.160524,0.353529,-53.613552,-27.510340,-50.112368,0.657053,2.539810,0.869310,-0.352049,0.3460
1.139224,2.020818,0.968769,-0.429614,-0.292921,-0.080888,-54.041512,-27.510340,-50.112368,0.718957,2.511122,0.879550,-0.368529,0.0600
1.139224,2.020818,0.968769,-0.429614,-0.575442,-1.026291,-61.559101,-27.510340,-50.112368,0.981614,2.389234,0.849055,-0.478431,0.2540
1.139224,2.020818,0.968769,-0.429614,-0.344161,-0.455373,-61.897934,-27.510340,-50.112368,1.019938,2.371652,0.854091,-0.508651,0.0530
1.139224,2.020818,0.968769,-0.429614,-0.348254,-0.118879,-62.231396,-27.510340,-50.112368,1.066504,2.350703,0.857385,-0.504970,0.0400
1.139224,2.020818,0.968769,-0.429614,-0.256960,0.503087,-62.719387,-27.510340,-50.112368,1.168438,2.300822,0.898641,-0.434443,0.0520
2.278447,3.031226,1.093045,0.969452,-0.224249,1.591929,-63.293606,-27.510330,-50.112363,1.456198,2.354878,0.956664,0.323641,0.3180
2.278447,3.031226,1.093045,0.969452,0.131645,-0.150736,-61.586510,-27.510330,-50.112363,1.805231,2.662420,1.072481,0.794543,0.3140
2.278447,3.031226,1.093045,0.969452,0.281928,-0.561711,-61.130165,-27.510330,-50.112363,2.056086,2.883827,1.131373,0.870565,0.2290
2.278447,3.031226,1.093045,0.969452,0.297325,0.121495,-61.076904,-27.510330,-50.112363,2.102413,2.925247,1.136636,0.876657,0.0400
2.278447,3.031226,1.093045,0.969452,0.065034,0.196397,-60.982319,-27.510330,-50.112363,2.177311,2.991610,1.130269,0.903691,0.0460
2.848059,3.704832,0.790584,0.934921,-0.002082,0.872856,-60.706207,-27.510325,-50.112354,2.453330,3.242153,1.098642,0.985431,0.2750
2.848059,3.704832,0.790584,0.934921,-0.305506,1.042699,-60.686291,-27.510325,-50.112354,2.490013,3.285407,1.041177,1.027195,0.0520
2.848059,3.704832,0.790584,0.934921,-0.338205,1.178859,-60.666069,-27.510325,-50.112354,2.534335,3.338550,0.977850,1.068261,0.0400
2.848059,3.704832,0.790584,0.934921,-0.335261,1.040849,-60.633289,-27.510325,-50.112354,2.593168,3.406630,0.922954,1.089713,0.0430
2.848059,3.704832,0.790584,0.934921,0.073935,-0.036268,-60.555748,-27.510325,-50.112354,2.821391,3.675442,0.787989,1.154578,0.2890
2.848059,3.704832,0.790584,0.934921,0.657223,-0.653412,-60.496037,-27.510325,-50.112354,3.067772,3.966766,0.839253,0.927033,0.2900
2.848059,3.704832,0.790584,0.934921,0.357822,-0.320230,-60.609509,-27.510325,-50.112354,3.220045,4.146750,0.853636,0.854449,0.2320
3.227800,4.378438,0.305689,0.542248,0.423165,-0.975390,-60.504330,-27.510323,-50.112347,3.276030,4.245989,0.637650,0.639795,0.1560
3.227800,4.378438,0.305689,0.542248,0.447729,-0.719183,-60.283386,-27.510323,-50.112347,3.332132,4.345838,0.520196,0.501102,0.2000
3.227800,4.378438,0.305689,0.542248,0.167025,-0.262408,-60.257896,-27.510323,-50.112347,3.346758,4.374329,0.493767,0.490544,0.0400
3.227800,4.378438,0.305689,0.542248,0.137294,-0.249432,-60.264721,-27.510323,-50.112347,3.361808,4.401381,0.475952,0.486000,0.0520
3.227800,4.378438,0.305689,0.542248,0.426633,-0.355781,-60.337296,-27.510323,-50.112347,3.381609,4.438858,0.457263,0.479570,0.0660
3.227800,4.378438,0.305689,0.542248,0.115352,0.218912,-65.641922,-27.510323,-50.112347,3.475292,4.605111,0.363054,0.489391,0.2930
3.987283,5.052044,0.996827,0.884113,-0.090518,0.483633,-70.156059,-27.510316,-50.112340,3.606568,4.764949,0.480392,0.608269,0.2270
3.987283,5.052044,0.996827,0.884113,0.107982,-0.143656,-71.702957,-27.510316,-50.112340,3.812611,4.948101,0.720834,0.757802,0.2490
3.987283,5.052044,0.996827,0.884113,-0.068818,-0.316353,-71.892990,-27.510316,-50.112340,3.862439,4.991535,0.764243,0.766307,0.0410
3.987283,5.052044,0.996827,0.884113,0.057467,0.360024,-72.036125,-27.510316,-50.112340,3.908426,5.033052,0.795251,0.791245,0.0400
3.987283,5.052044,0.996827,0.884113,0.086543,-0.146702,-72.184723,-27.510316,-50.112340,3.965858,5.083588,0.825578,0.815866,0.0590
3.987283,5.052044,0.996827,0.884113,-0.115218,0.229470,-72.352745,-27.510316,-50.112340,4.066443,5.172453,0.878816,0.834502,0.0880
3.987283,5.052044,0.996827,0.884113,-0.258224,0.078490,-72.699989,-27.510316,-50.112340,4.272310,5.354550,0.947355,0.837572,0.2190
3.987283,5.052044,0.996827,0.884113,0.295194,-0.670274,-75.957062,-27.510316,-50.112340,4.405039,5.471905,0.942898,0.869409,0.1170
4.746765,6.399256,0.768012,1.362342,-0.020983,-0.129398,-80.192947,-27.510308,-50.112328,4.670163,5.844718,0.855681,1.144247,0.2860
4.746765,6.399256,0.768012,1.362342,-0.434173,0.926473,-86.526039,-27.510308,-50.112328,4.869127,6.202096,0.785200,1.315352,0.2970
4.746765,6.399256,0.768012,1.362342,0.226453,0.374017,-90.137375,-27.510308,-50.112328,4.960910,6.367674,0.777093,1.353120,0.1250
4.746765,6.399256,0.768012,1.362342,0.021337,-0.218301,-90.943092,-27.510308,-50.112328,5.037777,6.506401,0.780818,1.356787,0.1000
4.746765,6.399256,0.768012,1.362342,-0.090247,0.049947,-91.182411,-27.510308,-50.112328,5.070647,6.565975,0.777057,1.358220,0.0400
4.746765,6.399256,0.768012,1.362342,0.099426,-0.206615,-91.290001,-27.510308,-50.112328,5.090030,6.601101,0.778466,1.356027,0.0400
4.746765,6.399256,0.768012,1.362342,0.143975,0.063750,-91.521515,-27.510308,-50.112328,5.160326,6.724915,0.786857,1.381697,0.0400
4.746765,6.399256,0.768012,1.362342,-0.093395,0.041970,-91.649017,-27.510308,-50.112328,5.197858,6.793176,0.777016,1.362876,0.0490
4.746765,6.399256,0.768012,1.362342,0.022605,-0.214619,-91.742172,-27.510308,-50.112328,5.228153,6.847987,0.772083,1.359378,0.0400
4.746765,6.399256,0.768012,1.362342,-0.347064,0.107599,-91.840515,-27.510308,-50.112328,5.270250,6.924145,0.771213,1.358118,0.0570
5.316376,7.746468,0.641088,1.516263,0.174969,0.341287,-91.906189,-27.510303,-50.112312,5.302439,7.001333,0.746504,1.392817,0.0500
5.316376,7.746468,0.641088,1.516263,-0.050429,-0.191446,-91.951126,-27.510303,-50.112312,5.331352,7.073622,0.726640,1.418276,0.0460
5.316376,7.746468,0.641088,1.516263,-0.034091,0.254313,-91.981636,-27.510303,-50.112312,5.358442,7.140909,0.709149,1.440914,0.0400
5.316376,7.746468,0.641088,1.516263,-0.043565,-0.314969,-91.998711,-27.510303,-50.112312,5.374168,7.179959,0.702511,1.445963,0.0400
5.316376,7.746468,0.641088,1.516263,-0.087605,-0.395663,-92.060455,-27.510303,-50.112312,5.430347,7.305256,0.680441,1.458774,0.0590
5.316376,7.746468,0.641088,1.516263,-0.008702,0.394035,-92.078995,-27.510303,-50.112312,5.455248,7.367424,0.669962,1.483450,0.0410
5.316376,7.746468,0.641088,1.516263,0.168958,-0.460748,-92.089600,-27.510303,-50.112312,5.482645,7.435552,0.664801,1.484573,0.0400
5.316376,7.746468,0.641088,1.516263,0.351527,-0.309262,-92.089760,-27.510303,-50.112312,5.487630,7.447911,0.666286,1.483813,0.0400
5.316376,7.746468,0.641088,1.516263,0.399483,0.431915,-92.068329,-27.510303,-50.112312,5.561750,7.623443,0.667612,1.512817,0.0720
5.316376,7.746468,0.641088,1.516263,0.064114,0.016721,-92.093071,-27.510303,-50.112312,5.593114,7.700959,0.663933,1.517804,0.0400
5.316376,7.746468,0.641088,1.516263,0.512168,-0.371617,-92.626472,-27.510303,-50.112312,5.628661,7.787369,0.673700,1.515784,0.0590
5.316376,7.746468,0.641088,1.516263,0.113245,0.021896,-93.576492,-27.510303,-50.112312,5.668588,7.885669,0.672992,1.512930,0.0650
5.316376,7.746468,0.641088,1.516263,0.105156,0.022175,-93.729576,-27.510303,-50.112312,5.679596,7.912796,0.672246,1.513576,0.0400
5.316376,7.746468,0.641088,1.516263,0.105156,0.022175,-93.729576,-27.510303,-50.112312,5.679596,7.912796,0.672246,1.513576,0.0400
5.316376,7.746468,0.641088,1.516263,0.105156,0.022175,-93.729576,-27.510303,-50.112312,5.679596,7.912796,0.672246,1.513576,0.0400
5.316376,7.746468,0.641088,1.516263,0.100383,0.474183,-94.193428,-27.510303,-50.112312,5.799884,8.193233,0.658745,1.516831,0.0630
5.316376,7.746468,0.641088,1.516263,0.010065,0.062684,-94.269402,-27.510303,-50.112312,5.824389,8.254031,0.653777,1.522217,0.0400
5.316376,7.746468,0.641088,1.516263,0.179944,-0.171197,-94.359261,-27.510303,-50.112312,5.855238,8.329675,0.657703,1.519375,0.0410
5.316376,7.746468,0.641088,1.516263,0.051824,-0.202526,-94.473473,-27.510303,-50.112312,5.883057,8.397749,0.655133,1.523405,0.0460
5.316376,9.430483,-0.000000,1.630789,0.302550,-0.264862,-95.078674,-27.510303,-50.112297,5.900306,8.478576,0.609317,1.519770,0.0400
5.316376,9.430483,-0.000000,1.630789,-0.040044,-0.636371,-95.420212,-27.510303,-50.112297,5.896494,8.506241,0.562584,1.519270,0.0400
5.316376,9.430483,-0.000000,1.630789,-0.040044,-0.636371,-95.420212,-27.510303,-50.112297,5.896494,8.506241,0.562584,1.519270,0.0400
5.316376,9.430483,-0.000000,1.630789,-0.040044,-0.636371,-95.420212,-27.510303,-50.112297,5.896494,8.506241,0.562584,1.519270,0.0400
5.316376,9.430483,-0.000000,1.630789,-0.040044,-0.636371,-95.420212,-27.510303,-50.112297,5.896494,8.506241,0.562584,1.519270,0.0400
5.316376,9.430483,-0.000000,1.630789,-0.040044,-0.636371,-95.420212,-27.510303,-50.112297,5.896494,8.506241,0.562584,1.519270,0.0400
5.316376,9.430483,-0.000000,1.630789,-0.040044,-0.636371,-95.420212,-27.510303,-50.112297,5.896494,8.506241,0.562584,1.519270,0.0400
5.316376,9.430483,-0.000000,1.630789,0.121176,0.372671,-96.740219,-27.510303,-50.112297,5.986350,9.051476,0.037552,1.636643,0.0410
5.316376,9.430483,-0.000000,1.630789,0.040119,-0.072785,-96.847336,-27.510303,-50.112297,5.981886,9.106727,0.022134,1.638926,0.0400
5.316376,9.430483,-0.000000,1.630789,0.019109,-0.591930,-97.021057,-27.510303,-50.112297,5.978452,9.181056,0.015669,1.618219,0.0400
5.316376,9.430483,-0.000000,1.630789,0.246086,-0.323923,-97.085159,-27.510303,-50.112297,5.977956,9.196018,0.015036,1.614685,0.0400
5.316376,9.430483,-0.000000,1.630789,0.246086,-0.323923,-97.085159,-27.510303,-50.112297,5.977956,9.196018,0.015036,1.614685,0.0400
5.316376,9.430483,-0.000000,1.630789,0.246086,-0.323923,-102.473671,-27.510303,-50.112297,5.979394,9.435477,0.019166,1.652702,0.0400
5.316376,9.430483,-0.000000,1.630789,0.272435,-0.202272,-103.834213,-27.510303,-50.112297,5.975951,9.518391,0.012525,1.641149,0.0650
5.316376,9.430483,-0.000000,1.630789,0.266390,-0.005658,-104.542542,-27.510303,-50.112297,5.973047,9.604110,0.015976,1.635374,0.0410
5.316376,9.430483,-0.000000,1.630789,0.245700,-0.157592,-104.957268,-27.510303,-50.112297,5.970482,9.691589,0.020740,1.620892,0.0580
5.316376,9.430483,-0.000000,1.630789,0.034594,-0.401151,-105.224281,-27.510303,-50.112297,5.968380,9.757978,0.018161,1.610896,0.0400
5.316376,9.430483,-0.000000,1.630789,0.023091,-0.216320,-105.367638,-27.510303,-50.112297,5.967181,9.796811,0.016587,1.606980,0.0400
5.316376,9.430483,-0.000000,1.630789,-0.081367,-0.417567,-105.708061,-27.510303,-50.112297,5.967030,9.912776,0.019957,1.612559,0.0470
5.316376,9.430483,-0.000000,1.630789,0.046821,-0.101125,-106.127312,-27.510303,-50.112297,5.962985,10.053822,0.019818,1.625945,0.0870
5.126505,10.777695,-0.210357,1.492572,0.144718,0.348170,-106.861237,-27.510305,-50.112281,5.953800,10.128016,-0.015619,1.608940,0.0400
5.126505,10.777695,-0.210357,1.492572,-0.040186,-0.339699,-108.140770,-27.510305,-50.112281,5.940749,10.194140,-0.062284,1.579546,0.0430
5.126505,10.777695,-0.210357,1.492572,0.318359,-0.235827,-110.291801,-27.510305,-50.112281,5.924611,10.275554,-0.090827,1.544277,0.0400
5.126505,10.777695,-0.210357,1.492572,0.442025,0.376706,-110.926727,-27.510305,-50.112281,5.919284,10.302719,-0.092104,1.545231,0.0590
5.126505,10.777695,-0.210357,1.492572,0.442025,0.376706,-110.926727,-27.510305,-50.112281,5.919284,10.302719,-0.092104,1.545231,0.0400
5.126505,10.777695,-0.210357,1.492572,0.442025,0.376706,-110.926727,-27.510305,-50.112281,5.919284,10.302719,-0.092104,1.545231,0.0400
5.126505,10.777695,-0.210357,1.492572,0.442025,0.376706,-110.926727,-27.510305,-50.112281,5.919284,10.302719,-0.092104,1.545231,0.0400
5.126505,10.777695,-0.210357,1.492572,0.442025,0.376706,-110.926727,-27.510305,-50.112281,5.919284,10.302719,-0.092104,1.545231,0.0400
5.126505,10.777695,-0.210357,1.492572,0.279479,0.138336,-112.220993,-27.510305,-50.112281,5.871602,10.753190,-0.194008,1.492690,0.0420
5.126505,10.777695,-0.210357,1.492572,-0.048092,-0.215899,-112.401627,-27.510305,-50.112281,5.858122,10.825083,-0.205293,1.486577,0.0410
5.126505,10.777695,-0.210357,1.492572,0.011901,-0.629666,-112.521202,-27.510305,-50.112281,5.848155,10.882321,-0.208238,1.471246,0.0400
5.126505,10.777695,-0.210357,1.492572,0.124334,-0.764337,-112.521202,-27.510305,-50.112281,5.848155,10.882321,-0.208238,1.471246,0.0410
5.126505,10.777695,-0.210357,1.492572,0.124334,-0.764337,-112.521202,-27.510305,-50.112281,5.848155,10.882321,-0.208238,1.471246,0.0400
5.126505,10.777695,-0.210357,1.492572,0.124334,-0.764337,-112.521202,-27.510305,-50.112281,5.848155,10.882321,-0.208238,1.471246,0.0400
5.126505,10.777695,-0.210357,1.492572,0.124334,-0.764337,-112.521202,-27.510305,-50.112281,5.848155,10.882321,-0.208238,1.471246,0.0400
5.126505,10.777695,-0.210357,1.492572,0.124334,-0.764337,-112.521202,-27.510305,-50.112281,5.848155,10.882321,-0.208238,1.471246,0.0400
5.126505,10.777695,-0.210357,1.492572,0.165845,-0.393401,-113.192078,-27.510305,-50.112281,5.783839,11.324565,-0.204215,1.489050,0.0430
5.126505,10.777695,-0.210357,1.492572,-0.296423,-0.329890,-113.299072,-27.510305,-50.112281,5.773173,11.384952,-0.213004,1.484416,0.0400
5.126505,10.777695,-0.210357,1.492572,0.086623,-0.271749,-113.422714,-27.510305,-50.112281,5.762538,11.448201,-0.212624,1.475596,0.0400
5.126505,10.777695,-0.210357,1.492572,-0.135254,-0.353221,-113.439011,-27.510305,-50.112281,5.761039,11.457013,-0.213305,1.474413,0.0400
5.126505,10.777695,-0.210357,1.492572,-0.135254,-0.353221,-113.439011,-27.510310,-50.112267,5.761039,11.457013,-0.213305,1.474413,0.0400
5.126505,10.777695,-0.210357,1.492572,-0.135254,-0.353221,-113.439011,-27.510310,-50.112267,5.761039,11.457013,-0.213305,1.474413,0.0400
5.126505,10.777695,-0.210357,1.492572,-0.135254,-0.353221,-113.439011,-27.510310,-50.112267,5.761039,11.457013,-0.213305,1.474413,0.0400
5.126505,10.777695,-0.210357,1.492572,-0.135254,-0.353221,-113.439011,-27.510310,-50.112267,5.761039,11.457013,-0.213305,1.474413,0.0400
5.126505,10.777695,-0.210357,1.492572,-0.135254,-0.353221,-113.439011,-27.510310,-50.112267,5.761039,11.457013,-0.213305,1.474413,0.0400
5.126505,10.777695,-0.210357,1.492572,-0.135254,-0.353221,-113.439011,-27.510310,-50.112267,5.761039,11.457013,-0.213305,1.474413,0.0400
5.126505,10.777695,-0.210357,1.492572,-0.135254,-0.353221,-113.439011,-27.510310,-50.112267,5.761039,11.457013,-0.213305,1.474413,0.0580
4.367023,12.124907,-0.634115,1.124828,-0.135273,-0.353325,-116.146851,-27.510310,-50.112267,5.565514,12.062323,-0.609170,1.136188,0.0400
4.367023,12.124907,-0.634115,1.124828,-0.064494,-0.617105,-116.353638,-27.510310,-50.112267,5.529698,12.113114,-0.630434,1.112316,0.0410
4.367023,12.124907,-0.634115,1.124828,-0.092550,-0.335024,-116.519341,-27.510310,-50.112267,5.499168,12.162504,-0.631335,1.105964,0.0400
4.367023,12.124907,-0.634115,1.124828,0.257902,0.200323,-116.604836,-27.510310,-50.112267,5.480434,12.192592,-0.629236,1.111742,0.0400
4.367023,12.124907,-0.634115,1.124828,0.257390,0.200208,-116.604836,-27.510310,-50.112267,5.480434,12.192592,-0.629236,1.111742,0.0400
4.367023,12.124907,-0.634115,1.124828,0.257390,0.200208,-116.604836,-27.510310,-50.112267,5.480434,12.192592,-0.629236,1.111742,0.0400
4.367023,12.124907,-0.634115,1.124828,0.257390,0.200208,-116.604836,-27.510310,-50.112267,5.480434,12.192592,-0.629236,1.111742,0.0410
4.367023,12.124907,-0.634115,1.124828,0.257390,0.200208,-116.604836,-27.510310,-50.112267,5.480434,12.192592,-0.629236,1.111742,0.0400
4.367023,12.124907,-0.634115,1.124828,0.257390,0.200208,-116.604836,-27.510310,-50.112267,5.480434,12.192592,-0.629236,1.111742,0.0400
4.367023,12.124907,-0.634115,1.124828,0.257390,0.200208,-116.604836,-27.510310,-50.112267,5.480434,12.192592,-0.629236,1.111742,0.0400
4.367023,12.124907,-0.634115,1.124828,-0.113845,-0.186753,-116.658813,-27.510310,-50.112267,5.248006,12.603166,-0.628433,1.128271,0.0470
4.367023,12.124907,-0.634115,1.124828,-0.005757,-0.893313,-116.606873,-27.510310,-50.112267,5.207703,12.668216,-0.635824,1.099479,0.0580
4.367023,12.124907,-0.634115,1.124828,-0.043909,-0.544853,-116.553490,-27.510310,-50.112267,5.179595,12.714790,-0.637755,1.093227,0.0420
3.797410,13.472118,-0.470799,1.113506,-0.317284,-0.434331,-116.490051,-27.510316,-50.112256,5.153337,12.771550,-0.618709,1.083105,0.0510
3.797410,13.472118,-0.470799,1.113506,0.043399,-0.261994,-116.443085,-27.510316,-50.112256,5.134446,12.822811,-0.589924,1.075587,0.0400
3.797410,13.472118,-0.470799,1.113506,-0.222867,-0.496433,-116.391449,-27.510316,-50.112256,5.098553,12.907178,-0.553088,1.076289,0.0710
3.797410,13.472118,-0.470799,1.113506,-0.038167,-0.154562,-116.381645,-27.510316,-50.112256,5.070581,12.970410,-0.536931,1.073447,0.0400
3.797410,13.472118,-0.470799,1.113506,-0.049810,-0.752412,-116.387283,-27.510316,-50.112256,5.033866,13.050022,-0.517701,1.077116,0.0740
3.797410,13.472118,-0.470799,1.113506,0.112138,0.164279,-116.423988,-27.510316,-50.112256,4.990130,13.143194,-0.490970,1.066870,0.0790
3.797410,13.472118,-0.470799,1.113506,-0.153174,-0.095295,-116.465111,-27.510316,-50.112256,4.968766,13.187976,-0.490751,1.072994,0.0400
3.797410,13.472118,-0.470799,1.113506,0.081059,-0.141743,-116.511253,-27.510316,-50.112256,4.945952,13.235745,-0.485573,1.074293,0.0400
3.797410,13.472118,-0.470799,1.113506,-0.090432,-0.323614,-117.049049,-27.510316,-50.112256,4.912338,13.305932,-0.486270,1.073970,0.0600
3.797410,13.472118,-0.470799,1.113506,-0.013064,0.610457,-118.007309,-27.510316,-50.112256,4.890008,13.352251,-0.486386,1.092329,0.0400
3.797410,13.472118,-0.470799,1.113506,0.196177,-0.496310,-121.135071,-27.510316,-50.112256,4.847314,13.443525,-0.470375,1.078096,0.0620
3.797410,13.472118,-0.470799,1.113506,0.080190,-0.162625,-122.576813,-27.510316,-50.112256,4.815023,13.510646,-0.462380,1.069037,0.0740
3.797410,13.472118,-0.470799,1.113506,0.035425,-0.129360,-123.133636,-27.510316,-50.112256,4.789858,13.562997,-0.464786,1.069301,0.0450
3.797410,13.472118,-0.470799,1.113506,-0.311396,-0.386388,-123.641762,-27.510316,-50.112256,4.751366,13.642854,-0.471280,1.068971,0.0720
3.797410,13.472118,-0.470799,1.113506,0.115642,0.067006,-123.845322,-27.510316,-50.112256,4.730724,13.685874,-0.468902,1.065242,0.0400
3.797410,13.472118,-0.470799,1.113506,-0.060428,-0.213724,-124.051033,-27.510316,-50.112256,4.706196,13.736565,-0.472070,1.070113,0.0400
3.797410,13.472118,-0.470799,1.113506,0.121805,-0.094624,-124.123085,-27.510316,-50.112256,4.695502,13.758568,-0.470166,1.070802,0.0400
3.797410,13.472118,-0.470799,1.113506,0.121786,-0.094622,-124.365067,-27.510316,-50.112256,4.654279,13.851261,-0.479410,1.081214,0.0400
2.848058,14.145724,-0.923032,0.654930,-0.227997,-0.430399,-124.484734,-27.510324,-50.112247,4.593420,13.894587,-0.676134,0.886747,0.0750
2.848058,14.145724,-0.923032,0.654930,-0.240840,-0.451438,-124.538612,-27.510324,-50.112247,4.543780,13.919274,-0.766326,0.794645,0.0400
2.848058,14.145724,-0.923032,0.654930,-0.120749,0.013311,-124.555779,-27.510324,-50.112247,4.525454,13.930018,-0.787326,0.774137,0.0400
2.848058,14.145724,-0.923032,0.654930,-0.204878,-0.470578,-124.650566,-27.510324,-50.112247,4.450953,13.986921,-0.844313,0.720674,0.0510
2.848058,14.145724,-0.923032,0.654930,-0.006290,-0.647373,-124.694901,-27.510324,-50.112247,4.401888,14.017450,-0.877182,0.678375,0.0410
2.848058,14.145724,-0.923032,0.654930,-0.108841,-0.478206,-124.731819,-27.510324,-50.112247,4.355081,14.047192,-0.897966,0.651360,0.0490
2.848058,14.145724,-0.923032,0.654930,-0.108841,-0.478206,-124.808556,-27.510324,-50.112247,4.299924,14.085974,-0.905805,0.630755,0.0400
2.848058,14.145724,-0.923032,0.654930,0.259339,-0.262469,-124.855339,-27.510324,-50.112247,4.246965,14.120874,-0.911109,0.626829,0.0610
2.848058,14.145724,-0.923032,0.654930,-0.257502,-0.387995,-124.903290,-27.510324,-50.112247,4.200991,14.150932,-0.919751,0.622878,0.0400
2.848058,14.145724,-0.923032,0.654930,-0.115261,-0.345519,-124.931168,-27.510324,-50.112247,4.181750,14.163544,-0.923412,0.619945,0.0400
2.848058,14.145724,-0.923032,0.654930,-0.115261,-0.345519,-124.931168,-27.510324,-50.112247,4.181750,14.163544,-0.923412,0.619945,0.0400
2.848058,14.145724,-0.923032,0.654930,-0.224276,-0.673844,-125.148148,-27.510324,-50.112247,4.055985,14.248239,-0.930691,0.619625,0.0450
2.848058,14.145724,-0.923032,0.654930,0.206868,-0.288683,-125.234322,-27.510324,-50.112247,4.008303,14.281034,-0.924606,0.624128,0.0500
2.848058,14.145724,-0.923032,0.654930,0.171893,-0.214334,-125.335922,-27.510324,-50.112247,3.956259,14.315611,-0.920227,0.621112,0.0410
2.848058,14.145724,-0.923032,0.654930,0.215353,-0.115203,-125.450874,-27.510324,-50.112247,3.895894,14.355438,-0.909819,0.620042,0.0610
2.848058,14.145724,-0.923032,0.654930,0.485259,0.129630,-125.577179,-27.510324,-50.112247,3.835078,14.394950,-0.886694,0.637391,0.0400
2.848058,14.145724,-0.923032,0.654930,0.226009,-0.030449,-125.736679,-27.510324,-50.112247,3.752103,14.448531,-0.874566,0.656608,0.0870
2.848058,14.145724,-0.923032,0.654930,0.255042,0.224162,-125.865334,-27.510324,-50.112247,3.685382,14.491722,-0.874190,0.651256,0.0810
1.898705,14.819330,-1.011139,0.717446,-0.108148,-0.297799,-125.990555,-27.510334,-50.112241,3.638940,14.521777,-0.878925,0.654835,0.0440
1.898705,14.819330,-1.011139,0.717446,0.244923,0.112141,-126.229507,-27.510334,-50.112241,3.522954,14.598187,-0.908244,0.666082,0.1040
1.898705,14.819330,-1.011139,0.717446,0.298686,0.137242,-126.435982,-27.510334,-50.112241,3.284477,14.755603,-0.913723,0.714793,0.2170
1.898705,14.819330,-1.011139,0.717446,0.586203,-0.059243,-126.452248,-27.510334,-50.112241,3.236894,14.786574,-0.908524,0.719115,0.0410
1.898705,14.819330,-1.011139,0.717446,0.071430,-0.051046,-126.462807,-27.510334,-50.112241,3.190945,14.816004,-0.912081,0.722859,0.0530
1.898705,14.819330,-1.011139,0.717446,0.071430,-0.051046,-126.462807,-27.510334,-50.112241,3.190945,14.816004,-0.912081,0.722859,0.0400
1.898705,14.819330,-1.011139,0.717446,0.241899,0.142616,-126.515198,-27.510334,-50.112241,3.079044,14.898395,-0.959566,0.708550,0.0460
1.898705,14.819330,-1.011139,0.717446,0.088661,-0.273988,-126.545784,-27.510334,-50.112241,3.030110,14.929914,-0.977494,0.708654,0.0490
1.898705,14.819330,-1.011139,0.717446,0.034891,-0.150214,-126.594254,-27.510334,-50.112241,2.975260,14.965615,-0.987649,0.705092,0.0400
1.898705,14.819330,-1.011139,0.717446,0.047246,-0.277519,-126.600067,-27.510334,-50.112241,2.966508,14.971317,-0.988707,0.703688,0.0400
1.898705,14.819330,-1.011139,0.717446,0.047246,-0.277519,-126.600067,-27.510334,-50.112241,2.966508,14.971317,-0.988707,0.703688,0.0400
1.898705,14.819330,-1.011139,0.717446,0.302941,0.015554,-129.192215,-27.510334,-50.112241,2.827741,15.067416,-1.002318,0.678294,0.0410
1.898705,14.819330,-1.011139,0.717446,0.347026,0.143176,-130.639969,-27.510334,-50.112241,2.778288,15.101391,-1.004039,0.701413,0.0480
1.898705,14.819330,-1.011139,0.717446,0.286825,-0.047824,-131.933762,-27.510334,-50.112241,2.731653,15.131622,-0.994305,0.713378,0.0410
1.898705,14.819330,-1.011139,0.717446,0.450166,-0.003134,-132.930542,-27.510334,-50.112241,2.675119,15.169589,-0.980310,0.715558,0.0400
1.898705,14.819330,-1.011139,0.717446,-0.004978,-0.022845,-133.535614,-27.510334,-50.112241,2.610888,15.211287,-0.979149,0.716096,0.0610
0.569610,15.156133,-1.156942,0.293178,0.133108,-0.114376,-133.922806,-27.510345,-50.112237,2.543348,15.237441,-1.000039,0.659162,0.0400
0.569610,15.156133,-1.156942,0.293178,-0.235349,-0.014744,-134.366287,-27.510345,-50.112237,2.459913,15.251805,-1.044729,0.560382,0.0650
0.569610,15.156133,-1.156942,0.293178,-0.597080,-0.459465,-135.159378,-27.510345,-50.112237,2.402807,15.262193,-1.081683,0.504362,0.0400
0.569610,15.156133,-1.156942,0.293178,-0.617988,-0.491707,-137.054626,-27.510345,-50.112237,2.343143,15.283934,-1.095350,0.483474,0.0430
0.569610,15.156133,-1.156942,0.293178,0.120203,-0.159479,-139.536774,-27.510345,-50.112237,2.269291,15.298361,-1.098218,0.430165,0.0610
0.569610,15.156133,-1.156942,0.293178,-0.070425,-0.349662,-140.825378,-27.510345,-50.112237,2.211215,15.309390,-1.113591,0.384206,0.0400
0.569610,15.156133,-1.156942,0.293178,0.470248,0.004804,-141.795349,-27.510345,-50.112237,2.118405,15.329995,-1.106914,0.355496,0.0750
0.569610,15.156133,-1.156942,0.293178,0.634479,0.212737,-142.192459,-27.510345,-50.112237,2.040252,15.347011,-1.085918,0.349554,0.0440
0.569610,15.156133,-1.156942,0.293178,0.050633,-0.102118,-142.415405,-27.510345,-50.112237,1.969288,15.362947,-1.082066,0.341476,0.0670
0.569610,15.156133,-1.156942,0.293178,-0.004673,-0.068044,-142.510864,-27.510345,-50.112237,1.908811,15.376021,-1.094460,0.330052,0.0400
0.569610,15.156133,-1.156942,0.293178,-0.026571,0.024890,-142.563187,-27.510345,-50.112237,1.860012,15.388099,-1.102176,0.324111,0.0410
0.569610,15.156133,-1.156942,0.293178,0.320595,-0.053511,-142.562515,-27.510345,-50.112237,1.779717,15.406099,-1.104468,0.322098,0.0660
0.569610,15.156133,-1.156942,0.293178,0.301143,0.034829,-142.501602,-27.510345,-50.112237,1.716921,15.420194,-1.101135,0.314739,0.0500
0.569610,15.156133,-1.156942,0.293178,-0.009010,0.190452,-142.445953,-27.510345,-50.112237,1.651825,15.434773,-1.088399,0.323086,0.0530
0.569610,15.156133,-1.156942,0.293178,0.032199,-0.225549,-142.404144,-27.510345,-50.112237,1.593615,15.447450,-1.098720,0.313302,0.0400
0.569610,15.156133,-1.156942,0.293178,0.374479,0.317734,-142.355209,-27.510345,-50.112237,1.495384,15.471027,-1.118208,0.296583,0.0700
0.569610,15.156133,-1.156942,0.293178,0.171978,0.075775,-142.349731,-27.510345,-50.112237,1.455067,15.479978,-1.119008,0.301547,0.0410
0.569610,15.156133,-1.156942,0.293178,-0.206549,-0.087679,-142.337082,-27.510345,-50.112237,1.416023,15.488606,-1.128211,0.303414,0.0400
0.569610,15.156133,-1.156942,0.293178,-0.190579,-0.184953,-142.337082,-27.510357,-50.112239,1.416023,15.488606,-1.128211,0.303414,0.0400
-0.759484,14.819330,-1.251692,-0.317188,-0.186015,-0.181456,-142.240875,-27.510357,-50.112239,1.280099,15.505258,-1.180121,0.079532,0.0400
-0.759484,14.819330,-1.251692,-0.317188,0.242832,0.186706,-142.195511,-27.510357,-50.112239,1.201827,15.470560,-1.220764,-0.182634,0.0590
-0.759484,14.819330,-1.251692,-0.317188,-0.023432,-0.117388,-142.119125,-27.510357,-50.112239,1.098070,15.439947,-1.242418,-0.259362,0.0410
-0.759484,14.819330,-1.251692,-0.317188,0.322343,0.163487,-142.045120,-27.510357,-50.112239,0.993642,15.412092,-1.243013,-0.279474,0.0990
-0.759484,14.819330,-1.251692,-0.317188,-0.284182,-0.188153,-141.857162,-27.510357,-50.112239,0.748641,15.347918,-1.253470,-0.302559,0.1820
-0.759484,14.819330,-1.251692,-0.317188,-0.265782,-0.263903,-141.740906,-27.510357,-50.112239,0.635166,15.318436,-1.256365,-0.324096,0.0860
-0.759484,14.819330,-1.251692,-0.317188,-0.337164,-0.095653,-141.689697,-27.510357,-50.112239,0.576379,15.303185,-1.269036,-0.327952,0.0400
-0.759484,14.819330,-1.251692,-0.317188,-0.300627,-0.144803,-141.588409,-27.510357,-50.112239,0.498157,15.282912,-1.278605,-0.339271,0.0600
-0.759484,14.819330,-1.251692,-0.317188,0.537428,0.095490,-141.522461,-27.510357,-50.112239,0.429143,15.265035,-1.261360,-0.334115,0.0400
-0.759484,14.819330,-1.251692,-0.317188,0.038230,0.204009,-141.457596,-27.510357,-50.112239,0.334342,15.240407,-1.245683,-0.327216,0.0720
-0.759484,14.819330,-1.251692,-0.317188,-0.083170,-0.216712,-141.459305,-27.510357,-50.112239,0.268254,15.223248,-1.248197,-0.328871,0.0400
-0.759484,14.819330,-1.251692,-0.317188,0.534856,0.133714,-141.486771,-27.510357,-50.112239,0.142622,15.190599,-1.224899,-0.320395,0.0960
-0.759484,14.819330,-1.251692,-0.317188,0.392375,0.029934,-141.530075,-27.510357,-50.112239,0.062082,15.169649,-1.209558,-0.318859,0.0400
-1.708837,14.819330,-0.931144,-0.000000,0.271672,0.145039,-141.585190,-27.510366,-50.112239,-0.002417,15.157888,-1.182270,-0.297780,0.0560
-1.708837,14.819330,-0.931144,-0.000000,-0.087417,-0.201302,-141.648041,-27.510366,-50.112239,-0.047371,15.157709,-1.143631,-0.256087,0.0400
-1.708837,14.819330,-0.931144,-0.000000,0.049759,0.010295,-141.681976,-27.510366,-50.112239,-0.069982,15.157299,-1.129853,-0.243094,0.0400
-1.708837,14.819330,-0.931144,-0.000000,0.049759,0.010295,-141.681976,-27.510366,-50.112239,-0.069982,15.157299,-1.129853,-0.243094,0.0400
-1.708837,14.819330,-0.931144,-0.000000,0.049759,0.010295,-141.681976,-27.510366,-50.112239,-0.069982,15.157299,-1.129853,-0.243094,0.0400
-1.708837,14.819330,-0.931144,-0.000000,0.049759,0.010295,-141.681976,-27.510366,-50.112239,-0.069982,15.157299,-1.129853,-0.243094,0.0400
-1.708837,14.819330,-0.931144,-0.000000,0.049759,0.010295,-141.681976,-27.510366,-50.112239,-0.069982,15.157299,-1.129853,-0.243094,0.0400
-1.708837,14.819330,-0.931144,-0.000000,0.046404,0.007807,-141.989120,-27.510366,-50.112239,-0.365891,15.115922,-0.990512,-0.065231,0.0410
-1.708837,14.819330,-0.931144,-0.000000,0.114980,-0.158522,-142.039978,-27.510366,-50.112239,-0.408031,15.121939,-0.944044,-0.017790,0.0550
-1.708837,14.819330,-0.931144,-0.000000,-0.130767,-0.162035,-142.093140,-27.510366,-50.112239,-0.460655,15.122664,-0.942092,-0.018854,0.0400
-1.708837,14.819330,-0.931144,-0.000000,0.106705,0.100510,-142.108002,-27.510366,-50.112239,-0.474629,15.122714,-0.942583,-0.017620,0.0400
-1.708837,14.819330,-0.931144,-0.000000,0.106705,0.100510,-142.108002,-27.510366,-50.112239,-0.474629,15.122714,-0.942583,-0.017620,0.0400
-1.708837,14.819330,-0.931144,-0.000000,0.106705,0.100510,-142.108002,-27.510366,-50.112239,-0.474629,15.122714,-0.942583,-0.017620,0.0400
-1.708837,14.819330,-0.931144,-0.000000,0.106705,0.100510,-142.108002,-27.510366,-50.112239,-0.474629,15.122714,-0.942583,-0.017620,0.0410
-1.708837,14.819330,-0.931144,-0.000000,0.506029,0.402461,-142.681305,-27.510366,-50.112239,-0.690885,15.120060,-0.930326,0.005401,0.0520
-1.708837,14.819330,-0.931144,-0.000000,0.505172,0.602882,-143.381729,-27.510366,-50.112239,-0.734605,15.118165,-0.907944,0.024066,0.0400
-1.708837,14.819330,-0.931144,-0.000000,0.255216,-0.290412,-144.051727,-27.510366,-50.112239,-0.775179,15.116643,-0.908070,0.011887,0.0400
-1.708837,14.819330,-0.931144,-0.000000,0.262992,-0.307832,-144.051727,-27.510366,-50.112239,-0.775179,15.116643,-0.908070,0.011887,0.0400
-1.708837,14.819330,-0.931144,-0.000000,-0.027763,-0.326185,-144.318100,-27.510366,-50.112239,-0.871632,15.116694,-0.919135,-0.013915,0.0400
-1.708837,14.819330,-0.931144,-0.000000,0.537187,0.117189,-144.402405,-27.510366,-50.112239,-0.923340,15.116201,-0.913333,-0.004588,0.0510
-1.708837,14.819330,-0.931144,-0.000000,-0.025271,-0.295525,-144.436584,-27.510366,-50.112239,-0.964140,15.115600,-0.913613,-0.010379,0.0400
-2.658190,15.156133,-0.795133,0.282090,0.005829,-0.025091,-144.464249,-27.510374,-50.112238,-1.009114,15.123718,-0.900311,0.030259,0.0400
-2.658190,15.156133,-0.795133,0.282090,-0.330033,0.174190,-144.494980,-27.510374,-50.112238,-1.053810,15.142581,-0.870364,0.107138,0.0520
-2.658190,15.156133,-0.795133,0.282090,0.631387,0.678973,-144.849564,-27.510374,-50.112238,-1.094947,15.158546,-0.838426,0.163858,0.0400
-2.658190,15.156133,-0.795133,0.282090,0.318267,0.207794,-145.944229,-27.510374,-50.112238,-1.137013,15.171066,-0.830806,0.183995,0.0420
-2.658190,15.156133,-0.795133,0.282090,0.309454,0.011847,-147.260727,-27.510374,-50.112238,-1.179079,15.185595,-0.814875,0.195581,0.0520
-2.658190,15.156133,-0.795133,0.282090,0.603072,0.229909,-148.162766,-27.510374,-50.112238,-1.228963,15.202352,-0.774694,0.225485,0.0400
-2.658190,15.156133,-0.795133,0.282090,0.409541,0.128796,-148.242523,-27.510374,-50.112238,-1.236136,15.204698,-0.771806,0.229633,0.0400
-2.658190,15.156133,-0.795133,0.282090,0.409541,0.128796,-148.242523,-27.510374,-50.112238,-1.236136,15.204698,-0.771806,0.229633,0.0410
-2.658190,15.156133,-0.795133,0.282090,0.409541,0.128796,-148.242523,-27.510374,-50.112238,-1.236136,15.204698,-0.771806,0.229633,0.0400
-2.658190,15.156133,-0.795133,0.282090,0.319056,0.111666,-148.754440,-27.510374,-50.112238,-1.383636,15.252796,-0.769533,0.275898,0.0400
-2.658190,15.156133,-0.795133,0.282090,0.049179,0.132839,-148.869904,-27.510374,-50.112238,-1.423561,15.265442,-0.785759,0.279316,0.0470
-2.658190,15.156133,-0.795133,0.282090,0.658332,0.007937,-148.968689,-27.510374,-50.112238,-1.471706,15.280406,-0.768153,0.279794,0.0400
-2.658190,15.156133,-0.795133,0.282090,0.191198,0.292961,-148.982483,-27.510374,-50.112238,-1.480679,15.283165,-0.767119,0.279567,0.0400
-2.658190,15.156133,-0.795133,0.282090,0.191198,0.292961,-148.982483,-27.510374,-50.112238,-1.480679,15.283165,-0.767119,0.279567,0.0400
-2.658190,15.156133,-0.795133,0.282090,0.191198,0.292961,-148.982483,-27.510374,-50.112238,-1.480679,15.283165,-0.767119,0.279567,0.0410
-2.658190,15.156133,-0.795133,0.282090,0.191198,0.292961,-148.982483,-27.510374,-50.112238,-1.480679,15.283165,-0.767119,0.279567,0.0400
-2.658190,15.156133,-0.795133,0.282090,-0.460753,-0.315512,-155.500793,-27.510374,-50.112238,-1.733561,15.372964,-0.811359,0.272270,0.1300
-2.658190,15.156133,-0.795133,0.282090,0.153666,-0.092189,-155.931381,-27.510374,-50.112238,-1.774788,15.386908,-0.799620,0.273421,0.0400
-2.658190,15.156133,-0.795133,0.282090,0.108569,0.024358,-156.031082,-27.510381,-50.112235,-1.786689,15.390761,-0.798836,0.275077,0.0400
-2.658190,15.156133,-0.795133,0.282090,0.108569,0.024358,-156.031082,-27.510381,-50.112235,-1.786689,15.390761,-0.798836,0.275077,0.0400
-2.658190,15.156133,-0.795133,0.282090,0.108569,0.024358,-156.031082,-27.510381,-50.112235,-1.786689,15.390761,-0.798836,0.275077,0.0400
-3.417672,15.156133,-0.679067,-0.000000,-0.198378,-0.200406,-156.677444,-27.510381,-50.112235,-1.917640,15.414373,-0.741310,0.067408,0.0410
-3.417672,15.156133,-0.679067,-0.000000,-0.400912,-0.068337,-156.807129,-27.510381,-50.112235,-1.945586,15.410562,-0.719457,0.026957,0.0410
-3.417672,15.156133,-0.679067,-0.000000,-0.920788,-0.420595,-156.935379,-27.510381,-50.112235,-1.982809,15.409093,-0.731746,0.000193,0.0400
-3.417672,15.156133,-0.679067,-0.000000,-0.678558,-0.549366,-156.964783,-27.510381,-50.112235,-1.991577,15.408904,-0.738059,-0.003437,0.0400
-3.417672,15.156133,-0.679067,-0.000000,-0.678558,-0.549366,-156.964783,-27.510381,-50.112235,-1.991577,15.408904,-0.738059,-0.003437,0.0400
-3.417672,15.156133,-0.679067,-0.000000,-0.678558,-0.549366,-156.964783,-27.510381,-50.112235,-1.991577,15.408904,-0.738059,-0.003437,0.0400
-3.417672,15.156133,-0.679067,-0.000000,-0.593104,-0.432465,-157.309479,-27.510381,-50.112235,-2.131084,15.408333,-0.734672,-0.003020,0.0400
-3.417672,15.156133,-0.679067,-0.000000,-0.178954,0.245812,-157.709412,-27.510381,-50.112235,-2.160501,15.407716,-0.705100,0.004210,0.0460
-3.417672,15.156133,-0.679067,-0.000000,-0.995022,-0.388853,-158.655243,-27.510381,-50.112235,-2.195543,15.406730,-0.718422,-0.005403,0.0400
-3.417672,15.156133,-0.679067,-0.000000,-0.048773,0.411943,-159.070282,-27.510381,-50.112235,-2.207108,15.406586,-0.727447,-0.010556,0.0400
-3.417672,15.156133,-0.679067,-0.000000,-0.048773,0.411943,-159.070282,-27.510381,-50.112235,-2.207108,15.406586,-0.727447,-0.010556,0.0400
-3.417672,15.156133,-0.679067,-0.000000,-0.048773,0.411943,-159.070282,-27.510381,-50.112235,-2.207108,15.406586,-0.727447,-0.010556,0.0400
-3.417672,15.156133,-0.679067,-0.000000,-0.048773,0.411943,-159.070282,-27.510381,-50.112235,-2.207108,15.406586,-0.727447,-0.010556,0.0400
-3.417672,15.156133,-0.679067,-0.000000,-0.048773,0.411943,-159.070282,-27.510381,-50.112235,-2.207108,15.406586,-0.727447,-0.010556,0.0400
-3.417672,15.156133,-0.679067,-0.000000,-0.048773,0.411943,-159.070282,-27.510381,-50.112235,-2.207108,15.406586,-0.727447,-0.010556,0.0400
-3.417672,15.156133,-0.679067,-0.000000,-0.090670,-0.420257,-160.242111,-27.510381,-50.112235,-2.453952,15.404559,-0.682358,-0.003844,0.0550
-3.417672,15.156133,-0.679067,-0.000000,0.071219,-0.042494,-160.336853,-27.510381,-50.112235,-2.486138,15.404755,-0.683281,-0.008955,0.0400
-3.417672,15.156133,-0.679067,-0.000000,-0.279431,-0.080002,-160.430984,-27.510381,-50.112235,-2.514182,15.404536,-0.686357,-0.006976,0.0400
-3.417672,15.156133,-0.679067,-0.000000,-0.364097,-0.117939,-160.430984,-27.510389,-50.112232,-2.514182,15.404536,-0.686357,-0.006976,0.0400
-3.417672,15.156133,-0.679067,-0.000000,-0.364097,-0.117939,-160.430984,-27.510389,-50.112232,-2.514182,15.404536,-0.686357,-0.006976,0.0400
-3.417672,15.156133,-0.679067,-0.000000,-0.364097,-0.117939,-160.430984,-27.510389,-50.112232,-2.514182,15.404536,-0.686357,-0.006976,0.0400
-3.417672,15.156133,-0.679067,-0.000000,-0.364097,-0.117939,-160.430984,-27.510389,-50.112232,-2.514182,15.404536,-0.686357,-0.006976,0.0400
-3.417672,15.156133,-0.679067,-0.000000,-0.364097,-0.117939,-160.430984,-27.510389,-50.112232,-2.514182,15.404536,-0.686357,-0.006976,0.0400
-3.417672,15.156133,-0.679067,-0.000000,-0.364097,-0.117939,-160.430984,-27.510389,-50.112232,-2.514182,15.404536,-0.686357,-0.006976,0.0400
-3.417672,15.156133,-0.679067,-0.000000,-0.364097,-0.117939,-160.430984,-27.510389,-50.112232,-2.514182,15.404536,-0.686357,-0.006976,0.0400
-3.417672,15.156133,-0.679067,-0.000000,-0.364097,-0.117939,-160.430984,-27.510389,-50.112232,-2.514182,15.404536,-0.686357,-0.006976,0.0400
-3.417672,15.156133,-0.679067,-0.000000,-0.364097,-0.117939,-160.430984,-27.510389,-50.112232,-2.514182,15.404536,-0.686357,-0.006976,0.0400
-3.417672,15.156133,-0.679067,-0.000000,-0.364097,-0.117939,-160.430984,-27.510389,-50.112232,-2.514182,15.404536,-0.686357,-0.006976,0.0400
-3.417672,15.156133,-0.679067,-0.000000,-0.364097,-0.117939,-160.430984,-27.510389,-50.112232,-2.514182,15.404536,-0.686357,-0.006976,0.0400
-3.417672,15.156133,-0.679067,-0.000000,-0.364097,-0.117939,-160.430984,-27.510389,-50.112232,-2.514182,15.404536,-0.686357,-0.006976,0.0590
-3.417672,15.156133,-0.679067,-0.000000,-0.364097,-0.117939,-160.430984,-27.510389,-50.112232,-2.514182,15.404536,-0.686357,-0.006976,0.0400
-4.367025,15.829739,-0.738426,0.523944,-0.412336,-0.319789,-171.535690,-27.510389,-50.112232,-3.031810,15.599321,-0.748295,0.500286,0.0400
-4.367025,15.829739,-0.738426,0.523944,-0.807453,-0.815952,-171.891342,-27.510389,-50.112232,-3.059842,15.628891,-0.761129,0.491033,0.0400
-4.367025,15.829739,-0.738426,0.523944,-0.470285,-0.910632,-172.254730,-27.510389,-50.112232,-3.096626,15.665555,-0.776278,0.470445,0.0400
-4.367025,15.829739,-0.738426,0.523944,-0.492515,-0.919883,-172.282867,-27.510389,-50.112232,-3.099510,15.668370,-0.776862,0.468794,0.0400
-4.367025,15.829739,-0.738426,0.523944,-0.492515,-0.919883,-172.282867,-27.510389,-50.112232,-3.099510,15.668370,-0.776862,0.468794,0.0400
-4.367025,15.829739,-0.738426,0.523944,-0.492515,-0.919883,-172.282867,-27.510389,-50.112232,-3.099510,15.668370,-0.776862,0.468794,0.0400
-4.367025,15.829739,-0.738426,0.523944,-0.492515,-0.919883,-172.282867,-27.510399,-50.112231,-3.099510,15.668370,-0.776862,0.468794,0.0400
-4.367025,15.829739,-0.738426,0.523944,-0.492515,-0.919883,-172.282867,-27.510399,-50.112231,-3.099510,15.668370,-0.776862,0.468794,0.0400
-4.367025,15.829739,-0.738426,0.523944,-0.492515,-0.919883,-172.282867,-27.510399,-50.112231,-3.099510,15.668370,-0.776862,0.468794,0.0400
-5.316378,15.829739,-1.075189,-0.000000,-0.493358,-0.920920,-177.378372,-27.510399,-50.112231,-3.431335,15.752768,-1.070029,0.004159,0.0400
-5.316378,15.829739,-1.075189,-0.000000,-1.065916,-1.141885,-177.927979,-27.510399,-50.112231,-3.479903,15.756831,-1.097785,-0.027581,0.0440
-5.316378,15.829739,-1.075189,-0.000000,-0.994085,-1.172651,-178.410721,-27.510399,-50.112231,-3.529277,15.761901,-1.119556,-0.051385,0.0400
-5.316378,15.829739,-1.075189,-0.000000,-1.269090,-0.879516,-178.702087,-27.510399,-50.112231,-3.564068,15.765258,-1.137501,-0.064829,0.0400
-5.316378,15.829739,-1.075189,-0.000000,-1.307308,-0.850138,-178.702087,-27.510399,-50.112231,-3.564068,15.765258,-1.137501,-0.064829,0.0410
-5.316378,15.829739,-1.075189,-0.000000,-1.307308,-0.850138,-178.702087,-27.510399,-50.112231,-3.564068,15.765258,-1.137501,-0.064829,0.0400
-5.316378,15.829739,-1.075189,-0.000000,-1.307308,-0.850138,-178.702087,-27.510399,-50.112231,-3.564068,15.765258,-1.137501,-0.064829,0.0400
-5.316378,15.829739,-1.075189,-0.000000,-1.307308,-0.850138,-178.702087,-27.510399,-50.112231,-3.564068,15.765258,-1.137501,-0.064829,0.0400
-5.316378,15.829739,-1.075189,-0.000000,-1.307308,-0.850138,-178.702087,-27.510399,-50.112231,-3.564068,15.765258,-1.137501,-0.064829,0.0400
-5.316378,15.829739,-1.075189,-0.000000,-1.307308,-0.850138,-178.702087,-27.510399,-50.112231,-3.564068,15.765258,-1.137501,-0.064829,0.0400
-5.316378,15.829739,-1.075189,-0.000000,-1.307308,-0.850138,-178.702087,-27.510399,-50.112231,-3.564068,15.765258,-1.137501,-0.064829,0.0400
-5.316378,15.829739,-1.075189,-0.000000,-1.307308,-0.850138,-178.702087,-27.510399,-50.112231,-3.564068,15.765258,-1.137501,-0.064829,0.0400
-5.316378,15.829739,-1.075189,-0.000000,-1.307308,-0.850138,-178.702087,-27.510399,-50.112231,-3.564068,15.765258,-1.137501,-0.064829,0.0400
-5.316378,15.829739,-1.075189,-0.000000,-1.307308,-0.850138,-178.702087,-27.510399,-50.112231,-3.564068,15.765258,-1.137501,-0.064829,0.0400
-5.316378,15.829739,-1.075189,-0.000000,-1.307308,-0.850138,-178.702087,-27.510399,-50.112231,-3.564068,15.765258,-1.137501,-0.064829,0.0400
-5.316378,15.829739,-1.075189,-0.000000,-1.307308,-0.850138,-178.702087,-27.510399,-50.112231,-3.564068,15.765258,-1.137501,-0.064829,0.0400
-5.316378,15.829739,-1.075189,-0.000000,-1.307308,-0.850138,-178.702087,-27.510399,-50.112231,-3.564068,15.765258,-1.137501,-0.064829,0.0400
-5.316378,15.829739,-1.075189,-0.000000,-1.307308,-0.850138,-178.702087,-27.510399,-50.112231,-3.564068,15.765258,-1.137501,-0.064829,0.0400
-5.316378,15.829739,-1.075189,-0.000000,-1.307308,-0.850138,-178.702087,-27.510410,-50.112231,-3.564068,15.765258,-1.137501,-0.064829,0.0400
-5.316378,15.829739,-1.075189,-0.000000,-1.307308,-0.850138,-178.702087,-27.510410,-50.112231,-3.564068,15.765258,-1.137501,-0.064829,0.0400
-5.316378,15.829739,-1.075189,-0.000000,-1.307308,-0.850138,-178.702087,-27.510410,-50.112231,-3.564068,15.765258,-1.137501,-0.064829,0.0400
-5.316378,15.829739,-1.075189,-0.000000,-1.307308,-0.850138,-178.702087,-27.510410,-50.112231,-3.564068,15.765258,-1.137501,-0.064829,0.0400
-5.316378,15.829739,-1.075189,-0.000000,-1.307308,-0.850138,-178.702087,-27.510410,-50.112231,-3.564068,15.765258,-1.137501,-0.064829,0.0580
-5.316378,15.829739,-1.075189,-0.000000,-1.307308,-0.850138,-178.702087,-27.510410,-50.112231,-3.564068,15.765258,-1.137501,-0.064829,0.0400
-5.316378,15.829739,-1.075189,-0.000000,-1.307308,-0.850138,-178.702087,-27.510410,-50.112231,-3.564068,15.765258,-1.137501,-0.064829,0.0400
-5.316378,15.829739,-1.075189,-0.000000,-1.307308,-0.850138,-178.702087,-27.510410,-50.112231,-3.564068,15.765258,-1.137501,-0.064829,0.0400
-6.645472,15.829739,-1.152356,-0.000000,-1.776091,-1.412269,174.611237,-27.510410,-50.112231,-4.894928,15.730045,-1.183888,-0.025675,0.0400
-6.645472,15.829739,-1.152356,-0.000000,-1.108115,-1.518259,174.386627,-27.510410,-50.112231,-4.924251,15.752387,-1.202075,-0.048630,0.0430
-6.645472,15.829739,-1.152356,-0.000000,-1.851010,-1.443535,174.103683,-27.510410,-50.112231,-4.973826,15.780362,-1.248718,-0.085717,0.0400
-6.645472,15.829739,-1.152356,-0.000000,-1.779375,-1.480129,174.076538,-27.510410,-50.112231,-4.978767,15.782990,-1.253990,-0.089733,0.0400
-6.645472,15.829739,-1.152356,-0.000000,-1.779375,-1.480129,174.076538,-27.510410,-50.112231,-4.978767,15.782990,-1.253990,-0.089733,0.0400
-6.645472,15.829739,-1.152356,-0.000000,-1.779375,-1.480129,174.076538,-27.510410,-50.112231,-4.978767,15.782990,-1.253990,-0.089733,0.0400
-6.645472,15.829739,-1.152356,-0.000000,-1.523551,-1.389200,173.203293,-27.510410,-50.112231,-5.203024,15.779982,-1.268113,-0.098201,0.0410
-6.645472,15.829739,-1.152356,-0.000000,-2.232621,-1.044442,172.037857,-27.510410,-50.112231,-5.278065,15.791992,-1.274300,-0.080275,0.0700
-6.645472,15.829739,-1.152356,-0.000000,-1.473715,-1.018770,171.058258,-27.510410,-50.112231,-5.313248,15.794978,-1.292691,-0.090333,0.0400
-6.645472,15.829739,-1.152356,-0.000000,-1.472926,-1.018384,171.058258,-27.510410,-50.112231,-5.313248,15.794978,-1.292691,-0.090333,0.0400
-6.645472,15.829739,-1.152356,-0.000000,-1.472926,-1.018384,171.058258,-27.510410,-50.112231,-5.313248,15.794978,-1.292691,-0.090333,0.0400
-7.594824,14.819330,-0.915885,-0.974787,-1.384260,-1.459325,168.272446,-27.510420,-50.112238,-5.530911,15.732603,-1.157987,-0.477057,0.0730
-7.594824,14.819330,-0.915885,-0.974787,-1.550717,-1.379995,167.819229,-27.510420,-50.112238,-5.574527,15.665394,-1.109544,-0.742027,0.0400
-7.594824,14.819330,-0.915885,-0.974787,-1.523875,-1.458322,167.397110,-27.510420,-50.112238,-5.626748,15.609224,-1.126677,-0.865235,0.0520
-7.594824,14.819330,-0.915885,-0.974787,-1.793866,-1.343194,167.106781,-27.510420,-50.112238,-5.667526,15.565342,-1.139566,-0.939642,0.0420
-7.594824,14.819330,-0.915885,-0.974787,-1.661976,-1.339102,166.771973,-27.510420,-50.112238,-5.719578,15.511186,-1.158280,-1.012149,0.0400
-7.594824,14.819330,-0.915885,-0.974787,-1.198989,-1.412563,166.456894,-27.510420,-50.112238,-5.777279,15.456368,-1.165609,-1.078050,0.0480
-7.594824,14.819330,-0.915885,-0.974787,-1.657479,-1.368647,166.196213,-27.510420,-50.112238,-5.825457,15.408730,-1.170014,-1.114835,0.0530
-7.594824,14.819330,-0.915885,-0.974787,-1.806694,-1.169046,165.714188,-27.510420,-50.112238,-5.907207,15.329017,-1.189662,-1.164374,0.0680
-7.594824,14.819330,-0.915885,-0.974787,-1.854491,-1.175220,165.109085,-27.510420,-50.112238,-5.937555,15.299559,-1.205844,-1.176692,0.0410
-7.594824,14.819330,-0.915885,-0.974787,-1.082297,-1.498514,163.595566,-27.510420,-50.112238,-5.990888,15.247917,-1.211257,-1.202157,0.0520
-7.594824,14.819330,-0.915885,-0.974787,-1.064924,-0.826157,161.901718,-27.510420,-50.112238,-6.031832,15.208422,-1.207535,-1.211810,0.0410
-7.594824,14.819330,-0.915885,-0.974787,-0.878664,-1.072430,159.720642,-27.510420,-50.112238,-6.079854,15.162492,-1.203815,-1.212983,0.0400
-7.594824,14.819330,-0.915885,-0.974787,-0.725962,-1.122425,159.720642,-27.510420,-50.112238,-6.079854,15.162492,-1.203815,-1.212983,0.0400
-7.594824,14.819330,-0.915885,-0.974787,-0.726183,-1.122345,158.259644,-27.510420,-50.112238,-6.210835,15.030966,-1.187986,-1.193398,0.0430
-7.594824,14.819330,-0.915885,-0.974787,-1.300403,-1.063396,157.685059,-27.510420,-50.112238,-6.255197,14.986550,-1.059975,-1.090131,0.0550
-7.594824,14.819330,-0.915885,-0.974787,-1.271478,-1.148310,157.256500,-27.510420,-50.112238,-6.301752,14.941604,-1.050799,-1.086919,0.0400
-7.594824,14.819330,-0.915885,-0.974787,-1.156890,-1.028948,156.848907,-27.510420,-50.112238,-6.366175,14.877238,-1.071500,-1.113602,0.0400
-7.594824,14.819330,-0.915885,-0.974787,-1.632512,-1.039703,156.584229,-27.510420,-50.112238,-6.414102,14.831003,-1.072849,-1.118003,0.0530
-7.594824,14.819330,-0.915885,-0.974787,-0.940972,-1.028475,156.214783,-27.510420,-50.112238,-6.464998,14.782243,-1.080930,-1.120045,0.0410
-8.734048,13.808923,-1.173870,-1.041136,-1.654823,-0.977467,153.466156,-27.510429,-50.112250,-6.597476,14.668457,-1.215828,-1.158922,0.1090
-8.734048,13.808923,-1.173870,-1.041136,-0.501665,-1.238513,152.247360,-27.510429,-50.112250,-6.635453,14.637944,-1.234325,-1.175896,0.0400
-8.734048,13.808923,-1.173870,-1.041136,-0.663632,-1.038678,147.901596,-27.510429,-50.112250,-6.735830,14.550468,-1.269900,-1.198066,0.0520
-8.734048,13.808923,-1.173870,-1.041136,-0.124005,-1.037876,146.250854,-27.510429,-50.112250,-6.784703,14.510979,-1.254123,-1.192039,0.0400
-8.734048,13.808923,-1.173870,-1.041136,-0.765360,-0.837439,145.024841,-27.510429,-50.112250,-6.844421,14.463022,-1.257228,-1.192454,0.0400
-8.734048,13.808923,-1.173870,-1.041136,-0.707731,-1.154886,143.956711,-27.510429,-50.112250,-6.936817,14.385552,-1.288384,-1.225650,0.0690
-8.734048,13.808923,-1.173870,-1.041136,-1.234317,-1.174813,143.465897,-27.510429,-50.112250,-6.996961,14.337357,-1.303130,-1.238104,0.0480
-8.734048,13.808923,-1.173870,-1.041136,-1.667881,-0.944823,141.363358,-27.510429,-50.112250,-7.145073,14.215373,-1.380191,-1.265909,0.0900
-8.734048,13.808923,-1.173870,-1.041136,-0.897781,-1.076476,128.516296,-27.510429,-50.112250,-7.613259,13.827220,-1.326343,-1.359701,0.3590
-9.303659,12.124909,-0.639560,-1.890808,-0.868116,-0.661642,118.078072,-27.510434,-50.112268,-7.975170,13.207524,-1.092140,-1.791961,0.4080
-9.303659,12.124909,-0.639560,-1.890808,-0.278230,-1.292336,110.372894,-27.510434,-50.112268,-8.125091,12.808436,-0.967422,-2.000481,0.1720
-9.303659,12.124909,-0.639560,-1.890808,-0.784580,-0.997401,107.543083,-27.510434,-50.112268,-8.248977,12.480095,-0.949304,-2.061129,0.1640
-9.303659,12.124909,-0.639560,-1.890808,-0.795009,-0.473216,100.508881,-27.510434,-50.112268,-8.499470,11.815537,-0.912260,-2.131319,0.3860
-9.303659,10.104094,0.000000,-2.387022,-0.683508,-0.937586,98.391144,-27.510434,-50.112290,-8.543122,11.199912,-0.551518,-2.443867,0.2650
-9.303659,10.104094,0.000000,-2.387022,-0.864485,-0.270103,95.244019,-27.510434,-50.112290,-8.557343,10.627655,-0.372788,-2.578142,0.1870
-9.303659,10.104094,0.000000,-2.387022,0.156280,-2.952405,86.659332,-27.510434,-50.112290,-8.568246,10.148979,-0.148577,-2.954849,0.2450
-9.303659,10.104094,0.000000,-2.387022,-0.253146,-2.953619,85.345039,-27.510434,-50.112290,-8.571109,10.014437,-0.135325,-2.989777,0.0440
-9.303659,10.104094,0.000000,-2.387022,-0.867538,-1.601989,82.861008,-27.510434,-50.112290,-8.581558,9.562902,-0.190398,-2.989655,0.1930
-8.544177,7.746475,0.654622,-2.032107,-1.408430,-0.976442,80.444847,-27.510427,-50.112311,-8.386796,8.642568,0.110231,-2.543185,0.3790
-8.544177,7.746475,0.654622,-2.032107,-0.480167,0.148993,79.222672,-27.510427,-50.112311,-8.137915,7.815130,0.330558,-2.142060,0.3840
-8.544177,7.746475,0.654622,-2.032107,-0.876368,0.147078,70.550774,-27.510427,-50.112311,-7.992510,7.337942,0.377751,-2.024224,0.2900
-7.215083,6.736067,1.412903,-1.074122,-0.815700,-0.067377,64.588882,-27.510416,-50.112324,-7.718967,7.052123,0.703508,-1.587436,0.1940
-7.215083,6.736067,1.412903,-1.074122,-1.137029,-0.404096,57.076687,-27.510416,-50.112324,-7.508139,6.889341,0.892916,-1.388662,0.1620
-7.215083,6.736067,1.412903,-1.074122,-0.601265,-0.039746,55.699829,-27.510416,-50.112324,-7.444997,6.841788,0.936327,-1.346649,0.0520
-7.215083,6.736067,1.412903,-1.074122,-0.817739,0.158604,54.751572,-27.510416,-50.112324,-7.375345,6.790565,0.979389,-1.295784,0.0410
-7.215083,6.736067,1.412903,-1.074122,-0.895771,-0.034902,53.125904,-27.510416,-50.112324,-7.175691,6.637497,1.036877,-1.233260,0.0990
-7.215083,6.736067,1.412903,-1.074122,-1.239461,-0.906824,48.927353,-27.510416,-50.112324,-6.556844,6.162042,1.014890,-1.331582,0.4820
-5.696118,5.388856,1.443282,-1.280086,-0.357644,-0.026842,47.968925,-27.510402,-50.112334,-6.170654,5.817667,1.134203,-1.330481,0.2710
-5.696118,5.388856,1.443282,-1.280086,-0.637948,-0.749839,45.754128,-27.510402,-50.112334,-6.021986,5.686026,1.183054,-1.325863,0.1030
-5.696118,5.388856,1.443282,-1.280086,-0.206650,0.139747,43.828049,-27.510402,-50.112334,-5.954130,5.626383,1.209365,-1.313689,0.0450
-5.696118,5.388856,1.443282,-1.280086,-1.108550,0.003022,40.764641,-27.510402,-50.112334,-5.843862,5.528136,1.209770,-1.312758,0.0790
-5.696118,5.388856,1.443282,-1.280086,-0.698741,-0.000129,36.815895,-27.510402,-50.112334,-5.214379,4.967268,1.198513,-1.298633,0.3860
-3.987283,4.715251,1.679895,-0.662198,-0.126222,0.123573,35.525349,-27.510387,-50.112342,-4.540164,4.646530,1.401817,-0.887113,0.4590
-3.987283,4.715251,1.679895,-0.662198,-0.766014,-0.186755,30.855145,-27.510387,-50.112342,-4.124554,4.485729,1.529023,-0.732851,0.2480
-3.987283,4.715251,1.679895,-0.662198,-0.193649,0.071190,28.087414,-27.510387,-50.112342,-3.932499,4.412181,1.548856,-0.680843,0.1150
-3.987283,4.715251,1.679895,-0.662198,-0.365030,0.178252,27.340637,-27.510387,-50.112342,-3.811985,4.365979,1.563198,-0.666130,0.0690
-2.848059,4.378448,1.253074,-0.370462,-0.590372,0.174143,25.578728,-27.510377,-50.112348,-3.297003,4.180358,1.450005,-0.573491,0.3090
-2.848059,4.378448,1.253074,-0.370462,-0.092388,0.093585,24.384117,-27.510377,-50.112348,-2.941602,4.079696,1.333709,-0.442450,0.2900
-2.848059,4.378448,1.253074,-0.370462,-0.075088,0.021639,23.149309,-27.510377,-50.112348,-2.496906,3.954729,1.247288,-0.390467,0.3450
-2.848059,4.378448,1.253074,-0.370462,0.067404,-0.107825,22.925060,-27.510377,-50.112348,-2.272559,3.891776,1.258139,-0.373448,0.2080
-1.518965,3.704843,1.486756,-0.753511,1.057290,0.306736,22.894342,-27.510364,-50.112353,-2.164107,3.859871,1.300455,-0.363602,0.0870
-1.518965,3.704843,1.486756,-0.753511,1.361306,0.498406,22.871925,-27.510364,-50.112353,-2.094051,3.824625,1.374837,-0.399069,0.0480
-1.518965,3.704843,1.486756,-0.753511,-0.199006,0.011800,22.089422,-27.510364,-50.112353,-1.788838,3.672876,1.477864,-0.543469,0.1860
-1.518965,3.704843,1.486756,-0.753511,-0.896759,0.256122,14.310499,-27.510364,-50.112353,-1.192271,3.375312,1.384787,-0.682947,0.3980
-1.518965,3.704843,1.486756,-0.753511,-0.079433,0.569676,6.400575,-27.510364,-50.112353,-0.721214,3.139717,1.493610,-0.680759,0.3270
-0.189871,3.704843,1.389000,0.000000,0.842464,0.333012,2.145010,-27.510352,-50.112354,-0.387868,3.130137,1.494823,-0.262768,0.2510
-0.189871,3.704843,1.389000,0.000000,0.046478,0.184107,1.218372,-27.510352,-50.112354,-0.228888,3.134130,1.501131,-0.147181,0.1150
-0.189871,3.704843,1.389000,0.000000,-0.510351,0.047879,-4.709671,-27.510352,-50.112354,0.021878,3.139619,1.461319,-0.070699,0.1650
-0.189871,3.704843,1.389000,0.000000,-0.841181,0.251047,-10.554962,-27.510352,-50.112354,0.519911,3.150727,1.369351,0.021503,0.3530
1.139223,4.041646,1.361402,0.344990,-0.622903,0.005003,-18.954205,-27.510341,-50.112350,0.844312,3.198066,1.313875,0.125999,0.2460
1.139223,4.041646,1.361402,0.344990,0.958611,0.185423,-23.683130,-27.510341,-50.112350,1.256496,3.313505,1.384066,0.269597,0.3170
1.139223,4.041646,1.361402,0.344990,-0.054372,0.265266,-29.783361,-27.510341,-50.112350,1.425341,3.361311,1.357599,0.326383,0.1300
1.139223,4.041646,1.361402,0.344990,-0.163026,0.555663,-30.939096,-27.510341,-50.112350,1.477787,3.376122,1.352015,0.353359,0.0410
1.139223,4.041646,1.361402,0.344990,0.064418,0.190334,-31.720007,-27.510341,-50.112350,1.534057,3.392232,1.355681,0.358671,0.0400
1.139223,4.041646,1.361402,0.344990,0.305695,0.262113,-32.010853,-27.510341,-50.112350,1.560786,3.399883,1.361137,0.362542,0.0400
1.139223,4.041646,1.361402,0.344990,0.305695,0.262113,-32.010853,-27.510341,-50.112350,1.560786,3.399883,1.361137,0.362542,0.0410
1.139223,4.041646,1.361402,0.344990,0.421291,0.819452,-32.800442,-27.510341,-50.112350,1.755119,3.452428,1.377005,0.388379,0.0650
1.139223,4.041646,1.361402,0.344990,0.146211,1.619172,-32.866283,-27.510341,-50.112350,1.816990,3.468613,1.375276,0.422956,0.0400
2.088576,4.715251,1.057291,0.750192,0.182918,3.363369,-32.718822,-27.510332,-50.112343,2.069627,3.550994,1.399828,0.747625,0.1960
2.088576,4.715251,1.057291,0.750192,0.947215,2.919307,-32.686848,-27.510332,-50.112343,2.177531,3.633949,1.342145,1.000524,0.1070
2.088576,4.715251,1.057291,0.750192,0.271940,3.120700,-32.729542,-27.510332,-50.112343,2.345430,3.760897,1.269327,1.278807,0.1560
2.088576,4.715251,1.057291,0.750192,0.247388,3.429839,-32.753803,-27.510332,-50.112343,2.423369,3.820033,1.252816,1.364939,0.0820
2.088576,4.715251,1.057291,0.750192,0.684109,3.375401,-32.756966,-27.510332,-50.112343,2.474904,3.858452,1.242347,1.414906,0.0490
2.088576,4.715251,1.057291,0.750192,1.150535,3.853000,-32.778233,-27.510332,-50.112343,2.513430,3.885991,1.251824,1.459341,0.0400
2.088576,4.715251,1.057291,0.750192,0.995647,3.434595,-32.826267,-27.510332,-50.112343,2.536704,3.902658,1.259617,1.482284,0.0400
2.088576,4.715251,1.057291,0.750192,0.172308,2.267716,-33.171410,-27.510332,-50.112343,2.630069,3.995023,1.237379,1.382009,0.0430
2.088576,4.715251,1.057291,0.750192,-0.233497,1.704638,-33.355545,-27.510332,-50.112343,2.673859,4.023941,1.175557,1.254750,0.0520
2.088576,4.715251,1.057291,0.750192,-0.823211,1.061738,-33.675903,-27.510332,-50.112343,2.781092,4.105172,1.117025,1.112523,0.0950
2.088576,4.715251,1.057291,0.750192,-0.070316,0.621054,-33.784821,-27.510332,-50.112343,2.834787,4.142922,1.072149,1.042623,0.0620
2.088576,4.715251,1.057291,0.750192,-1.486544,1.057584,-33.905560,-27.510332,-50.112343,2.913970,4.201543,1.035491,0.978376,0.0670
2.088576,4.715251,1.057291,0.750192,-1.349066,0.869914,-33.944050,-27.510332,-50.112343,2.941468,4.221414,1.000396,0.973185,0.0400
2.088576,4.715251,1.057291,0.750192,-0.211367,0.248262,-34.016174,-27.510332,-50.112343,3.002448,4.266483,0.992096,0.942922,0.0430
2.088576,4.715251,1.057291,0.750192,-1.429425,0.830289,-34.049568,-27.510332,-50.112343,3.045928,4.299384,0.975904,0.932555,0.0430
3.417670,4.715251,1.399289,0.000000,-1.354251,0.802894,-34.098812,-27.510320,-50.112343,3.108914,4.317204,0.958047,0.868982,0.0400
3.417670,4.715251,1.399289,0.000000,-1.165674,0.532028,-34.208454,-27.510320,-50.112343,3.194164,4.337870,1.022675,0.713265,0.0430
3.417670,4.715251,1.399289,0.000000,0.127259,-0.061874,-34.864719,-27.510320,-50.112343,3.564843,4.336799,1.219782,0.249386,0.2700
3.417670,4.715251,1.399289,0.000000,-0.119762,-0.000346,-35.141228,-27.510320,-50.112343,3.703983,4.338278,1.260736,0.191407,0.1010
3.417670,4.715251,1.399289,0.000000,-0.391625,0.352642,-35.265511,-27.510320,-50.112343,3.784513,4.338913,1.276158,0.167738,0.0630
3.417670,4.715251,1.399289,0.000000,-0.544714,0.441782,-35.368858,-27.510320,-50.112343,3.864677,4.339734,1.282611,0.148118,0.0570
3.417670,4.715251,1.399289,0.000000,-0.227032,0.240970,-35.444229,-27.510320,-50.112343,3.921281,4.340200,1.285511,0.140442,0.0410
3.417670,4.715251,1.399289,0.000000,-0.103181,0.228942,-35.528744,-27.510320,-50.112343,3.984661,4.340667,1.295066,0.129946,0.0400
3.417670,4.715251,1.399289,0.000000,0.013655,0.191755,-35.648849,-27.510320,-50.112343,4.061578,4.345519,1.307079,0.117956,0.0400
3.417670,4.715251,1.399289,0.000000,0.028234,0.345642,-35.776867,-27.510320,-50.112343,4.137216,4.345700,1.335451,0.090284,0.0600
3.417670,4.715251,1.399289,0.000000,-0.266067,0.166090,-35.888538,-27.510320,-50.112343,4.200182,4.345768,1.344646,0.075803,0.0410
3.417670,4.715251,1.399289,0.000000,-0.150910,0.078786,-36.058178,-27.510320,-50.112343,4.288447,4.347236,1.355697,0.067670,0.0650
3.417670,4.715251,1.399289,0.000000,0.498136,-0.265287,-36.200432,-27.510320,-50.112343,4.369716,4.348034,1.372706,0.051505,0.0580
3.987282,4.041646,0.667678,-0.789576,-0.566212,0.184284,-36.353180,-27.510315,-50.112351,4.467405,4.328092,1.291527,-0.036793,0.0810
3.987282,4.041646,0.667678,-0.789576,0.626691,-0.569319,-36.612278,-27.510315,-50.112351,4.568692,4.200254,1.092903,-0.402727,0.1650
3.987282,4.041646,0.667678,-0.789576,0.990531,-0.674101,-36.645725,-27.510315,-50.112351,4.593256,4.167760,1.087396,-0.478375,0.0430
3.987282,4.041646,0.667678,-0.789576,-0.195334,0.017389,-36.673496,-27.510315,-50.112351,4.630446,4.119479,1.028992,-0.545135,0.0570
3.987282,4.041646,0.667678,-0.789576,0.819785,-0.172949,-36.672401,-27.510315,-50.112351,4.654390,4.088094,0.995781,-0.579370,0.0410
3.987282,4.041646,0.667678,-0.789576,0.727610,-0.556525,-36.634380,-27.510315,-50.112351,4.685284,4.044820,0.967343,-0.636534,0.0400
3.987282,4.041646,0.667678,-0.789576,0.454892,-0.106342,-36.438095,-27.510315,-50.112351,4.775471,3.946223,0.880044,-0.736972,0.0810
3.987282,4.041646,0.667678,-0.789576,-0.285003,0.767298,-35.727245,-27.510315,-50.112351,4.934417,3.745734,0.671101,-0.653465,0.2850
3.987282,3.031237,0.000000,-0.998022,-1.709989,1.583585,-35.380928,-27.510315,-50.112360,5.069088,3.377809,0.116761,-0.562423,0.3740
3.987282,3.031237,0.000000,-0.998022,-0.635875,0.492783,-35.879967,-27.510315,-50.112360,5.053712,3.086482,-0.204933,-0.640138,0.3470
3.987282,3.031237,0.000000,-0.998022,-1.425779,0.642210,-35.753178,-27.510315,-50.112360,5.049653,3.007338,-0.219509,-0.694332,0.0830
3.987282,3.031237,0.000000,-0.998022,-0.237005,0.107949,-35.453484,-27.510315,-50.112360,5.042461,2.879703,-0.127620,-0.827506,0.1150
3.987282,3.031237,0.000000,-0.998022,1.185473,-0.930066,-35.269112,-27.510315,-50.112360,5.037069,2.784028,-0.005745,-0.931975,0.1180
3.987282,3.031237,0.000000,-0.998022,0.030167,-0.097023,-35.184578,-27.510315,-50.112360,5.034379,2.737694,0.037906,-0.960695,0.0410
3.987282,3.031237,0.000000,-0.998022,2.194879,-1.131444,-34.786777,-27.510315,-50.112360,5.025540,2.574332,0.213275,-1.067668,0.1620
2.658188,0.673616,-1.432443,-2.540947,3.874207,-2.459681,-34.677990,-27.510326,-50.112384,4.500068,1.658522,-0.276879,-2.443654,0.3610
2.658188,0.673616,-1.432443,-2.540947,1.341819,-2.929644,-35.333973,-27.510326,-50.112384,4.261569,1.251375,-0.447068,-2.780259,0.1660
2.658188,0.673616,-1.432443,-2.540947,1.300570,-2.762801,-35.582928,-27.510326,-50.112384,4.168004,1.098269,-0.558996,-2.888779,0.0420
2.658188,0.673616,-1.432443,-2.540947,1.882504,-1.598840,-35.615372,-27.510326,-50.112384,3.832729,0.520505,-0.728817,-3.167630,0.2290
2.658188,0.673616,-1.432443,-2.540947,1.405190,-1.230395,-35.630199,-27.510326,-50.112384,3.769737,0.414582,-0.761408,-3.136532,0.0430
2.658188,0.673616,-1.432443,-2.540947,1.340789,-0.852135,-35.612476,-27.510326,-50.112384,3.683909,0.275370,-0.813694,-3.076626,0.0400
2.658188,0.673616,-1.432443,-2.540947,0.856716,-0.341493,-35.562927,-27.510326,-50.112384,3.601535,0.133868,-0.873507,-3.006900,0.0600
2.658188,0.673616,-1.432443,-2.540947,0.655208,0.146312,-35.485756,-27.510326,-50.112384,3.526428,0.005603,-0.928691,-2.934363,0.0500
1.708835,-0.673595,-0.838625,-1.190079,0.416132,0.160350,-35.327854,-27.510336,-50.112397,3.350322,-0.242745,-0.845145,-2.112311,0.1870
1.708835,-0.673595,-0.838625,-1.190079,0.494460,0.233000,-35.263401,-27.510336,-50.112397,3.240515,-0.390036,-0.778773,-1.814582,0.1210
1.708835,-0.673595,-0.838625,-1.190079,0.946841,-0.461143,-35.246429,-27.510336,-50.112397,3.198307,-0.444713,-0.762149,-1.737336,0.0420
1.708835,-0.673595,-0.838625,-1.190079,0.922022,-0.607743,-35.164227,-27.510336,-50.112397,2.990469,-0.721741,-0.659917,-1.507956,0.1790
1.708835,-0.673595,-0.838625,-1.190079,0.810721,-0.253470,-35.127193,-27.510336,-50.112397,2.701918,-1.108590,-0.456180,-1.480753,0.3610
0.949352,-1.010398,-0.296274,-0.131387,0.639975,0.266384,-35.504333,-27.510342,-50.112401,2.577753,-1.230135,-0.399671,-0.956024,0.2260
0.949352,-1.010398,-0.296274,-0.131387,-0.475451,0.777702,-35.664524,-27.510342,-50.112401,2.540782,-1.242870,-0.417670,-0.654636,0.1060
0.949352,-1.010398,-0.296274,-0.131387,-0.495442,0.873269,-36.089359,-27.510342,-50.112401,2.423359,-1.282621,-0.398561,-0.169105,0.2920
0.949352,-1.010398,-0.296274,-0.131387,-0.024702,0.438043,-36.676025,-27.510342,-50.112401,2.355754,-1.304456,-0.387114,-0.059060,0.2050
0.949352,-1.010398,-0.296274,-0.131387,-0.380768,0.321465,-36.967098,-27.510342,-50.112401,2.321651,-1.315441,-0.376055,-0.055551,0.0920
0.759482,-1.010398,-0.077167,-0.000000,-0.067415,0.576568,-37.886375,-27.510343,-50.112400,2.237131,-1.334079,-0.287231,0.001916,0.3010
0.759482,-1.010398,-0.077167,-0.000000,0.148887,-0.142094,-38.689968,-27.510343,-50.112400,2.196377,-1.329852,-0.165526,0.026051,0.2660
0.759482,-1.010398,-0.077167,-0.000000,-0.034996,-0.063033,-38.758080,-27.510343,-50.112400,2.189288,-1.329128,-0.159325,0.025938,0.0750
0.759482,-1.010398,-0.077167,-0.000000,0.128858,0.349373,-38.817589,-27.510343,-50.112400,2.180713,-1.328251,-0.141638,0.030866,0.0530
0.759482,-1.010398,-0.077167,-0.000000,0.127654,0.162398,-38.863068,-27.510343,-50.112400,2.174161,-1.327568,-0.124354,0.033856,0.0530
0.759482,-1.010398,-0.077167,-0.000000,0.146073,0.028663,-38.973438,-27.510343,-50.112400,2.149548,-1.324974,-0.090552,0.029033,0.1190
0.759482,-1.010398,-0.077167,-0.000000,0.471123,-0.204226,-38.900215,-27.510343,-50.112400,2.126794,-1.322527,-0.048978,-0.006432,0.2100
0.759482,-1.010398,-0.077167,-0.000000,0.489119,-0.453025,-38.862961,-27.510343,-50.112400,2.119715,-1.321789,-0.031333,-0.013401,0.0500
0.759482,-1.347201,0.000000,-0.576178,0.667249,-0.794940,-38.818062,-27.510343,-50.112404,2.106636,-1.363880,0.026334,-0.194783,0.1150
0.759482,-1.347201,0.000000,-0.576178,-0.348100,0.295982,-39.142471,-27.510343,-50.112404,2.084010,-1.585935,0.054539,-0.544177,0.3970
0.759482,-1.347201,0.000000,-0.576178,-0.889240,-0.031721,-39.446537,-27.510343,-50.112404,2.068381,-1.731362,-0.076349,-0.553198,0.2740
0.759482,-1.347201,0.000000,-0.576178,-0.820983,-0.359482,-39.428116,-27.510343,-50.112404,2.064881,-1.764248,-0.107022,-0.563925,0.0640
0.759482,-1.347201,0.000000,-0.576178,-0.681298,-0.380637,-39.389736,-27.510343,-50.112404,2.062541,-1.786978,-0.116260,-0.582238,0.0400
0.759482,-1.347201,0.000000,-0.576178,-0.446486,-0.884626,-39.340321,-27.510343,-50.112404,2.060042,-1.810227,-0.121884,-0.604635,0.0410
0.759482,-1.347201,0.000000,-0.576178,-0.120742,-0.982038,-39.283951,-27.510343,-50.112404,2.056402,-1.843728,-0.109446,-0.656807,0.0580
0.949352,-2.020807,0.192605,-0.683307,0.689138,-1.142935,-39.033649,-27.510342,-50.112410,2.083622,-2.040634,0.122699,-0.935755,0.2660
0.949352,-2.020807,0.192605,-0.683307,0.148114,-0.269037,-39.112404,-27.510342,-50.112410,2.137477,-2.303293,0.211092,-0.828681,0.4050
0.949352,-2.020807,0.192605,-0.683307,-0.527281,0.311324,-39.557579,-27.510342,-50.112410,2.175889,-2.489449,0.155599,-0.743907,0.2810
0.949352,-2.020807,0.000000,0.000000,-0.390509,0.543744,-39.932610,-27.510342,-50.112412,2.184388,-2.554238,0.052789,-0.467483,0.2100
0.949352,-2.020807,0.000000,0.000000,-0.250648,0.509035,-40.199398,-27.510342,-50.112412,2.178619,-2.551703,0.002459,-0.286583,0.1020
0.949352,-2.020807,0.000000,0.000000,-0.285050,0.946469,-40.568016,-27.510342,-50.112412,2.171842,-2.548476,-0.038257,-0.136769,0.1080
0.949352,-2.020807,0.000000,0.000000,0.270950,-0.122139,-41.316784,-27.510342,-50.112412,2.154736,-2.541684,-0.002090,-0.040055,0.2800
0.949352,-2.020807,0.000000,0.000000,-0.165735,0.645158,-41.622070,-27.510342,-50.112412,2.141250,-2.536085,0.028448,-0.011203,0.2840
0.569611,-2.020807,-0.236644,-0.000000,-0.604045,0.551632,-41.398983,-27.510345,-50.112413,2.093933,-2.529708,-0.152424,0.104186,0.2500
0.569611,-2.020807,-0.236644,-0.000000,-0.064340,0.319649,-41.091835,-27.510345,-50.112413,2.023289,-2.524146,-0.212820,0.090679,0.2550
0.569611,-2.020807,-0.236644,-0.000000,0.136127,-0.121979,-40.849121,-27.510345,-50.112413,1.983812,-2.521187,-0.213361,0.061313,0.1230
0.569611,-2.020807,-0.236644,-0.000000,0.147594,0.242935,-40.766361,-27.510345,-50.112413,1.971685,-2.520320,-0.209760,0.055107,0.0510
0.569611,-2.020807,-0.236644,-0.000000,0.147027,-0.258493,-40.673244,-27.510345,-50.112413,1.955632,-2.519155,-0.207294,0.043025,0.0520
0.569611,-2.020807,-0.236644,-0.000000,0.186797,-0.044572,-40.053261,-27.510345,-50.112413,1.872222,-2.512864,-0.169483,-0.009753,0.2560
0.189870,-2.357610,-0.377178,-0.334529,0.743897,-0.640812,-39.342899,-27.510349,-50.112414,1.762850,-2.564199,-0.148885,-0.229781,0.3030
0.189870,-2.357610,-0.377178,-0.334529,1.003589,-0.547831,-38.477627,-27.510349,-50.112414,1.645899,-2.650061,-0.108425,-0.412206,0.2740
0.189870,-2.357610,-0.377178,-0.334529,-0.160565,-0.174197,-38.193409,-27.510349,-50.112414,1.529437,-2.736235,-0.153936,-0.470453,0.2680
0.189870,-2.357610,-0.377178,-0.334529,-0.360955,0.135204,-38.257607,-27.510349,-50.112414,1.490326,-2.763729,-0.256876,-0.418263,0.0450
0.189870,-2.357610,-0.377178,-0.334529,-0.776653,0.388926,-38.434021,-27.510349,-50.112414,1.445607,-2.796274,-0.362606,-0.352725,0.1430
0.189870,-2.357610,-0.377178,-0.334529,-1.186005,0.547298,-38.470287,-27.510351,-50.112413,1.400205,-2.829276,-0.453816,-0.299791,0.0910
-0.000001,-2.020807,-0.012632,0.022407,-1.016319,0.719559,-38.100624,-27.510351,-50.112413,1.371162,-2.811290,-0.320772,0.033882,0.3430
-0.000001,-2.020807,-0.012632,0.022407,-0.462702,0.322191,-37.842224,-27.510351,-50.112413,1.347740,-2.793541,-0.228451,0.103978,0.3040
-0.000001,-2.020807,-0.012632,0.022407,-0.239062,0.368228,-37.767906,-27.510351,-50.112413,1.326941,-2.777595,-0.177100,0.107938,0.2980
-0.000001,-2.357610,0.000000,-0.262367,1.463391,2.338281,-37.745445,-27.510351,-50.112415,1.316952,-2.794257,-0.045919,-0.201139,0.1570
-0.000001,-2.357610,0.000000,-0.262367,0.260370,-0.039894,-38.154980,-27.510351,-50.112415,1.314202,-2.805359,-0.031161,-0.179647,0.0410
-0.000001,-2.357610,0.000000,-0.262367,-0.399091,0.695831,-38.411697,-27.510351,-50.112415,1.310817,-2.819295,-0.058435,-0.111655,0.0590
-0.000001,-2.357610,0.000000,-0.262367,-0.758135,1.503216,-38.573116,-27.510351,-50.112415,1.308412,-2.829439,-0.073648,-0.077641,0.0410
-0.000001,-2.357610,0.000000,-0.262367,-0.341030,1.340616,-38.701763,-27.510351,-50.112415,1.305575,-2.841890,-0.086795,-0.056517,0.0400
-0.000001,-2.357610,0.000000,-0.262367,-0.250606,1.529913,-38.808884,-27.510351,-50.112415,1.300699,-2.849538,-0.088054,-0.041555,0.0400
-0.000001,-2.357610,0.000000,-0.262367,4.671165,-9.203853,-37.603237,-27.510351,-50.112415,1.291379,-2.892909,0.253511,-0.628396,0.1860
-0.000001,-2.357610,0.000000,-0.262367,0.838004,-1.742733,-36.174725,-27.510351,-50.112415,1.284983,-2.910104,0.264553,-0.565033,0.0820
-0.000001,-2.357610,0.000000,-0.262367,-0.346341,-2.835698,-35.287857,-27.510351,-50.112415,1.279121,-2.920317,0.245961,-0.617370,0.0400
-0.000001,-2.357610,0.000000,-0.262367,0.889003,-1.757890,-35.207493,-27.510351,-50.112415,1.274650,-2.935297,0.206026,-0.552728,0.0610
-0.000001,-2.357610,0.000000,-0.262367,-0.350295,-0.068718,-35.197384,-27.510351,-50.112415,1.271144,-2.945384,0.177671,-0.516600,0.0430
-0.000001,-2.357610,0.000000,-0.262367,0.448132,-0.466549,-35.178711,-27.510351,-50.112415,1.267259,-2.960447,0.159515,-0.491747,0.0760
-0.000001,-2.357610,0.000000,-0.262367,0.204132,-0.470419,-35.199657,-27.510351,-50.112415,1.261235,-2.982306,0.134703,-0.464087,0.0760
-0.000001,-2.357610,0.000000,-0.262367,0.278276,-0.380837,-35.206318,-27.510351,-50.112415,1.258500,-2.992022,0.123965,-0.449031,0.0490
-0.000001,-2.694413,0.000000,-0.267511,0.190548,-0.261253,-35.209961,-27.510352,-50.112417,1.256727,-3.002440,0.118002,-0.440702,0.0520
-0.000001,-2.694413,0.000000,-0.267511,0.198244,-0.396269,-35.217022,-27.510352,-50.112417,1.254177,-3.012581,0.106452,-0.427750,0.0410
-0.000001,-2.694413,0.000000,-0.267511,0.075834,-0.215647,-35.224548,-27.510352,-50.112417,1.251183,-3.022884,0.098376,-0.415034,0.0400
-0.000001,-2.694413,0.000000,-0.267511,-0.009587,-0.000578,-35.220943,-27.510352,-50.112417,1.246749,-3.053894,0.079949,-0.387815,0.1040
-0.000001,-2.694413,0.000000,-0.267511,0.012831,-0.265139,-35.227055,-27.510352,-50.112417,1.239411,-3.089043,0.060518,-0.362597,0.1490
-0.000001,-2.694413,0.000000,-0.267511,-0.060020,-0.124735,-35.235386,-27.510352,-50.112417,1.235892,-3.104705,0.051741,-0.350177,0.0600
-0.000001,-2.694413,0.000000,-0.267511,0.009904,-0.046228,-35.246155,-27.510352,-50.112417,1.229158,-3.136173,0.037835,-0.333161,0.1300
-0.000001,-2.694413,0.000000,-0.267511,0.018208,-0.088643,-35.240742,-27.510352,-50.112417,1.226752,-3.146175,0.033747,-0.326744,0.0400
-0.000001,-2.694413,0.000000,-0.267511,0.009775,0.008960,-35.249268,-27.510352,-50.112417,1.223468,-3.159535,0.028548,-0.317049,0.0410
-0.000001,-2.694413,0.000000,-0.267511,0.002198,-0.022066,-35.259220,-27.510352,-50.112417,1.208550,-3.230147,0.011118,-0.288120,0.2360
-0.189871,-2.357610,-0.032843,0.058258,-0.001138,-0.000242,-35.272018,-27.510353,-50.112417,1.185500,-3.231214,-0.012385,-0.115711,0.3260
-0.189871,-2.357610,-0.032843,0.058258,-0.001378,-0.008144,-35.284885,-27.510353,-50.112417,1.164061,-3.209389,-0.023931,-0.022233,0.2280
-0.189871,-2.357610,-0.032843,0.058258,-0.000430,-0.000824,-35.292843,-27.510353,-50.112417,1.143123,-3.187698,-0.029171,0.020377,0.2490
-0.189871,-2.357610,-0.032843,0.058258,-0.000067,0.006984,-35.301342,-27.510353,-50.112417,1.126762,-3.170735,-0.031129,0.037444,0.1620
-0.189871,-2.357610,0.000000,0.000000,0.001565,-0.001549,-35.307083,-27.510353,-50.112416,1.112016,-3.156238,-0.028761,0.040284,0.1730
-0.189871,-2.357610,0.000000,0.000000,0.099351,0.105623,-35.310009,-27.510353,-50.112416,1.098787,-3.148055,-0.010652,0.023341,0.2440
-0.189871,-2.357610,0.000000,0.000000,0.187354,-0.636850,-35.469810,-27.510353,-50.112416,1.069688,-3.130159,-0.013124,-0.003074,0.4910
