0.569612,0.000000,0.000000,0.000000,0.142557,0.039476,-0.179350,-27.510348,-50.112385,0.541487,0.000084,0.019689,0.005869,0.2210
0.569612,0.000000,0.000000,0.000000,0.126425,0.036223,-0.179473,-27.510348,-50.112385,0.546700,0.000181,0.021141,0.006208,0.0400
0.569612,0.000000,0.000000,0.000000,0.093400,0.025423,-0.180307,-27.510348,-50.112385,0.550715,0.000280,0.021376,0.006230,0.0400
0.569612,0.000000,0.000000,0.000000,0.059278,0.018349,-0.180762,-27.510348,-50.112385,0.554241,0.000386,0.020173,0.005954,0.0400
0.189871,-0.000000,-0.524733,-0.000000,0.022126,0.010129,-0.181608,-27.510351,-50.112386,0.539008,0.000468,-0.010195,0.005501,0.0400
0.189871,-0.000000,-0.524733,-0.000000,0.000585,-0.000063,-0.182563,-27.510351,-50.112386,0.482420,0.000518,-0.104363,0.004524,0.0410
0.189871,-0.000000,-0.524733,-0.000000,0.000206,0.000464,-0.182435,-27.510351,-50.112386,0.433057,0.000555,-0.179191,0.003690,0.0400
0.189871,-0.000000,-0.524733,-0.000000,-0.000030,-0.000182,-0.182730,-27.510351,-50.112386,0.394939,0.000569,-0.232245,0.003122,0.0400
0.189871,-0.000000,-0.524733,-0.000000,-0.000672,0.000074,-0.182298,-27.510351,-50.112386,0.358746,0.000576,-0.278133,0.002623,0.0400
0.189871,-0.000000,-0.524733,-0.000000,-0.000029,-0.000291,-0.182094,-27.510351,-50.112386,0.320408,0.000576,-0.321515,0.002137,0.0400
0.189871,-0.000000,-0.524733,-0.000000,-0.000039,0.000159,-0.183137,-27.510351,-50.112386,0.284940,0.000571,-0.357026,0.001777,0.0410
0.189871,-0.000000,-0.524733,-0.000000,0.001447,0.000190,-0.184052,-27.510351,-50.112386,0.255784,0.000563,-0.382691,0.001486,0.0410
0.189871,-0.000000,-0.524733,-0.000000,-0.000107,-0.000356,-0.185256,-27.510351,-50.112386,0.226426,0.000550,-0.405849,0.001233,0.0400
0.189871,-0.000000,-0.524733,-0.000000,-0.000390,0.000466,-0.186143,-27.510351,-50.112386,0.196565,0.000536,-0.426402,0.001037,0.0410
0.189871,-0.000000,-0.524733,-0.000000,-0.001074,0.000573,-0.186093,-27.510351,-50.112386,0.167178,0.000520,-0.443885,0.000875,0.0400
0.189871,-0.000000,-0.524733,-0.000000,0.001222,-0.000460,-0.185915,-27.510351,-50.112386,0.144605,0.000506,-0.455690,0.000734,0.0400
0.189871,-0.000000,-0.524733,-0.000000,-0.000156,0.000170,-0.185007,-27.510351,-50.112386,0.118344,0.000489,-0.467561,0.000610,0.0410
0.189871,-0.000000,-0.524733,-0.000000,0.000945,-0.000121,-0.185545,-27.510351,-50.112386,0.093894,0.000474,-0.477048,0.000502,0.0400
0.189871,-0.000000,-0.524733,-0.000000,-0.001226,-0.000467,-0.186191,-27.510351,-50.112386,0.073600,0.000460,-0.483783,0.000415,0.0400
0.189871,-0.000000,-0.524733,-0.000000,-0.000116,0.000104,-0.187185,-27.510351,-50.112386,0.054668,0.000447,-0.489750,0.000357,0.0400
0.189871,-0.000000,-0.524733,-0.000000,0.000252,0.000067,-0.186971,-27.510351,-50.112386,0.034075,0.000433,-0.495022,0.000309,0.0400
0.189871,-0.000000,-0.524733,-0.000000,-0.000522,-0.000582,-0.187155,-27.510351,-50.112386,0.012075,0.000419,-0.499969,0.000263,0.0400
0.189871,-0.000000,-0.524733,-0.000000,-0.000813,0.000674,-0.186707,-27.510351,-50.112386,-0.007848,0.000406,-0.503736,0.000225,0.0400
0.000000,-0.000000,-0.123467,-0.000000,-0.000010,0.001018,-0.185764,-27.510352,-50.112386,-0.020402,0.000395,-0.467537,0.000225,0.0400
0.000000,-0.000000,-0.123467,-0.000000,0.000423,-0.000999,-0.185465,-27.510352,-50.112386,-0.029624,0.000383,-0.411885,0.000147,0.0400
0.000000,-0.000000,-0.123467,-0.000000,-0.001027,0.000811,-0.185168,-27.510352,-50.112386,-0.038283,0.000371,-0.365298,0.000150,0.0400
0.000000,-0.000000,-0.123467,-0.000000,0.000475,0.000352,-0.186054,-27.510352,-50.112386,-0.045490,0.000361,-0.327418,0.000134,0.0400
0.000000,-0.000000,-0.123467,-0.000000,0.000025,0.000165,-0.185583,-27.510352,-50.112386,-0.052159,0.000351,-0.296536,0.000103,0.0400
0.000000,-0.000000,-0.123467,-0.000000,-0.000236,-0.000536,-0.185232,-27.510352,-50.112386,-0.058810,0.000340,-0.266797,0.000063,0.0400
0.000000,-0.000000,-0.123467,-0.000000,0.000041,0.000084,-0.186020,-27.510352,-50.112386,-0.064812,0.000331,-0.244378,0.000072,0.0410
0.000000,-0.000000,-0.123467,-0.000000,-0.000627,-0.001593,-0.186943,-27.510352,-50.112386,-0.071107,0.000320,-0.222419,0.000003,0.0410
0.000000,-0.000000,-0.123467,-0.000000,0.000749,-0.000160,-0.187566,-27.510352,-50.112386,-0.075599,0.000313,-0.208956,0.000016,0.0450
0.000000,-0.000000,-0.123467,-0.000000,-0.000678,-0.000073,-0.188339,-27.510352,-50.112386,-0.080125,0.000305,-0.196479,-0.000004,0.0400
0.000000,-0.000000,-0.123467,-0.000000,0.000954,0.000127,-0.186924,-27.510352,-50.112386,-0.084887,0.000297,-0.185070,0.000005,0.0400
0.000000,-0.000000,-0.123467,-0.000000,-0.000677,-0.000810,-0.185530,-27.510352,-50.112386,-0.090060,0.000288,-0.174247,-0.000003,0.0590
0.000000,-0.000000,-0.123467,-0.000000,0.000077,0.000117,-0.185948,-27.510352,-50.112386,-0.094511,0.000281,-0.166589,0.000003,0.0400
0.000000,-0.000000,-0.123467,-0.000000,0.000118,-0.000287,-0.187206,-27.510352,-50.112386,-0.098319,0.000275,-0.160306,-0.000002,0.0400
0.000000,-0.000000,-0.123467,-0.000000,-0.000525,-0.002210,-0.188594,-27.510352,-50.112386,-0.102723,0.000268,-0.154573,-0.000054,0.0400
0.000000,-0.000000,-0.123467,-0.000000,0.000774,0.000054,-0.189031,-27.510352,-50.112386,-0.106734,0.000262,-0.149676,-0.000033,0.0410
0.000000,-0.000000,-0.123467,-0.000000,0.000350,-0.000236,-0.189023,-27.510352,-50.112386,-0.111154,0.000255,-0.145325,-0.000030,0.0400
0.000000,-0.000000,-0.123467,-0.000000,0.000132,0.000139,-0.188731,-27.510352,-50.112386,-0.115334,0.000249,-0.141799,-0.000023,0.0410
0.000000,-0.000000,-0.123467,-0.000000,-0.000274,0.000212,-0.187963,-27.510352,-50.112386,-0.119133,0.000244,-0.139065,-0.000020,0.0400
0.000000,-0.000000,0.000000,0.000000,0.000494,0.000241,-0.187676,-27.510354,-50.112385,-0.119612,0.000239,-0.124556,-0.000037,0.0400
0.000000,-0.000000,0.000000,0.000000,-0.000045,-0.000098,-0.188541,-27.510354,-50.112385,-0.117648,0.000233,-0.103848,-0.000028,0.0400
0.000000,-0.000000,0.000000,0.000000,-0.000688,0.000604,-0.188491,-27.510354,-50.112385,-0.116049,0.000229,-0.088710,0.000004,0.0400
0.000000,-0.000000,0.000000,0.000000,-0.000095,-0.000263,-0.189451,-27.510354,-50.112385,-0.114173,0.000224,-0.074386,0.000002,0.0400
0.000000,-0.000000,0.000000,0.000000,0.000972,0.000947,-0.191148,-27.510354,-50.112385,-0.112401,0.000220,-0.063503,0.000013,0.0400
0.000000,-0.000000,0.000000,0.000000,-0.000169,0.000017,-0.191588,-27.510354,-50.112385,-0.110752,0.000216,-0.054237,0.000020,0.0410
0.000000,-0.000000,0.000000,0.000000,0.000686,-0.000004,-0.192483,-27.510354,-50.112385,-0.108951,0.000212,-0.045749,0.000014,0.0400
0.000000,-0.000000,0.000000,0.000000,0.000278,0.000361,-0.192351,-27.510354,-50.112385,-0.107267,0.000208,-0.038812,0.000022,0.0410
0.000000,-0.000000,0.000000,0.000000,0.000010,-0.000142,-0.192839,-27.510354,-50.112385,-0.105714,0.000205,-0.033340,0.000019,0.0410
0.000000,-0.000000,0.000000,0.000000,-0.000318,-0.000138,-0.192473,-27.510354,-50.112385,-0.104153,0.000202,-0.028645,-0.000008,0.0400
0.000000,-0.000000,0.000000,0.000000,0.000215,0.000553,-0.192474,-27.510354,-50.112385,-0.102454,0.000198,-0.024158,0.000014,0.0400
0.000000,-0.000000,0.000000,0.000000,0.000082,-0.000902,-0.191684,-27.510354,-50.112385,-0.100792,0.000195,-0.020376,-0.000004,0.0400
0.000000,-0.000000,0.000000,0.000000,0.000039,0.000244,-0.190545,-27.510354,-50.112385,-0.099168,0.000191,-0.017203,0.000002,0.0400
0.000000,-0.000000,0.000000,0.000000,-0.000742,-0.000197,-0.190201,-27.510354,-50.112385,-0.097476,0.000188,-0.014453,-0.000003,0.0400
0.000000,-0.000000,0.000000,0.000000,0.000079,0.000106,-0.190474,-27.510354,-50.112385,-0.096039,0.000185,-0.012242,0.000024,0.0400
0.000000,-0.000000,0.000000,0.000000,0.001175,-0.000152,-0.189903,-27.510354,-50.112385,-0.094637,0.000182,-0.010422,0.000017,0.0410
0.000000,-0.000000,0.000000,0.000000,0.000140,0.000194,-0.189734,-27.510354,-50.112385,-0.093168,0.000179,-0.008826,-0.000019,0.0400
0.000000,-0.000000,0.000000,0.000000,0.000029,-0.000306,-0.190168,-27.510354,-50.112385,-0.091794,0.000177,-0.007505,-0.000030,0.0400
0.000000,-0.000000,0.000000,0.000000,-0.000164,0.001431,-0.190550,-27.510354,-50.112385,-0.090393,0.000174,-0.006331,0.000011,0.0400
-0.189871,-0.000000,-0.030867,-0.000000,0.003876,-0.000916,-0.190501,-27.510354,-50.112385,-0.090334,0.000170,-0.007138,-0.000031,0.0730
-0.189871,-0.000000,-0.030867,-0.000000,-0.000021,-0.000181,-0.190172,-27.510354,-50.112385,-0.093210,0.000167,-0.010708,0.000012,0.0410
-0.189871,-0.000000,-0.030867,-0.000000,-0.000450,-0.000045,-0.190646,-27.510354,-50.112385,-0.095841,0.000165,-0.013564,-0.000007,0.0400
-0.189871,-0.000000,-0.030867,-0.000000,-0.000028,0.000035,-0.192754,-27.510354,-50.112385,-0.098855,0.000163,-0.016359,0.000006,0.0400
-0.189871,-0.000000,-0.030867,-0.000000,0.000140,0.000712,-0.193096,-27.510354,-50.112385,-0.101286,0.000161,-0.018361,0.000004,0.0400
-0.189871,-0.000000,-0.030867,-0.000000,-0.000223,0.000738,-0.193203,-27.510354,-50.112385,-0.104006,0.000158,-0.020238,-0.000014,0.0400
-0.189871,-0.000000,-0.030867,-0.000000,0.000152,-0.001081,-0.193342,-27.510354,-50.112385,-0.106864,0.000156,-0.021959,-0.000040,0.0400
-0.189871,-0.000000,-0.030867,-0.000000,0.000010,-0.000059,-0.192352,-27.510354,-50.112385,-0.110066,0.000153,-0.023601,-0.000052,0.0610
-0.189871,-0.000000,-0.030867,-0.000000,-0.000014,-0.000368,-0.191609,-27.510354,-50.112385,-0.112720,0.000151,-0.024744,-0.000048,0.0400
-0.189871,-0.000000,-0.030867,-0.000000,0.000067,0.000200,-0.191611,-27.510354,-50.112385,-0.115423,0.000149,-0.025735,-0.000023,0.0400
-0.189871,-0.000000,-0.030867,-0.000000,0.000211,-0.000121,-0.192318,-27.510354,-50.112385,-0.117986,0.000147,-0.026539,-0.000027,0.0400
-0.189871,-0.000000,-0.030867,-0.000000,0.000541,0.000541,-0.192998,-27.510354,-50.112385,-0.120598,0.000145,-0.027234,-0.000011,0.0400
-0.189871,-0.000000,-0.030867,-0.000000,-0.000053,-0.000187,-0.192345,-27.510354,-50.112385,-0.122734,0.000143,-0.027736,-0.000002,0.0400
-0.189871,-0.000000,-0.030867,-0.000000,-0.000389,-0.000399,-0.192624,-27.510354,-50.112385,-0.125419,0.000141,-0.028253,0.000008,0.0400
-0.189871,-0.000000,-0.030867,-0.000000,0.000178,0.000055,-0.193247,-27.510354,-50.112385,-0.127667,0.000139,-0.028631,0.000008,0.0400
-0.189871,-0.000000,-0.030867,-0.000000,-0.000704,0.000075,-0.194605,-27.510354,-50.112385,-0.130380,0.000137,-0.029038,0.000011,0.0410
-0.189871,-0.000000,-0.030867,-0.000000,-0.000213,-0.000498,-0.195251,-27.510354,-50.112385,-0.132440,0.000136,-0.029312,-0.000007,0.0400
-0.189871,-0.000000,-0.030867,-0.000000,-0.000192,-0.000851,-0.195723,-27.510354,-50.112385,-0.134217,0.000135,-0.029490,0.000011,0.0410
0.000000,-0.000000,0.190344,0.000000,-0.000004,0.000291,-0.196396,-27.510353,-50.112385,-0.087715,0.000126,0.095949,0.000015,0.3390
0.000000,-0.000000,0.190344,0.000000,-0.000625,-0.001026,-0.197317,-27.510353,-50.112385,-0.025668,0.000119,0.156746,0.000007,0.3330
0.000000,-0.000000,0.190344,0.000000,-0.000598,-0.000687,-0.200274,-27.510353,-50.112385,0.029649,0.000113,0.177496,-0.000022,0.3160
0.000000,-0.000000,0.190344,0.000000,-0.000304,-0.001414,-0.199840,-27.510355,-50.112385,0.049623,0.000111,0.181357,-0.000028,0.1130
-0.189871,-0.000000,-0.236644,-0.000000,0.000235,0.000077,-0.201880,-27.510355,-50.112385,-0.071864,0.000103,-0.150469,-0.000016,0.3920
-0.189871,-0.000000,-0.236644,-0.000000,-0.000199,0.000520,-0.206495,-27.510355,-50.112385,-0.131063,0.000099,-0.197270,-0.000021,0.3300
-0.189871,-0.000000,-0.236644,-0.000000,0.000443,0.000656,-0.206533,-27.510355,-50.112385,-0.164205,0.000097,-0.211589,-0.000013,0.1090
-0.569612,-0.000000,-0.205778,-0.000000,0.000067,-0.000246,-0.211134,-27.510357,-50.112386,-0.229818,0.000093,-0.216308,-0.000014,0.2760
-0.569612,-0.000000,-0.205778,-0.000000,0.000029,-0.000067,-0.210557,-27.510357,-50.112386,-0.255761,0.000092,-0.213260,-0.000034,0.1170
-0.569612,-0.000000,-0.205778,-0.000000,0.000024,-0.000021,-0.210685,-27.510357,-50.112386,-0.269722,0.000091,-0.212065,0.000015,0.0400
-0.569612,-0.000000,-0.205778,-0.000000,-0.000241,-0.000010,-0.211125,-27.510357,-50.112386,-0.280281,0.000090,-0.211230,0.000008,0.0500
-0.569612,-0.000000,-0.205778,-0.000000,0.001635,0.000264,-0.211303,-27.510357,-50.112386,-0.290710,0.000090,-0.210472,-0.000004,0.0400
-0.569612,-0.000000,-0.205778,-0.000000,-0.000088,-0.000046,-0.210973,-27.510357,-50.112386,-0.297622,0.000089,-0.210046,0.000003,0.0490
-0.569612,-0.000000,-0.205778,-0.000000,0.008956,0.006980,-0.210459,-27.510357,-50.112386,-0.320945,0.000094,-0.207222,0.000726,0.0630
-0.569612,-0.000000,-0.205778,-0.000000,-0.000664,0.000331,-0.213256,-27.510357,-50.112386,-0.361437,0.000085,-0.206379,0.000272,0.1890
-0.569612,-0.000000,-0.205778,-0.000000,-0.000827,0.000537,-0.215408,-27.510357,-50.112386,-0.386638,0.000083,-0.206221,0.000186,0.1100
-0.569612,-0.000000,-0.205778,-0.000000,-0.001430,-0.000586,-0.217615,-27.510357,-50.112386,-0.411457,0.000082,-0.206109,0.000101,0.1020
-0.569612,-0.000000,-0.205778,-0.000000,0.000173,-0.000967,-0.220561,-27.510357,-50.112386,-0.430547,0.000081,-0.205990,0.000065,0.0900
-0.569612,-0.336803,0.000000,-0.169767,-0.000379,-0.000233,-0.221587,-27.510357,-50.112387,-0.436092,-0.004115,-0.192648,-0.010971,0.0410
-0.569612,-0.336803,0.000000,-0.169767,-0.000312,-0.000798,-0.222546,-27.510357,-50.112387,-0.437783,-0.019451,-0.150544,-0.045694,0.0770
-0.569612,-0.336803,0.000000,-0.169767,0.000118,-0.000146,-0.222461,-27.510357,-50.112387,-0.438800,-0.032219,-0.122626,-0.068752,0.0610
-0.569612,-0.336803,0.000000,-0.169767,0.000494,0.000228,-0.221203,-27.510357,-50.112387,-0.440999,-0.055793,-0.083731,-0.100786,0.1150
-0.569612,-0.336803,0.000000,-0.169767,0.001015,0.001789,-0.222204,-27.510357,-50.112387,-0.441837,-0.065974,-0.070830,-0.111361,0.0510
-0.569612,-0.336803,0.000000,-0.169767,-0.000721,-0.002360,-0.223761,-27.510357,-50.112387,-0.443081,-0.080886,-0.055429,-0.124106,0.0740
-0.569612,-0.336803,0.000000,-0.169767,-0.001037,-0.000095,-0.223898,-27.510357,-50.112387,-0.443353,-0.085018,-0.051660,-0.127244,0.0400
-0.569612,-0.336803,0.000000,-0.169767,-0.001037,-0.000095,-0.223898,-27.510357,-50.112387,-0.443353,-0.085018,-0.051660,-0.127244,0.0410
-0.569612,-0.336803,0.000000,-0.169767,-0.001037,-0.000095,-0.223898,-27.510357,-50.112387,-0.443353,-0.085018,-0.051660,-0.127244,0.0400
-0.569612,-0.336803,0.000000,-0.169767,-0.001037,-0.000095,-0.223898,-27.510357,-50.112387,-0.443353,-0.085018,-0.051660,-0.127244,0.0400
-0.569612,-0.336803,0.000000,-0.169767,-0.001037,-0.000095,-0.224400,-27.510357,-50.112387,-0.451235,-0.122427,-0.015263,-0.167539,0.0400
-0.569612,-0.336803,0.000000,-0.169767,-0.057570,-0.079819,-0.221775,-27.510357,-50.112387,-0.450556,-0.134653,-0.005982,-0.172537,0.0840
-0.569612,-0.336803,0.000000,-0.169767,-0.012587,-0.010862,-0.220228,-27.510357,-50.112387,-0.451726,-0.157415,-0.004853,-0.173771,0.1140
-0.569612,-0.336803,0.000000,-0.169767,-0.000615,-0.001131,-0.221260,-27.510357,-50.112387,-0.452821,-0.174204,-0.003252,-0.172487,0.0720
-0.569612,-0.336803,0.000000,0.000000,0.000482,0.000133,-0.223523,-27.510357,-50.112387,-0.457433,-0.186787,-0.000942,-0.058340,0.3900
-0.569612,-0.336803,0.000000,0.000000,-0.000605,-0.000215,-0.223267,-27.510357,-50.112387,-0.458581,-0.188135,-0.000701,-0.042769,0.0930
-0.569612,-0.336803,0.000000,0.000000,0.000237,0.000072,-0.224958,-27.510357,-50.112387,-0.463662,-0.194903,-0.000260,-0.010812,0.3890
-0.569612,-0.336803,0.000000,0.000000,-0.006958,0.035785,-0.220320,-27.510357,-50.112387,-0.464344,-0.195800,-0.000464,-0.010576,0.1030
-0.569612,-0.336803,0.000000,0.000000,0.031838,-0.015801,-0.222259,-27.510357,-50.112387,-0.465218,-0.196956,0.001614,-0.006697,0.0420
-0.569612,-0.336803,0.000000,0.000000,-0.058969,-0.084344,-0.221185,-27.510357,-50.112387,-0.468131,-0.200931,-0.001535,-0.006953,0.2860
-0.569612,-0.336803,0.000000,0.000000,0.211244,-0.013837,-0.213896,-27.510357,-50.112387,-0.472004,-0.206098,-0.000303,-0.003093,0.3900
-0.569612,-0.336803,0.000000,0.000000,-0.144761,-0.154488,-0.203979,-27.510357,-50.112387,-0.472743,-0.207089,-0.003335,-0.005703,0.0830
-0.569612,-0.336803,0.000000,0.000000,-0.026355,-0.080472,-0.157439,-27.510357,-50.112387,-0.475456,-0.210698,0.005687,-0.000719,0.2810
-0.569612,-0.336803,0.000000,0.000000,0.038127,-0.056789,-0.071611,-27.510357,-50.112387,-0.477326,-0.213398,-0.020213,-0.001349,0.2280
-0.569612,-0.336803,0.000000,0.000000,0.164409,-0.036015,0.057053,-27.510357,-50.112387,-0.477942,-0.214165,-0.021113,-0.003181,0.0650
-0.569612,-0.336803,0.000000,0.000000,0.436243,-0.003391,0.216336,-27.510357,-50.112387,-0.478395,-0.214759,0.001026,-0.001793,0.0400
-0.569612,-0.336803,0.000000,0.000000,-0.437709,-0.029566,0.345597,-27.510357,-50.112387,-0.478679,-0.215145,-0.004135,-0.000798,0.0400
-0.569612,-0.336803,0.000000,0.000000,-0.464498,-0.036208,0.345597,-27.510357,-50.112387,-0.478679,-0.215145,-0.004135,-0.000798,0.0400
-0.569612,-0.336803,0.000000,0.000000,-0.072258,0.117755,1.217513,-27.510357,-50.112387,-0.479591,-0.216438,-0.000473,0.002090,0.1000
-0.569612,-0.336803,0.000000,0.000000,0.314270,-0.651902,-3.885213,-27.510357,-50.112387,-0.483910,-0.219666,0.057856,-0.072441,0.4090
-0.569612,-0.000000,-0.000000,0.200633,0.400392,-0.184976,-6.295860,-27.510357,-50.112386,-0.484742,-0.215738,0.048493,-0.067558,0.0680
-0.569612,-0.000000,-0.000000,0.200633,-0.010246,0.204887,-26.116667,-27.510357,-50.112386,-0.487747,-0.132902,0.033419,0.164077,0.3590
-0.569612,-0.000000,-0.000000,0.200633,0.503339,0.138386,-35.017227,-27.510357,-50.112386,-0.488755,-0.100146,0.008495,0.241856,0.1840
-0.569612,-0.000000,-0.000000,0.200633,0.144091,0.811481,-46.133141,-27.510357,-50.112386,-0.490020,-0.059231,0.016643,0.309511,0.1750
-0.569612,-0.000000,0.000000,0.000000,0.277364,-0.045150,-57.455299,-27.510356,-50.112383,-0.491872,-0.005456,0.051101,0.299412,0.3140
-0.569612,-0.000000,0.000000,0.000000,-0.626428,0.191361,-58.748123,-27.510356,-50.112383,-0.492976,-0.003629,-0.013290,0.124959,0.2470
-0.569612,-0.000000,0.000000,0.000000,-0.493204,0.438561,-58.738102,-27.510356,-50.112383,-0.493231,-0.003744,-0.035142,0.125464,0.0460
-0.569612,-0.000000,0.000000,0.000000,0.255333,-0.725985,-59.338005,-27.510356,-50.112383,-0.494709,-0.003245,-0.016192,0.066796,0.2110
-0.569612,-0.000000,0.000000,0.000000,0.026510,0.575330,-62.468563,-27.510356,-50.112383,-0.496360,-0.002958,0.001671,0.079032,0.2780
-0.569612,-0.000000,0.000000,0.000000,-0.263956,1.192086,-62.515484,-27.510356,-50.112383,-0.496669,-0.003166,-0.003152,0.105982,0.0530
0.000000,0.673606,0.461728,0.546025,-0.190918,1.017715,-62.568363,-27.510353,-50.112378,-0.416483,0.096550,0.183213,0.438668,0.2520
0.000000,0.673606,0.461728,0.546025,0.003121,0.289103,-62.324177,-27.510353,-50.112378,-0.248819,0.299431,0.378626,0.585383,0.3400
0.000000,0.673606,0.461728,0.546025,0.374543,-0.309870,-62.194031,-27.510353,-50.112378,-0.181173,0.380660,0.422365,0.573891,0.1890
0.000000,0.673606,0.461728,0.546025,-0.291616,-0.110541,-62.272930,-27.510353,-50.112378,-0.040818,0.548627,0.421070,0.552674,0.2870
0.569612,0.336803,0.562389,-0.332532,0.016936,-0.408043,-62.169678,-27.510347,-50.112380,0.078078,0.518446,0.420190,0.205207,0.2250
0.569612,0.336803,0.562389,-0.332532,0.745578,-1.247507,-61.985176,-27.510347,-50.112380,0.205882,0.445715,0.531370,-0.159689,0.2010
0.569612,0.336803,0.562389,-0.332532,0.847005,-1.119932,-61.930233,-27.510347,-50.112380,0.338978,0.369138,0.645017,-0.405002,0.2310
0.569612,0.336803,0.562389,-0.332532,0.803968,-0.521455,-61.935677,-27.510347,-50.112380,0.401207,0.333188,0.679650,-0.441548,0.1130
0.569612,0.336803,0.562389,-0.332532,0.209189,0.436985,-62.014751,-27.510347,-50.112380,0.514066,0.267701,0.660491,-0.338458,0.2020
0.569612,0.336803,0.562389,-0.332532,-0.087964,1.042602,-62.082771,-27.510347,-50.112380,0.540305,0.252255,0.644861,-0.299307,0.0470
0.759482,1.010408,0.256807,0.911076,-0.271299,1.222374,-62.340385,-27.510345,-50.112373,0.624419,0.452537,0.389377,0.492420,0.2260
0.759482,1.010408,0.256807,0.911076,0.070779,0.895603,-62.131165,-27.510345,-50.112373,0.709935,0.752548,0.340035,0.933673,0.2880
0.759482,1.010408,0.256807,0.911076,-0.182387,-0.005335,-62.010529,-27.510345,-50.112373,0.812719,1.118101,0.247511,0.994927,0.4290
1.139223,1.684014,0.333479,0.591543,0.280537,-0.577989,-61.652122,-27.510342,-50.112366,0.909120,1.314616,0.343990,0.638931,0.3320
1.139223,1.684014,0.333479,0.591543,0.146825,-0.137766,-61.562668,-27.510342,-50.112366,1.081209,1.617712,0.362195,0.535228,0.4990
1.139223,1.684014,0.333479,0.591543,-0.095398,0.132509,-61.819244,-27.510338,-50.112359,1.166887,1.768848,0.354471,0.522065,0.2150
1.708835,2.694423,0.467376,0.829057,0.058664,0.076656,-62.042919,-27.510338,-50.112359,1.341016,2.076201,0.458835,0.694163,0.3480
1.708835,2.694423,0.467376,0.829057,0.411862,-0.378003,-66.959175,-27.510338,-50.112359,1.436629,2.245240,0.465219,0.763416,0.2490
1.708835,2.694423,0.467376,0.829057,0.273020,-0.624606,-68.160339,-27.510338,-50.112359,1.493180,2.345294,0.474214,0.748654,0.0440
1.708835,2.694423,0.467376,0.829057,-0.140094,-0.370267,-69.357101,-27.510338,-50.112359,1.652090,2.625715,0.450380,0.785180,0.3810
2.278447,3.368029,0.950030,1.123477,-0.316241,0.005373,-67.537918,-27.510331,-50.112350,1.822111,2.827871,0.662583,0.935760,0.1590
2.278447,3.368029,0.950030,1.123477,0.136703,-0.162860,-66.669998,-27.510331,-50.112350,2.046071,3.093532,0.789355,1.055568,0.2500
2.278447,3.368029,0.950030,1.123477,-0.112570,-0.017528,-66.541138,-27.510331,-50.112350,2.115587,3.175616,0.823655,1.059342,0.0720
2.278447,3.368029,0.950030,1.123477,-0.021344,0.479577,-65.022545,-27.510331,-50.112350,2.291510,3.384090,0.875134,1.107769,0.1990
2.278447,3.368029,0.950030,1.123477,0.027642,-0.110177,-63.581486,-27.510331,-50.112350,2.363469,3.469187,0.887908,1.110903,0.0790
2.278447,3.368029,0.950030,1.123477,-0.370114,0.146902,-63.225353,-27.510331,-50.112350,2.403333,3.516036,0.887864,1.119245,0.0400
2.278447,3.368029,0.950030,1.123477,-0.219445,0.209040,-63.078423,-27.510331,-50.112350,2.429826,3.547164,0.886845,1.128140,0.0400
2.278447,3.368029,0.950030,1.123477,-0.219280,0.209014,-63.078423,-27.510331,-50.112350,2.429826,3.547164,0.886845,1.128140,0.0400
2.278447,3.368029,0.950030,1.123477,0.142512,0.140217,-62.797318,-27.510331,-50.112350,2.529021,3.669345,0.924074,1.122524,0.0410
2.278447,3.368029,0.950030,1.123477,0.288253,-0.148113,-62.664124,-27.510331,-50.112350,2.590004,3.741190,0.952708,1.115592,0.0660
2.848059,4.378438,0.548219,0.972461,0.125011,0.277520,-62.592045,-27.510327,-50.112340,2.626606,3.802053,0.854401,1.084461,0.0580
2.848059,4.378438,0.548219,0.972461,0.268716,0.203680,-62.535259,-27.510327,-50.112340,2.666217,3.878830,0.748361,1.061208,0.0790
2.848059,4.378438,0.548219,0.972461,-0.009717,0.319532,-62.507030,-27.510327,-50.112340,2.692944,3.928400,0.713146,1.040674,0.0500
2.848059,4.378438,0.548219,0.972461,0.028079,0.129668,-62.432316,-27.510327,-50.112340,2.741388,4.016561,0.654123,1.046699,0.0890
2.848059,4.378438,0.548219,0.972461,0.743840,0.382501,-62.243023,-27.510327,-50.112340,2.793933,4.111272,0.645922,1.053779,0.0960
2.848059,4.378438,0.548219,0.972461,0.811129,1.059141,-62.373150,-27.510327,-50.112340,2.970667,4.429531,0.774685,1.126331,0.2460
3.607541,5.052043,0.850574,0.754398,-1.294783,-1.035786,-66.429466,-27.510322,-50.112330,3.156881,4.750234,0.518139,0.816975,0.4000
3.607541,5.052043,0.850574,0.754398,-0.337931,-1.112785,-67.137917,-27.510322,-50.112330,3.304798,4.881072,0.583073,0.628289,0.1860
3.607541,5.052043,0.850574,0.754398,-0.184891,0.322711,-68.461525,-27.510322,-50.112330,3.440512,5.000825,0.648276,0.640530,0.1580
3.607541,5.052043,0.850574,0.754398,-0.053622,0.717698,-71.667694,-27.510322,-50.112330,3.670445,5.203949,0.764245,0.834927,0.2690
3.607541,5.052043,0.850574,0.754398,0.194648,0.049023,-71.976013,-27.510322,-50.112330,3.733774,5.259768,0.794882,0.822646,0.0750
3.607541,5.052043,0.850574,0.754398,0.276910,-0.174800,-77.045761,-27.510322,-50.112330,3.901372,5.407549,0.832851,0.817660,0.1790
3.987283,6.736058,0.342888,1.520586,0.233384,-0.105589,-81.037994,-27.510317,-50.112316,4.070395,5.845082,0.621265,1.174540,0.3320
3.987283,6.736058,0.342888,1.520586,0.143916,0.124552,-87.350960,-27.510317,-50.112316,4.144167,6.180689,0.468576,1.361157,0.2390
3.987283,6.736058,0.342888,1.520586,-0.139907,0.085040,-87.897995,-27.510317,-50.112316,4.160435,6.256737,0.444980,1.390727,0.0530
3.987283,6.736058,0.342888,1.520586,-0.115610,0.692535,-88.425331,-27.510317,-50.112316,4.179924,6.351916,0.421655,1.447594,0.0610
3.987283,6.736058,0.342888,1.520586,-0.263590,0.461465,-88.515724,-27.510317,-50.112316,4.183810,6.370515,0.416162,1.457363,0.0400
3.987283,6.736058,0.342888,1.520586,-0.263590,0.461465,-88.515724,-27.510317,-50.112316,4.183810,6.370515,0.416162,1.457363,0.0400
3.987283,6.736058,0.342888,1.520586,0.017503,0.640869,-89.423035,-27.510317,-50.112316,4.238254,6.587353,0.368587,1.532843,0.0410
3.987283,6.736058,0.342888,1.520586,0.051180,-0.703313,-90.264053,-27.510317,-50.112316,4.253283,6.660302,0.356730,1.521683,0.0570
3.987283,6.736058,0.342888,1.520586,-0.484982,0.922976,-95.582870,-27.510317,-50.112316,4.298150,6.870052,0.326691,1.560026,0.1380
3.987283,6.736058,0.342888,1.520586,-0.077385,-0.075546,-97.364777,-27.510317,-50.112316,4.325756,6.996119,0.313852,1.579056,0.0840
4.556894,8.083270,0.699186,1.653674,-0.220701,-0.178622,-97.920906,-27.510311,-50.112300,4.358227,7.079207,0.361481,1.579742,0.0400
4.556894,8.083270,0.699186,1.653674,-0.041529,-0.261040,-98.387329,-27.510311,-50.112300,4.390521,7.171758,0.415453,1.590621,0.0410
4.556894,8.083270,0.699186,1.653674,-0.009943,0.266872,-98.850639,-27.510311,-50.112300,4.440652,7.286343,0.509023,1.620015,0.0700
4.556894,8.083270,0.699186,1.653674,0.125766,-0.406071,-99.255821,-27.510311,-50.112300,4.494071,7.411922,0.569856,1.644737,0.0740
4.556894,8.083270,0.699186,1.653674,-0.046853,-0.056798,-99.563217,-27.510311,-50.112300,4.534942,7.508411,0.603952,1.645201,0.0440
4.556894,8.083270,0.699186,1.653674,0.099116,0.016050,-99.850060,-27.510311,-50.112300,4.577779,7.611034,0.627657,1.657431,0.0790
4.556894,8.083270,0.699186,1.653674,0.113305,0.301492,-100.048409,-27.510311,-50.112300,4.612176,7.693272,0.645115,1.665899,0.0400
4.556894,8.083270,0.699186,1.653674,-0.108168,-0.412281,-100.364609,-27.510311,-50.112300,4.671084,7.835313,0.668065,1.662036,0.0830
4.556894,8.083270,0.699186,1.653674,0.310709,0.302764,-100.610222,-27.510311,-50.112300,4.722274,7.958437,0.682034,1.673468,0.0710
4.556894,8.083270,0.699186,1.653674,-0.035770,0.184733,-100.780380,-27.510311,-50.112300,4.750542,8.026379,0.686751,1.674743,0.0400
4.556894,8.083270,0.699186,1.653674,-0.034122,0.015664,-101.077354,-27.510311,-50.112300,4.770491,8.074342,0.685510,1.674642,0.0400
4.556894,8.083270,0.699186,1.653674,-0.145320,0.213800,-103.626602,-27.510311,-50.112300,4.835015,8.229936,0.692268,1.679235,0.0750
4.556894,8.083270,0.699186,1.653674,-0.138890,0.885176,-106.015648,-27.510311,-50.112300,4.869823,8.313540,0.695294,1.679367,0.0510
4.556894,8.083270,0.699186,1.653674,0.092111,0.759073,-108.422783,-27.510311,-50.112300,4.907293,8.403463,0.693461,1.722129,0.0560
4.556894,8.083270,0.699186,1.653674,0.047678,0.583689,-109.574715,-27.510311,-50.112300,4.939095,8.479407,0.695221,1.736773,0.0400
4.556894,8.083270,0.699186,1.653674,0.134189,0.502680,-109.689011,-27.510311,-50.112300,4.943148,8.489109,0.696098,1.737652,0.0580
4.556894,8.083270,0.699186,1.653674,0.503258,0.415348,-110.825836,-27.510311,-50.112300,5.021931,8.682545,0.702521,1.710129,0.0580
4.746765,9.767285,0.161386,1.431375,0.321601,0.335287,-111.135506,-27.510309,-50.112285,5.022254,8.733733,0.522036,1.618208,0.0400
4.746765,9.767285,0.161386,1.431375,0.288713,0.085631,-111.514626,-27.510309,-50.112285,5.022190,8.805819,0.389099,1.549706,0.0400
4.746765,9.767285,0.161386,1.431375,0.194840,-0.167552,-111.840965,-27.510309,-50.112285,5.029646,8.886482,0.335505,1.517084,0.0540
4.746765,9.767285,0.161386,1.431375,0.314682,0.254960,-112.086182,-27.510309,-50.112285,5.034143,8.950643,0.301054,1.501602,0.0440
4.746765,9.767285,0.161386,1.431375,0.222966,0.082169,-112.329941,-27.510309,-50.112285,5.039387,9.020729,0.280286,1.492091,0.0400
4.746765,9.767285,0.161386,1.431375,0.193819,-0.538113,-112.640831,-27.510309,-50.112285,5.050328,9.120582,0.265594,1.455002,0.0650
4.746765,9.767285,0.161386,1.431375,0.172008,0.232186,-112.827171,-27.510309,-50.112285,5.055421,9.182046,0.250529,1.451152,0.0400
4.746765,9.767285,0.161386,1.431375,0.222811,-0.070891,-113.003586,-27.510309,-50.112285,5.060725,9.243381,0.245542,1.448321,0.0490
4.746765,9.767285,0.161386,1.431375,0.208258,-0.086113,-113.265137,-27.510309,-50.112285,5.073585,9.331559,0.232450,1.431950,0.0420
4.746765,9.767285,0.161386,1.431375,0.099708,0.023812,-113.481308,-27.510309,-50.112285,5.080260,9.409943,0.212995,1.437515,0.0600
4.746765,9.767285,0.161386,1.431375,0.071363,-0.192141,-113.663574,-27.510309,-50.112285,5.086294,9.478022,0.207934,1.434744,0.0410
4.746765,9.767285,0.161386,1.431375,0.068927,-0.281119,-113.846313,-27.510309,-50.112285,5.093071,9.547397,0.193250,1.421448,0.0490
4.746765,9.767285,0.161386,1.431375,0.105297,0.018107,-114.004158,-27.510309,-50.112285,5.099600,9.616705,0.199061,1.419083,0.0500
4.746765,9.767285,0.161386,1.431375,-0.061339,-0.193685,-114.163025,-27.510309,-50.112285,5.106340,9.688730,0.190452,1.414547,0.0400
4.746765,9.767285,0.161386,1.431375,0.008433,-0.390297,-114.411583,-27.510309,-50.112285,5.117495,9.793028,0.173495,1.396293,0.0640
4.746765,9.767285,0.161386,1.431375,0.131266,0.156514,-114.564217,-27.510309,-50.112285,5.122985,9.850433,0.171949,1.396548,0.0450
4.746765,9.767285,0.161386,1.431375,0.147683,-0.047903,-115.103767,-27.510309,-50.112285,5.131345,9.936040,0.170302,1.404468,0.0600
4.746765,9.767285,0.161386,1.431375,0.060089,0.062295,-115.528442,-27.510309,-50.112285,5.137006,9.994360,0.172549,1.407715,0.0400
4.746765,9.767285,0.161386,1.431375,0.272394,0.415151,-115.831566,-27.510309,-50.112285,5.143113,10.058116,0.178888,1.429656,0.0410
4.746765,9.767285,0.161386,1.431375,0.271697,0.353682,-115.842033,-27.510309,-50.112285,5.143381,10.060942,0.179288,1.430371,0.0400
4.367023,10.777695,-0.390924,1.040165,-0.043598,-0.466573,-116.866844,-27.510313,-50.112274,5.142467,10.168736,0.017268,1.276798,0.0410
4.367023,10.777695,-0.390924,1.040165,-0.016519,0.080247,-118.275734,-27.510313,-50.112274,5.110205,10.226671,-0.197117,1.153710,0.0580
4.367023,10.777695,-0.390924,1.040165,0.320750,0.410115,-119.753258,-27.510313,-50.112274,5.090376,10.268002,-0.245220,1.132654,0.0400
4.367023,10.777695,-0.390924,1.040165,-0.065465,-0.121732,-122.155502,-27.510313,-50.112274,5.068034,10.319483,-0.283006,1.106975,0.0450
4.367023,10.777695,-0.390924,1.040165,0.512772,-0.083854,-124.396637,-27.510313,-50.112274,5.050828,10.359501,-0.293920,1.092595,0.0410
4.367023,10.777695,-0.390924,1.040165,0.234000,0.114024,-126.543144,-27.510313,-50.112274,5.029609,10.408972,-0.298382,1.091181,0.0410
4.367023,10.777695,-0.390924,1.040165,0.281311,-0.043519,-126.678452,-27.510313,-50.112274,5.027808,10.413182,-0.299017,1.090052,0.0400
4.367023,10.777695,-0.390924,1.040165,0.429732,0.101416,-128.234650,-27.510313,-50.112274,4.995552,10.516404,-0.307723,1.078617,0.0480
4.367023,10.777695,-0.390924,1.040165,0.093723,-0.189583,-128.989685,-27.510313,-50.112274,4.969677,10.574410,-0.342980,1.059453,0.0640
4.367023,10.777695,-0.390924,1.040165,0.250996,-0.256929,-129.613068,-27.510313,-50.112274,4.945216,10.633037,-0.352203,1.039747,0.0540
4.367023,10.777695,-0.390924,1.040165,0.324346,0.052695,-130.286575,-27.510313,-50.112274,4.913530,10.710456,-0.361327,1.039658,0.0700
4.367023,10.777695,-0.390924,1.040165,-0.146573,-0.367682,-130.679245,-27.510313,-50.112274,4.891011,10.765749,-0.370798,1.030399,0.0580
4.367023,10.777695,-0.390924,1.040165,0.065131,-0.171098,-131.045151,-27.510313,-50.112274,4.866046,10.827226,-0.380238,1.018390,0.0600
4.367023,10.777695,-0.390924,1.040165,0.061990,-0.169234,-131.076447,-27.510313,-50.112274,4.863505,10.833475,-0.380143,1.017945,0.0400
4.367023,10.777695,-0.390924,1.040165,0.061990,-0.169234,-131.076447,-27.510313,-50.112274,4.863505,10.833475,-0.380143,1.017945,0.0400
4.367023,10.777695,-0.390924,1.040165,-0.138902,-0.242985,-131.597427,-27.510313,-50.112274,4.791945,11.018291,-0.373995,1.046356,0.0760
4.367023,10.777695,-0.390924,1.040165,-0.227849,-0.407790,-131.697739,-27.510313,-50.112274,4.772596,11.065500,-0.390647,1.028646,0.0410
3.797411,12.124907,-0.412701,0.976094,0.316994,0.232796,-131.904419,-27.510319,-50.112264,4.722243,11.188427,-0.369166,1.040556,0.1250
3.797411,12.124907,-0.412701,0.976094,0.024814,-0.231683,-131.969543,-27.510319,-50.112264,4.702403,11.231067,-0.374312,1.021062,0.0410
3.797411,12.124907,-0.412701,0.976094,-0.090079,-0.548221,-132.050049,-27.510319,-50.112264,4.680851,11.277973,-0.385714,0.989383,0.0420
3.797411,12.124907,-0.412701,0.976094,0.451794,0.086368,-132.133942,-27.510319,-50.112264,4.656928,11.330895,-0.377513,0.986262,0.0550
3.797411,12.124907,-0.412701,0.976094,0.182122,-0.096207,-132.200592,-27.510319,-50.112264,4.636665,11.374759,-0.375318,0.983149,0.0400
3.797411,12.124907,-0.412701,0.976094,0.347606,-0.220129,-132.242126,-27.510319,-50.112264,4.624061,11.402280,-0.379286,0.974851,0.0400
3.797411,12.124907,-0.412701,0.976094,0.346157,-0.194834,-132.911240,-27.510319,-50.112264,4.593653,11.481150,-0.363236,0.994829,0.0400
3.797411,12.124907,-0.412701,0.976094,-0.192157,-0.009295,-133.520630,-27.510319,-50.112264,4.572581,11.525039,-0.389310,0.989415,0.0410
3.797411,12.124907,-0.412701,0.976094,-0.002944,-0.017798,-134.621613,-27.510319,-50.112264,4.552524,11.568294,-0.401387,0.981953,0.0410
3.797411,12.124907,-0.412701,0.976094,0.412428,-0.332170,-135.595398,-27.510319,-50.112264,4.538640,11.598563,-0.399754,0.972084,0.0400
3.797411,12.124907,-0.412701,0.976094,0.469546,-0.323843,-135.595398,-27.510319,-50.112264,4.538640,11.598563,-0.399754,0.972084,0.0400
3.797411,12.124907,-0.412701,0.976094,0.469546,-0.323843,-135.595398,-27.510319,-50.112264,4.538640,11.598563,-0.399754,0.972084,0.0400
3.797411,12.124907,-0.412701,0.976094,0.469546,-0.323843,-135.595398,-27.510319,-50.112264,4.538640,11.598563,-0.399754,0.972084,0.0400
3.797411,12.124907,-0.412701,0.976094,0.469546,-0.323843,-135.595398,-27.510319,-50.112264,4.538640,11.598563,-0.399754,0.972084,0.0400
3.797411,12.124907,-0.412701,0.976094,0.469546,-0.323843,-135.595398,-27.510319,-50.112264,4.538640,11.598563,-0.399754,0.972084,0.0400
3.797411,12.124907,-0.412701,0.976094,0.469546,-0.323843,-135.595398,-27.510319,-50.112264,4.538640,11.598563,-0.399754,0.972084,0.0400
3.797411,12.124907,-0.412701,0.976094,0.469546,-0.323843,-135.595398,-27.510319,-50.112264,4.538640,11.598563,-0.399754,0.972084,0.0400
3.797411,12.124907,-0.412701,0.976094,0.469546,-0.323843,-135.595398,-27.510319,-50.112264,4.538640,11.598563,-0.399754,0.972084,0.0400
3.797411,12.124907,-0.412701,0.976094,0.469546,-0.323843,-135.595398,-27.510319,-50.112264,4.538640,11.598563,-0.399754,0.972084,0.0400
3.797411,12.124907,-0.412701,0.976094,0.469546,-0.323843,-135.595398,-27.510319,-50.112264,4.538640,11.598563,-0.399754,0.972084,0.0400
3.797411,12.124907,-0.412701,0.976094,0.469546,-0.323843,-135.595398,-27.510329,-50.112258,4.538640,11.598563,-0.399754,0.972084,0.0400
3.797411,12.124907,-0.412701,0.976094,0.469546,-0.323843,-135.595398,-27.510329,-50.112258,4.538640,11.598563,-0.399754,0.972084,0.0400
3.797411,12.124907,-0.412701,0.976094,0.469546,-0.323843,-135.595398,-27.510329,-50.112258,4.538640,11.598563,-0.399754,0.972084,0.0400
2.468317,12.461709,-0.927548,0.235048,0.461315,-0.318989,-136.429596,-27.510329,-50.112258,4.048280,12.044535,-0.921087,0.257051,0.0420
2.468317,12.461709,-0.927548,0.235048,0.301641,0.326311,-136.521118,-27.510329,-50.112258,3.985212,12.052144,-0.928999,0.250911,0.0640
2.468317,12.461709,-0.927548,0.235048,-0.106668,-0.013698,-136.594955,-27.510329,-50.112258,3.925652,12.063927,-0.927096,0.248108,0.0530
2.468317,12.461709,-0.927548,0.235048,0.087359,-0.022911,-136.697815,-27.510329,-50.112258,3.814379,12.090509,-0.937916,0.243924,0.1140
2.468317,12.461709,-0.927548,0.235048,-0.138196,0.061809,-136.737381,-27.510329,-50.112258,3.730572,12.110887,-0.930146,0.249315,0.0840
2.468317,12.461709,-0.927548,0.235048,-0.059122,-0.330179,-136.749054,-27.510329,-50.112258,3.692510,12.120250,-0.931570,0.240648,0.0410
2.468317,12.461709,-0.927548,0.235048,0.188129,-0.119261,-136.784149,-27.510329,-50.112258,3.599912,12.143795,-0.928515,0.236135,0.0940
2.468317,12.461709,-0.927548,0.235048,0.275396,0.153975,-136.924973,-27.510329,-50.112258,3.371586,12.201706,-0.912402,0.248074,0.2290
2.468317,12.461709,-0.927548,0.235048,-0.242816,-0.346651,-136.941788,-27.510329,-50.112258,3.323309,12.213852,-0.912625,0.240255,0.0510
2.468317,12.461709,-0.927548,0.235048,0.383637,0.117842,-136.976486,-27.510329,-50.112258,3.267758,12.228052,-0.924159,0.232692,0.0560
2.468317,12.461709,-0.927548,0.235048,-0.254035,-0.527166,-136.992783,-27.510329,-50.112258,3.218943,12.240579,-0.928624,0.217917,0.0400
2.468317,12.461709,-0.927548,0.235048,-0.753665,-0.469814,-136.993759,-27.510337,-50.112258,3.215045,12.241596,-0.930863,0.215753,0.0400
1.708835,12.461709,-0.787100,-0.000000,-0.753613,-0.471126,-137.005569,-27.510337,-50.112258,3.117610,12.256001,-0.932232,0.080772,0.0400
1.708835,12.461709,-0.787100,-0.000000,-0.629414,-0.555768,-137.022537,-27.510337,-50.112258,3.069377,12.254824,-0.866745,0.005012,0.0680
1.708835,12.461709,-0.787100,-0.000000,-0.100676,-0.312052,-137.024963,-27.510337,-50.112258,3.018591,12.255813,-0.847772,-0.017293,0.0400
1.708835,12.461709,-0.787100,-0.000000,-0.455582,-0.313950,-137.027756,-27.510337,-50.112258,2.965643,12.257022,-0.873413,-0.041800,0.0760
1.708835,12.461709,-0.787100,-0.000000,-0.496627,-0.501502,-137.012222,-27.510337,-50.112258,2.924530,12.258206,-0.879052,-0.053310,0.0410
1.708835,12.461709,-0.787100,-0.000000,-0.599890,-0.606554,-136.986130,-27.510337,-50.112258,2.883419,12.259312,-0.897567,-0.071037,0.0490
1.708835,12.461709,-0.787100,-0.000000,-0.487814,-0.313582,-136.969498,-27.510337,-50.112258,2.846595,12.260454,-0.899864,-0.072883,0.0410
1.708835,12.461709,-0.787100,-0.000000,-0.918174,-0.808192,-136.956024,-27.510337,-50.112258,2.822305,12.261190,-0.900853,-0.078557,0.0400
1.708835,12.461709,-0.787100,-0.000000,-0.970955,-0.842305,-136.964584,-27.510337,-50.112258,2.754549,12.256037,-0.947890,-0.099681,0.0400
1.708835,12.461709,-0.787100,-0.000000,-0.067000,-0.570697,-136.966309,-27.510337,-50.112258,2.700904,12.259335,-0.878191,-0.063224,0.0750
1.708835,12.461709,-0.787100,-0.000000,-0.149084,0.043923,-137.027679,-27.510337,-50.112258,2.634038,12.261257,-0.842713,-0.050234,0.0820
1.708835,12.461709,-0.787100,-0.000000,0.725950,0.287748,-137.066071,-27.510337,-50.112258,2.598233,12.262143,-0.809801,-0.031253,0.0400
1.708835,12.461709,-0.787100,-0.000000,0.937729,0.437604,-137.085114,-27.510337,-50.112258,2.552234,12.262820,-0.767227,-0.005961,0.0540
1.708835,12.461709,-0.787100,-0.000000,0.358737,0.431238,-137.103256,-27.510337,-50.112258,2.510047,12.263363,-0.745259,0.016401,0.0400
1.708835,12.461709,-0.787100,-0.000000,0.668550,0.406355,-137.305603,-27.510337,-50.112258,2.457219,12.264312,-0.713229,0.044088,0.0410
1.708835,12.461709,-0.787100,-0.000000,1.033158,0.662040,-137.944870,-27.510337,-50.112258,2.417661,12.264467,-0.693652,0.056144,0.0540
1.708835,12.461709,-0.787100,-0.000000,0.753496,0.453465,-139.167236,-27.510349,-50.112254,2.376241,12.264520,-0.678619,0.066954,0.0400
0.379741,12.798512,-1.376362,0.348781,0.387752,0.438490,-140.599304,-27.510349,-50.112254,2.320260,12.276062,-0.752714,0.115609,0.0470
0.379741,12.798512,-1.376362,0.348781,0.672445,0.320755,-141.369995,-27.510349,-50.112254,2.247409,12.294885,-0.885341,0.189037,0.0490
0.379741,12.798512,-1.376362,0.348781,0.932046,0.567029,-141.849182,-27.510349,-50.112254,2.160819,12.316977,-0.970768,0.258101,0.0400
0.379741,12.798512,-1.376362,0.348781,1.050285,0.721274,-141.937485,-27.510349,-50.112254,2.140862,12.322013,-0.981293,0.270892,0.0400
0.379741,12.798512,-1.376362,0.348781,1.050285,0.721274,-142.443192,-27.510349,-50.112254,2.018582,12.355825,-1.111825,0.337226,0.0420
0.379741,12.798512,-1.376362,0.348781,0.333355,0.392090,-142.612579,-27.510349,-50.112254,1.946439,12.372301,-1.234225,0.356425,0.0640
0.379741,12.798512,-1.376362,0.348781,0.502170,0.103270,-142.766632,-27.510349,-50.112254,1.872703,12.389921,-1.268321,0.362654,0.0400
0.379741,12.798512,-1.376362,0.348781,0.203999,0.032177,-142.878036,-27.510349,-50.112254,1.806785,12.406753,-1.278314,0.361852,0.0400
0.379741,12.798512,-1.376362,0.348781,-0.123884,-0.128441,-143.010803,-27.510349,-50.112254,1.687300,12.436537,-1.307256,0.355429,0.0800
0.379741,12.798512,-1.376362,0.348781,0.033771,0.085829,-143.079056,-27.510349,-50.112254,1.591928,12.460786,-1.325165,0.342133,0.0680
0.379741,12.798512,-1.376362,0.348781,-0.157222,-0.406578,-143.145660,-27.510349,-50.112254,1.504840,12.482882,-1.346296,0.343407,0.0610
0.379741,12.798512,-1.376362,0.348781,-0.009786,0.139363,-143.164368,-27.510349,-50.112254,1.441149,12.499146,-1.354767,0.340783,0.0410
0.379741,12.798512,-1.376362,0.348781,-0.369412,-0.249084,-143.209137,-27.510349,-50.112254,1.358607,12.520186,-1.373935,0.338027,0.0540
0.379741,12.798512,-1.376362,0.348781,-0.197190,-0.342226,-143.231598,-27.510349,-50.112254,1.304297,12.534104,-1.383275,0.329045,0.0400
0.379741,12.798512,-1.376362,0.348781,-0.674272,-0.582047,-143.271317,-27.510349,-50.112254,1.231491,12.552959,-1.404113,0.313815,0.0400
0.379741,12.798512,-1.376362,0.348781,-0.537664,-0.503065,-143.273682,-27.510349,-50.112254,1.228643,12.553702,-1.404948,0.313114,0.0400
0.379741,12.798512,-1.376362,0.348781,-0.537664,-0.503065,-143.273682,-27.510349,-50.112254,1.228643,12.553702,-1.404948,0.313114,0.0400
0.379741,12.798512,-1.376362,0.348781,0.037790,0.175678,-143.270737,-27.510349,-50.112254,1.037451,12.598564,-1.379627,0.333250,0.0410
0.379741,12.798512,-1.376362,0.348781,-0.231288,-0.257463,-143.338501,-27.510349,-50.112254,0.967326,12.617223,-1.391727,0.334724,0.0530
-0.759483,13.135314,-1.050806,0.310663,-0.555845,-0.121918,-143.546021,-27.510359,-50.112250,0.922926,12.632199,-1.286514,0.320485,0.0400
-0.759483,13.135314,-1.050806,0.310663,-0.116370,-0.040817,-144.012726,-27.510359,-50.112250,0.848461,12.654811,-1.212373,0.313719,0.0640
-0.759483,13.135314,-1.050806,0.310663,0.251914,0.302515,-144.284393,-27.510359,-50.112250,0.806837,12.667535,-1.169677,0.320789,0.0400
-0.759483,13.135314,-1.050806,0.310663,-0.297398,0.039032,-144.663925,-27.510359,-50.112250,0.740129,12.687562,-1.141279,0.317477,0.0400
-0.759483,13.135314,-1.050806,0.310663,0.341636,-0.192487,-145.581955,-27.510359,-50.112250,0.667422,12.709341,-1.116994,0.308167,0.0830
-0.759483,13.135314,-1.050806,0.310663,0.477717,0.194192,-147.510376,-27.510359,-50.112250,0.593556,12.731438,-1.113226,0.299740,0.0650
-0.759483,13.135314,-1.050806,0.310663,-0.189410,0.328857,-148.531158,-27.510359,-50.112250,0.540926,12.747050,-1.100094,0.318313,0.0410
-0.759483,13.135314,-1.050806,0.310663,-0.370083,-0.256963,-148.931320,-27.510359,-50.112250,0.503982,12.758037,-1.102064,0.313334,0.0410
-0.759483,13.135314,-1.050806,0.310663,-0.370044,-0.256892,-149.425095,-27.510359,-50.112250,0.415081,12.783743,-1.082865,0.315157,0.0410
-0.759483,13.135314,-1.050806,0.310663,0.474131,0.429156,-149.754471,-27.510359,-50.112250,0.350062,12.803029,-1.074396,0.319610,0.0770
-0.759483,13.135314,-1.050806,0.310663,0.791470,0.394667,-150.106491,-27.510359,-50.112250,0.254335,12.830838,-1.003890,0.343317,0.0860
-0.759483,13.135314,-1.050806,0.310663,0.833319,0.331845,-152.133957,-27.510359,-50.112250,0.132992,12.865843,-0.944553,0.358898,0.1030
-0.759483,13.135314,-1.050806,0.310663,1.847954,1.102164,-157.769958,-27.510359,-50.112250,-0.125358,12.940686,-0.706251,0.499737,0.2100
-2.278448,13.808920,-1.297963,0.575599,1.915586,0.708306,-158.823212,-27.510371,-50.112246,-0.350720,13.039425,-0.713015,0.616432,0.1900
-2.278448,13.808920,-1.297963,0.575599,-0.255435,0.088556,-160.268219,-27.510371,-50.112246,-0.741459,13.209553,-1.004461,0.618372,0.2500
-2.278448,13.808920,-1.297963,0.575599,-1.388527,0.386502,-161.138519,-27.510371,-50.112246,-1.176654,13.401802,-1.412016,0.677251,0.3420
-2.278448,13.808920,-1.297963,0.575599,-1.145527,0.701171,-161.193680,-27.510371,-50.112246,-1.222752,13.422105,-1.440720,0.692786,0.0400
-2.278448,13.808920,-1.297963,0.575599,-1.585189,0.170437,-161.295959,-27.510371,-50.112246,-1.373845,13.488550,-1.517551,0.693126,0.0610
-3.037930,13.808920,-0.751089,-0.000000,0.749693,0.042998,-165.761078,-27.510380,-50.112244,-1.826385,13.557597,-0.883592,0.183056,0.4960
-3.037930,13.808920,-0.751089,-0.000000,0.239621,-0.041981,-166.419250,-27.510380,-50.112244,-1.876083,13.558398,-0.818028,0.149010,0.0940
-3.037930,13.808920,-0.751089,-0.000000,0.292310,-0.177896,-167.417465,-27.510380,-50.112244,-1.932117,13.559001,-0.782456,0.107014,0.0410
-3.037930,13.808920,-0.751089,-0.000000,0.223594,-0.701271,-173.209595,-27.510380,-50.112244,-2.227920,13.564148,-0.592555,-0.030415,0.3670
-4.556895,13.472117,-1.496693,-0.331864,-0.279766,-0.011924,-176.689041,-27.510393,-50.112249,-2.653216,13.497461,-1.035287,-0.206381,0.3290
-4.556895,13.472117,-1.496693,-0.331864,0.775007,-0.294978,171.607147,-27.510393,-50.112249,-3.083591,13.407551,-1.256336,-0.300010,0.2700
-4.556895,13.472117,-1.496693,-0.331864,1.330147,-0.102572,160.251221,-27.510393,-50.112249,-3.634122,13.292894,-1.303173,-0.385977,0.3550
-5.885989,12.798512,-1.238963,-0.627926,0.141166,-0.485026,154.388565,-27.510406,-50.112256,-4.111758,13.130184,-1.261499,-0.517406,0.3260
-5.885989,12.798512,-1.238963,-0.627926,-0.432121,-0.507315,153.114365,-27.510406,-50.112256,-4.356065,13.011895,-1.234311,-0.622724,0.2110
-5.885989,12.798512,-1.238963,-0.627926,-0.353672,-0.583789,152.909088,-27.510406,-50.112256,-4.419646,12.981271,-1.251821,-0.648236,0.0400
-5.885989,12.798512,-1.238963,-0.627926,0.724454,-0.175545,143.624527,-27.510406,-50.112256,-4.850340,12.771829,-1.263296,-0.653823,0.3040
-6.835342,11.451302,-0.823808,-1.169053,0.270393,-0.326266,135.920212,-27.510414,-50.112267,-5.226630,12.558365,-1.211409,-0.730949,0.3290
-6.835342,11.451302,-0.823808,-1.169053,0.257824,-0.186129,133.341827,-27.510414,-50.112267,-5.375506,12.357641,-1.000641,-0.984690,0.1250
-6.835342,11.451302,-0.823808,-1.169053,0.159257,-0.161054,121.020477,-27.510414,-50.112267,-5.679078,11.948394,-0.842721,-1.145419,0.3460
-6.835342,11.451302,-0.823808,-1.169053,0.033549,-0.559089,115.933228,-27.510414,-50.112267,-5.790469,11.797423,-0.842955,-1.164905,0.1630
-6.835342,11.451302,-0.823808,-1.169053,0.148665,-0.347892,108.473137,-27.510414,-50.112267,-6.044969,11.452445,-0.824980,-1.217846,0.2530
-7.215083,10.104091,-0.434060,-1.539917,0.008042,-0.210108,98.589706,-27.510418,-50.112283,-6.208585,10.981766,-0.602297,-1.463787,0.3020
-7.215083,10.104091,-0.434060,-1.539917,-0.055342,-0.556704,95.538101,-27.510418,-50.112283,-6.259641,10.814488,-0.552994,-1.535831,0.1450
-7.215083,10.104091,-0.434060,-1.539917,-0.451111,-0.325878,94.719414,-27.510418,-50.112283,-6.280515,10.745221,-0.540622,-1.554719,0.0450
-7.215083,10.104091,-0.434060,-1.539917,-0.286888,-1.108973,85.557381,-27.510418,-50.112283,-6.395580,10.368799,-0.522668,-1.625469,0.2160
-7.215083,10.104091,-0.434060,-1.539917,-0.470459,-0.573710,83.006012,-27.510418,-50.112283,-6.535820,9.910350,-0.545678,-1.659727,0.3180
-7.025213,8.083275,0.180465,-1.920707,-0.378932,-0.186220,82.616081,-27.510415,-50.112301,-6.545798,9.714363,-0.437743,-1.740064,0.1060
-7.025213,8.083275,0.180465,-1.920707,0.072571,0.000300,75.160751,-27.510415,-50.112301,-6.508510,9.202688,-0.142232,-1.923770,0.2590
-7.025213,8.083275,0.180465,-1.920707,-0.118331,-1.250648,69.331009,-27.510415,-50.112301,-6.495182,9.039068,-0.068891,-1.983505,0.0800
-7.025213,8.083275,0.180465,-1.920707,-0.804122,-1.186182,64.647545,-27.510415,-50.112301,-6.484205,8.901670,-0.046372,-2.029296,0.0660
-7.025213,8.083275,0.180465,-1.920707,-0.874192,-1.042201,61.387745,-27.510415,-50.112301,-6.467296,8.678542,-0.032834,-2.075802,0.1150
-7.025213,8.083275,0.180465,-1.920707,-0.805638,-0.633247,60.109905,-27.510415,-50.112301,-6.452075,8.481955,-0.043670,-2.084810,0.1080
-7.025213,8.083275,0.180465,-1.920707,-0.765576,-0.716994,58.938877,-27.510415,-50.112301,-6.443290,8.371624,-0.044380,-2.092975,0.0560
-7.025213,8.083275,0.180465,-1.920707,-0.426192,-0.032334,57.169918,-27.510415,-50.112301,-6.434533,8.271845,-0.030144,-2.071882,0.0400
-6.075860,6.736064,1.152739,-1.635833,-0.264235,-0.042453,46.335110,-27.510406,-50.112318,-6.354996,7.813692,0.101321,-2.005809,0.2270
-6.075860,6.736064,1.152739,-1.635833,-0.410035,0.023222,43.743622,-27.510406,-50.112318,-6.062997,7.376885,0.616179,-1.808047,0.2750
-6.075860,6.736064,1.152739,-1.635833,-0.524509,-0.005127,43.515675,-27.510406,-50.112318,-6.005687,7.299442,0.686114,-1.777380,0.0400
-6.075860,6.736064,1.152739,-1.635833,-0.694005,-0.260515,43.041176,-27.510406,-50.112318,-5.834139,7.043186,0.842591,-1.718534,0.1080
-6.075860,6.736064,1.152739,-1.635833,-0.633213,0.086493,42.890392,-27.510406,-50.112318,-5.499915,6.559747,0.923891,-1.688412,0.3240
-4.367024,5.725656,1.673882,-0.989741,-1.046793,0.011224,37.920189,-27.510392,-50.112329,-5.206031,6.195109,0.984354,-1.590360,0.2530
-4.367024,5.725656,1.673882,-0.989741,-0.628593,0.008528,37.329800,-27.510392,-50.112329,-5.129184,6.154119,1.050267,-1.509393,0.0480
-4.367024,5.725656,1.673882,-0.989741,-1.141432,-0.343224,36.711063,-27.510392,-50.112329,-5.006573,6.079070,1.120920,-1.409638,0.0430
-4.367024,5.725656,1.673882,-0.989741,-0.494295,-0.083777,35.419460,-27.510392,-50.112329,-4.623963,5.850531,1.291931,-1.186883,0.2230
-4.367024,5.725656,1.673882,-0.989741,-0.474450,0.245108,34.776241,-27.510392,-50.112329,-4.356916,5.692733,1.334780,-1.112574,0.1790
-4.367024,5.725656,1.673882,-0.989741,-0.747839,0.032705,34.505508,-27.510392,-50.112329,-4.226402,5.615860,1.377491,-1.078128,0.0780
-4.367024,5.725656,1.673882,-0.989741,-0.793625,0.229307,34.298901,-27.510392,-50.112329,-4.119392,5.554609,1.399357,-1.060558,0.0630
-4.367024,5.725656,1.673882,-0.989741,-0.655912,0.031733,34.095787,-27.510392,-50.112329,-4.018826,5.487437,1.416103,-1.033442,0.0470
-4.367024,5.725656,1.673882,-0.989741,-0.261661,0.373302,33.920277,-27.510392,-50.112329,-3.914107,5.427183,1.481406,-1.011942,0.0780
-4.367024,5.725656,1.673882,-0.989741,-0.155435,0.501099,33.794846,-27.510392,-50.112329,-3.832125,5.379550,1.520101,-0.989393,0.0470
-4.367024,5.725656,1.673882,-0.989741,0.058269,0.137935,33.486172,-27.510392,-50.112329,-3.726243,5.317293,1.560073,-0.972304,0.0570
-4.367024,5.725656,1.673882,-0.989741,-0.081305,0.269151,32.678066,-27.510392,-50.112329,-3.607849,5.247458,1.568380,-0.957690,0.0800
-2.658189,4.715248,1.642885,-0.971412,0.427307,0.795963,31.922129,-27.510376,-50.112335,-3.397291,5.123099,1.599839,-0.903303,0.1110
-2.658189,4.715248,1.642885,-0.971412,-0.261761,-0.033492,31.369514,-27.510376,-50.112335,-2.957406,4.863454,1.610432,-0.897059,0.2750
-2.658189,4.715248,1.642885,-0.971412,-0.334795,-0.007677,31.290825,-27.510376,-50.112335,-2.876262,4.815526,1.598592,-0.904453,0.0510
-2.658189,4.715248,1.642885,-0.971412,-0.167045,0.407225,31.036455,-27.510376,-50.112335,-2.798295,4.769253,1.596383,-0.903694,0.0400
-2.658189,4.715248,1.642885,-0.971412,-0.539092,0.216723,30.841177,-27.510376,-50.112335,-2.771824,4.753566,1.592041,-0.903163,0.0400
-2.658189,4.715248,1.642885,-0.971412,-0.441446,0.370271,20.911657,-27.510376,-50.112335,-2.354092,4.507439,1.629168,-0.917486,0.2190
-2.658189,4.715248,1.642885,-0.971412,-0.421188,0.286757,18.376463,-27.510376,-50.112335,-1.971545,4.281170,1.615443,-0.907934,0.2370
-1.139224,4.378446,1.456514,-0.322955,-0.059570,0.140130,18.173899,-27.510363,-50.112340,-1.904957,4.262498,1.581406,-0.829421,0.0450
-1.139224,4.378446,1.456514,-0.322955,0.332511,0.287926,17.860416,-27.510363,-50.112340,-1.826652,4.249381,1.571662,-0.725225,0.0400
-1.139224,4.378446,1.456514,-0.322955,0.305547,0.238556,11.534949,-27.510363,-50.112340,-1.265323,4.125988,1.478427,-0.381008,0.3640
-1.139224,4.378446,1.456514,-0.322955,0.055854,0.728599,5.141186,-27.510363,-50.112340,-0.819508,4.030964,1.438414,-0.318942,0.3230
-1.139224,4.378446,1.456514,-0.322955,-0.097520,0.241323,3.570869,-27.510363,-50.112340,-0.750392,4.016261,1.438018,-0.303230,0.0410
0.189870,4.041643,1.401296,-0.355100,0.122512,0.106643,0.814669,-27.510350,-50.112341,-0.325311,3.920260,1.416483,-0.294936,0.2580
0.189870,4.041643,1.401296,-0.355100,-0.027656,0.329278,-3.734474,-27.510350,-50.112341,0.011857,3.837876,1.398343,-0.302413,0.2780
0.189870,4.041643,1.401296,-0.355100,-0.132187,0.216565,-4.970085,-27.510350,-50.112341,0.193160,3.793415,1.384723,-0.303020,0.1300
0.189870,4.041643,1.401296,-0.355100,0.032576,0.463750,-5.267923,-27.510350,-50.112341,0.258907,3.777216,1.402950,-0.302552,0.0460
0.189870,4.041643,1.401296,-0.355100,-0.001488,0.306282,-5.599992,-27.510350,-50.112341,0.348267,3.755425,1.403022,-0.294355,0.0490
0.189870,4.041643,1.401296,-0.355100,0.271695,-0.129444,-6.027766,-27.510350,-50.112341,0.427563,3.735957,1.418822,-0.301614,0.0630
0.189870,4.041643,1.401296,-0.355100,0.430068,0.039046,-7.551301,-27.510350,-50.112341,0.523289,3.712452,1.422884,-0.310655,0.0460
0.189870,4.041643,1.401296,-0.355100,-0.011851,-0.037233,-9.452581,-27.510350,-50.112341,0.589749,3.696179,1.402206,-0.318452,0.0690
0.189870,4.041643,1.401296,-0.355100,-0.172083,0.353327,-12.704993,-27.510350,-50.112341,0.678064,3.674507,1.389626,-0.307798,0.0410
0.189870,4.041643,1.401296,-0.355100,0.616809,-0.124255,-16.664032,-27.510350,-50.112341,0.903346,3.619566,1.429839,-0.304663,0.1510
1.708835,4.378446,1.426379,0.316274,-0.745632,0.040225,-19.936201,-27.510337,-50.112339,1.111751,3.665358,1.405714,-0.069615,0.1650
1.708835,4.378446,1.426379,0.316274,0.253856,0.081517,-22.545929,-27.510337,-50.112339,1.191666,3.684768,1.398549,0.003136,0.0590
1.708835,4.378446,1.426379,0.316274,-0.586109,0.017727,-29.813427,-27.510337,-50.112339,1.636393,3.790338,1.398451,0.250534,0.2970
1.708835,4.378446,1.426379,0.316274,0.096607,0.740955,-36.560909,-27.510337,-50.112339,1.883908,3.849304,1.387206,0.344014,0.1870
1.708835,4.378446,1.426379,0.316274,-0.148188,-0.028953,-37.458187,-27.510337,-50.112339,1.939279,3.862516,1.389933,0.347765,0.0410
1.708835,4.378446,1.426379,0.316274,-0.210081,0.305270,-40.949657,-27.510337,-50.112339,2.091812,3.899154,1.390759,0.340206,0.0480
3.417670,4.378446,1.862289,0.000000,0.190749,0.279322,-52.541721,-27.510323,-50.112338,2.626398,3.961555,1.594882,0.279899,0.3550
3.417670,4.378446,1.862289,0.000000,1.303871,1.186520,-53.882870,-27.510323,-50.112338,3.166422,3.967277,1.916028,0.230153,0.3030
3.417670,4.378446,1.862289,0.000000,0.836825,3.059119,-52.480869,-27.510323,-50.112338,3.760024,3.973657,2.155677,0.466888,0.3230
4.367023,4.715249,1.071490,0.380134,-0.102163,2.545873,-51.688400,-27.510313,-50.112336,4.207330,3.985096,2.089154,0.706074,0.2470
4.367023,4.715249,1.071490,0.380134,-0.413751,2.293253,-51.781895,-27.510313,-50.112336,4.247250,4.000327,1.941668,0.747572,0.0400
4.367023,4.715249,1.071490,0.380134,-1.539058,1.834758,-52.601440,-27.510313,-50.112336,4.503977,4.100005,1.287250,0.874605,0.2340
4.367023,4.715249,1.071490,0.380134,-0.435665,-0.496505,-53.506729,-27.510313,-50.112336,4.897298,4.252182,0.943000,0.674852,0.3550
4.367023,4.715249,1.071490,0.380134,0.318420,-1.140055,-53.820641,-27.510313,-50.112336,5.011431,4.295346,0.979775,0.547584,0.1300
4.367023,4.715249,1.071490,0.380134,0.251068,-1.223832,-54.152508,-27.510313,-50.112336,5.091633,4.325888,1.018972,0.433848,0.0760
4.367023,4.715249,1.071490,0.380134,0.051993,-0.173727,-54.850388,-27.510313,-50.112336,5.181839,4.360427,1.026128,0.385545,0.0430
4.556894,3.704840,0.293577,-1.562289,-1.443032,-0.405549,-56.295975,-27.510311,-50.112348,5.303016,4.094214,0.396671,-0.570014,0.2770
4.556894,3.704840,0.293577,-1.562289,-0.897837,1.098994,-55.679920,-27.510311,-50.112348,5.340387,3.874257,0.261603,-0.855845,0.1650
4.556894,3.704840,0.293577,-1.562289,-0.996360,1.899701,-55.280079,-27.510311,-50.112348,5.356700,3.776665,0.233001,-0.930532,0.0640
4.556894,3.704840,0.293577,-1.562289,-0.830839,1.789072,-53.937202,-27.510311,-50.112348,5.456603,3.173240,0.277979,-0.992378,0.3580
4.556894,3.704840,0.293577,-1.562289,-1.571499,-0.673865,-53.924900,-27.510311,-50.112348,5.509748,2.855132,0.060993,-1.221126,0.2180
3.987283,1.684022,-0.499656,-1.772637,-0.423826,-0.778182,-53.212109,-27.510317,-50.112366,5.473983,2.719001,-0.100281,-1.371535,0.1010
3.987283,1.684022,-0.499656,-1.772637,0.189283,-0.697163,-52.800644,-27.510317,-50.112366,5.441523,2.614060,-0.159437,-1.504033,0.0570
3.987283,1.684022,-0.499656,-1.772637,0.872923,-0.694907,-52.434814,-27.510317,-50.112366,5.393276,2.461470,-0.209854,-1.650403,0.0830
3.987283,1.684022,-0.499656,-1.772637,1.305724,-0.899744,-52.273941,-27.510317,-50.112366,5.364487,2.371045,-0.199113,-1.711558,0.0410
3.987283,1.684022,-0.499656,-1.772637,0.368522,-0.437733,-52.117680,-27.510317,-50.112366,5.341074,2.262682,-0.157266,-1.787775,0.0400
3.987283,1.684022,-0.499656,-1.772637,0.617840,-0.714285,-51.737324,-27.510317,-50.112366,5.183793,1.776579,-0.262481,-1.898155,0.2650
3.987283,1.684022,-0.499656,-1.772637,2.744870,-2.572496,-51.754879,-27.510317,-50.112366,5.008040,1.217020,-0.013334,-2.195276,0.3060
2.468318,-0.336796,-1.567152,-2.084926,1.801783,-1.466251,-51.698238,-27.510330,-50.112387,4.563772,0.540036,-0.381183,-2.687957,0.3530
2.468318,-0.336796,-1.567152,-2.084926,1.374397,-1.320872,-51.733898,-27.510330,-50.112387,4.151643,0.006435,-0.782411,-2.593643,0.2180
2.468318,-0.336796,-1.567152,-2.084926,0.903121,-1.301906,-52.652256,-27.510330,-50.112387,3.601336,-0.704124,-1.033385,-2.577492,0.3400
2.468318,-0.336796,-1.567152,-2.084926,-0.675330,0.469964,-53.562004,-27.510330,-50.112387,3.367467,-1.006459,-1.268419,-2.380218,0.1880
2.278447,-1.347204,-0.152964,-0.814008,-1.219563,0.809836,-53.935135,-27.510332,-50.112396,3.332388,-1.075646,-1.189883,-2.131597,0.0580
2.278447,-1.347204,-0.152964,-0.814008,-1.238387,1.800816,-54.932594,-27.510332,-50.112396,3.291804,-1.237825,-0.890907,-1.279815,0.1890
2.278447,-1.347204,-0.152964,-0.814008,0.184845,0.314263,-55.841576,-27.510332,-50.112396,3.232882,-1.471303,-0.469967,-0.872893,0.2470
2.278447,-1.347204,-0.152964,-0.814008,0.180656,0.718254,-56.012569,-27.510332,-50.112396,3.208286,-1.573005,-0.335315,-0.812044,0.1670
2.278447,-1.347204,-0.152964,-0.814008,0.033218,0.715417,-56.087521,-27.510332,-50.112396,3.196472,-1.622823,-0.292225,-0.778133,0.0570
2.468318,-1.347204,0.180056,0.000000,0.455740,-0.154185,-56.203484,-27.510331,-50.112397,3.150996,-1.850738,-0.085846,-0.618828,0.3320
2.468318,-1.347204,0.180056,0.000000,-0.087570,0.202821,-56.025196,-27.510331,-50.112397,3.177149,-1.848081,0.021341,-0.314456,0.2040
2.468318,-1.347204,0.180056,0.000000,-0.149611,0.300622,-55.959251,-27.510331,-50.112397,3.184939,-1.845081,0.040167,-0.247265,0.0400
2.468318,-1.347204,0.180056,0.000000,0.223805,-0.337089,-55.939816,-27.510331,-50.112397,3.227746,-1.840362,0.136178,-0.108382,0.2610
2.468318,-1.347204,0.180056,0.000000,0.074833,-0.146534,-55.897858,-27.510331,-50.112397,3.271321,-1.835241,0.215504,-0.055738,0.2800
2.468318,-1.347204,0.180056,0.000000,0.258434,-0.611633,-55.598034,-27.510331,-50.112397,3.287601,-1.832921,0.219325,-0.048162,0.1600
2.278447,-1.684007,-0.053053,-0.094109,-0.149888,0.122408,-55.238716,-27.510333,-50.112400,3.280037,-1.840494,0.156641,-0.076521,0.0930
2.278447,-1.684007,-0.053053,-0.094109,0.734864,-1.176453,-54.299026,-27.510333,-50.112400,3.252589,-1.867021,0.097561,-0.196283,0.2660
2.278447,-1.684007,-0.053053,-0.094109,0.859226,-1.944344,-54.322826,-27.510333,-50.112400,3.235002,-1.882941,0.159591,-0.388877,0.2270
2.278447,-1.684007,-0.053053,-0.094109,0.630619,-1.568984,-54.361874,-27.510333,-50.112400,3.229350,-1.884809,0.160334,-0.411832,0.0410
2.278447,-1.684007,-0.053053,-0.094109,0.867219,-1.214628,-54.455143,-27.510333,-50.112400,3.227687,-1.898459,0.147531,-0.388020,0.0400
2.278447,-1.684007,0.000000,0.000000,-0.093624,0.355695,-54.418140,-27.510332,-50.112399,3.198231,-1.921887,-0.013971,-0.136820,0.3470
2.278447,-1.684007,0.000000,0.000000,0.225788,0.044543,-54.678757,-27.510332,-50.112399,3.188165,-1.919292,-0.022709,0.008223,0.2660
2.278447,-1.684007,0.000000,0.000000,0.122847,0.178441,-54.628933,-27.510332,-50.112399,3.185652,-1.918680,-0.012454,0.016347,0.0420
2.278447,-1.684007,0.000000,0.000000,-0.551971,0.627230,-54.397049,-27.510332,-50.112399,3.176187,-1.916023,-0.078362,0.065173,0.2410
2.278447,-1.684007,0.000000,0.000000,-0.846342,0.135226,-54.980446,-27.510332,-50.112399,3.165011,-1.913691,-0.015676,0.232684,0.2830
2.278447,-1.684007,0.000000,0.000000,-0.379644,-0.143766,-55.137749,-27.510332,-50.112399,3.161780,-1.913634,-0.042359,0.182943,0.1120
2.278447,-1.347204,-0.000000,0.390978,-0.209142,0.404046,-55.252724,-27.510331,-50.112397,3.159553,-1.900412,-0.055911,0.188683,0.0410
2.278447,-1.347204,-0.000000,0.390978,3.814608,2.233929,-55.441662,-27.510331,-50.112397,3.154932,-1.853013,0.046335,0.198278,0.1290
2.278447,-1.347204,-0.000000,0.390978,0.104796,0.392407,-55.994171,-27.510331,-50.112397,3.147690,-1.773594,0.072591,0.217840,0.1810
2.278447,-1.347204,-0.000000,0.390978,0.257918,0.100361,-55.958652,-27.510331,-50.112397,3.140910,-1.692698,0.063080,0.295424,0.2160
2.278447,-1.347204,-0.000000,0.390978,0.279935,0.049128,-55.961761,-27.510331,-50.112397,3.138822,-1.671104,0.061753,0.311839,0.0560
2.278447,-1.347204,-0.000000,0.390978,0.042370,-0.142799,-55.957344,-27.510331,-50.112397,3.136856,-1.653356,0.053134,0.318125,0.0400
2.278447,-1.347204,-0.000000,0.390978,0.234785,0.098834,-55.958149,-27.510331,-50.112397,3.136340,-1.648080,0.053880,0.322471,0.0400
2.278447,-1.347204,-0.000000,0.390978,0.234785,0.098834,-55.958149,-27.510331,-50.112397,3.136340,-1.648080,0.053880,0.322471,0.0400
2.278447,-1.347204,-0.000000,0.390978,0.083781,0.017340,-55.951488,-27.510331,-50.112397,3.139679,-1.597846,0.025246,0.367021,0.0410
2.278447,-1.347204,-0.000000,0.390978,0.118811,-0.058526,-55.958714,-27.510331,-50.112397,3.137419,-1.581078,0.014683,0.377697,0.0510
2.278447,-1.347204,-0.000000,0.390978,0.003997,-0.082287,-55.951389,-27.510331,-50.112397,3.135162,-1.560368,0.008926,0.382773,0.0410
2.278447,-1.347204,-0.000000,0.390978,-0.015722,0.003371,-55.959370,-27.510331,-50.112397,3.132841,-1.536646,0.007563,0.385780,0.0580
2.278447,-1.347204,-0.000000,0.390978,-0.010472,-0.037368,-55.939339,-27.510331,-50.112397,3.130738,-1.516977,0.005149,0.385831,0.0400
2.468318,-1.347204,0.190344,0.000000,-0.032156,-0.021205,-55.944077,-27.510331,-50.112398,3.142930,-1.516469,0.052797,0.286891,0.0750
2.468318,-1.347204,0.190344,0.000000,0.002579,0.016846,-55.959393,-27.510331,-50.112398,3.150324,-1.518324,0.075615,0.241443,0.0400
2.468318,-1.347204,0.190344,0.000000,-0.012638,0.036839,-55.954803,-27.510331,-50.112398,3.160000,-1.518951,0.097974,0.193342,0.0540
2.468318,-1.347204,0.190344,0.000000,-0.015017,-0.024064,-55.957821,-27.510331,-50.112398,3.167408,-1.519429,0.111632,0.164215,0.0400
2.468318,-1.347204,0.190344,0.000000,0.036505,0.027663,-55.957249,-27.510331,-50.112398,3.174230,-1.519766,0.122431,0.140390,0.0410
2.468318,-1.347204,0.190344,0.000000,0.035231,0.026780,-55.957249,-27.510331,-50.112398,3.174230,-1.519766,0.122431,0.140390,0.0410
2.468318,-1.347204,0.190344,0.000000,-0.007435,-0.003457,-55.958618,-27.510331,-50.112398,3.193926,-1.513515,0.165492,0.054721,0.0710
2.468318,-1.347204,0.190344,0.000000,0.021359,0.011378,-55.968887,-27.510331,-50.112398,3.207906,-1.513802,0.177829,0.029167,0.0910
2.468318,-1.347204,0.190344,0.000000,-0.001737,-0.011086,-55.973808,-27.510331,-50.112398,3.228478,-1.513180,0.183585,0.016101,0.1290
2.468318,-1.347204,0.190344,0.000000,0.009079,0.006587,-55.977955,-27.510331,-50.112398,3.237177,-1.512845,0.184769,0.013032,0.0570
2.468318,-1.347204,0.190344,0.000000,-0.015776,-0.013053,-55.979034,-27.510331,-50.112398,3.247932,-1.512414,0.185383,0.010061,0.0400
2.468318,-1.347204,0.190344,0.000000,-0.003069,-0.000488,-55.970486,-27.510331,-50.112398,3.256691,-1.512034,0.185985,0.008078,0.0780
2.468318,-1.347204,0.190344,0.000000,-0.002193,0.001333,-55.972996,-27.510331,-50.112398,3.282218,-1.510891,0.187623,0.005051,0.1610
2.468318,-1.347204,0.190344,0.000000,-0.002340,0.001215,-55.973682,-27.510331,-50.112398,3.291187,-1.510482,0.187924,0.004258,0.0610
2.278447,-1.684007,-0.108633,-0.192700,-0.001782,0.008820,-55.978477,-27.510331,-50.112398,3.282903,-1.520713,0.141857,-0.026037,0.0400
2.278447,-1.684007,-0.108633,-0.192700,-0.004084,0.000424,-55.977066,-27.510331,-50.112398,3.279609,-1.524629,0.126213,-0.036376,0.0400
2.278447,-1.684007,-0.108633,-0.192700,-0.004632,-0.000082,-55.992290,-27.510331,-50.112398,3.282927,-1.532976,0.044088,-0.091237,0.0400
2.278447,-1.684007,-0.108633,-0.192700,-0.002388,0.000770,-55.976490,-27.510331,-50.112398,3.256993,-1.564170,-0.070782,-0.167263,0.1500
2.278447,-1.684007,-0.108633,-0.192700,-0.002065,0.001494,-55.980469,-27.510331,-50.112398,3.214040,-1.620530,-0.097760,-0.184690,0.2850
2.278447,-1.684007,-0.108633,-0.192700,-0.001945,0.001697,-55.979858,-27.510331,-50.112398,3.206571,-1.630143,-0.099783,-0.185984,0.0490
2.278447,-1.684007,-0.108633,-0.192700,-0.002385,0.000828,-55.978931,-27.510331,-50.112398,3.198917,-1.639419,-0.101588,-0.187164,0.0400
2.278447,-1.684007,-0.108633,-0.192700,-0.003416,0.002643,-55.977600,-27.510331,-50.112398,3.191020,-1.649031,-0.103080,-0.188032,0.0400
2.278447,-1.684007,-0.108633,-0.192700,-0.001790,0.003242,-55.978767,-27.510331,-50.112398,3.184293,-1.657232,-0.104008,-0.188701,0.0400
2.278447,-1.684007,-0.108633,-0.192700,-0.002110,0.002749,-55.982647,-27.510331,-50.112398,3.175979,-1.667350,-0.104982,-0.189312,0.0410
2.278447,-1.684007,-0.108633,-0.192700,-0.002327,0.002085,-55.982807,-27.510331,-50.112398,3.168618,-1.676269,-0.105714,-0.189767,0.0400
2.278447,-1.684007,-0.108633,-0.192700,-0.002126,0.001378,-55.982285,-27.510331,-50.112398,3.161786,-1.684578,-0.106280,-0.190116,0.0400
2.278447,-1.684007,-0.108633,-0.192700,-0.001680,0.000879,-55.979965,-27.510331,-50.112398,3.154179,-1.693826,-0.106799,-0.190463,0.0400
2.468318,-1.347204,0.037895,0.067221,-0.002167,0.001426,-55.976681,-27.510330,-50.112397,3.147945,-1.700660,-0.102987,-0.183184,0.0400
2.468318,-1.347204,0.037895,0.067221,-0.003879,0.001374,-55.977688,-27.510330,-50.112397,3.148335,-1.696063,-0.083155,-0.147577,0.0400
2.468318,-1.347204,0.037895,0.067221,-0.002788,0.001844,-55.980053,-27.510330,-50.112397,3.148704,-1.690921,-0.063960,-0.113125,0.0400
2.468318,-1.347204,0.037895,0.067221,-0.003113,0.001497,-55.976131,-27.510330,-50.112397,3.148902,-1.686251,-0.048936,-0.086120,0.0400
2.468318,-1.347204,0.037895,0.067221,-0.001938,0.001442,-55.979610,-27.510330,-50.112397,3.149039,-1.681856,-0.035733,-0.062482,0.0400
2.468318,-1.347204,0.037895,0.067221,-0.001779,-0.000849,-55.982635,-27.510330,-50.112397,3.149133,-1.677701,-0.025307,-0.043856,0.0400
2.468318,-1.347204,0.037895,0.067221,-0.002240,0.001062,-55.982586,-27.510330,-50.112397,3.149185,-1.673342,-0.015803,-0.026800,0.0400
2.468318,-1.347204,0.037895,0.067221,-0.002250,0.001715,-55.983231,-27.510330,-50.112397,3.149222,-1.668589,-0.007025,-0.010987,0.0550
2.468318,-1.347204,0.037895,0.067221,-0.002013,0.001952,-55.983547,-27.510330,-50.112397,3.149240,-1.664763,-0.000947,-0.000105,0.0400
2.468318,-1.347204,0.037895,0.067221,-0.002259,0.001338,-55.981403,-27.510330,-50.112397,3.149255,-1.660085,0.005363,0.011264,0.0400
2.468318,-1.347204,0.037895,0.067221,0.016097,0.009887,-55.982384,-27.510330,-50.112397,3.149265,-1.655438,0.011495,0.021107,0.0400
2.468318,-1.347204,0.037895,0.067221,0.008650,-0.005126,-55.987469,-27.510330,-50.112397,3.149267,-1.650538,0.015728,0.028758,0.0400
2.468318,-1.347204,0.037895,0.067221,0.031506,-0.013549,-55.968693,-27.510330,-50.112397,3.149260,-1.645819,0.020480,0.035524,0.0400
2.468318,-1.347204,0.037895,0.067221,0.013323,0.048016,-55.918926,-27.510330,-50.112397,3.149271,-1.641662,0.022705,0.039922,0.0400
2.468318,-1.347204,0.037895,0.067221,-0.031717,0.045301,-55.972733,-27.510330,-50.112397,3.149272,-1.637408,0.020487,0.048082,0.0400
2.468318,-1.347204,0.037895,0.067221,-0.164220,0.142768,-56.037777,-27.510330,-50.112397,3.149281,-1.632594,0.016479,0.053730,0.0400
2.468318,-1.347204,0.037895,0.067221,0.156516,-0.170241,-56.151939,-27.510330,-50.112397,3.149275,-1.628205,0.028131,0.051067,0.0400
2.468318,-1.347204,0.037895,0.067221,-0.124180,0.037865,-56.122074,-27.510330,-50.112397,3.149301,-1.624097,0.023029,0.053506,0.0400
2.468318,-1.347204,0.037895,0.067221,0.058923,0.095648,-56.140312,-27.510330,-50.112397,3.149310,-1.619742,0.028117,0.059481,0.0410
2.468318,-1.347204,0.037895,0.067221,0.064030,-0.048486,-56.140182,-27.510330,-50.112397,3.149307,-1.615709,0.029300,0.058229,0.0400
2.658188,-1.347204,0.288089,0.000000,0.000176,0.269084,-56.103016,-27.510329,-50.112397,3.157709,-1.614456,0.052449,0.054904,0.0430
2.658188,-1.347204,0.288089,0.000000,-0.045345,-0.152704,-56.132370,-27.510329,-50.112397,3.170500,-1.613672,0.085886,0.042745,0.0400
2.658188,-1.347204,0.288089,0.000000,-0.070926,-0.002819,-56.123810,-27.510329,-50.112397,3.184007,-1.612908,0.117659,0.037401,0.0400
2.658188,-1.347204,0.288089,0.000000,0.040948,-0.057021,-56.155781,-27.510329,-50.112397,3.198064,-1.612071,0.147624,0.030614,0.0400
2.658188,-1.347204,0.288089,0.000000,-0.017808,-0.087104,-56.163071,-27.510329,-50.112397,3.209371,-1.611419,0.167556,0.027560,0.0400
2.658188,-1.347204,0.288089,0.000000,-0.023479,0.052652,-56.151295,-27.510329,-50.112397,3.223593,-1.610576,0.186044,0.023242,0.0400
2.658188,-1.347204,0.288089,0.000000,-0.085074,-0.101499,-56.135773,-27.510329,-50.112397,3.236145,-1.609859,0.199771,0.017034,0.0400
2.658188,-1.347204,0.288089,0.000000,-0.028721,0.078920,-56.146172,-27.510329,-50.112397,3.247094,-1.609236,0.210516,0.019524,0.0400
