-0.010086,-0.020468,-0.104791,0.188000
0.030768,-0.005748,-0.104902,0.041000
0.001941,-0.004578,-0.105589,0.042000
0.009597,-0.013393,-0.106504,0.041000
0.028927,-0.017072,-0.107759,0.040000
-0.001713,0.002976,-0.107992,0.041000
0.038997,-0.013536,-0.107758,0.041000
0.000997,-0.034892,-0.107420,0.042000
-0.015675,-0.002731,-0.107649,0.041000
0.011184,-0.028724,-0.107303,0.040000
0.025667,0.045163,-0.107544,0.041000
0.015367,0.039682,-0.108112,0.041000
0.008015,0.008115,-0.107764,0.040000
-0.012480,-0.011543,-0.107536,0.041000
-0.025180,-0.013475,-0.107880,0.041000
-0.015793,-0.006048,-0.107878,0.042000
-0.026211,-0.015076,-0.107652,0.041000
0.029637,0.008781,-0.107308,0.041000
0.002866,0.006175,-0.107077,0.041000
-0.019336,-0.002613,-0.106162,0.040000
-0.011676,-0.008340,-0.105934,0.040000
-0.012498,-0.030990,-0.107195,0.041000
-0.036708,0.014792,-0.106958,0.042000
0.011443,0.003650,-0.106848,0.041000
0.009899,-0.057780,-0.106843,0.040000
0.006384,-0.024030,-0.107075,0.041000
-0.016476,-0.002845,-0.107192,0.041000
0.008342,-0.010075,-0.107762,0.042000
0.017378,-0.010999,-0.108562,0.040000
-0.007763,0.017167,-0.108220,0.041000
0.003537,-0.009727,-0.108564,0.040000
0.012371,0.016347,-0.109252,0.042000
-0.024032,-0.009244,-0.108680,0.040000
0.028444,-0.044070,-0.107981,0.041000
0.011664,-0.005502,-0.106504,0.041000
-0.024477,0.004370,-0.105932,0.041000
-0.012505,-0.038769,-0.106051,0.042000
0.016805,-0.013057,-0.105702,0.041000
0.001731,0.016472,-0.105361,0.040000
-0.000106,0.009038,-0.105246,0.040000
0.011325,-0.000811,-0.105017,0.041000
-0.004217,0.017507,-0.103644,0.041000
0.012786,-0.029984,-0.102497,0.040000
-0.009365,0.017626,-0.103186,0.040000
0.052951,-0.017436,-0.103637,0.042000
-0.001919,0.028372,-0.104102,0.041000
-0.020094,0.043718,-0.104895,0.040000
-0.009870,-0.034310,-0.105707,0.040000
0.004675,-0.016249,-0.105703,0.040000
-0.025399,-0.002837,-0.105361,0.041000
-0.021764,-0.030982,-0.105252,0.040000
-0.048403,-0.013455,-0.105481,0.041000
-0.004791,0.014762,-0.105017,0.041000
0.009971,0.020697,-0.103990,0.042000
0.015341,0.012341,-0.103990,0.041000
0.037417,0.009232,-0.105707,0.040000
0.025765,0.026974,-0.106854,0.040000
0.032408,0.035776,-0.107430,0.041000
0.022751,-0.015007,-0.107417,0.041000
0.020685,-0.023128,-0.106272,0.041000
-0.008159,-0.040375,-0.105364,0.040000
0.028040,0.013817,-0.104907,0.040000
-0.015103,-0.002961,-0.104332,0.040000
0.011341,0.017607,-0.104676,0.045000
-0.001260,-0.001600,-0.104102,0.040000
0.023446,-0.006427,-0.102957,0.041000
0.036488,-0.005981,-0.102613,0.041000
-0.007184,0.025403,-0.102842,0.041000
-0.010953,0.033185,-0.102955,0.040000
-0.011474,-0.037741,-0.103649,0.042000
0.046891,-0.013427,-0.103754,0.041000
-0.011330,-0.004680,-0.104103,0.045000
-0.007558,-0.008344,-0.103531,0.041000
-0.017014,0.034449,-0.103640,0.042000
-0.022219,-0.028351,-0.104108,0.041000
-0.020266,-0.019658,-0.103991,0.040000
-0.045740,0.021548,-0.103522,0.042000
-0.019216,0.003449,-0.104102,0.042000
0.022057,-0.024044,-0.103983,0.041000
0.024582,-0.014780,-0.104099,0.092000
-0.015433,0.012140,-0.104101,0.040000
-0.017515,-0.013712,-0.104562,0.042000
-0.040529,-0.035770,-0.104001,0.042000
0.016693,-0.009968,-0.103758,0.041000
0.001040,0.011210,-0.103874,0.041000
-0.015410,0.037422,-0.104555,0.040000
-0.003624,0.040500,-0.104787,0.041000
-0.019796,-0.005130,-0.105590,0.042000
0.021032,-0.018552,-0.105929,0.042000
-0.021878,-0.030295,-0.106854,0.042000
-0.003578,-0.034316,-0.107650,0.040000
0.027344,0.002720,-0.108107,0.042000
-0.008349,0.001724,-0.109021,0.041000
0.005251,-0.011559,-0.109936,0.041000
-0.030071,0.016616,-0.109475,0.041000
0.033504,-0.015133,-0.110504,0.041000
0.021733,-0.002881,-0.110508,0.042000
-0.026320,-0.008898,-0.110053,0.041000
-0.023121,-0.013134,-0.108681,0.040000
0.009006,-0.033642,-0.107989,0.041000
0.013124,-0.033874,-0.107530,0.042000
0.025928,-0.043153,-0.108554,0.042000
-0.001979,-0.035805,-0.108450,0.041000
-0.007323,-0.002052,-0.108221,0.041000
0.003108,0.020818,-0.107992,0.041000
-0.009381,0.000009,-0.108335,0.041000
-0.013379,0.006076,-0.107762,0.041000
0.009596,-0.014194,-0.107419,0.041000
-0.037318,-0.025705,-0.108000,0.042000
-0.037172,0.008158,-0.109362,0.040000
-0.039925,-0.000305,-0.110280,0.040000
-0.046477,-0.032902,-0.110408,0.042000
-0.000849,-0.049762,-0.110738,0.042000
-0.063983,-0.036088,-0.110987,0.041000
-0.016367,-0.008335,-0.111425,0.040000
0.005939,-0.010073,-0.111080,0.040000
-0.001608,-0.006634,-0.111424,0.042000
0.016124,-0.006651,-0.112338,0.042000
0.012240,-0.000698,-0.113254,0.041000
-0.004287,-0.055250,-0.113485,0.041000
-0.058229,0.000172,-0.113826,0.041000
0.008554,-0.026206,-0.114053,0.041000
0.001566,-0.035465,-0.114055,0.041000
0.018576,-0.071403,-0.113815,0.042000
-0.027825,-0.026284,-0.113375,0.042000
-0.036276,-0.011862,-0.112572,0.042000
-0.015434,0.009853,-0.111651,0.042000
-0.022443,-0.022057,-0.111771,0.041000
-0.028169,-0.027428,-0.111659,0.060000
-0.030558,-0.013698,-0.110970,0.041000
0.005359,-0.018080,-0.110508,0.041000
0.023876,-0.034800,-0.110387,0.041000
0.027072,-0.041896,-0.110041,0.041000
-0.008583,-0.002852,-0.110166,0.042000
-0.031289,-0.060715,-0.110525,0.040000
0.000562,-0.010640,-0.110966,0.041000
-0.012584,-0.000217,-0.111309,0.041000
-0.004609,-0.034429,-0.111540,0.041000
-0.076093,-0.018344,-0.111894,0.042000
-0.065007,-0.029680,-0.111784,0.041000
-0.021440,-0.048598,-0.112005,0.041000
-0.021302,-0.024232,-0.112687,0.041000
-0.033066,-0.004772,-0.113370,0.042000
0.021966,0.001694,-0.114284,0.041000
-0.002873,-0.013039,-0.114170,0.042000
-0.013539,-0.040026,-0.113831,0.042000
0.019755,-0.036284,-0.113362,0.040000
0.015887,-0.014773,-0.112795,0.042000
0.008115,-0.007215,-0.114398,0.041000
-0.021520,-0.013592,-0.114973,0.040000
-0.027135,-0.022166,-0.115662,0.041000
-0.000711,-0.024252,-0.117716,0.040000
-0.015930,-0.027325,-0.118978,0.042000
0.004016,0.011550,-0.118746,0.042000
-0.017386,0.002077,-0.118631,0.041000
0.026219,0.021022,-0.118865,0.040000
-0.014546,-0.016573,-0.118404,0.040000
-0.005977,-0.027106,-0.118976,0.041000
-0.009886,-0.046092,-0.119207,0.042000
-0.043818,-0.003157,-0.120577,0.041000
-0.005948,0.000349,-0.121376,0.044000
0.004551,-0.023228,-0.121261,0.042000
0.018506,-0.025530,-0.120343,0.041000
-0.005889,-0.052731,-0.119663,0.040000
-0.005294,-0.030539,-0.118747,0.042000
-0.025249,0.032629,-0.118052,0.040000
-0.017125,0.034223,-0.117825,0.042000
-0.020020,0.000021,-0.118402,0.040000
-0.033655,-0.021587,-0.118523,0.042000
-0.026982,0.015243,-0.117483,0.041000
-0.007086,0.006528,-0.116571,0.042000
0.012451,-0.018087,-0.115655,0.042000
0.001512,0.024823,-0.115543,0.042000
0.024610,0.014275,-0.115774,0.041000
0.016478,0.004216,-0.116000,0.041000
0.008139,0.016808,-0.115887,0.042000
0.016910,-0.020838,-0.116454,0.041000
0.033920,-0.054946,-0.117356,0.041000
0.045415,-0.000962,-0.117944,0.042000
0.004583,0.006859,-0.118402,0.041000
0.006736,-0.013506,-0.116914,0.042000
-0.007010,-0.031338,-0.116345,0.041000
-0.006969,0.009045,-0.117143,0.041000
0.011660,-0.008249,-0.117715,0.040000
-0.012382,-0.026184,-0.118977,0.041000
-0.007782,-0.002852,-0.120690,0.042000
-0.026079,0.003917,-0.121604,0.040000
-0.005263,-0.000452,-0.122292,0.041000
-0.010443,-0.030991,-0.122180,0.042000
0.016141,0.010393,-0.122179,0.040000
0.006044,-0.018425,-0.122062,0.042000
-0.000969,-0.051021,-0.121835,0.042000
-0.001723,-0.006633,-0.120919,0.056000
0.031063,-0.050368,-0.120676,0.042000
0.010052,-0.013967,-0.122062,0.041000
0.018886,0.009589,-0.122179,0.041000
-0.005614,-0.008002,-0.122406,0.041000
0.033405,0.000651,-0.122749,0.042000
-0.001176,-0.029857,-0.122178,0.040000
0.027323,-0.016960,-0.121830,0.041000
-0.018550,-0.016797,-0.121379,0.041000
-0.003683,-0.020817,-0.120920,0.042000
-0.034006,-0.028106,-0.121385,0.042000
-0.027142,-0.027999,-0.120811,0.042000
-0.038563,-0.010599,-0.120351,0.041000
-0.008678,0.015910,-0.120575,0.042000
-0.018427,-0.008217,-0.120463,0.041000
-0.026984,0.013527,-0.120573,0.041000
-0.028740,-0.024451,-0.120696,0.043000
0.015438,-0.005736,-0.120804,0.040000
0.030537,-0.007125,-0.121031,0.042000
-0.022325,-0.016450,-0.120579,0.041000
0.009158,0.006282,-0.120119,0.041000
-0.030341,-0.024335,-0.119324,0.042000
-0.030084,0.002662,-0.118745,0.040000
0.013492,-0.006649,-0.119202,0.042000
0.022920,0.038757,-0.118868,0.041000
0.009825,-0.012823,-0.118630,0.041000
-0.001856,-0.024823,-0.118975,0.042000
-0.038224,-0.014489,-0.119322,0.041000
-0.016877,-0.057868,-0.120470,0.041000
-0.004177,-0.054907,-0.121836,0.041000
-0.013296,-0.023781,-0.122523,0.040000
0.006744,-0.005041,-0.122635,0.042000
0.012553,-0.029185,-0.122288,0.041000
0.003083,-0.005037,-0.121834,0.042000
0.049497,-0.034830,-0.123192,0.041000
0.011759,-0.022664,-0.124349,0.042000
-0.004569,0.005954,-0.125609,0.041000
0.011549,-0.005046,-0.126066,0.041000
0.038867,-0.026240,-0.126516,0.042000
-0.012571,0.012026,-0.126294,0.041000
-0.012397,-0.037967,-0.126185,0.042000
0.001184,-0.067382,-0.126524,0.041000
-0.027631,-0.055453,-0.126995,0.040000
-0.020084,-0.058206,-0.127793,0.041000
-0.012059,-0.041971,-0.128016,0.041000
0.022589,-0.055394,-0.127543,0.042000
0.017535,-0.074607,-0.126742,0.040000
0.034154,-0.046826,-0.126510,0.041000
0.010506,-0.016485,-0.127095,0.042000
-0.024853,-0.025598,-0.128017,0.042000
0.013362,-0.020492,-0.127895,0.040000
-0.000952,-0.032946,-0.127783,0.042000
-0.029742,0.001749,-0.127897,0.041000
-0.003368,-0.045412,-0.127670,0.042000
0.044243,-0.026018,-0.127658,0.042000
0.044583,-0.029107,-0.128115,0.041000
0.069334,0.007585,-0.132363,0.042000
0.082188,0.138324,-0.136234,0.041000
0.036624,0.110122,-0.137084,0.042000
0.115015,0.129701,-0.140955,0.040000
0.066765,0.150809,-0.141141,0.042000
0.019369,0.120323,-0.143590,0.040000
0.050816,0.018355,-0.143235,0.041000
0.080907,-0.069883,-0.142948,0.041000
0.079240,-0.030301,-0.144578,0.056000
0.082995,-0.045750,-0.145138,0.042000
0.041710,-0.035859,-0.145616,0.042000
0.048815,-0.115490,-0.146609,0.042000
0.115359,-0.143489,-0.147429,0.042000
0.090895,-0.219189,-0.147514,0.040000
0.011169,-0.206732,-0.150414,0.041000
0.008619,-0.058926,-0.147112,0.041000
0.084652,-0.001940,-0.149174,0.042000
0.075381,-0.006048,-0.150887,0.042000
0.046802,0.010464,-0.148264,0.041000
0.075452,-0.039336,-0.148120,0.041000
0.015252,-0.059507,-0.149282,0.040000
-0.068257,-0.144968,-0.150635,0.041000
-0.075885,-0.028841,-0.154342,0.041000
-0.070903,0.101225,-0.157807,0.041000
-0.087809,0.034557,-0.161618,0.042000
-0.120357,-0.170056,-0.161023,0.041000
-0.186088,-0.137822,-0.158438,0.040000
-0.209914,0.005310,-0.151225,0.042000
-0.253372,-0.075874,-0.142709,0.041000
-0.169884,-0.098524,-0.136281,0.041000
-0.156993,-0.137905,-0.127057,0.041000
-0.179742,-0.264090,-0.108179,0.041000
-0.275987,-0.199961,-0.097722,0.043000
-0.231839,-0.318239,-0.064252,0.042000
-0.149776,-0.420062,-0.006500,0.041000
-0.035137,-0.662164,0.077016,0.041000
0.097821,-0.856605,0.153116,0.042000
0.234281,-1.029709,0.223825,0.041000
0.369778,-1.327918,0.329557,0.041000
0.280913,-1.418200,0.432287,0.041000
0.190787,-1.230459,0.505095,0.040000
0.074754,-0.951837,0.488321,0.041000
-0.022262,-0.729257,0.386303,0.041000
-0.168536,-0.665201,0.215235,0.041000
-0.340527,-0.541091,0.036253,0.041000
-0.532859,-0.379823,-0.165708,0.042000
-0.699976,-0.197321,-0.376787,0.041000
-0.795965,0.052167,-0.579079,0.042000
-0.801002,0.362545,-0.744047,0.041000
-0.800269,0.671801,-0.948166,0.041000
-0.752544,0.861712,-1.129685,0.041000
-0.728635,1.062703,-1.306281,0.042000
-0.762001,1.203522,-1.469808,0.040000
-0.821619,1.238341,-1.654984,0.042000
-0.819519,1.186362,-1.842336,0.041000
-0.721285,1.023739,-2.059346,0.040000
-0.520078,0.811627,-2.289766,0.042000
-0.314241,0.767715,-2.485282,0.042000
-0.200418,0.941966,-2.679156,0.042000
0.367090,1.723282,-2.832717,0.041000
1.902767,3.004743,-3.022732,0.042000
3.638573,4.478829,-3.259214,0.041000
4.932643,5.917989,-3.547031,0.042000
5.596176,7.208467,-3.852708,0.040000
5.892192,8.586101,-4.208869,0.042000
5.818938,9.764190,-4.541972,0.042000
5.549466,10.904757,-4.880103,0.041000
5.107445,11.244789,-5.135337,0.042000
4.579832,10.666770,-5.304320,0.041000
4.026539,9.469741,-5.438726,0.041000
3.439226,7.950656,-5.547791,0.041000
2.932620,6.619572,-5.618384,0.040000
2.273800,4.858582,-5.701908,0.056000
1.807258,3.949954,-5.737651,0.041000
1.366049,3.259010,-5.764129,0.041000
0.989048,2.712211,-5.766425,0.042000
0.636981,1.889431,-5.754821,0.042000
0.344449,0.806099,-5.743377,0.041000
0.072416,-0.528657,-5.720112,0.040000
-0.118574,-2.162810,-5.684822,0.042000
-0.200441,-3.727776,-5.643109,0.041000
-0.226310,-5.274273,-5.589012,0.041000
-0.218513,-6.552878,-5.523632,0.041000
-0.185099,-7.689709,-5.452346,0.041000
-0.131258,-8.691544,-5.375881,0.042000
-0.057763,-9.529844,-5.321385,0.042000
0.047261,-10.241935,-5.287834,0.040000
0.117241,-10.790882,-5.275173,0.041000
0.056608,-11.243460,-5.270549,0.042000
-0.140165,-11.581275,-5.291688,0.041000
-0.470543,-11.786371,-5.350389,0.041000
-0.829822,-11.824207,-5.442283,0.041000
-1.137087,-11.744457,-5.536890,0.042000
-1.412426,-11.607857,-5.628578,0.041000
-1.548312,-11.520327,-5.686749,0.041000
-1.531994,-11.541040,-5.723134,0.041000
-1.454149,-11.603068,-5.753019,0.042000
-1.363950,-11.675867,-5.787164,0.040000
-1.119813,-11.735626,-5.826914,0.042000
-0.628306,-11.770596,-5.872337,0.040000
-0.045967,-11.811233,-5.927069,0.041000
0.585103,-11.846751,-5.991237,0.042000
1.216485,-11.843589,-6.070678,0.042000
1.543570,-11.775697,-6.154833,0.041000
1.582432,-11.614578,-6.255328,0.042000
1.466272,-11.379640,-6.358229,0.040000
1.238795,-10.999596,-6.482818,0.041000
0.977748,-10.540360,-6.614223,0.041000
0.724666,-10.079532,-6.741055,0.041000
0.408650,-9.699807,-6.865502,0.041000
0.082023,-9.326014,-6.992204,0.040000
-0.238989,-8.994945,-7.144843,0.041000
-0.401308,-8.776526,-7.293339,0.041000
-0.499492,-8.555043,-7.464599,0.041000
-0.432402,-8.262768,-7.620233,0.041000
-0.367011,-8.000464,-7.781622,0.041000
-0.283998,-7.702870,-7.929570,0.042000
-0.237764,-7.468611,-8.062821,0.040000
-0.207832,-7.281373,-8.207827,0.041000
-0.225022,-7.290414,-8.351732,0.040000
-0.214125,-7.026816,-8.460822,0.041000
-0.251969,-6.862579,-8.566514,0.044000
-0.082023,-6.655687,-8.617338,0.042000
-0.029003,-6.693516,-8.666613,0.040000
0.056090,-6.544323,-8.693822,0.042000
0.079050,-6.484272,-8.701951,0.042000
0.141834,-6.619985,-8.701941,0.041000
0.118802,-6.766460,-8.695725,0.042000
0.097258,-6.879642,-8.672246,0.042000
0.008383,-6.979393,-8.644112,0.041000
-0.097915,-7.027660,-8.620138,0.041000
-0.211993,-7.184679,-8.590109,0.040000
-0.278138,-7.306347,-8.562820,0.041000
-0.377308,-7.497571,-8.543100,0.040000
-0.577781,-7.634024,-8.475022,0.041000
-0.979926,-7.620293,-8.149947,0.041000
-1.449564,-7.543810,-7.509298,0.042000
-2.070085,-7.474121,-6.582213,0.056000
-2.410984,-7.554669,-5.877646,0.041000
-2.729629,-7.623212,-5.254078,0.041000
-3.003790,-7.701346,-4.812097,0.041000
-3.221507,-7.780174,-4.488423,0.041000
-3.439944,-7.870169,-4.289310,0.041000
-3.521963,-7.815456,-4.192125,0.040000
-3.321944,-7.332965,-4.136083,0.042000
-2.803468,-6.178752,-4.060806,0.042000
-2.325613,-4.532262,-3.963388,0.041000
-2.044640,-2.528923,-3.874392,0.042000
-1.955342,-0.618949,-3.802725,0.040000
-1.975604,1.116252,-3.741340,0.041000
-2.014495,2.600737,-3.682290,0.040000
-2.049118,3.846854,-3.607808,0.041000
-2.037031,5.104031,-3.495169,0.042000
-1.932425,5.759741,-3.410242,0.043000
-1.804856,6.236801,-3.329680,0.040000
-1.611398,6.656292,-3.268395,0.040000
-1.402097,7.010904,-3.214883,0.041000
-1.231691,7.176634,-3.186164,0.041000
-1.110545,6.877001,-3.197404,0.041000
-1.043552,6.062653,-3.231128,0.041000
-0.899629,4.549184,-3.307001,0.041000
-0.617213,3.089447,-3.363627,0.042000
-0.351793,1.720190,-3.402739,0.041000
-0.127399,0.324388,-3.442194,0.041000
0.107418,-0.926965,-3.457122,0.042000
0.814362,-1.762542,-3.439285,0.041000
2.024686,-2.010865,-3.378757,0.040000
3.807587,-1.773105,-3.306576,0.042000
5.555287,-1.199528,-3.285420,0.041000
7.109188,-0.472374,-3.323283,0.041000
8.571851,0.337171,-3.410302,0.042000
9.937746,1.284547,-3.558836,0.041000
10.587201,2.098733,-3.727202,0.041000
10.144598,2.978219,-3.945843,0.042000
8.911589,3.813323,-4.159937,0.041000
7.317624,4.568482,-4.356982,0.041000
5.606442,5.320217,-4.551282,0.043000
4.099571,6.007926,-4.716845,0.040000
2.909722,6.669940,-4.869724,0.042000
2.133836,7.554718,-5.039381,0.041000
1.833312,8.889963,-5.180186,0.041000
1.705489,10.495840,-5.334659,0.041000
1.653074,12.040606,-5.513930,0.041000
1.705776,13.634768,-5.689660,0.041000
1.786386,15.073512,-5.880938,0.042000
1.898539,16.353467,-6.077210,0.046000
2.021306,17.326473,-6.254536,0.041000
2.096307,18.035222,-6.403372,0.042000
2.201103,18.578853,-6.530761,0.041000
2.314816,19.014560,-6.670233,0.042000
2.393752,19.317819,-6.790725,0.040000
2.431326,19.588246,-6.891975,0.041000
2.409050,19.778476,-6.962844,0.041000
2.357086,19.900528,-6.993431,0.040000
2.291975,19.911516,-6.995538,0.041000
2.263002,19.866205,-6.980626,0.040000
2.259513,19.785717,-6.959017,0.041000
2.276485,19.665408,-6.949741,0.041000
2.301588,19.506970,-6.945276,0.042000
2.328327,19.327454,-6.960212,0.041000
2.461688,19.166357,-7.001073,0.059000
2.498225,19.070338,-7.033179,0.042000
2.488408,18.994542,-7.075220,0.042000
2.436644,18.941452,-7.113649,0.042000
2.363950,18.873552,-7.140115,0.042000
2.285384,18.791037,-7.157304,0.041000
2.166409,18.716665,-7.166673,0.042000
1.996074,18.632613,-7.174481,0.041000
1.782881,18.506851,-7.152882,0.043000
1.609610,18.373749,-7.095260,0.041000
1.469456,18.188818,-6.989456,0.043000
1.365250,17.985887,-6.871821,0.042000
1.330945,17.757954,-6.744323,0.041000
1.418191,17.492485,-6.617750,0.040000
1.619890,17.086468,-6.477500,0.041000
1.816143,16.686822,-6.372893,0.041000
2.099301,16.257908,-6.255132,0.042000
2.416827,15.922249,-6.158799,0.042000
2.752827,15.640043,-6.072624,0.041000
3.031082,15.314082,-6.000519,0.040000
3.380202,14.943472,-5.921852,0.042000
3.689354,14.619692,-5.840804,0.042000
3.952896,14.327178,-5.757614,0.041000
4.104814,14.022324,-5.674726,0.043000
4.219697,13.709012,-5.601495,0.040000
4.309415,13.287134,-5.551199,0.040000
4.404708,12.889175,-5.519469,0.041000
4.535151,12.594096,-5.502626,0.040000
4.601608,12.357631,-5.477617,0.040000
4.482495,12.136034,-5.430367,0.042000
4.201650,11.912295,-5.353264,0.041000
3.764141,11.790112,-5.255042,0.042000
3.266045,11.736229,-5.151772,0.041000
2.761540,11.698570,-5.038798,0.040000
2.214401,11.631115,-4.937791,0.041000
1.830655,11.453845,-4.871068,0.042000
1.389613,11.225714,-4.778928,0.040000
1.073843,10.953337,-4.718822,0.041000
0.831392,10.642660,-4.664650,0.041000
0.673879,10.282098,-4.629755,0.041000
0.593428,9.914071,-4.616226,0.041000
0.621123,9.627607,-4.627498,0.040000
0.512815,9.398831,-4.622782,0.042000
0.365340,9.414475,-4.619936,0.040000
0.208720,9.462571,-4.607396,0.041000
0.036631,9.647138,-4.567660,0.041000
-0.127249,9.807971,-4.519196,0.042000
-0.949496,9.960891,-4.413715,0.042000
-2.038224,10.030354,-4.306098,0.042000
-3.194439,10.225633,-4.188243,0.041000
-4.418253,10.429854,-4.070987,0.041000
-5.497474,10.609875,-3.965717,0.041000
-6.336782,10.798173,-3.890465,0.041000
-7.168652,10.877649,-3.822338,0.041000
-7.640215,10.869407,-3.786343,0.042000
-7.637343,10.819180,-3.795195,0.042000
-7.314338,10.796172,-3.803004,0.041000
-6.629798,10.639768,-3.827487,0.040000
-5.733244,10.509966,-3.860620,0.042000
-4.852426,10.383437,-3.884967,0.040000
-3.851192,10.341204,-3.894251,0.040000
-3.011876,10.205508,-3.910815,0.041000
-2.357935,10.184323,-3.909296,0.041000
-1.496021,10.066024,-3.944058,0.059000
-1.049816,10.154545,-3.949024,0.042000
-0.676738,10.076976,-3.963378,0.042000
-0.338884,10.149968,-3.978408,0.042000
-0.091192,10.249865,-3.970358,0.042000
0.159288,10.313894,-3.928122,0.042000
0.248110,10.364500,-3.891018,0.042000
0.256194,10.340982,-3.855759,0.042000
0.404538,10.179326,-3.881661,0.043000
0.320802,10.097037,-3.878990,0.041000
0.284527,9.967843,-3.862370,0.041000
0.289242,9.898300,-3.864245,0.042000
0.265155,9.840306,-3.894969,0.041000
0.131392,9.825850,-3.877891,0.041000
0.100024,9.858380,-3.882352,0.041000
-0.073298,9.608074,-3.836795,0.041000
-0.385154,8.395325,-3.800607,0.041000
-0.576634,6.567651,-3.789056,0.042000
-0.782550,4.500280,-3.785327,0.040000
-0.919780,2.230346,-3.786315,0.042000
-0.997984,0.070101,-3.750759,0.040000
-1.042055,-1.690430,-3.682731,0.041000
-1.181696,-3.309940,-3.615901,0.042000
-1.279792,-4.793884,-3.550119,0.041000
-1.300461,-6.272093,-3.516409,0.041000
-1.335629,-7.831739,-3.506229,0.040000
-1.407868,-9.742725,-3.536386,0.042000
-1.378809,-11.361109,-3.609931,0.041000
-1.443104,-12.558170,-3.683219,0.040000
-1.527284,-13.368625,-3.739337,0.041000
-1.571484,-13.685359,-3.761875,0.041000
-1.735897,-13.722985,-3.729766,0.041000
-1.997100,-13.521522,-3.666303,0.042000
-2.282982,-12.929734,-3.583940,0.040000
-2.524999,-12.040974,-3.463819,0.041000
-2.664920,-11.098915,-3.348363,0.040000
-2.667131,-10.081902,-3.215806,0.041000
-2.698384,-9.175420,-3.118583,0.042000
-2.826540,-8.307652,-3.044455,0.041000
-2.961805,-7.692258,-2.987759,0.041000
-3.146719,-7.151248,-2.928734,0.051000
-3.314532,-6.749960,-2.865951,0.048000
-3.406090,-6.500171,-2.807676,0.044000
-3.243175,-6.142274,-2.711347,0.042000
-2.326399,-5.253061,-2.591708,0.041000
-0.729106,-3.792580,-2.502276,0.040000
1.483245,-1.733311,-2.444023,0.042000
3.618295,0.157257,-2.445706,0.041000
5.099600,1.454640,-2.464155,0.041000
6.489715,2.737476,-2.506898,0.041000
7.731791,4.014165,-2.550345,0.041000
8.565161,4.896241,-2.582721,0.042000
9.213549,5.504112,-2.575383,0.040000
9.895311,6.027431,-2.537551,0.042000
10.458738,6.419302,-2.502182,0.041000
10.937876,6.757713,-2.475817,0.042000
11.316455,7.064667,-2.438261,0.041000
11.712655,7.378975,-2.409792,0.041000
12.021874,7.644687,-2.401110,0.042000
12.172118,7.900800,-2.401867,0.041000
11.673962,8.166925,-2.407204,0.042000
10.496388,8.418611,-2.419777,0.040000
9.063608,8.691323,-2.437480,0.041000
7.455712,8.971948,-2.471935,0.041000
5.557234,9.309676,-2.561055,0.059000
4.414141,9.532192,-2.642073,0.042000
3.516417,9.752577,-2.726985,0.040000
2.709702,9.958578,-2.802007,0.042000
2.091107,10.117283,-2.870098,0.042000
1.617994,10.241224,-2.925797,0.042000
1.195845,10.227831,-2.976820,0.040000
0.799234,10.192774,-3.030170,0.042000
0.446961,10.119900,-3.128357,0.043000
0.247306,9.999298,-3.229700,0.041000
0.096277,9.640803,-3.291514,0.041000
-0.311744,8.256344,-3.389527,0.041000
-0.792179,6.244679,-3.502790,0.042000
-1.318672,3.967140,-3.643296,0.041000
-1.772761,2.036037,-3.771269,0.041000
-2.217557,0.162643,-3.854896,0.041000
-2.390186,-0.924601,-3.865068,0.041000
-2.594439,-1.897944,-3.849325,0.042000
-2.823392,-2.582621,-3.830948,0.042000
-2.991053,-3.108448,-3.798904,0.041000
-2.620202,-2.942463,-3.710103,0.042000
-1.448552,-2.050366,-3.621747,0.040000
0.200278,-0.657607,-3.586809,0.041000
1.855256,0.729996,-3.606140,0.041000
3.537185,2.156598,-3.636525,0.041000
4.805682,3.307549,-3.652791,0.041000
5.864772,4.318497,-3.675869,0.041000
6.862706,5.263699,-3.717718,0.040000
7.676495,5.949025,-3.750331,0.041000
8.317993,6.486229,-3.780968,0.041000
8.684395,6.920697,-3.817219,0.041000
8.884118,7.256428,-3.850997,0.042000
8.901959,7.600350,-3.867833,0.043000
8.302334,7.806943,-3.820846,0.040000
6.465343,6.926212,-3.652502,0.041000
4.541134,5.294478,-3.450905,0.041000
2.792590,3.390297,-3.246567,0.041000
1.370892,1.579767,-3.082171,0.041000
0.237369,-0.127978,-2.956354,0.042000
-0.588833,-1.292640,-2.879386,0.042000
-1.079749,-2.095564,-2.840839,0.042000
-1.392764,-2.680074,-2.841491,0.041000
-1.608956,-3.056114,-2.838986,0.041000
-1.742953,-3.204624,-2.871199,0.040000
-1.911620,-3.217111,-2.922816,0.041000
-2.039450,-3.048853,-2.959314,0.042000
-2.162985,-2.818390,-2.946033,0.042000
-2.301386,-2.596894,-2.889291,0.041000
-2.472875,-2.444637,-2.830952,0.041000
-2.613063,-2.219905,-2.769254,0.042000
-2.689175,-1.953442,-2.719974,0.040000
-2.758708,-1.595508,-2.672018,0.042000
-2.789936,-1.259807,-2.626168,0.041000
-2.721206,-1.023486,-2.582481,0.041000
-2.601742,-0.864080,-2.527317,0.041000
-2.573131,-0.845899,-2.479059,0.040000
-2.601591,-0.851655,-2.413717,0.042000
-2.524452,-0.866475,-2.360557,0.040000
-2.284925,-0.848838,-2.326918,0.041000
-1.985486,-0.758444,-2.316125,0.041000
-1.693914,-0.620674,-2.320497,0.042000
-1.426509,-0.400970,-2.341267,0.042000
-1.221596,-0.043717,-2.389185,0.041000
-1.096438,0.367986,-2.512187,0.041000
-0.784572,0.893845,-2.794189,0.057000
-0.558141,1.134049,-3.039032,0.041000
0.075547,1.271676,-3.175202,0.040000
0.775418,-0.487444,-3.516139,0.041000
1.250952,-3.239165,-3.937388,0.041000
1.952799,-4.661306,-4.281847,0.041000
2.685717,-5.063967,-4.699888,0.042000
3.247172,-4.674278,-5.213158,0.040000
3.159510,-3.846948,-5.771530,0.042000
2.434061,-2.645934,-6.318291,0.042000
1.613760,-1.109755,-6.753221,0.041000
0.295609,1.047462,-7.316667,0.041000
-0.893440,1.873257,-8.006026,0.042000
-1.728706,2.900746,-8.649963,0.041000
-1.977398,3.923211,-9.003230,0.041000
-1.542279,4.426507,-9.148819,0.041000
-0.820869,4.173190,-8.971601,0.042000
-0.134848,3.643843,-8.606176,0.040000
-0.041382,3.405613,-8.436401,0.041000
-0.192374,3.433766,-8.492760,0.042000
-0.282271,3.387806,-8.487107,0.040000
-0.253882,3.226718,-8.471886,0.041000
-0.324048,3.108541,-8.476774,0.041000
-0.376368,2.959301,-8.473264,0.040000
-0.404269,2.823548,-8.473231,0.042000
-0.442243,2.717548,-8.469429,0.040000
-0.484926,2.593547,-8.467586,0.041000
-0.516109,2.470072,-8.464145,0.040000
-0.560095,2.319718,-8.469677,0.041000
-0.605426,2.167612,-8.471992,0.043000
-0.645334,2.033460,-8.472741,0.041000
-0.666599,1.897018,-8.472535,0.041000
-0.720537,1.761474,-8.470517,0.041000
-0.747955,1.618857,-8.472836,0.042000
-0.785701,1.497277,-8.471538,0.040000
-0.850797,1.334903,-8.467308,0.042000
-0.835456,1.188046,-8.474626,0.042000
-0.870544,1.040454,-8.471052,0.042000
-0.934563,0.915345,-8.473403,0.041000
-0.957148,0.898635,-8.471071,0.042000
-1.010899,0.796072,-8.474856,0.042000
-1.000005,0.792967,-8.473805,0.041000
-0.919931,0.844207,-8.475766,0.041000
-0.903943,0.888343,-8.476579,0.041000
-0.959362,0.796199,-8.477366,0.042000
-0.974092,0.870354,-8.478170,0.041000
-0.888021,0.891074,-8.477021,0.042000
-0.880819,1.009366,-8.476120,0.041000
-0.902196,1.015177,-8.475439,0.042000
-0.911428,0.947590,-8.473103,0.041000
-0.934488,1.003773,-8.473423,0.042000
-0.943966,0.963755,-8.473763,0.041000
-0.838366,0.982734,-8.477220,0.040000
-0.859781,1.029864,-8.479138,0.040000
-0.863757,0.955491,-8.479730,0.041000
-0.825562,1.006815,-8.479579,0.040000
-0.830095,1.024807,-8.478843,0.044000
-0.815559,0.997814,-8.478910,0.042000
-0.829569,1.049195,-8.478118,0.040000
-0.814133,1.031205,-8.479172,0.042000
-0.831781,1.014163,-8.480624,0.042000
-0.830556,1.012015,-8.481453,0.041000
-0.853373,1.045006,-8.481031,0.041000
-0.835303,1.048840,-8.481509,0.041000
-0.808685,1.104813,-8.482642,0.056000
-0.846395,1.074102,-8.483079,0.041000
-0.835981,1.095479,-8.483838,0.041000
-0.856719,1.075561,-8.484244,0.042000
-0.814532,1.073378,-8.485318,0.041000
-0.839876,1.101518,-8.486051,0.040000
-0.831489,1.086211,-8.485084,0.041000
-0.822001,1.054542,-8.485143,0.042000
-0.832449,1.121496,-8.485075,0.041000
-0.800476,1.089667,-8.486028,0.041000
-0.813494,1.112307,-8.486224,0.041000
-0.781288,1.119571,-8.486590,0.041000
-0.827589,1.076860,-8.484949,0.041000
-0.812723,1.119812,-8.485035,0.040000
-0.828707,1.103782,-8.484766,0.041000
-0.823535,1.113264,-8.484632,0.041000
-0.809691,1.059712,-8.484876,0.041000
-0.845673,1.077502,-8.484555,0.041000
-0.829216,1.088918,-8.486002,0.041000
-0.839015,1.091363,-8.486357,0.041000
-0.835267,1.132953,-8.486235,0.041000
-0.822241,1.132113,-8.486932,0.040000
-0.824729,1.160524,-8.488106,0.042000
-0.848945,1.121366,-8.488935,0.041000
-0.894828,1.149421,-8.490375,0.042000
-0.837367,1.115961,-8.493666,0.041000
-0.832740,1.113113,-8.495568,0.041000
-0.851803,1.087912,-8.496132,0.041000
-0.843021,1.141637,-8.496546,0.040000
-0.791930,1.071809,-8.498261,0.041000
-0.793798,1.113358,-8.498559,0.041000
-0.727579,1.173981,-8.500442,0.040000
-0.711070,1.206560,-8.511096,0.041000
-0.908869,1.053443,-8.546698,0.041000
-0.986484,0.959935,-8.516367,0.041000
-0.819506,1.129657,-8.492021,0.041000
-0.774488,1.063556,-8.502481,0.040000
-0.878341,1.134039,-8.497176,0.042000
-0.748739,1.128171,-8.500839,0.041000
-0.873137,1.149851,-8.499761,0.041000
-0.821504,1.180805,-8.500972,0.040000
-0.888985,1.193341,-8.499190,0.041000
-0.855075,1.136069,-8.478338,0.041000
-0.837748,1.142362,-8.478117,0.041000
-0.742443,1.290289,-8.411983,0.041000
-1.023090,1.311032,-7.847430,0.040000
-1.540782,1.024730,-7.345230,0.042000
-1.377702,1.098236,-7.353057,0.041000
-0.888940,1.360668,-7.342520,0.041000
-0.791193,1.339490,-7.425630,0.042000
-1.131797,0.878915,-7.554165,0.041000
-1.646731,0.362503,-7.403653,0.040000
-2.218755,0.159708,-7.137840,0.040000
-2.676711,0.087943,-6.717372,0.040000
-2.827318,-0.099058,-6.380523,0.042000
-2.663082,-0.183915,-6.526905,0.042000
-2.401534,-0.114850,-6.956490,0.041000
-2.195082,-0.175005,-7.216175,0.040000
